2.002000000000000168e-01 2.015691099999999958e-02
2.006004000000000120e-01 2.752275750000000160e-02
2.010016008000000132e-01 2.123606125000000039e-02
2.014036040016000118e-01 2.970327375000000186e-02
2.018064112096032425e-01 2.903314699999999873e-02
2.022100240320224285e-01 3.171830750000000088e-02
2.026144440800864976e-01 3.341854125000000286e-02
2.030196729682466894e-01 3.266427624999999890e-02
2.034257123141831602e-01 3.175650750000000300e-02
2.038325637388115341e-01 3.076754899999999820e-02
2.042402288662891752e-01 2.982011874999999923e-02
2.046487093240217381e-01 2.901280374999999981e-02
2.050580067426697739e-01 2.837244875000000111e-02
2.054681227561551138e-01 2.824299999999999727e-02
2.058790590016674471e-01 2.812526300000000104e-02
2.062908171196707885e-01 2.788629125000000042e-02
2.067033987539101392e-01 2.762591749999999957e-02
2.071168055514179263e-01 2.740604124999999891e-02
2.075310391625207751e-01 2.723624374999999986e-02
2.079461012408458098e-01 2.702284899999999809e-02
2.083619934433275089e-01 2.680206499999999992e-02
2.087787174302141446e-01 2.660509875000000371e-02
2.091962748650745829e-01 2.640437375000000142e-02
2.096146674148047229e-01 2.616931749999999723e-02
2.100338967496343523e-01 2.587598899999999855e-02
2.104539645431336148e-01 2.567584374999999988e-02
2.108748724722198931e-01 2.550948624999999775e-02
2.112966222171643316e-01 2.528556625000000224e-02
2.117192154615986643e-01 2.502118625000000068e-02
2.121426538925218486e-01 2.464385499999999923e-02
2.125669392003068925e-01 2.424308249999999887e-02
2.129920730787074890e-01 2.389329750000000058e-02
2.134180572248648988e-01 2.355665750000000142e-02
2.138448933393146401e-01 2.322381249999999620e-02
2.142725831259932878e-01 2.276006500000000293e-02
2.147011282922452469e-01 2.226467625000000047e-02
2.151305305488297459e-01 2.186921124999999938e-02
2.155607916099274157e-01 2.154660375000000058e-02
2.159919131931472558e-01 2.118894699999999964e-02
2.164238970195335454e-01 2.076914875000000077e-02
2.168567448135726161e-01 2.035941499999999876e-02
2.172904583031997627e-01 1.997577874999999920e-02
2.177250392198061546e-01 1.960864625000000028e-02
2.181604892982457744e-01 1.920242000000000129e-02
2.185968102768422461e-01 1.878579625000000031e-02
2.190340038973959125e-01 1.835470749999999762e-02
2.194720719051907187e-01 1.790054124999999885e-02
2.199110160490010957e-01 1.745938375000000153e-02
2.203508380810991207e-01 1.699105599999999744e-02
2.207915397572613181e-01 1.654271750000000166e-02
2.212331228367758196e-01 1.610202250000000029e-02
2.216755890824493869e-01 1.563942749999999715e-02
2.221189402606142949e-01 1.519973749999999936e-02
2.225631781411355203e-01 1.473846099999999958e-02
2.230083044974177642e-01 1.429832374999999954e-02
2.234543211064126123e-01 1.392300000000000135e-02
2.239012297486254466e-01 1.351991749999999909e-02
2.243490322081226895e-01 1.312639125000000101e-02
2.247977302725389648e-01 1.270365300000000225e-02
2.252473257330840362e-01 1.230439500000000096e-02
2.256978203845501907e-01 1.196783624999999893e-02
2.261492160253192885e-01 1.162778499999999986e-02
2.266015144573699513e-01 1.127063124999999957e-02
2.270547174862846962e-01 1.088623600000000052e-02
2.275088269212572623e-01 1.051550874999999940e-02
2.279638445750997722e-01 1.019946500000000131e-02
2.284197722642499762e-01 9.883475249999999074e-03
2.288766118087784962e-01 9.553081624999999397e-03
2.293343650323960425e-01 9.192620799999998843e-03
2.297930337624608521e-01 8.856651000000000107e-03
2.302526198299857663e-01 8.467504500000000434e-03
2.307131250696457525e-01 8.285634749999999660e-03
2.311745513197850377e-01 8.006017000000000688e-03
2.316369004224245742e-01 7.766845200000000587e-03
2.321001742232694509e-01 7.528408874999999861e-03
2.325643745717159705e-01 7.286694124999999744e-03
2.330295033208594213e-01 7.046293250000000216e-03
2.334955623275011272e-01 6.825889400000000051e-03
2.339625534521561634e-01 6.640338499999999707e-03
2.344304785590604623e-01 6.415125875000000227e-03
2.348993395161785847e-01 6.220051124999999813e-03
2.353691381952109363e-01 6.088508250000000156e-03
2.358398764716013452e-01 5.878984900000000166e-03
2.363115562245445278e-01 5.655930249999999854e-03
2.367841793369936387e-01 5.520327749999999825e-03
2.372577476956675979e-01 5.353618999999999566e-03
2.377322631910589457e-01 5.211987749999999996e-03
2.382077277174410590e-01 5.037898800000000128e-03
2.386841431728759511e-01 4.893223000000000364e-03
2.391615114592217095e-01 4.780285874999999976e-03
2.396398344821401571e-01 4.607146125000000265e-03
2.401191141511044291e-01 4.473697750000000042e-03
2.405993523794066058e-01 4.389539699999999399e-03
2.410805510841654287e-01 4.260015500000000413e-03
2.415627121863337390e-01 4.130800250000000312e-03
2.420458376107064158e-01 4.044040625000000153e-03
2.425299292859278144e-01 3.977836375000000022e-03
2.430149891444997046e-01 3.889571299999999756e-03
2.435010191227887089e-01 3.776928125000000077e-03
2.439880211610342686e-01 3.694576499999999934e-03
2.444759972033563322e-01 3.651864124999999826e-03
2.449649491977630433e-01 3.594776624999999719e-03
2.454548790961585680e-01 3.452695400000000119e-03
2.459457888543508663e-01 3.369559749999999874e-03
2.464376804320595749e-01 3.338497874999999705e-03
2.469305557929236949e-01 3.288840749999999945e-03
2.474244169045095587e-01 3.199188124999999879e-03
2.479192657383185727e-01 3.136479200000000245e-03
2.484151042697951839e-01 3.096648124999999956e-03
2.489119344783347898e-01 2.998194124999999967e-03
2.494097583472914548e-01 2.954305625000000057e-03
2.499085778639860422e-01 2.903674699999999990e-03
2.504083950197140140e-01 2.888508125000000069e-03
2.509092118097534518e-01 2.869381374999999644e-03
2.514110302333729119e-01 2.798170374999999800e-03
2.519138522938396685e-01 2.716417374999999853e-03
2.524176799984273467e-01 2.722930499999999879e-03
2.529225153584241936e-01 2.707921375000000089e-03
2.534283603891410719e-01 2.659752000000000036e-03
2.539352171099192867e-01 2.618017499999999997e-03
2.544430875441391349e-01 2.621777999999999956e-03
2.549519737192273983e-01 2.585684700000000225e-03
2.554618776666658375e-01 2.515854500000000264e-03
2.559728014219991854e-01 2.530467750000000259e-03
2.564847470248432515e-01 2.558427500000000007e-03
2.569977165188929158e-01 2.541990124999999982e-03
2.575117119519306774e-01 2.521921099999999919e-03
2.580267353758345372e-01 2.512315250000000076e-03
2.585427888465862134e-01 2.439401249999999764e-03
2.590598744242793572e-01 2.429037125000000144e-03
2.595779941731279905e-01 2.516697249999999900e-03
2.600971501614742221e-01 2.520438700000000084e-03
2.606173444617971846e-01 2.435403749999999652e-03
2.611385791507207510e-01 2.471412749999999693e-03
2.616608563090221939e-01 2.522569625000000218e-03
2.621841780216402351e-01 2.495519374999999665e-03
2.627085463776834828e-01 2.485499899999999828e-03
2.632339634704388698e-01 2.574031874999999601e-03
2.637604313973797576e-01 2.581472625000000125e-03
2.642879522601745412e-01 2.532228874999999622e-03
2.648165281646948088e-01 2.552321625000000295e-03
2.653461612210242238e-01 2.606858899999999965e-03
2.658768535434662961e-01 2.602132499999999793e-03
2.664086072505532643e-01 2.654456625000000021e-03
2.669414244650543111e-01 2.730726000000000160e-03
2.674753073139844450e-01 2.729220099999999684e-03
2.680102579286124387e-01 2.746882124999999904e-03
2.685462784444696549e-01 2.845093625000000032e-03
2.690833710013585955e-01 2.913749749999999805e-03
2.696215377433612836e-01 2.881766374999999818e-03
2.701607808188479787e-01 2.927804499999999734e-03
2.707011023804857253e-01 3.045333249999999763e-03
2.712425045852466798e-01 3.101462374999999945e-03
2.717849895944172145e-01 3.124922625000000134e-03
2.723285595736060216e-01 3.195439874999999978e-03
2.728732166927532177e-01 3.289275400000000061e-03
2.734189631261387810e-01 3.379149249999999997e-03
2.739658010523910447e-01 3.525874500000000192e-03
2.745137326544958567e-01 3.630809124999999533e-03
2.750627601198047945e-01 3.646582000000000209e-03
2.756128856400444360e-01 3.800970199999999938e-03
2.761641114113245199e-01 3.914016374999999999e-03
2.767164396341471599e-01 4.037838250000000059e-03
2.772698725134154496e-01 4.126916375000000241e-03
2.778244122584422882e-01 4.276162000000000019e-03
2.783800610829592070e-01 4.463086499999999526e-03
2.789368212051250850e-01 4.642254999999999646e-03
2.794946948475353632e-01 4.793554000000000218e-03
2.800536842372304269e-01 4.926171624999999693e-03
2.806137916057048765e-01 5.206331374999999609e-03
2.811750191889162975e-01 5.402039499999999710e-03
2.817373692272941987e-01 5.798408875000000094e-03
2.823008439657487822e-01 5.975873750000000942e-03
2.828654456536803252e-01 6.220717375000000410e-03
2.834311765449876730e-01 6.288143625000000049e-03
2.839980388980776205e-01 6.763243000000000379e-03
2.845660349758737939e-01 7.146764999999999368e-03
2.851351670458255327e-01 7.513446000000000013e-03
2.857054373799171598e-01 7.888724749999999342e-03
2.862768482546770299e-01 8.157870500000000830e-03
2.868494019511863558e-01 8.620476199999999381e-03
2.874231007550887562e-01 9.048953749999998075e-03
2.879979469565989714e-01 9.760019624999999657e-03
2.885739428505121884e-01 1.026096999999999947e-02
2.891510907362132010e-01 1.084413000000000044e-02
2.897293929176856242e-01 1.155172624999999988e-02
2.903088517035209426e-01 1.208060625000000055e-02
2.908894694069280029e-01 1.266891499999999934e-02
2.914712483457418957e-01 1.356854999999999867e-02
2.920541908424333366e-01 1.466679799999999999e-02
2.926382992241182146e-01 1.534632499999999920e-02
2.932235758225664735e-01 1.632439624999999783e-02
2.938100229742116043e-01 1.758644624999999850e-02
2.943976430201600269e-01 1.839953874999999961e-02
2.949864383062003048e-01 1.960367999999999833e-02
2.955764111828127483e-01 2.133183375000000104e-02
2.961675640051783520e-01 2.279124249999999949e-02
2.967598991331887315e-01 2.394727875000000200e-02
2.973534189314551157e-01 2.561621249999999905e-02
2.979481257693180618e-01 2.778952699999999790e-02
2.985440220208566697e-01 2.953044624999999826e-02
2.991411100648984078e-01 3.124928499999999817e-02
2.997393922850282166e-01 3.389938124999999913e-02
3.003388710695982233e-01 3.566890749999999943e-02
3.009395488117374562e-01 3.836634599999999562e-02
3.015414279093609484e-01 4.173681124999999853e-02
3.021445107651796746e-01 4.351276250000000317e-02
3.027487997867099878e-01 4.684614374999999942e-02
3.033542973862833891e-01 5.078679500000000263e-02
3.039610059810559650e-01 5.312551199999999973e-02
3.045689279930180460e-01 5.694659124999999766e-02
3.051780658490040876e-01 6.287037000000000875e-02
3.057884219807021076e-01 6.640190249999999850e-02
3.063999988246635664e-01 6.858030249999999550e-02
3.070127988223129156e-01 7.543925600000001008e-02
3.076268244199575896e-01 8.370882874999999168e-02
3.082420780687974982e-01 8.627354125000000207e-02
3.088585622249351292e-01 9.009110874999999574e-02
3.094762793493849307e-01 1.000165540000000075e-01
3.100952319080837460e-01 1.084897499999999959e-01
3.107154223718998631e-01 1.138229862499999939e-01
3.113368532166437275e-01 1.179758250000000064e-01
3.119595269230769907e-01 1.342998499999999984e-01
3.125834459769231133e-01 1.500243199999999888e-01
3.132086128688770232e-01 1.537982500000000252e-01
3.138350300946147753e-01 1.552637875000000001e-01
3.144627001548039313e-01 1.784608750000000188e-01
3.150916255551135525e-01 1.870663499999999924e-01
3.157218088062238026e-01 1.815450599999999803e-01
3.163532524238362176e-01 2.056685750000000201e-01
3.169859589286838641e-01 2.127544999999999853e-01
3.176199308465412763e-01 2.067018125000000262e-01
3.182551707082343917e-01 2.249636500000000150e-01
3.188916810496508214e-01 2.525847900000000035e-01
3.195294644117501193e-01 2.375692624999999891e-01
3.201685233405736630e-01 2.364359875000000277e-01
3.208088603872547573e-01 2.715690374999999990e-01
3.214504781080292917e-01 2.889406875000000152e-01
3.220933790642453443e-01 2.645795799999999809e-01
3.227375658223737842e-01 2.624584000000000361e-01
3.233830409540185413e-01 3.024356999999999740e-01
3.240298070359265425e-01 3.190489624999999774e-01
3.246778666499984256e-01 2.988502374999999489e-01
3.253272223832984200e-01 2.885781499999999777e-01
3.259778768280650052e-01 3.161663499999999849e-01
3.266298325817211246e-01 3.369391999999999943e-01
3.272830922468845660e-01 3.253833999999999893e-01
3.279376584313783427e-01 3.057693624999999749e-01
3.285935337482410734e-01 3.245264199999999821e-01
3.292507208157375853e-01 3.489530000000000132e-01
3.299092222573690725e-01 3.488392249999999750e-01
3.305690407018838095e-01 3.303000875000000058e-01
3.312301787832875322e-01 3.239465375000000202e-01
3.318926391408540955e-01 3.443421199999999738e-01
3.325564244191357988e-01 3.559115499999999654e-01
3.332215372679740994e-01 3.508241624999999253e-01
3.338879803425100490e-01 3.345872499999999472e-01
3.345557563031950621e-01 3.488976199999999639e-01
3.352248678158014084e-01 3.576553624999999625e-01
3.358953175514330369e-01 3.586907874999999968e-01
3.365671081865359016e-01 3.517787749999999880e-01
3.372402424029089518e-01 3.433804874999999979e-01
3.379147228877147358e-01 3.490393499999999705e-01
3.385905523334902245e-01 3.568717249999999730e-01
3.392677334381571930e-01 3.569612125000000136e-01
3.399462689050334330e-01 3.526693124999999984e-01
3.406261614428435225e-01 3.504325874999999479e-01
3.413074137657292062e-01 3.556833799999999934e-01
3.419900285932606643e-01 3.565385374999999746e-01
3.426740086504471705e-01 3.560924125000000107e-01
3.433593566677480835e-01 3.537284499999999721e-01
3.440460753810836159e-01 3.486669000000000018e-01
3.447341675318457699e-01 3.506956400000000307e-01
3.454236358669094398e-01 3.527666624999999945e-01
3.461144831386432363e-01 3.527887625000000194e-01
3.468067121049205337e-01 3.522980250000000146e-01
3.475003255291303494e-01 3.501784625000000095e-01
3.481953261801886135e-01 3.509235499999999730e-01
3.488917168325489926e-01 3.507375125000000149e-01
3.495895002662141038e-01 3.499821624999999714e-01
3.502886792667465610e-01 3.492673374999999969e-01
3.509892566252800217e-01 3.482077125000000439e-01
3.516912351385305668e-01 3.457211399999999824e-01
3.523946176088076365e-01 3.459596624999999870e-01
3.530994068440251876e-01 3.456184625000000010e-01
3.538056056577132402e-01 3.450593250000000278e-01
3.545132168690287022e-01 3.442976250000000515e-01
3.552222433027667492e-01 3.431895000000000362e-01
3.559326877893722596e-01 3.424026000000000014e-01
3.566445531649510281e-01 3.415658999999999779e-01
3.573578422712808678e-01 3.407155499999999781e-01
3.580725579558234339e-01 3.398358000000000212e-01
3.587887030717350489e-01 3.389070874999999816e-01
3.595062804778785814e-01 3.377714499999999731e-01
3.602252930388343266e-01 3.371392375000000219e-01
3.609457436249119411e-01 3.367930249999999681e-01
3.616676351121618227e-01 3.363178100000000503e-01
3.623909703823861017e-01 3.357412124999999969e-01
3.631157523231508533e-01 3.352748000000000395e-01
3.638419838277971996e-01 3.348114249999999958e-01
3.645696677954528009e-01 3.343110499999999985e-01
3.652988071310436791e-01 3.337407199999999907e-01
3.660294047453057642e-01 3.332121874999999789e-01
3.667614635547964408e-01 3.327518999999999894e-01
3.674949864819060386e-01 3.322816249999999694e-01
3.682299764548698229e-01 3.317874374999999487e-01
3.689664364077795966e-01 3.312363900000000472e-01
3.697043692805951354e-01 3.307244124999999535e-01
3.704437780191563445e-01 3.300758125000000098e-01
3.711846655751946944e-01 3.293260749999999959e-01
3.719270349063450443e-01 3.285797124999999541e-01
3.726708889761577437e-01 3.277366700000000077e-01
3.734162307541100123e-01 3.268837374999999934e-01
3.741630632156182079e-01 3.261329250000000179e-01
3.749113893420494836e-01 3.253996249999999701e-01
3.756612121207335564e-01 3.246662124999999954e-01
3.764125345449750304e-01 3.238177300000000258e-01
3.771653596140650544e-01 3.228911749999999747e-01
3.779196903332932012e-01 3.222830125000000212e-01
3.786755297139597909e-01 3.215569875000000022e-01
3.794328807733876596e-01 3.208199999999999941e-01
3.801917465349344827e-01 3.200874800000000353e-01
3.809521300280043210e-01 3.195320374999999768e-01
3.817140342880603332e-01 3.190521250000000197e-01
3.824774623566364884e-01 3.185749500000000234e-01
3.832424172813497787e-01 3.180417600000000067e-01
3.840089021159124316e-01 3.175139125000000506e-01
3.847769199201442891e-01 3.170478124999999703e-01
3.855464737599845759e-01 3.165825749999999772e-01
3.863175667075045561e-01 3.161177750000000453e-01
3.870902018409195788e-01 3.155963400000000307e-01
3.878643822446014022e-01 3.150790250000000126e-01
3.886401110090906830e-01 3.146222250000000331e-01
3.894173912311088559e-01 3.141703000000000134e-01
3.901962260135710681e-01 3.136855000000000060e-01
3.909766184655981691e-01 3.130292599999999759e-01
3.917585717025293679e-01 3.124152249999999631e-01
3.925420888459344448e-01 3.118424874999999874e-01
3.933271730236262975e-01 3.111439125000000083e-01
3.941138273696735417e-01 3.107127250000000229e-01
3.949020550244128902e-01 3.100767600000000068e-01
3.956918591344616987e-01 3.094516374999999875e-01
3.964832428527306218e-01 3.088754375000000163e-01
3.972762093384361037e-01 3.083367750000000074e-01
3.980707617571129786e-01 3.076222874999999801e-01
3.988669032806272385e-01 3.071651200000000137e-01
3.996646370871884679e-01 3.065647000000000233e-01
4.004639663613628331e-01 3.061018500000000087e-01
4.012648942940855168e-01 3.056521249999999967e-01
4.020674240826737078e-01 3.051541624999999924e-01
4.028715589308390355e-01 3.045227400000000140e-01
4.036773020487006702e-01 3.038647500000000168e-01
4.044846566527980913e-01 3.033015499999999753e-01
4.052936259661036877e-01 3.027310374999999665e-01
4.061042132180359143e-01 3.021687499999999860e-01
4.069164216444720039e-01 3.016242799999999669e-01
4.077302544877609569e-01 3.010452000000000128e-01
4.085457149967364754e-01 3.006099624999999942e-01
4.093628064267299527e-01 3.001375749999999898e-01
4.101815320395834075e-01 2.996602875000000110e-01
4.110018951036625845e-01 2.990372399999999820e-01
4.118238988938699441e-01 2.984121750000000572e-01
4.126475466916577073e-01 2.979049375000000222e-01
4.134728417850409565e-01 2.974193124999999771e-01
4.142997874686110693e-01 2.968403000000000014e-01
4.151283870435482637e-01 2.964041500000000329e-01
4.159586438176353651e-01 2.959842999999999780e-01
4.167905611052706849e-01 2.954120624999999611e-01
4.176241422274811765e-01 2.949694374999999869e-01
4.184593905119361468e-01 2.943972200000000150e-01
4.192963092929599678e-01 2.936916499999999708e-01
4.201349019115458994e-01 2.931992125000000282e-01
4.209751717153689676e-01 2.927004874999999950e-01
4.218171220587997317e-01 2.922277374999999733e-01
4.226607563029173287e-01 2.917034199999999911e-01
4.235060778155231298e-01 2.912296249999999920e-01
4.243530899711541737e-01 2.908193125000000379e-01
4.252017961510964894e-01 2.903270249999999608e-01
4.260521997433986963e-01 2.897707625000000009e-01
4.269043041428854934e-01 2.892386699999999755e-01
4.277581127511712600e-01 2.886786375000000016e-01
4.286136289766736551e-01 2.882206999999999963e-01
4.294708562346269964e-01 2.878029375000000223e-01
4.303297979470962487e-01 2.874016249999999939e-01
4.311904575429904574e-01 2.869133700000000009e-01
4.320528384580764047e-01 2.864055249999999941e-01
4.329169441349925429e-01 2.859709375000000220e-01
4.337827780232624830e-01 2.855038125000000093e-01
4.346503435793090397e-01 2.850252624999999873e-01
4.355196442664676648e-01 2.844961699999999927e-01
4.363906835550006025e-01 2.839626124999999890e-01
4.372634649221106007e-01 2.834562750000000353e-01
4.381379918519547889e-01 2.830058750000000178e-01
4.390142678356587225e-01 2.825742125000000327e-01
4.398922963713300383e-01 2.820572500000000371e-01
4.407720809640727211e-01 2.814101374999999905e-01
4.416536251260008150e-01 2.801170000000000049e-01
4.425369323762528007e-01 2.801949125000000040e-01
4.434220062410053065e-01 2.795627900000000055e-01
4.443088502534873196e-01 2.792002624999999627e-01
4.451974679539942858e-01 2.788234124999999786e-01
4.460878628899022647e-01 2.784239125000000370e-01
4.469800386156820293e-01 2.783794625000000078e-01
4.478739986929134442e-01 2.780520499999999950e-01
4.487697466902992316e-01 2.775657750000000146e-01
4.496672861836799040e-01 2.769967249999999992e-01
4.505666207560472536e-01 2.764635374999999673e-01
4.514677539975593401e-01 2.759863750000000060e-01
4.523706895055544797e-01 2.754780500000000298e-01
4.532754308845656221e-01 2.750113249999999732e-01
4.541819817463347286e-01 2.746600624999999685e-01
4.550903457098274263e-01 2.741997499999999643e-01
4.560005264012471082e-01 2.737699499999999841e-01
4.569125274540495885e-01 2.731541400000000452e-01
4.578263525089577013e-01 2.725264874999999698e-01
4.587420052139756232e-01 2.718843374999999618e-01
4.596594892244035835e-01 2.712448375000000023e-01
4.605788082028524077e-01 2.706245250000000047e-01
4.614999658192581178e-01 2.700074199999999980e-01
4.624229657508966418e-01 2.695744250000000064e-01
4.633478116823984694e-01 2.693775250000000065e-01
4.642745073057632510e-01 2.692164125000000019e-01
4.652030563203747304e-01 2.690126874999999584e-01
4.661334624330154552e-01 2.686417000000000388e-01
4.670657293578814873e-01 2.680828625000000187e-01
4.679998608165972795e-01 2.674636375000000177e-01
4.689358605382304424e-01 2.666695625000000125e-01
4.698737322593069532e-01 2.662366374999999841e-01
4.708134797238255342e-01 2.657479799999999948e-01
4.717551066832731399e-01 2.653056249999999894e-01
4.726986168966397228e-01 2.650390999999999719e-01
4.736440141304329998e-01 2.647412749999999981e-01
4.745913021586939395e-01 2.642232749999999797e-01
4.755404847630113063e-01 2.634374800000000016e-01
4.764915657325373699e-01 2.625074749999999901e-01
4.774445488640024493e-01 2.615963499999999775e-01
4.783994379617304560e-01 2.606468375000000059e-01
4.793562368376539373e-01 2.597120499999999721e-01
4.803149493113292312e-01 2.589524125000000065e-01
4.812755792099518981e-01 2.584770375000000064e-01
4.822381303683718201e-01 2.581388625000000103e-01
4.832026066291085775e-01 2.579887000000000152e-01
4.841690118423668254e-01 2.579048899999999978e-01
4.851373498660515038e-01 2.579426750000000101e-01
4.861076245657836026e-01 2.579676499999999928e-01
4.870798398149152053e-01 2.576671125000000173e-01
4.880539994945450322e-01 2.575623375000000159e-01
4.890301074935341497e-01 2.571594099999999772e-01
4.900081677085211806e-01 2.566983624999999991e-01
4.909881840439382916e-01 2.563099749999999677e-01
4.919701604120261251e-01 2.558842625000000148e-01
4.929541007328501756e-01 2.556378125000000057e-01
4.939400089343158884e-01 2.551975699999999847e-01
4.949278889521845359e-01 2.546474874999999916e-01
4.959177447300888719e-01 2.540935250000000423e-01
4.969095802195490075e-01 2.535031750000000250e-01
4.979033993799881208e-01 2.527983125000000109e-01
4.988992061787480559e-01 2.519569500000000128e-01
4.998970045911055315e-01 2.510476375000000315e-01
5.008967986002876849e-01 2.501814124999999778e-01
5.018985921974883357e-01 2.485802249999999880e-01
5.029023893818832525e-01 2.482259374999999935e-01
5.039081941606470272e-01 2.469199369999999782e-01
5.049160105489682859e-01 2.464679987500000002e-01
5.059258425700663420e-01 2.460061550000000041e-01
5.069376942552064058e-01 2.447116662500000150e-01
5.079515696437167938e-01 2.457825187500000119e-01
5.089674727830042489e-01 2.457783249999999919e-01
5.099854077285701504e-01 2.459162537499999801e-01
5.110053785440273888e-01 2.454209737499999933e-01
5.120273893011153543e-01 2.453724562500000095e-01
5.130514440797175890e-01 2.447312400000000165e-01
5.140775469678771081e-01 2.441514712500000017e-01
5.151057020618128313e-01 2.436025374999999937e-01
5.161359134659364578e-01 2.431057074999999901e-01
5.171681852928683432e-01 2.427045037500000224e-01
5.182025216634540410e-01 2.422759300000000005e-01
5.192389267067809566e-01 2.418330850000000032e-01
5.202774045601945563e-01 2.413872662500000099e-01
5.213179593693149094e-01 2.407869200000000154e-01
5.223605952880534531e-01 2.399814175000000160e-01
5.234053164786296453e-01 2.389705899999999827e-01
5.244521271115868410e-01 2.379061637500000104e-01
5.255010313658099452e-01 2.371108462500000069e-01
5.265520334285416215e-01 2.362436687499999688e-01
5.276051374953987239e-01 2.353892224999999949e-01
5.286603477703895049e-01 2.344402709999999779e-01
5.297176684659302692e-01 2.334682512500000084e-01
5.307771038028621380e-01 2.327326424999999754e-01
5.318386580104679240e-01 2.321866812499999988e-01
5.329023353264887852e-01 2.316140200000000038e-01
5.339681399971416553e-01 2.312079730000000111e-01
5.350360762771360079e-01 2.310192087500000102e-01
5.361061484296902879e-01 2.309151325000000088e-01
5.371783607265496752e-01 2.308191912499999998e-01
5.382527174480027377e-01 2.306871687500000045e-01
5.393292228828987511e-01 2.303988730000000040e-01
5.404078813286645744e-01 2.296219587499999937e-01
5.414886970913218578e-01 2.272865862499999778e-01
5.425716744855044738e-01 2.284490587499999892e-01
5.436568178344756141e-01 2.275351174999999948e-01
5.447441314701444437e-01 2.270200920000000067e-01
5.458336197330847517e-01 2.263197237500000070e-01
5.469252869725509392e-01 2.261709825000000063e-01
5.480191375464960046e-01 2.258197712499999954e-01
5.491151758215888634e-01 2.254748619999999981e-01
5.502134061732321113e-01 2.251105950000000244e-01
5.513138329855785669e-01 2.246986125000000056e-01
5.524164606515497011e-01 2.242459774999999988e-01
5.535212935728528461e-01 2.237615087499999766e-01
5.546283361599984030e-01 2.231870180000000148e-01
5.557375928323184944e-01 2.225472600000000245e-01
5.568490680179830621e-01 2.219616125000000162e-01
5.579627661540189631e-01 2.213085075000000013e-01
5.590786916863270672e-01 2.205631137499999839e-01
5.601968490696997982e-01 2.195735940000000386e-01
5.613172427678392307e-01 2.184162175000000095e-01
5.624398772533748536e-01 2.174353149999999901e-01
5.635647570078816671e-01 2.164837387500000154e-01
5.646918865218973904e-01 2.156309975000000323e-01
5.658212702949412254e-01 2.148460060000000338e-01
5.669529128355310643e-01 2.141149937499999822e-01
5.680868186612021420e-01 2.134098624999999916e-01
5.692229922985245771e-01 2.121053800000000100e-01
5.703614382831215801e-01 2.121348812499999903e-01
5.715021611596877715e-01 2.113055260000000213e-01
5.726451654820071679e-01 2.098262612500000068e-01
5.737904558129711674e-01 2.101167100000000121e-01
5.749380367245970902e-01 2.097853974999999982e-01
5.760879127980462755e-01 2.093411525000000162e-01
5.772400886236424000e-01 2.094957949999999847e-01
5.783945688008896857e-01 2.093894587500000348e-01
5.795513579384914404e-01 2.095475287500000172e-01
5.807104606543684877e-01 2.098443249999999982e-01
5.818718815756771523e-01 2.103663637500000072e-01
5.830356253388285781e-01 2.106863279999999783e-01
5.842016965895062697e-01 2.108284062499999889e-01
5.853700999826851881e-01 2.111616162499999894e-01
5.865408401826505136e-01 2.114773762499999876e-01
5.877139218630158535e-01 2.119997350000000225e-01
5.888893497067417826e-01 2.089168029999999843e-01
5.900671284061553834e-01 2.063287849999999868e-01
5.912472626629676764e-01 2.111612174999999980e-01
5.924297571882934932e-01 2.102825624999999921e-01
5.936146167026701281e-01 2.081450549999999955e-01
5.948018459360754351e-01 1.989632699999999976e-01
5.959914496279475893e-01 2.088857650000000288e-01
5.971834325272035171e-01 2.081433012499999957e-01
5.983777993922578808e-01 2.069946912500000291e-01
5.995745549910425076e-01 2.068103799999999881e-01
6.007737041010245971e-01 2.063815099999999902e-01
6.019752515092265943e-01 2.066469612500000108e-01
6.031792020122450637e-01 2.064849112499999861e-01
6.043855604162695627e-01 2.063947712499999976e-01
6.055943315371020708e-01 2.066139539999999886e-01
6.068055202001763071e-01 2.069065174999999701e-01
6.080191312405766046e-01 2.072747462499999749e-01
6.092351695030577829e-01 2.077394262499999977e-01
6.104536398420639109e-01 2.082167000000000046e-01
6.116745471217479579e-01 2.087165529999999714e-01
6.128978962159914445e-01 2.091972400000000065e-01
6.141236920084234274e-01 2.095848012499999802e-01
6.153519393924402614e-01 2.098220937499999939e-01
6.165826432712251393e-01 2.099920574999999678e-01
6.178158085577676317e-01 2.101778529999999978e-01
6.190514401748832274e-01 2.103626562500000019e-01
6.202895430552329836e-01 2.104441600000000190e-01
6.215301221413433996e-01 2.105028150000000098e-01
6.227731823856261784e-01 2.105664912499999875e-01
6.240187287503973224e-01 2.105359950000000036e-01
6.252667662078981170e-01 2.103442912500000372e-01
6.265172997403138933e-01 2.102200825000000162e-01
6.277703343397945668e-01 1.905133612500000129e-01
6.290258750084741779e-01 2.088919537500000256e-01
6.302839267584912086e-01 2.097617509999999963e-01
6.315444946120081227e-01 2.086084562499999628e-01
6.328075836012321265e-01 2.114673599999999654e-01
6.340731987684345983e-01 2.121701475000000170e-01
6.353413451659715161e-01 2.129265060000000154e-01
6.366120278563034418e-01 2.135850075000000070e-01
6.378852519120159492e-01 2.141223375000000095e-01
6.391610224158400522e-01 2.145407850000000116e-01
6.404393444606717445e-01 2.152698899999999915e-01
6.417202231495930942e-01 2.158013569999999715e-01
6.430036635958922275e-01 2.162245049999999835e-01
6.442896709230840901e-01 2.164833812499999954e-01
6.455782502649303201e-01 2.169579212499999910e-01
6.468694067654601199e-01 2.170125487500000061e-01
6.481631455789910179e-01 2.150352229999999976e-01
6.494594718701489633e-01 2.153942975000000259e-01
6.507583908138891982e-01 2.171665175000000170e-01
6.520599075955170187e-01 2.169610787499999804e-01
6.533640274107079815e-01 2.172794099999999506e-01
6.546707554655294414e-01 2.184237579999999956e-01
6.559800969764604250e-01 2.116990225000000003e-01
6.572920571704133907e-01 2.190540112499999859e-01
6.586066412847542129e-01 2.187272462499999792e-01
6.599238545673237200e-01 2.195754312500000083e-01
6.612437022764583450e-01 2.197951090000000163e-01
6.625661896810113305e-01 2.198654012500000088e-01
6.638913220603732679e-01 2.201871199999999862e-01
6.652191047044940797e-01 2.204658499999999910e-01
6.665495429139030037e-01 2.207768062500000128e-01
6.678826419997307973e-01 2.211427109999999918e-01
6.692184072837303876e-01 2.214415849999999963e-01
6.705568440982978551e-01 2.216445874999999899e-01
6.718979577864944153e-01 2.218280112500000123e-01
6.732417537020674025e-01 2.219314524999999871e-01
6.745882372094715862e-01 2.220497989999999922e-01
6.759374136838904867e-01 2.222185687500000117e-01
6.772892885112582473e-01 2.224320962499999610e-01
6.786438670882807278e-01 2.226566162500000223e-01
6.800011548224572655e-01 2.229051620000000178e-01
6.813611571321021021e-01 2.230742300000000122e-01
6.827238794463663663e-01 2.231749612500000257e-01
6.840893272052590568e-01 2.232231650000000012e-01
6.854575058596696913e-01 2.232145674999999885e-01
6.868284208713890671e-01 1.767508529099999781e-01
6.882020777131317990e-01 2.110795649999999968e-01
6.895784818685580797e-01 1.598957051500000115e-01
6.909576388322952178e-01 2.172538512500000185e-01
6.923395541099597317e-01 1.851925362500000116e-01
6.937242332181796645e-01 2.179833660000000117e-01
6.951116816846160118e-01 2.235172812500000050e-01
6.965019050479852591e-01 2.238942937500000008e-01
6.978949088580812532e-01 2.200013674999999891e-01
6.992906986757974064e-01 2.232249337500000208e-01
7.006892800731490123e-01 2.215623569999999876e-01
7.020906586332953392e-01 2.241514174999999776e-01
7.034948399505618344e-01 2.247003625000000282e-01
7.049018296304629949e-01 2.213460775000000158e-01
7.063116332897239058e-01 2.247330612499999769e-01
7.077242565563033327e-01 2.241669980000000062e-01
7.091397050694159265e-01 2.249245562499999906e-01
7.105579844795547606e-01 2.240049400000000135e-01
7.119791004485138686e-01 2.244005887499999907e-01
7.134030586494108928e-01 2.246048600000000173e-01
7.148298647667097327e-01 2.237809830000000166e-01
7.162595244962430829e-01 2.211557662499999966e-01
7.176920435452356362e-01 2.078197412499999952e-01
7.191274276323260661e-01 2.042282537500000050e-01
7.205656824875906752e-01 1.958499974999999838e-01
7.220068138525659318e-01 2.232949869999999726e-01
7.234508274802710082e-01 2.165720237499999812e-01
7.248977291352315389e-01 2.085494499999999973e-01
7.263475245935020475e-01 2.160494825000000008e-01
7.278002196426889281e-01 1.841496082500000131e-01
7.292558200819743153e-01 2.166210650000000015e-01
7.307143317221382883e-01 2.035362291249999678e-01
7.321757603855825192e-01 2.176660687500000246e-01
7.336401119063536980e-01 2.180981874999999848e-01
7.351073921301664038e-01 2.217388809999999988e-01
7.365776069144267524e-01 2.249423587500000155e-01
7.380507621282555997e-01 2.250248874999999926e-01
7.395268636525120787e-01 2.239480374999999746e-01
7.410059173798171361e-01 2.253470587499999955e-01
7.424879292145767362e-01 2.253067380000000064e-01
7.439729050730057303e-01 2.237647537499999895e-01
7.454608508831517266e-01 2.244428399999999768e-01
7.469517725849180723e-01 2.250207687499999887e-01
7.484456761300879446e-01 2.249541449999999942e-01
7.499425674823481103e-01 2.247054659999999926e-01
7.514424526173126839e-01 2.251347837500000115e-01
7.529453375225474421e-01 2.252525762500000028e-01
7.544512281975925827e-01 2.254924050000000069e-01
7.559601306539878163e-01 2.255847737499999950e-01
7.574720509152956804e-01 2.256489999999999885e-01
7.589869950171262980e-01 2.164197412499999917e-01
7.605049690071605806e-01 9.222305775000000372e-02
7.620259789451748755e-01 7.731839199999999968e-02
7.635500309030651689e-01 1.187086481249999964e-01
7.650771309648712881e-01 1.743020389999999920e-01
7.666072852268009941e-01 1.809841027499999866e-01
7.681404997972545168e-01 2.096310337499999732e-01
7.696767807968490915e-01 2.247849174999999866e-01
7.712161343584428286e-01 2.254512437500000022e-01
7.727585666271596931e-01 2.253418479999999835e-01
7.743040837604140414e-01 2.248744524999999606e-01
7.758526919279349343e-01 2.250608612499999939e-01
7.774043973117907846e-01 2.248425225000000027e-01
7.789592061064143369e-01 2.246290000000000231e-01
7.805171245186270923e-01 2.244216050000000240e-01
7.820781587676643998e-01 2.246192525000000051e-01
7.836423150851996589e-01 2.246170037500000161e-01
7.852095997153700768e-01 2.247661025000000090e-01
7.867800189148008716e-01 2.238274750000000257e-01
7.883535789526303628e-01 2.248372350000000242e-01
7.899302861105357287e-01 2.202899312499999873e-01
7.915101466827567656e-01 2.243364187499999884e-01
7.930931669761223102e-01 2.251211262499999977e-01
7.946793533100744433e-01 2.253084630000000144e-01
7.962687120166946908e-01 2.225486937499999707e-01
7.978612494407281153e-01 2.238449475000000299e-01
7.994569719396096286e-01 2.233193824999999966e-01
8.010558858834887497e-01 2.238692925000000111e-01
8.026579976552556950e-01 2.162150730000000354e-01
8.042633136505661362e-01 2.217836062500000149e-01
8.058718402778672907e-01 2.246420737500000042e-01
8.074835839584230124e-01 2.243271087499999761e-01
8.090985511263398822e-01 2.239006949999999829e-01
8.107167482285926319e-01 2.231642120000000284e-01
8.123381817250497905e-01 2.236987987500000108e-01
8.139628580884998854e-01 2.161660950000000025e-01
8.155907838046769776e-01 2.200458975000000039e-01
8.172219653722863075e-01 2.193760849999999984e-01
8.188564093030309410e-01 1.878494685999999858e-01
8.204941221216369707e-01 2.053829973749999871e-01
8.221351103658802728e-01 2.186811012500000095e-01
8.237793805866120422e-01 2.195585612499999784e-01
8.254269393477852157e-01 1.826409361249999863e-01
8.270777932264807841e-01 2.177504039999999808e-01
8.287319488129337719e-01 1.969035625000000178e-01
8.303894127105596601e-01 2.208749325000000097e-01
8.320501915359808098e-01 2.209804400000000002e-01
8.337142919190527746e-01 2.207796599999999887e-01
8.353817205028908344e-01 2.238175719999999924e-01
8.370524839438966413e-01 2.236350812500000063e-01
8.387265889117843098e-01 2.241549262500000250e-01
8.404040420896079500e-01 2.235721637500000247e-01
8.420848501737872027e-01 2.240934987500000086e-01
8.437690198741347736e-01 2.236039650000000434e-01
8.454565579138830778e-01 2.245114262499999791e-01
8.471474710297107746e-01 2.244745350000000028e-01
8.488417659717701902e-01 2.242097762499999924e-01
8.505394495037137403e-01 2.238531510000000002e-01
8.522405284027212424e-01 2.226408624999999808e-01
8.539450094595266716e-01 2.232922174999999732e-01
8.556528994784455833e-01 2.236791137499999915e-01
8.573642052774025357e-01 2.238602549999999802e-01
8.590789336879574023e-01 2.239306720000000250e-01
8.607970915553332381e-01 2.240997262500000198e-01
8.625186857384439243e-01 2.241661312499999836e-01
8.642437231099207029e-01 2.243065637499999931e-01
8.659722105561405980e-01 2.243041487499999875e-01
8.677041549772528395e-01 2.243271010000000010e-01
8.694395632872073953e-01 2.242626987500000169e-01
8.711784424137818394e-01 2.241655012500000099e-01
8.729207992986094400e-01 2.243230412499999937e-01
8.746666408972065820e-01 2.243368537499999815e-01
8.764159741790010782e-01 2.243127210000000205e-01
8.781688061273591472e-01 2.243863725000000142e-01
8.799251437396138353e-01 2.236618149999999861e-01
8.816849940270929942e-01 2.224882274999999965e-01
8.834483640151471473e-01 2.232464800000000249e-01
8.852152607431775788e-01 2.234444959999999925e-01
8.869856912646638669e-01 2.225176199999999715e-01
8.887596626471931938e-01 2.227227812500000015e-01
8.905371819724876570e-01 2.232921862499999965e-01
8.923182563364325803e-01 2.228900674999999831e-01
8.941028928491054906e-01 2.069142278000000168e-01
8.958910986348036509e-01 2.186591200000000124e-01
8.976828808320732600e-01 2.142538974999999846e-01
8.994782465937374294e-01 2.153568212499999968e-01
9.012772030869248274e-01 2.180657150000000211e-01
9.030797574930986560e-01 2.183016950000000178e-01
9.048859170080848502e-01 2.210161274999999925e-01
9.066956888421009442e-01 2.179950162500000066e-01
9.085090802197851589e-01 2.112204500000000040e-01
9.103260983802247130e-01 1.832066370799999844e-01
9.121467505769851325e-01 2.101583825000000183e-01
9.139710440781392276e-01 2.011310881249999960e-01
9.157989861662954034e-01 1.780007512125000302e-01
9.176305841386280804e-01 2.082210537499999958e-01
9.194658453069053383e-01 2.164896899999999846e-01
9.213047769975191148e-01 2.107435350000000096e-01
9.231473865515140709e-01 2.216888937500000045e-01
9.249936813246171230e-01 2.042420599999999753e-01
9.268436686872664199e-01 2.182252024999999929e-01
9.286973560246409853e-01 2.015678781999999947e-01
9.305547507366902504e-01 2.045290323749999750e-01
9.324158602381635852e-01 1.852436996249999801e-01
9.342806919586399417e-01 1.588816422500000103e-01
9.361492533425572748e-01 1.964791936250000204e-01
9.380215518492422966e-01 9.498354152999999300e-02
9.398975949529408958e-01 1.790676132500000073e-01
9.417773901428466710e-01 1.432808944874999768e-01
9.436609449231323499e-01 1.238468307500000115e-01
9.455482668129786550e-01 1.758873797500000169e-01
9.474393633466045017e-01 1.907776163000000080e-01
9.493342420732977516e-01 1.492530586874999954e-01
9.512329105574443000e-01 1.739689533500000107e-01
9.531353763785591626e-01 1.990064524999999862e-01
9.550416471313163402e-01 1.443576941749999953e-01
9.569517304255790169e-01 1.457631466399999798e-01
9.588656338864300910e-01 1.820517375000000326e-01
9.607833651542030395e-01 2.033421812499999759e-01
9.627049318845114501e-01 1.795317529999999884e-01
9.646303417482804399e-01 2.096286649999999918e-01
9.665596024317769652e-01 1.976980540000000119e-01
9.684927216366405744e-01 2.017685600000000135e-01
9.704297070799138281e-01 2.083092187499999970e-01
9.723705664940736071e-01 2.140929074999999848e-01
9.743153076270618662e-01 1.967296438999999730e-01
9.762639382423159429e-01 2.038602562500000104e-01
9.782164661188006427e-01 2.058546225000000285e-01
9.801728990510382156e-01 2.142472049999999961e-01
9.821332448491403300e-01 2.153540349999999992e-01
9.840975113388386042e-01 2.178509849999999970e-01
9.860657063615162476e-01 2.161835924999999936e-01
9.880378377742392582e-01 2.182608725000000083e-01
9.900139134497877302e-01 2.170276762499999956e-01
9.919939412766873854e-01 2.172603174999999942e-01
9.939779291592407695e-01 2.186800570000000110e-01
9.959658850175592271e-01 2.189885525000000166e-01
9.979578167875942096e-01 2.192548712499999830e-01
9.999537324211694722e-01 2.192155275000000070e-01
1.001953639886011826e+00 2.191529724999999873e-01
1.003957547165783781e+00 2.178816609999999765e-01
1.005965462260115295e+00 2.197044850000000049e-01
1.007977393184635417e+00 2.197723287499999956e-01
1.009993347971004818e+00 2.192650612500000040e-01
1.012013334666946873e+00 2.199249025000000191e-01
1.014037361336280751e+00 2.201403460000000145e-01
1.016065436058953164e+00 2.203788224999999878e-01
1.018097566931071229e+00 2.206181337500000006e-01
1.020133762064933336e+00 2.187467174999999930e-01
1.022174029589063338e+00 2.204014675000000312e-01
1.024218377648241418e+00 2.211641710000000205e-01
1.026266814403537841e+00 2.213275937499999957e-01
1.028319348032344926e+00 2.211785137499999998e-01
1.030375986728409687e+00 2.214243799999999762e-01
1.032436738701866474e+00 2.215796849999999707e-01
1.034501612179270502e+00 2.217637420000000137e-01
1.036570615403628937e+00 2.219112500000000043e-01
1.038643756634436199e+00 2.219379062500000110e-01
1.040721044147705054e+00 2.218907287499999881e-01
1.042802486236000359e+00 2.219282787500000131e-01
1.044888091208472591e+00 2.219811390000000217e-01
1.046977867390889383e+00 2.220031675000000149e-01
1.049071823125671266e+00 2.219656837500000313e-01
1.051169966771922537e+00 2.220474974999999962e-01
1.053272306705466566e+00 2.221461889999999939e-01
1.055378851318877320e+00 2.221178424999999956e-01
1.057489609021515342e+00 2.220719425000000080e-01
1.059604588239558165e+00 2.219286575000000150e-01
1.061723797416037396e+00 2.219442637499999815e-01
1.063847245010869358e+00 2.218998100000000029e-01
1.065974939500891061e+00 2.185082787500000068e-01
1.068106889379893065e+00 2.218724062499999872e-01
1.070243103158652787e+00 2.212352012499999854e-01
1.072383589364970025e+00 2.221381312500000094e-01
1.074528356543700047e+00 2.222328459999999839e-01
1.076677413256787563e+00 2.219946612500000027e-01
1.078830768083300917e+00 2.223648800000000147e-01
1.080988429619467617e+00 2.214873599999999665e-01
1.083150406478706529e+00 2.223306925000000100e-01
1.085316707291664073e+00 2.191976680000000122e-01
1.087487340706247529e+00 2.222854412499999932e-01
1.089662315387660119e+00 2.209979274999999965e-01
1.091841640018435422e+00 2.161549000000000109e-01
1.094025323298472241e+00 2.217351100000000130e-01
1.096213373945069236e+00 2.211247049999999770e-01
1.098405800692959566e+00 2.207591362499999876e-01
1.100602612294345528e+00 2.189886574999999891e-01
1.102803817518934082e+00 2.143246325000000008e-01
1.105009425153971936e+00 2.158789537499999633e-01
1.107219444004279962e+00 2.089707419999999871e-01
1.109433882892288503e+00 1.878914005124999731e-01
1.111652750658073119e+00 2.129514837499999758e-01
1.113876056159389227e+00 1.762205434624999900e-01
1.116103808271708075e+00 1.368671917500000057e-01
1.118336015888251378e+00 1.651057118199999729e-01
1.120572687920027732e+00 1.379867865651250025e-01
1.122813833295867925e+00 1.170032893125000084e-01
1.125059460962459568e+00 1.506322516999999972e-01
1.127309579884384405e+00 8.431888897599999766e-02
1.129564199044153394e+00 1.498916397249999699e-01
1.131823327442241567e+00 2.041995112500000209e-01
1.134086974097126221e+00 9.418379659749998023e-02
1.136355148045320451e+00 1.734330976375000333e-01
1.138627858341410892e+00 1.827238564000000232e-01
1.140905114058093694e+00 1.717898489374999893e-01
1.143186924286210049e+00 1.880028377499999848e-01
1.145473298134782603e+00 1.929998215000000017e-01
1.147764244731052097e+00 1.672261044125000207e-01
1.150059773220514225e+00 1.792437797999999749e-01
1.152359892766955163e+00 1.781009735000000094e-01
1.154664612552489089e+00 1.490889859249999727e-01
1.156973941777594161e+00 1.907982796249999835e-01
1.159287889661149373e+00 2.058237600000000223e-01
1.161606465440471636e+00 2.038311030000000135e-01
1.163929678371352416e+00 1.639553183650000190e-01
1.166257537728095262e+00 2.035258637500000078e-01
1.168590052803551327e+00 2.003165650000000020e-01
1.170927232909158455e+00 2.002908199999999805e-01
1.173269087374976705e+00 2.071808309999999820e-01
1.175615625549726762e+00 2.056816975000000103e-01
1.177966856800826134e+00 1.966302689999999964e-01
1.180322790514427789e+00 2.099276187499999891e-01
1.182683436095456564e+00 1.870901683750000322e-01
1.185048802967647585e+00 1.964083842000000357e-01
1.187418900573582903e+00 1.938010173749999954e-01
1.189793738374729903e+00 2.081352849999999755e-01
1.192173325851479504e+00 2.070109712500000088e-01
1.194557672503182344e+00 1.888691859625000191e-01
1.196946787848188531e+00 1.932119156000000060e-01
1.199340681423884947e+00 1.964076037499999927e-01
1.201739362786732546e+00 2.009169700000000003e-01
1.204142841512306106e+00 1.836499805000000041e-01
1.206551127195330864e+00 2.083534287500000137e-01
1.208964229449721373e+00 2.096100969999999952e-01
1.211382157908620805e+00 2.068045099999999969e-01
1.213804922224438254e+00 2.083066225000000105e-01
1.216232532068886929e+00 2.090131012499999996e-01
1.218664997133024785e+00 2.073619509999999888e-01
1.221102327127290721e+00 1.891932849999999888e-01
1.223544531781545430e+00 2.072265149999999723e-01
1.225991620845108487e+00 2.110117387500000108e-01
1.228443604086798757e+00 2.110237824999999789e-01
1.230900491294972365e+00 2.107080590000000031e-01
1.233362292277562222e+00 2.109666025000000167e-01
1.235829016862117324e+00 2.117795700000000281e-01
1.238300674895841613e+00 2.119292437499999959e-01
1.240777276245633054e+00 2.119765699999999753e-01
1.243258830798124492e+00 2.121833270000000049e-01
1.245745348459720736e+00 2.122124412500000223e-01
1.248236839156640077e+00 2.122082449999999898e-01
1.250733312834953370e+00 2.122401137499999590e-01
1.253234779460623338e+00 2.121483862500000150e-01
1.255741249019544536e+00 2.118205249999999817e-01
1.258252731517583545e+00 2.116065337499999921e-01
1.260769236980618713e+00 2.072788312499999896e-01
1.263290775454580128e+00 2.071949849999999982e-01
1.265817357005489141e+00 2.018673962499999974e-01
1.268348991719500107e+00 1.373722095869999993e-01
1.270885689702939025e+00 1.856746312499999996e-01
1.273427461082345058e+00 2.051125137500000029e-01
1.275974316004509834e+00 2.111702837499999652e-01
1.278526264636518750e+00 2.104192250000000430e-01
1.281083317165791824e+00 2.072952670000000053e-01
1.283645483800123444e+00 2.119427262499999909e-01
1.286212774767723666e+00 2.118418537500000309e-01
1.288785200317259072e+00 2.111398962500000143e-01
1.291362770717893405e+00 2.108464287499999812e-01
1.293945496259329087e+00 2.099980190000000357e-01
1.296533387251847858e+00 2.064504149999999705e-01
1.299126454026351407e+00 2.090497487499999862e-01
1.301724706934404230e+00 2.038937799999999967e-01
1.304328156348272927e+00 2.068961599999999956e-01
1.306936812660969505e+00 1.787611826250000147e-01
1.309550686286291565e+00 1.828403175624999655e-01
1.312169787658864273e+00 2.051834500000000172e-01
1.314794127234181875e+00 1.505328937023749925e-01
1.317423715488650338e+00 1.977978209999999570e-01
1.320058562919627532e+00 1.870853959999999871e-01
1.322698680045466757e+00 1.950818487500000087e-01
1.325344077405557819e+00 1.927705137500000110e-01
1.327994765560368773e+00 1.787431306250000240e-01
1.330650755091489668e+00 1.427785801800000032e-01
1.333312056601672513e+00 1.488440086037499943e-01
1.335978680714875910e+00 1.814782953749999872e-01
1.338650638076305466e+00 1.832651087499999887e-01
1.341327939352458198e+00 1.705895329999999877e-01
1.344010595231163174e+00 1.261344967280000062e-01
1.346698616421625472e+00 8.755880219374997941e-02
1.349392013654468592e+00 8.357012615599999916e-02
1.352090797681777534e+00 1.188565092874999951e-01
1.354794979277141209e+00 7.200128222500000452e-02
1.357504569235695513e+00 7.667918110700000511e-02
1.360219578374167071e+00 5.508975929274999989e-02
1.362940017530915426e+00 6.595674048874999862e-02
1.365665897565977005e+00 7.625011259750000270e-02
1.368397229361109080e+00 3.255217052500000013e-02
1.371134023819831294e+00 2.664296242499999273e-02
1.373876291867470956e+00 4.910487990160000010e-02
1.376624044451205897e+00 8.081666947068749662e-02
1.379377292540108435e+00 5.672434160249999885e-02
1.382136047125188671e+00 4.732493725999999817e-02
1.384900319219438902e+00 5.793322388699999326e-02
1.387670119857877804e+00 8.048605488825000265e-02
1.390445460097593511e+00 8.904318703749999897e-02
1.393226351017788911e+00 5.927122119125000782e-02
1.396012803719824280e+00 4.394091766000000204e-02
1.398804829327263910e+00 4.125055507862500359e-02
1.401602438985918520e+00 4.249968325637500099e-02
1.404405643863890329e+00 5.492115022124999940e-02
1.407214455151617916e+00 5.656404292000000167e-02
1.410028884061921284e+00 6.694393645999999198e-02
1.412848941830045169e+00 5.906794029762500037e-02
1.415674639713705218e+00 5.048996018850000073e-02
1.418505988993132627e+00 4.956720751499999605e-02
1.421343000971118986e+00 6.743293978749999307e-02
1.424185686973061138e+00 6.222093546999999530e-02
1.427034058347007139e+00 6.607629879912499393e-02
1.429888126463701337e+00 6.955571786249999111e-02
1.432747902716628552e+00 3.809769138275000133e-02
1.435613398522062045e+00 5.745778103625000244e-02
1.438484625319106147e+00 5.753431223299999842e-02
1.441361594569744220e+00 6.684721544999999709e-02
1.444244317758883733e+00 7.637013363750000394e-02
1.447132806394401561e+00 7.415463161249999380e-02
1.450027072007190387e+00 5.910453697500000353e-02
1.452927126151204895e+00 6.242499482200000727e-02
1.455832980403507282e+00 7.294675048750001722e-02
1.458744646364314335e+00 6.606122832249999854e-02
1.461662135657042949e+00 6.639749980249999572e-02
1.464585459928356981e+00 6.424759981250000029e-02
1.467514630848213653e+00 7.667398502199998522e-02
1.470449660109910184e+00 6.256841839374999159e-02
1.473390559430129976e+00 5.693996119124999228e-02
1.476337340548990129e+00 8.480457428749998972e-02
1.479290015230088073e+00 7.609638587499999163e-02
1.482248595260548196e+00 8.918637747999999532e-02
1.485213092451069361e+00 9.317459363750001111e-02
1.488183518635971314e+00 9.833921562499998992e-02
1.491159885673243313e+00 9.209511401250002061e-02
1.494142205444589644e+00 9.506808710000000384e-02
1.497130489855478697e+00 1.120542669999999991e-01
1.500124750835189813e+00 1.136738049999999889e-01
1.503125000336860140e+00 1.088901344500000090e-01
1.506131250337534144e+00 1.210517187499999953e-01
1.509143512838209134e+00 1.232765609999999928e-01
1.512161799863885658e+00 1.201233972500000136e-01
1.515186123463613477e+00 1.262337537499999829e-01
1.518216495710540626e+00 1.309971374999999993e-01
1.521252928701961604e+00 1.328839612499999878e-01
1.524295434559365781e+00 1.328550480000000034e-01
1.527344025428484464e+00 1.361564700000000017e-01
1.530398713479341533e+00 1.386434037500000049e-01
1.533459510906300283e+00 1.382257500000000083e-01
1.536526429928112947e+00 1.413735587499999891e-01
1.539599482787969098e+00 1.408528440000000048e-01
1.542678681753545167e+00 1.444414162500000098e-01
1.545764039117052402e+00 1.460139949999999798e-01
1.548855567195286387e+00 1.476864862499999986e-01
1.551953278329677000e+00 1.487117750000000183e-01
1.555057184886336374e+00 1.504135900000000414e-01
1.558167299256108862e+00 1.516669537499999998e-01
1.561283633854621211e+00 1.529850349999999914e-01
1.564406201122330309e+00 1.541762400000000199e-01
1.567535013524575138e+00 1.546713862500000147e-01
1.570670083551624074e+00 1.443702360000000129e-01
1.573811423718727287e+00 1.391301562500000255e-01
1.576959046566164702e+00 1.470976650000000163e-01
1.580112964659297070e+00 1.568626512500000125e-01
1.583273190588615709e+00 1.600103874999999898e-01
1.586439736969792680e+00 1.592890299999999981e-01
1.589612616443732307e+00 1.621910037500000068e-01
1.592791841676620024e+00 1.617018012499999990e-01
1.595977425359973001e+00 1.640204012500000030e-01
1.599169380210692992e+00 1.636404199999999809e-01
1.602367718971114297e+00 1.556848670000000046e-01
1.605572454409056604e+00 1.598036250000000325e-01
1.608783599317874735e+00 1.629737800000000125e-01
1.612001166516510375e+00 1.656106212499999786e-01
1.615225168849543369e+00 1.690435499999999869e-01
1.618455619187242345e+00 1.699215899999999835e-01
1.621692530425617118e+00 1.706597512499999914e-01
1.624935915486468208e+00 1.709323499999999829e-01
1.628185787317441235e+00 1.718393237499999948e-01
1.631442158892076222e+00 1.696383220000000080e-01
1.634705043209860431e+00 1.715114837499999989e-01
1.637974453296279886e+00 1.688625462499999952e-01
1.641250402202872660e+00 1.642742987499999918e-01
1.644532903007278390e+00 1.634479337499999962e-01
1.647821968813293125e+00 1.723437800000000020e-01
1.651117612750919506e+00 1.498455037500000253e-01
1.654419847976421387e+00 1.720110575000000086e-01
1.657728687672374246e+00 1.739054812499999936e-01
1.661044145047719134e+00 1.757172887500000058e-01
1.664366233337814638e+00 1.562792514999999938e-01
1.667694965804490170e+00 1.748845400000000050e-01
1.671030355736099260e+00 1.764035437500000025e-01
1.674372416447571510e+00 1.726547937500000074e-01
1.677721161280466333e+00 1.754460362499999926e-01
1.681076603603027353e+00 1.752502319999999780e-01
1.684438756810233473e+00 1.762769112500000013e-01
1.687807634323853945e+00 1.757632412499999797e-01
1.691183249592501658e+00 1.698598500000000067e-01
1.694565616091686655e+00 1.759217637499999876e-01
1.697954747323870084e+00 1.754091719999999743e-01
1.701350656818517715e+00 1.712847387499999985e-01
1.704753358132154784e+00 1.726835624999999985e-01
1.708162864848419282e+00 1.687010387500000042e-01
1.711579190578115917e+00 1.736208237499999862e-01
1.715002348959272283e+00 1.722002069999999940e-01
1.718432353657190825e+00 1.685396325000000084e-01
1.721869218364505016e+00 1.619582276250000064e-01
1.725312956801233977e+00 1.697549162499999986e-01
1.728763582714836655e+00 1.616859512500000151e-01
1.732221109880266230e+00 1.682174270000000027e-01
1.735685552100026730e+00 1.673232712499999886e-01
1.739156923204226768e+00 1.664132012500000035e-01
1.742635237050635277e+00 1.601872622499999899e-01
1.746120507524736576e+00 1.581765501000000074e-01
1.749612748539786100e+00 1.649899474999999838e-01
1.753111974036865472e+00 1.638755599999999757e-01
1.756618197984939123e+00 1.597403000000000017e-01
1.760131434380908910e+00 1.612592450000000233e-01
1.763651697249670747e+00 1.584480440000000101e-01
1.767179000644169884e+00 1.560137275000000046e-01
1.770713358645458202e+00 1.583076525000000068e-01
1.774254785362749054e+00 1.522182137499999977e-01
1.777803294933474554e+00 1.106590756199999914e-01
1.781358901523341753e+00 1.473935694699999854e-01
1.784921619326388376e+00 1.251898817762500116e-01
1.788491462565041212e+00 1.522937050000000292e-01
1.792068445490171413e+00 1.317110441250000097e-01
1.795652582381151552e+00 1.471774274999999854e-01
1.799243887545913800e+00 1.300168127499999882e-01
1.802842375321005663e+00 1.193114036124999916e-01
1.806448060071647710e+00 1.185361747500000007e-01
1.810060956191791082e+00 8.971497716875000139e-02
1.813681078104174560e+00 7.719930717537500098e-02
1.817308440260382962e+00 6.888374069150000889e-02
1.820943057140903765e+00 5.073107036749999882e-02
1.824584943255185721e+00 1.099297116499999977e-01
1.828234113141696149e+00 9.730575281749999361e-02
1.831890581367979554e+00 3.978715395875000171e-02
1.835554362530715355e+00 5.993731042999999453e-02
1.839225471255776734e+00 4.346726370199999884e-02
1.842903922198288136e+00 4.242991497437500342e-02
1.846589730042684785e+00 5.717599145000000493e-02
1.850282909502769968e+00 4.289063247074999946e-02
1.853983475321775654e+00 5.425827782099999774e-02
1.857691442272419113e+00 4.845497910124999669e-02
1.861406825156963984e+00 4.232889825811250034e-02
1.865129638807277779e+00 4.918017162600000353e-02
1.868859898084892279e+00 2.129857100600000136e-02
1.872597617881062160e+00 2.154201025249999693e-02
1.876342813116824271e+00 3.342041041249999705e-02
1.880095498743057814e+00 3.583986572874999638e-02
1.883855689740544070e+00 4.062751435749999834e-02
1.887623401120025246e+00 4.085320472699999900e-02
1.891398647922265308e+00 1.653641958412499849e-02
1.895181445218109717e+00 2.658128324625000025e-02
1.898971808108545822e+00 2.258499671375000309e-02
1.902769751724763037e+00 2.875962260449999724e-02
1.906575291228212565e+00 2.346277528915400104e-02
1.910388441810669136e+00 2.869501242624999948e-02
1.914209218694290282e+00 2.146322094750000020e-02
1.918037637131678963e+00 3.045173228624999812e-02
1.921873712405942403e+00 2.615043461999999944e-02
1.925717459830754041e+00 2.549459058099999911e-02
1.929568894750415708e+00 1.506717570445000043e-02
1.933428032539916241e+00 2.555572154750000019e-02
1.937294888604996324e+00 2.753149548749999828e-02
1.941169478382206215e+00 3.102585778874999978e-02
1.945051817338970590e+00 3.002729801999999906e-02
1.948941920973648489e+00 3.145851824999999768e-02
1.952839804815595715e+00 2.745123467250000157e-02
1.956745484425226778e+00 1.514431400687499957e-02
1.960658975394077297e+00 2.767022838749999894e-02
1.964580293344865503e+00 2.512584062880000163e-02
1.968509453931555075e+00 1.891917122450000044e-02
1.972446472839417986e+00 3.866194418749999834e-02
1.976391365785096887e+00 4.696759499999999393e-02
1.980344148516667069e+00 4.435828815000000813e-02
1.984304836813700401e+00 4.961662659999999114e-02
1.988273446487327956e+00 4.861204333750000078e-02
1.992249993380302620e+00 5.540622500000000339e-02
1.996234493367063045e+00 5.141291599999999601e-02
2.000226962353797155e+00 2.865184963299999971e-02
