2.002000000000000168e-01 1.632169299999999823e-02
2.006004000000000120e-01 2.230593624999999830e-02
2.010016008000000132e-01 1.718874125000000030e-02
2.014036040016000118e-01 2.408483500000000235e-02
2.018064112096032425e-01 2.353942800000000113e-02
2.022100240320224285e-01 2.573052750000000277e-02
2.026144440800864976e-01 2.711961749999999838e-02
2.030196729682466894e-01 2.650309249999999867e-02
2.034257123141831602e-01 2.576135125000000164e-02
2.038325637388115341e-01 2.495361200000000002e-02
2.042402288662891752e-01 2.418010749999999903e-02
2.046487093240217381e-01 2.352125374999999852e-02
2.050580067426697739e-01 2.299881749999999753e-02
2.054681227561551138e-01 2.289322250000000100e-02
2.058790590016674471e-01 2.279719200000000084e-02
2.062908171196707885e-01 2.260228624999999908e-02
2.067033987539101392e-01 2.238994874999999940e-02
2.071168055514179263e-01 2.221065875000000078e-02
2.075310391625207751e-01 2.207221250000000051e-02
2.079461012408458098e-01 2.189823500000000200e-02
2.083619934433275089e-01 2.171825000000000144e-02
2.087787174302141446e-01 2.155769750000000040e-02
2.091962748650745829e-01 2.139409750000000054e-02
2.096146674148047229e-01 2.120253125000000002e-02
2.100338967496343523e-01 2.096349899999999655e-02
2.104539645431336148e-01 2.080042124999999936e-02
2.108748724722198931e-01 2.066488625000000023e-02
2.112966222171643316e-01 2.048246624999999765e-02
2.117192154615986643e-01 2.026711124999999725e-02
2.121426538925218486e-01 1.995978899999999862e-02
2.125669392003068925e-01 1.963343374999999835e-02
2.129920730787074890e-01 1.934864000000000028e-02
2.134180572248648988e-01 1.907459499999999974e-02
2.138448933393146401e-01 1.880367999999999970e-02
2.142725831259932878e-01 1.842628600000000005e-02
2.147011282922452469e-01 1.802322249999999820e-02
2.151305305488297459e-01 1.770152625000000202e-02
2.155607916099274157e-01 1.743913999999999881e-02
2.159919131931472558e-01 1.714829099999999953e-02
2.164238970195335454e-01 1.680696500000000010e-02
2.168567448135726161e-01 1.647388125000000259e-02
2.172904583031997627e-01 1.616207249999999929e-02
2.177250392198061546e-01 1.586372249999999998e-02
2.181604892982457744e-01 1.553366099999999896e-02
2.185968102768422461e-01 1.519521750000000018e-02
2.190340038973959125e-01 1.484508749999999960e-02
2.194720719051907187e-01 1.447628374999999912e-02
2.199110160490010957e-01 1.411811874999999855e-02
2.203508380810991207e-01 1.373797199999999934e-02
2.207915397572613181e-01 1.337411999999999976e-02
2.212331228367758196e-01 1.301654749999999958e-02
2.216755890824493869e-01 1.264127749999999911e-02
2.221189402606142949e-01 1.228466125000000041e-02
2.225631781411355203e-01 1.191061700000000181e-02
2.230083044974177642e-01 1.155377875000000026e-02
2.234543211064126123e-01 1.124954874999999944e-02
2.239012297486254466e-01 1.092286874999999838e-02
2.243490322081226895e-01 1.060399750000000016e-02
2.247977302725389648e-01 1.026151700000000125e-02
2.252473257330840362e-01 9.938116749999999916e-03
2.256978203845501907e-01 9.665547624999999698e-03
2.261492160253192885e-01 9.390192249999998464e-03
2.266015144573699513e-01 9.101033750000001032e-03
2.270547174862846962e-01 8.789870499999999712e-03
2.275088269212572623e-01 8.489824374999999784e-03
2.279638445750997722e-01 8.234075125000000356e-03
2.284197722642499762e-01 7.978405374999998981e-03
2.288766118087784962e-01 7.711120749999999732e-03
2.293343650323960425e-01 7.419557499999999972e-03
2.297930337624608521e-01 7.147845499999999630e-03
2.302526198299857663e-01 6.862936249999999905e-03
2.307131250696457525e-01 6.699725874999999664e-03
2.311745513197850377e-01 6.474832875000001084e-03
2.316369004224245742e-01 6.276758800000000610e-03
2.321001742232694509e-01 6.082917749999999790e-03
2.325643745717159705e-01 5.883690375000000250e-03
2.330295033208594213e-01 5.690330874999999927e-03
2.334955623275011272e-01 5.512853300000000387e-03
2.339625534521561634e-01 5.357929625000000529e-03
2.344304785590604623e-01 5.176936374999999840e-03
2.348993395161785847e-01 5.016653624999999929e-03
2.353691381952109363e-01 4.910219999999999863e-03
2.358398764716013452e-01 4.741317299999999769e-03
2.363115562245445278e-01 4.562285500000000729e-03
2.367841793369936387e-01 4.452186000000000338e-03
2.372577476956675979e-01 4.317740000000000467e-03
2.377322631910589457e-01 4.202940250000000363e-03
2.382077277174410590e-01 4.063004500000000005e-03
2.386841431728759511e-01 3.946296125000000113e-03
2.391615114592217095e-01 3.854347874999999694e-03
2.396398344821401571e-01 3.715153374999999921e-03
2.401191141511044291e-01 3.607358250000000047e-03
2.405993523794066058e-01 3.539548200000000068e-03
2.410805510841654287e-01 3.434961249999999699e-03
2.415627121863337390e-01 3.330991125000000094e-03
2.420458376107064158e-01 3.260909375000000006e-03
2.425299292859278144e-01 3.207588249999999801e-03
2.430149891444997046e-01 3.136327200000000454e-03
2.435010191227887089e-01 3.045497999999999782e-03
2.439880211610342686e-01 2.979136749999999889e-03
2.444759972033563322e-01 2.944472000000000061e-03
2.449649491977630433e-01 2.898311499999999940e-03
2.454548790961585680e-01 2.784346200000000111e-03
2.459457888543508663e-01 2.716948000000000280e-03
2.464376804320595749e-01 2.691493750000000136e-03
2.469305557929236949e-01 2.651459125000000042e-03
2.474244169045095587e-01 2.579452500000000044e-03
2.479192657383185727e-01 2.528664900000000219e-03
2.484151042697951839e-01 2.496433874999999698e-03
2.489119344783347898e-01 2.417441625000000312e-03
2.494097583472914548e-01 2.381657875000000105e-03
2.499085778639860422e-01 2.340951100000000437e-03
2.504083950197140140e-01 2.328358499999999727e-03
2.509092118097534518e-01 2.312904749999999780e-03
2.514110302333729119e-01 2.255987875000000070e-03
2.519138522938396685e-01 2.190130375000000004e-03
2.524176799984273467e-01 2.194813200000000387e-03
2.529225153584241936e-01 2.182823750000000007e-03
2.534283603891410719e-01 2.144105500000000053e-03
2.539352171099192867e-01 2.110555875000000043e-03
2.544430875441391349e-01 2.113298250000000301e-03
2.549519737192273983e-01 2.084379700000000592e-03
2.554618776666658375e-01 2.028245875000000108e-03
2.559728014219991854e-01 2.039614749999999962e-03
2.564847470248432515e-01 2.061851874999999935e-03
2.569977165188929158e-01 2.048938499999999885e-03
2.575117119519306774e-01 2.032872700000000043e-03
2.580267353758345372e-01 2.025127249999999698e-03
2.585427888465862134e-01 1.966782125000000186e-03
2.590598744242793572e-01 1.958009874999999678e-03
2.595779941731279905e-01 2.027797499999999756e-03
2.600971501614742221e-01 2.031307100000000025e-03
2.606173444617971846e-01 1.963543875000000292e-03
2.611385791507207510e-01 1.991854999999999841e-03
2.616608563090221939e-01 2.032740374999999697e-03
2.621841780216402351e-01 2.011545625000000104e-03
2.627085463776834828e-01 2.003287799999999702e-03
2.632339634704388698e-01 2.073890249999999977e-03
2.637604313973797576e-01 2.080380124999999664e-03
2.642879522601745412e-01 2.041379749999999889e-03
2.648165281646948088e-01 2.056928124999999902e-03
2.653461612210242238e-01 2.100659500000000117e-03
2.658768535434662961e-01 2.097142875000000163e-03
2.664086072505532643e-01 2.139000375000000079e-03
2.669414244650543111e-01 2.200152999999999831e-03
2.674753073139844450e-01 2.199607600000000329e-03
2.680102579286124387e-01 2.213610249999999838e-03
2.685462784444696549e-01 2.292324874999999637e-03
2.690833710013585955e-01 2.347797249999999860e-03
2.696215377433612836e-01 2.322977500000000112e-03
2.701607808188479787e-01 2.359720200000000115e-03
2.707011023804857253e-01 2.454069249999999997e-03
2.712425045852466798e-01 2.499702874999999887e-03
2.717849895944172145e-01 2.518875375000000083e-03
2.723285595736060216e-01 2.575181250000000040e-03
2.728732166927532177e-01 2.650685600000000051e-03
2.734189631261387810e-01 2.722839625000000006e-03
2.739658010523910447e-01 2.840194375000000115e-03
2.745137326544958567e-01 2.924593374999999874e-03
2.750627601198047945e-01 2.937648250000000037e-03
2.756128856400444360e-01 3.061351399999999619e-03
2.761641114113245199e-01 3.152363249999999908e-03
2.767164396341471599e-01 3.251708374999999658e-03
2.772698725134154496e-01 3.323458124999999989e-03
2.778244122584422882e-01 3.442863749999999605e-03
2.783800610829592070e-01 3.592909899999999906e-03
2.789368212051250850e-01 3.737572875000000176e-03
2.794946948475353632e-01 3.860666500000000181e-03
2.800536842372304269e-01 3.968787624999999333e-03
2.806137916057048765e-01 4.194871875000000597e-03
2.811750191889162975e-01 4.352943100000000211e-03
2.817373692272941987e-01 4.670156874999999499e-03
2.823008439657487822e-01 4.812494375000000296e-03
2.828654456536803252e-01 5.007902499999999577e-03
2.834311765449876730e-01 5.063150250000000505e-03
2.839980388980776205e-01 5.440443200000000604e-03
2.845660349758737939e-01 5.750285375000000615e-03
2.851351670458255327e-01 6.044205250000000279e-03
2.857054373799171598e-01 6.347316874999999955e-03
2.862768482546770299e-01 6.564904374999999681e-03
2.868494019511863558e-01 6.937421599999999376e-03
2.874231007550887562e-01 7.285434749999999959e-03
2.879979469565989714e-01 7.858103125000001632e-03
2.885739428505121884e-01 8.262831249999999864e-03
2.891510907362132010e-01 8.733773099999999831e-03
2.897293929176856242e-01 9.303720625000001104e-03
2.903088517035209426e-01 9.731478999999999477e-03
2.908894694069280029e-01 1.020556650000000072e-02
2.914712483457418957e-01 1.092479124999999954e-02
2.920541908424333366e-01 1.180637699999999984e-02
2.926382992241182146e-01 1.235997875000000024e-02
2.932235758225664735e-01 1.314746874999999857e-02
2.938100229742116043e-01 1.416357374999999835e-02
2.943976430201600269e-01 1.482717124999999997e-02
2.949864383062003048e-01 1.580258200000000252e-02
2.955764111828127483e-01 1.720112749999999982e-02
2.961675640051783520e-01 1.839511000000000271e-02
2.967598991331887315e-01 1.935339375000000306e-02
2.973534189314551157e-01 2.073483999999999744e-02
2.979481257693180618e-01 2.254786999999999764e-02
2.985440220208566697e-01 2.403012250000000072e-02
2.991411100648984078e-01 2.550447624999999802e-02
2.997393922850282166e-01 2.778550375000000267e-02
3.003388710695982233e-01 2.935722625000000002e-02
3.009395488117374562e-01 3.176761900000000388e-02
3.015414279093609484e-01 3.482299249999999680e-02
3.021445107651796746e-01 3.648752375000000048e-02
3.027487997867099878e-01 3.956229125000000624e-02
3.033542973862833891e-01 4.324731625000000079e-02
3.039610059810559650e-01 4.553115199999999835e-02
3.045689279930180460e-01 4.915072624999999862e-02
3.051780658490040876e-01 5.469649750000000338e-02
3.057884219807021076e-01 5.808936375000000457e-02
3.063999988246635664e-01 6.023923124999999712e-02
3.070127988223129156e-01 6.655182599999999449e-02
3.076268244199575896e-01 7.408792875000000389e-02
3.082420780687974982e-01 7.655500000000001193e-02
3.088585622249351292e-01 7.999772125000000067e-02
3.094762793493849307e-01 8.862148300000000090e-02
3.100952319080837460e-01 9.594259874999999660e-02
3.107154223718998631e-01 1.005609212499999905e-01
3.113368532166437275e-01 1.040639874999999964e-01
3.119595269230769907e-01 1.164485125000000038e-01
3.125834459769231133e-01 1.285368899999999870e-01
3.132086128688770232e-01 1.318492500000000012e-01
3.138350300946147753e-01 1.331432499999999908e-01
3.144627001548039313e-01 1.501812624999999957e-01
3.150916255551135525e-01 1.569098375000000101e-01
3.157218088062238026e-01 1.533753999999999951e-01
3.163532524238362176e-01 1.706083250000000051e-01
3.169859589286838641e-01 1.759522000000000030e-01
3.176199308465412763e-01 1.721563249999999989e-01
3.182551707082343917e-01 1.848895749999999727e-01
3.188916810496508214e-01 2.040396000000000154e-01
3.195294644117501193e-01 1.943509250000000077e-01
3.201685233405736630e-01 1.936924624999999955e-01
3.208088603872547573e-01 2.174827625000000098e-01
3.214504781080292917e-01 2.295714624999999898e-01
3.220933790642453443e-01 2.136170800000000147e-01
3.227375658223737842e-01 2.120688749999999900e-01
3.233830409540185413e-01 2.386745499999999853e-01
3.240298070359265425e-01 2.502088375000000031e-01
3.246778666499984256e-01 2.371650499999999884e-01
3.253272223832984200e-01 2.301618300000000117e-01
3.259778768280650052e-01 2.483448875000000000e-01
3.266298325817211246e-01 2.622953874999999768e-01
3.272830922468845660e-01 2.550735749999999968e-01
3.279376584313783427e-01 2.420264624999999836e-01
3.285935337482410734e-01 2.538368799999999870e-01
3.292507208157375853e-01 2.701760250000000418e-01
3.299092222573690725e-01 2.704858749999999867e-01
3.305690407018838095e-01 2.581564250000000227e-01
3.312301787832875322e-01 2.536444250000000067e-01
3.318926391408540955e-01 2.669051599999999747e-01
3.325564244191357988e-01 2.747557749999999799e-01
3.332215372679740994e-01 2.712280375000000188e-01
3.338879803425100490e-01 2.603123999999999993e-01
3.345557563031950621e-01 2.695152400000000448e-01
3.352248678158014084e-01 2.754404750000000179e-01
3.358953175514330369e-01 2.760012125000000371e-01
3.365671081865359016e-01 2.712229374999999831e-01
3.372402424029089518e-01 2.655364499999999794e-01
3.379147228877147358e-01 2.690685499999999619e-01
3.385905523334902245e-01 2.740718249999999911e-01
3.392677334381571930e-01 2.738503250000000055e-01
3.399462689050334330e-01 2.708318249999999705e-01
3.406261614428435225e-01 2.692740624999999666e-01
3.413074137657292062e-01 2.726079700000000328e-01
3.419900285932606643e-01 2.729376625000000112e-01
3.426740086504471705e-01 2.723762375000000069e-01
3.433593566677480835e-01 2.706142125000000065e-01
3.440460753810836159e-01 2.672700749999999958e-01
3.447341675318457699e-01 2.683218800000000126e-01
3.454236358669094398e-01 2.693421874999999965e-01
3.461144831386432363e-01 2.690966124999999987e-01
3.468067121049205337e-01 2.686533999999999867e-01
3.475003255291303494e-01 2.671682375000000165e-01
3.481953261801886135e-01 2.674104900000000007e-01
3.488917168325489926e-01 2.670218750000000196e-01
3.495895002662141038e-01 2.662509875000000359e-01
3.502886792667465610e-01 2.656004499999999879e-01
3.509892566252800217e-01 2.647672125000000154e-01
3.516912351385305668e-01 2.629624199999999745e-01
3.523946176088076365e-01 2.628364750000000138e-01
3.530994068440251876e-01 2.623985750000000228e-01
3.538056056577132402e-01 2.618656500000000054e-01
3.545132168690287022e-01 2.612014999999999754e-01
3.552222433027667492e-01 2.602710500000000038e-01
3.559326877893722596e-01 2.595293874999999861e-01
3.566445531649510281e-01 2.587646875000000346e-01
3.573578422712808678e-01 2.579996125000000307e-01
3.580725579558234339e-01 2.572214099999999837e-01
3.587887030717350489e-01 2.564203624999999986e-01
3.595062804778785814e-01 2.555069999999999286e-01
3.602252930388343266e-01 2.548849375000000195e-01
3.609457436249119411e-01 2.544451875000000030e-01
3.616676351121618227e-01 2.539044799999999880e-01
3.623909703823861017e-01 2.532826499999999981e-01
3.631157523231508533e-01 2.527759750000000416e-01
3.638419838277971996e-01 2.522775000000000434e-01
3.645696677954528009e-01 2.517377250000000233e-01
3.652988071310436791e-01 2.511232800000000043e-01
3.660294047453057642e-01 2.505487750000000013e-01
3.667614635547964408e-01 2.500505625000000176e-01
3.674949864819060386e-01 2.495453749999999860e-01
3.682299764548698229e-01 2.490220249999999802e-01
3.689664364077795966e-01 2.484336300000000164e-01
3.697043692805951354e-01 2.478722375000000089e-01
3.704437780191563445e-01 2.472612250000000012e-01
3.711846655751946944e-01 2.465956624999999791e-01
3.719270349063450443e-01 2.459350750000000030e-01
3.726708889761577437e-01 2.451895599999999731e-01
3.734162307541100123e-01 2.444353375000000161e-01
3.741630632156182079e-01 2.437711375000000125e-01
3.749113893420494836e-01 2.431236625000000040e-01
3.756612121207335564e-01 2.424772874999999994e-01
3.764125345449750304e-01 2.417306800000000033e-01
3.771653596140650544e-01 2.409184000000000325e-01
3.779196903332932012e-01 2.403785874999999628e-01
3.786755297139597909e-01 2.397395625000000308e-01
3.794328807733876596e-01 2.390914749999999978e-01
3.801917465349344827e-01 2.384266999999999914e-01
3.809521300280043210e-01 2.378584624999999786e-01
3.817140342880603332e-01 2.373619375000000087e-01
3.824774623566364884e-01 2.368677000000000143e-01
3.832424172813497787e-01 2.363143500000000063e-01
3.840089021159124316e-01 2.357657125000000020e-01
3.847769199201442891e-01 2.352814000000000016e-01
3.855464737599845759e-01 2.347985999999999962e-01
3.863175667075045561e-01 2.343169499999999961e-01
3.870902018409195788e-01 2.337768399999999858e-01
3.878643822446014022e-01 2.332399749999999883e-01
3.886401110090906830e-01 2.327656124999999965e-01
3.894173912311088559e-01 2.322957499999999953e-01
3.901962260135710681e-01 2.318073625000000026e-01
3.909766184655981691e-01 2.311939600000000039e-01
3.917585717025293679e-01 2.306186250000000215e-01
3.925420888459344448e-01 2.300852124999999970e-01
3.933271730236262975e-01 2.294443499999999914e-01
3.941138273696735417e-01 2.290347875000000033e-01
3.949020550244128902e-01 2.284445999999999977e-01
3.956918591344616987e-01 2.278626124999999503e-01
3.964832428527306218e-01 2.273244874999999776e-01
3.972762093384361037e-01 2.268238374999999862e-01
3.980707617571129786e-01 2.261772499999999964e-01
3.988669032806272385e-01 2.257334000000000007e-01
3.996646370871884679e-01 2.251726374999999947e-01
4.004639663613628331e-01 2.247334624999999808e-01
4.012648942940855168e-01 2.243005499999999874e-01
4.020674240826737078e-01 2.238250750000000122e-01
4.028715589308390355e-01 2.232380299999999762e-01
4.036773020487006702e-01 2.226198875000000021e-01
4.044846566527980913e-01 2.221096999999999932e-01
4.052936259661036877e-01 2.215966874999999725e-01
4.061042132180359143e-01 2.210906874999999938e-01
4.069164216444720039e-01 2.205868799999999852e-01
4.077302544877609569e-01 2.200557750000000090e-01
4.085457149967364754e-01 2.196490500000000123e-01
4.093628064267299527e-01 2.192104750000000157e-01
4.101815320395834075e-01 2.187663874999999924e-01
4.110018951036625845e-01 2.181904199999999960e-01
4.118238988938699441e-01 2.176107500000000194e-01
4.126475466916577073e-01 2.171439624999999818e-01
4.134728417850409565e-01 2.167016000000000220e-01
4.142997874686110693e-01 2.161776199999999593e-01
4.151283870435482637e-01 2.157716875000000034e-01
4.159586438176353651e-01 2.153850625000000019e-01
4.167905611052706849e-01 2.148587249999999726e-01
4.176241422274811765e-01 2.144446374999999794e-01
4.184593905119361468e-01 2.139109799999999728e-01
4.192963092929599678e-01 2.132689125000000185e-01
4.201349019115458994e-01 2.128182499999999866e-01
4.209751717153689676e-01 2.123754499999999934e-01
4.218171220587997317e-01 2.119656249999999909e-01
4.226607563029173287e-01 2.115104700000000337e-01
4.235060778155231298e-01 2.110779125000000200e-01
4.243530899711541737e-01 2.106999750000000116e-01
4.252017961510964894e-01 2.102488499999999871e-01
4.260521997433986963e-01 2.097369125000000112e-01
4.269043041428854934e-01 2.092424400000000018e-01
4.277581127511712600e-01 2.087402874999999824e-01
4.286136289766736551e-01 2.083290874999999820e-01
4.294708562346269964e-01 2.079449124999999954e-01
4.303297979470962487e-01 2.075748374999999979e-01
4.311904575429904574e-01 2.071378899999999912e-01
4.320528384580764047e-01 2.066932624999999746e-01
4.329169441349925429e-01 2.063082499999999986e-01
4.337827780232624830e-01 2.058805250000000087e-01
4.346503435793090397e-01 2.054328250000000133e-01
4.355196442664676648e-01 2.049419999999999853e-01
4.363906835550006025e-01 2.044706499999999760e-01
4.372634649221106007e-01 2.040362375000000228e-01
4.381379918519547889e-01 2.036532999999999816e-01
4.390142678356587225e-01 2.032880874999999921e-01
4.398922963713300383e-01 2.028554300000000032e-01
4.407720809640727211e-01 2.023017749999999892e-01
4.416536251260008150e-01 2.011932124999999960e-01
4.425369323762528007e-01 2.012476374999999928e-01
4.434220062410053065e-01 2.006905599999999901e-01
4.443088502534873196e-01 2.003430749999999816e-01
4.451974679539942858e-01 1.999856250000000002e-01
4.460878628899022647e-01 1.996093124999999968e-01
4.469800386156820293e-01 1.995443124999999873e-01
4.478739986929134442e-01 1.992476499999999984e-01
4.487697466902992316e-01 1.988315625000000031e-01
4.496672861836799040e-01 1.983546875000000154e-01
4.505666207560472536e-01 1.978979000000000155e-01
4.514677539975593401e-01 1.974726749999999864e-01
4.523706895055544797e-01 1.970164299999999924e-01
4.532754308845656221e-01 1.965943125000000069e-01
4.541819817463347286e-01 1.962854625000000075e-01
4.550903457098274263e-01 1.959036874999999789e-01
4.560005264012471082e-01 1.955549750000000198e-01
4.569125274540495885e-01 1.950631000000000170e-01
4.578263525089577013e-01 1.945694999999999786e-01
4.587420052139756232e-01 1.940593750000000339e-01
4.596594892244035835e-01 1.935489749999999842e-01
4.605788082028524077e-01 1.930670999999999915e-01
4.614999658192581178e-01 1.925780099999999662e-01
4.624229657508966418e-01 1.922004375000000154e-01
4.633478116823984694e-01 1.919842874999999893e-01
4.642745073057632510e-01 1.917879624999999921e-01
4.652030563203747304e-01 1.915591875000000055e-01
4.661334624330154552e-01 1.912065099999999962e-01
4.670657293578814873e-01 1.907366874999999740e-01
4.679998608165972795e-01 1.902560749999999967e-01
4.689358605382304424e-01 1.896339125000000014e-01
4.698737322593069532e-01 1.892993749999999920e-01
4.708134797238255342e-01 1.889130599999999938e-01
4.717551066832731399e-01 1.885489850000000023e-01
4.726986168966397228e-01 1.883131749999999993e-01
4.736440141304329998e-01 1.880650612500000263e-01
4.745913021586939395e-01 1.876547049999999772e-01
4.755404847630113063e-01 1.870595929999999962e-01
4.764915657325373699e-01 1.863784900000000078e-01
4.774445488640024493e-01 1.857293837499999767e-01
4.783994379617304560e-01 1.850570299999999557e-01
4.793562368376539373e-01 1.844189519999999971e-01
4.803149493113292312e-01 1.838992799999999983e-01
4.812755792099518981e-01 1.835413787500000116e-01
4.822381303683718201e-01 1.832401774999999622e-01
4.832026066291085775e-01 1.830475925000000226e-01
4.841690118423668254e-01 1.828556580000000320e-01
4.851373498660515038e-01 1.827527062500000077e-01
4.861076245657836026e-01 1.826650262499999733e-01
4.870798398149152053e-01 1.823476625000000073e-01
4.880539994945450322e-01 1.822312037500000148e-01
4.890301074935341497e-01 1.818995579999999890e-01
4.900081677085211806e-01 1.815407649999999928e-01
4.909881840439382916e-01 1.812526912500000142e-01
4.919701604120261251e-01 1.808996212500000034e-01
4.929541007328501756e-01 1.806842650000000106e-01
4.939400089343158884e-01 1.803067809999999715e-01
4.949278889521845359e-01 1.798486624999999783e-01
4.959177447300888719e-01 1.794200600000000201e-01
4.969095802195490075e-01 1.790051637500000015e-01
4.979033993799881208e-01 1.785266787500000008e-01
4.988992061787480559e-01 1.779623539999999893e-01
4.998970045911055315e-01 1.773551487499999968e-01
5.008967986002876849e-01 1.767793024999999851e-01
5.018985921974883357e-01 1.756044975000000119e-01
5.029023893818832525e-01 1.754276050000000142e-01
5.039081941606470272e-01 1.744608539999999985e-01
5.049160105489682859e-01 1.741453500000000043e-01
5.059258425700663420e-01 1.737900037500000050e-01
5.069376942552064058e-01 1.726980300000000024e-01
5.079515696437167938e-01 1.735374075000000182e-01
5.089674727830042489e-01 1.734585459999999912e-01
5.099854077285701504e-01 1.734825074999999939e-01
5.110053785440273888e-01 1.730096899999999938e-01
5.120273893011153543e-01 1.729896224999999954e-01
5.130514440797175890e-01 1.724799919999999709e-01
5.140775469678771081e-01 1.720677499999999915e-01
5.151057020618128313e-01 1.716772625000000385e-01
5.161359134659364578e-01 1.713200100000000226e-01
5.171681852928683432e-01 1.710294549999999969e-01
5.182025216634540410e-01 1.707202300000000283e-01
5.192389267067809566e-01 1.704025262499999915e-01
5.202774045601945563e-01 1.700938450000000213e-01
5.213179593693149094e-01 1.696805587499999879e-01
5.223605952880534531e-01 1.691117675000000098e-01
5.234053164786296453e-01 1.684102960000000149e-01
5.244521271115868410e-01 1.677007337500000250e-01
5.255010313658099452e-01 1.672050862499999957e-01
5.265520334285416215e-01 1.666593224999999845e-01
5.276051374953987239e-01 1.661332312500000130e-01
5.286603477703895049e-01 1.655414010000000047e-01
5.297176684659302692e-01 1.648866162500000065e-01
5.307771038028621380e-01 1.643563012500000031e-01
5.318386580104679240e-01 1.639674349999999947e-01
5.329023353264887852e-01 1.635308600000000001e-01
5.339681399971416553e-01 1.631989690000000270e-01
5.350360762771360079e-01 1.630230462500000255e-01
5.361061484296902879e-01 1.629118212499999774e-01
5.371783607265496752e-01 1.628172887499999832e-01
5.382527174480027377e-01 1.627018262500000145e-01
5.393292228828987511e-01 1.624874459999999798e-01
5.404078813286645744e-01 1.619182762499999928e-01
5.414886970913218578e-01 1.600714125000000099e-01
5.425716744855044738e-01 1.611060899999999796e-01
5.436568178344756141e-01 1.604502899999999954e-01
5.447441314701444437e-01 1.600972519999999677e-01
5.458336197330847517e-01 1.595869799999999894e-01
5.469252869725509392e-01 1.595334637500000208e-01
5.480191375464960046e-01 1.592878699999999981e-01
5.491151758215888634e-01 1.590385539999999986e-01
5.502134061732321113e-01 1.587758112499999819e-01
5.513138329855785669e-01 1.584757325000000217e-01
5.524164606515497011e-01 1.581467374999999953e-01
5.535212935728528461e-01 1.578057324999999900e-01
5.546283361599984030e-01 1.574243119999999829e-01
5.557375928323184944e-01 1.570087937500000141e-01
5.568490680179830621e-01 1.566512425000000097e-01
5.579627661540189631e-01 1.562596812499999765e-01
5.590786916863270672e-01 1.558013825000000019e-01
5.601968490696997982e-01 1.551677070000000158e-01
5.613172427678392307e-01 1.544336699999999951e-01
5.624398772533748536e-01 1.538141150000000013e-01
5.635647570078816671e-01 1.532026587499999981e-01
5.646918865218973904e-01 1.526692612499999935e-01
5.658212702949412254e-01 1.522271439999999809e-01
5.669529128355310643e-01 1.518176037499999742e-01
5.680868186612021420e-01 1.513781537500000218e-01
5.692229922985245771e-01 1.504447012500000069e-01
5.703614382831215801e-01 1.505978012499999963e-01
5.715021611596877715e-01 1.500609049999999944e-01
5.726451654820071679e-01 1.490100762500000120e-01
5.737904558129711674e-01 1.492860037500000070e-01
5.749380367245970902e-01 1.490648437500000090e-01
5.760879127980462755e-01 1.487237187500000113e-01
5.772400886236424000e-01 1.488530319999999962e-01
5.783945688008896857e-01 1.487174037500000046e-01
5.795513579384914404e-01 1.488570387500000036e-01
5.807104606543684877e-01 1.489675737499999986e-01
5.818718815756771523e-01 1.491877912500000070e-01
5.830356253388285781e-01 1.492208080000000103e-01
5.842016965895062697e-01 1.491262975000000046e-01
5.853700999826851881e-01 1.492504699999999684e-01
5.865408401826505136e-01 1.493426462499999885e-01
5.877139218630158535e-01 1.496729012499999900e-01
5.888893497067417826e-01 1.469434929999999806e-01
5.900671284061553834e-01 1.452607700000000113e-01
5.912472626629676764e-01 1.488658224999999946e-01
5.924297571882934932e-01 1.482096774999999977e-01
5.936146167026701281e-01 1.466947149999999755e-01
5.948018459360754351e-01 1.396394912500000252e-01
5.959914496279475893e-01 1.473972399999999849e-01
5.971834325272035171e-01 1.469720687499999900e-01
5.983777993922578808e-01 1.461210599999999971e-01
5.995745549910425076e-01 1.461524299999999998e-01
6.007737041010245971e-01 1.458065262499999848e-01
6.019752515092265943e-01 1.461533137500000135e-01
6.031792020122450637e-01 1.459842537500000148e-01
6.043855604162695627e-01 1.458092549999999987e-01
6.055943315371020708e-01 1.459178419999999921e-01
6.068055202001763071e-01 1.460364549999999817e-01
6.080191312405766046e-01 1.462119362499999797e-01
6.092351695030577829e-01 1.464538562499999863e-01
6.104536398420639109e-01 1.467081350000000173e-01
6.116745471217479579e-01 1.469704790000000150e-01
6.128978962159914445e-01 1.472119537500000130e-01
6.141236920084234274e-01 1.474043012500000083e-01
6.153519393924402614e-01 1.474835037499999946e-01
6.165826432712251393e-01 1.475180562500000292e-01
6.178158085577676317e-01 1.475649349999999804e-01
6.190514401748832274e-01 1.476277262500000076e-01
6.202895430552329836e-01 1.476462000000000052e-01
6.215301221413433996e-01 1.477072212499999926e-01
6.227731823856261784e-01 1.477798262499999959e-01
6.240187287503973224e-01 1.477661329999999940e-01
6.252667662078981170e-01 1.475949199999999906e-01
6.265172997403138933e-01 1.474864600000000137e-01
6.277703343397945668e-01 1.367384887499999979e-01
6.290258750084741779e-01 1.466182500000000055e-01
6.302839267584912086e-01 1.471712810000000149e-01
6.315444946120081227e-01 1.464649399999999879e-01
6.328075836012321265e-01 1.480327712500000004e-01
6.340731987684345983e-01 1.483842549999999927e-01
6.353413451659715161e-01 1.487359989999999799e-01
6.366120278563034418e-01 1.489903562500000112e-01
6.378852519120159492e-01 1.491802312499999894e-01
6.391610224158400522e-01 1.492823237500000011e-01
6.404393444606717445e-01 1.496707850000000006e-01
6.417202231495930942e-01 1.499664500000000289e-01
6.430036635958922275e-01 1.501722612499999943e-01
6.442896709230840901e-01 1.502900912500000075e-01
6.455782502649303201e-01 1.505653074999999952e-01
6.468694067654601199e-01 1.504847987500000095e-01
6.481631455789910179e-01 1.488403110000000029e-01
6.494594718701489633e-01 1.489209337500000119e-01
6.507583908138891982e-01 1.503016387500000217e-01
6.520599075955170187e-01 1.500135487499999754e-01
6.533640274107079815e-01 1.502474449999999795e-01
6.546707554655294414e-01 1.510605270000000000e-01
6.559800969764604250e-01 1.453822575000000006e-01
6.572920571704133907e-01 1.513825599999999993e-01
6.586066412847542129e-01 1.509699162500000025e-01
6.599238545673237200e-01 1.516224874999999861e-01
6.612437022764583450e-01 1.517041020000000073e-01
6.625661896810113305e-01 1.516309399999999918e-01
6.638913220603732679e-01 1.518667775000000220e-01
6.652191047044940797e-01 1.520157424999999951e-01
6.665495429139030037e-01 1.521857512500000009e-01
6.678826419997307973e-01 1.523896250000000008e-01
6.692184072837303876e-01 1.525213475000000152e-01
6.705568440982978551e-01 1.525762487499999764e-01
6.718979577864944153e-01 1.526186350000000025e-01
6.732417537020674025e-01 1.526118724999999954e-01
6.745882372094715862e-01 1.526099559999999911e-01
6.759374136838904867e-01 1.526745537499999972e-01
6.772892885112582473e-01 1.528013662499999870e-01
6.786438670882807278e-01 1.529352362500000229e-01
6.800011548224572655e-01 1.530679729999999961e-01
6.813611571321021021e-01 1.531372037500000061e-01
6.827238794463663663e-01 1.531705899999999954e-01
6.840893272052590568e-01 1.531529675000000146e-01
6.854575058596696913e-01 1.530906774999999942e-01
6.868284208713890671e-01 1.215989801500000078e-01
6.882020777131317990e-01 1.475006700000000004e-01
6.895784818685580797e-01 1.113803008499999886e-01
6.909576388322952178e-01 1.498367012499999817e-01
6.923395541099597317e-01 1.309770146249999989e-01
6.937242332181796645e-01 1.487589470000000025e-01
6.951116816846160118e-01 1.528848762500000236e-01
6.965019050479852591e-01 1.531544112500000110e-01
6.978949088580812532e-01 1.499080425000000050e-01
6.992906986757974064e-01 1.525059587500000036e-01
7.006892800731490123e-01 1.512833979999999856e-01
7.020906586332953392e-01 1.531024837499999902e-01
7.034948399505618344e-01 1.534998399999999985e-01
7.049018296304629949e-01 1.507063162499999998e-01
7.063116332897239058e-01 1.535041087499999790e-01
7.077242565563033327e-01 1.529576879999999806e-01
7.091397050694159265e-01 1.535804112500000207e-01
7.105579844795547606e-01 1.527543137499999815e-01
7.119791004485138686e-01 1.530977049999999728e-01
7.134030586494108928e-01 1.532465887499999957e-01
7.148298647667097327e-01 1.526161460000000081e-01
7.162595244962430829e-01 1.497071950000000151e-01
7.176920435452356362e-01 1.410792566250000102e-01
7.191274276323260661e-01 1.393072174999999968e-01
7.205656824875906752e-01 1.345773512500000046e-01
7.220068138525659318e-01 1.521180340000000131e-01
7.234508274802710082e-01 1.472442687499999625e-01
7.248977291352315389e-01 1.421633437500000041e-01
7.263475245935020475e-01 1.461032925000000093e-01
7.278002196426889281e-01 1.269960282500000037e-01
7.292558200819743153e-01 1.471912239999999816e-01
7.307143317221382883e-01 1.378407727500000068e-01
7.321757603855825192e-01 1.471955737500000028e-01
7.336401119063536980e-01 1.482323899999999917e-01
7.351073921301664038e-01 1.505687909999999796e-01
7.365776069144267524e-01 1.531186025000000062e-01
7.380507621282555997e-01 1.531900187500000177e-01
7.395268636525120787e-01 1.523153800000000002e-01
7.410059173798171361e-01 1.534663612500000163e-01
7.424879292145767362e-01 1.534541340000000198e-01
7.439729050730057303e-01 1.518389887499999868e-01
7.454608508831517266e-01 1.525425525000000115e-01
7.469517725849180723e-01 1.532705962500000019e-01
7.484456761300879446e-01 1.531996675000000252e-01
7.499425674823481103e-01 1.529649230000000026e-01
7.514424526173126839e-01 1.532455050000000041e-01
7.529453375225474421e-01 1.532801924999999954e-01
7.544512281975925827e-01 1.534297725000000057e-01
7.559601306539878163e-01 1.534851687499999839e-01
7.574720509152956804e-01 1.535111869999999934e-01
7.589869950171262980e-01 1.472882074999999902e-01
7.605049690071605806e-01 8.254525549999999767e-02
7.620259789451748755e-01 7.087929449999999520e-02
7.635500309030651689e-01 9.896179974999999573e-02
7.650771309648712881e-01 1.272594129000000074e-01
7.666072852268009941e-01 1.313479130000000106e-01
7.681404997972545168e-01 1.438516312500000005e-01
7.696767807968490915e-01 1.526948249999999785e-01
7.712161343584428286e-01 1.532604399999999978e-01
7.727585666271596931e-01 1.532020299999999891e-01
7.743040837604140414e-01 1.527810775000000287e-01
7.758526919279349343e-01 1.530034512500000055e-01
7.774043973117907846e-01 1.528447274999999994e-01
7.789592061064143369e-01 1.526832962500000168e-01
7.805171245186270923e-01 1.524965110000000013e-01
7.820781587676643998e-01 1.526452500000000101e-01
7.836423150851996589e-01 1.526179937500000139e-01
7.852095997153700768e-01 1.526789774999999794e-01
7.867800189148008716e-01 1.518380999999999759e-01
7.883535789526303628e-01 1.526641487500000061e-01
7.899302861105357287e-01 1.492762687500000240e-01
7.915101466827567656e-01 1.521598912500000123e-01
7.930931669761223102e-01 1.528146950000000004e-01
7.946793533100744433e-01 1.529479780000000122e-01
7.962687120166946908e-01 1.507565837500000061e-01
7.978612494407281153e-01 1.518359987500000063e-01
7.994569719396096286e-01 1.514242774999999819e-01
8.010558858834887497e-01 1.518266862499999814e-01
8.026579976552556950e-01 1.456760603000000209e-01
8.042633136505661362e-01 1.498379000000000238e-01
8.058718402778672907e-01 1.523031212500000064e-01
8.074835839584230124e-01 1.520671625000000193e-01
8.090985511263398822e-01 1.517753862499999773e-01
8.107167482285926319e-01 1.512397199999999942e-01
8.123381817250497905e-01 1.516988550000000213e-01
8.139628580884998854e-01 1.448985299999999976e-01
8.155907838046769776e-01 1.486448075000000035e-01
8.172219653722863075e-01 1.485648099999999916e-01
8.188564093030309410e-01 1.286611790899999941e-01
8.204941221216369707e-01 1.402296023750000120e-01
8.221351103658802728e-01 1.478742187499999805e-01
8.237793805866120422e-01 1.484121787500000123e-01
8.254269393477852157e-01 1.271511697500000149e-01
8.270777932264807841e-01 1.473235720000000137e-01
8.287319488129337719e-01 1.370072216249999808e-01
8.303894127105596601e-01 1.492252337500000192e-01
8.320501915359808098e-01 1.493703774999999845e-01
8.337142919190527746e-01 1.488938425000000121e-01
8.353817205028908344e-01 1.515302520000000042e-01
8.370524839438966413e-01 1.513596937499999961e-01
8.387265889117843098e-01 1.518500312499999894e-01
8.404040420896079500e-01 1.513206187499999966e-01
8.420848501737872027e-01 1.518986087500000248e-01
8.437690198741347736e-01 1.515950070000000038e-01
8.454565579138830778e-01 1.522822799999999921e-01
8.471474710297107746e-01 1.522489937500000057e-01
8.488417659717701902e-01 1.520589562499999881e-01
8.505394495037137403e-01 1.518003769999999863e-01
8.522405284027212424e-01 1.509079850000000222e-01
8.539450094595266716e-01 1.514014174999999685e-01
8.556528994784455833e-01 1.517240175000000024e-01
8.573642052774025357e-01 1.518790150000000061e-01
8.590789336879574023e-01 1.519130689999999839e-01
8.607970915553332381e-01 1.520248025000000003e-01
8.625186857384439243e-01 1.520377075000000078e-01
8.642437231099207029e-01 1.521236462500000219e-01
8.659722105561405980e-01 1.520879487500000071e-01
8.677041549772528395e-01 1.520819699999999830e-01
8.694395632872073953e-01 1.520158199999999959e-01
8.711784424137818394e-01 1.518998400000000082e-01
8.729207992986094400e-01 1.520713950000000259e-01
8.746666408972065820e-01 1.520888249999999831e-01
8.764159741790010782e-01 1.520686720000000158e-01
8.781688061273591472e-01 1.521597737500000047e-01
8.799251437396138353e-01 1.515637575000000070e-01
8.816849940270929942e-01 1.504142450000000020e-01
8.834483640151471473e-01 1.513935812500000200e-01
8.852152607431775788e-01 1.515356760000000080e-01
8.869856912646638669e-01 1.509367687500000055e-01
8.887596626471931938e-01 1.510526549999999801e-01
8.905371819724876570e-01 1.514676574999999914e-01
8.923182563364325803e-01 1.511126112499999730e-01
8.941028928491054906e-01 1.375230608999999937e-01
8.958910986348036509e-01 1.477301800000000165e-01
8.976828808320732600e-01 1.446909574999999948e-01
8.994782465937374294e-01 1.453967212499999995e-01
9.012772030869248274e-01 1.475025225000000106e-01
9.030797574930986560e-01 1.478054590000000001e-01
9.048859170080848502e-01 1.497449599999999825e-01
9.066956888421009442e-01 1.474785574999999960e-01
9.085090802197851589e-01 1.437672761250000097e-01
9.103260983802247130e-01 1.266998490699999813e-01
9.121467505769851325e-01 1.420953325000000045e-01
9.139710440781392276e-01 1.364592166250000183e-01
9.157989861662954034e-01 1.196628027687499929e-01
9.176305841386280804e-01 1.388616037499999789e-01
9.194658453069053383e-01 1.458897229999999989e-01
9.213047769975191148e-01 1.422427025000000123e-01
9.231473865515140709e-01 1.502147087499999811e-01
9.249936813246171230e-01 1.367697599999999902e-01
9.268436686872664199e-01 1.475081850000000139e-01
9.286973560246409853e-01 1.334720997999999936e-01
9.305547507366902504e-01 1.376618158750000098e-01
9.324158602381635852e-01 1.272077970000000113e-01
9.342806919586399417e-01 1.155102801250000033e-01
9.361492533425572748e-01 1.340090463750000238e-01
9.380215518492422966e-01 7.103277070600000354e-02
9.398975949529408958e-01 1.256494197500000187e-01
9.417773901428466710e-01 1.054717511625000020e-01
9.436609449231323499e-01 9.127934216249999899e-02
9.455482668129786550e-01 1.228811353750000196e-01
9.474393633466045017e-01 1.321261628999999826e-01
9.493342420732977516e-01 1.011749986125000111e-01
9.512329105574443000e-01 1.207548308624999955e-01
9.531353763785591626e-01 1.351641602499999983e-01
9.550416471313163402e-01 1.010330872999999907e-01
9.569517304255790169e-01 1.061436130500000019e-01
9.588656338864300910e-01 1.253855773750000013e-01
9.607833651542030395e-01 1.378483174999999838e-01
9.627049318845114501e-01 1.281275536250000013e-01
9.646303417482804399e-01 1.423733775000000090e-01
9.665596024317769652e-01 1.359038074999999735e-01
9.684927216366405744e-01 1.360074127499999730e-01
9.704297070799138281e-01 1.410614949999999812e-01
9.723705664940736071e-01 1.457005887499999985e-01
9.743153076270618662e-01 1.364414539600000142e-01
9.762639382423159429e-01 1.374093211250000113e-01
9.782164661188006427e-01 1.401424425000000196e-01
9.801728990510382156e-01 1.461844912499999927e-01
9.821332448491403300e-01 1.468931499999999724e-01
9.840975113388386042e-01 1.488343519999999753e-01
9.860657063615162476e-01 1.468992987499999903e-01
9.880378377742392582e-01 1.492739787500000082e-01
9.900139134497877302e-01 1.478883925000000210e-01
9.919939412766873854e-01 1.477734387500000135e-01
9.939779291592407695e-01 1.495203979999999988e-01
9.959658850175592271e-01 1.497700875000000098e-01
9.979578167875942096e-01 1.499248412499999961e-01
9.999537324211694722e-01 1.498202400000000212e-01
1.001953639886011826e+00 1.496824525000000072e-01
1.003957547165783781e+00 1.485983459999999923e-01
1.005965462260115295e+00 1.499963287500000186e-01
1.007977393184635417e+00 1.500035437499999957e-01
1.009993347971004818e+00 1.495683862500000183e-01
1.012013334666946873e+00 1.500703112500000047e-01
1.014037361336280751e+00 1.501789380000000118e-01
1.016065436058953164e+00 1.502989949999999908e-01
1.018097566931071229e+00 1.504100062500000057e-01
1.020133762064933336e+00 1.488240762500000203e-01
1.022174029589063338e+00 1.500568675000000241e-01
1.024218377648241418e+00 1.506969129999999879e-01
1.026266814403537841e+00 1.508051824999999957e-01
1.028319348032344926e+00 1.506586237499999981e-01
1.030375986728409687e+00 1.508232649999999841e-01
1.032436738701866474e+00 1.509206612500000044e-01
1.034501612179270502e+00 1.509894119999999895e-01
1.036570615403628937e+00 1.510336612500000064e-01
1.038643756634436199e+00 1.510215574999999866e-01
1.040721044147705054e+00 1.509644237499999930e-01
1.042802486236000359e+00 1.509461312500000041e-01
1.044888091208472591e+00 1.509678799999999987e-01
1.046977867390889383e+00 1.509658987499999938e-01
1.049071823125671266e+00 1.509580075000000188e-01
1.051169966771922537e+00 1.509949649999999810e-01
1.053272306705466566e+00 1.510156029999999983e-01
1.055378851318877320e+00 1.509514174999999903e-01
1.057489609021515342e+00 1.508777437499999874e-01
1.059604588239558165e+00 1.507390862500000150e-01
1.061723797416037396e+00 1.507431899999999991e-01
1.063847245010869358e+00 1.507399849999999930e-01
1.065974939500891061e+00 1.488690712499999846e-01
1.068106889379893065e+00 1.507176850000000179e-01
1.070243103158652787e+00 1.504236562500000096e-01
1.072383589364970025e+00 1.509663912499999983e-01
1.074528356543700047e+00 1.510489289999999707e-01
1.076677413256787563e+00 1.508562287499999877e-01
1.078830768083300917e+00 1.512063762499999964e-01
1.080988429619467617e+00 1.504403274999999984e-01
1.083150406478706529e+00 1.512309287499999932e-01
1.085316707291664073e+00 1.485813029999999979e-01
1.087487340706247529e+00 1.512306787500000138e-01
1.089662315387660119e+00 1.502471025000000071e-01
1.091841640018435422e+00 1.470349224999999982e-01
1.094025323298472241e+00 1.506975100000000067e-01
1.096213373945069236e+00 1.501975880000000207e-01
1.098405800692959566e+00 1.501371975000000136e-01
1.100602612294345528e+00 1.487760587499999954e-01
1.102803817518934082e+00 1.450632062499999653e-01
1.105009425153971936e+00 1.460339212499999761e-01
1.107219444004279962e+00 1.398045589999999949e-01
1.109433882892288503e+00 1.298548026624999907e-01
1.111652750658073119e+00 1.434527824999999868e-01
1.113876056159389227e+00 1.215169435875000092e-01
1.116103808271708075e+00 9.542565880887499130e-02
1.118336015888251378e+00 1.175098851200000183e-01
1.120572687920027732e+00 9.458717965950000361e-02
1.122813833295867925e+00 9.325833977500000427e-02
1.125059460962459568e+00 1.058261333262500020e-01
1.127309579884384405e+00 7.389134831900001643e-02
1.129564199044153394e+00 1.082674616250000055e-01
1.131823327442241567e+00 1.390243699999999805e-01
1.134086974097126221e+00 6.675719310874998758e-02
1.136355148045320451e+00 1.240762605749999997e-01
1.138627858341410892e+00 1.284512771000000109e-01
1.140905114058093694e+00 1.236222773125000007e-01
1.143186924286210049e+00 1.303045842499999940e-01
1.145473298134782603e+00 1.318715670000000229e-01
1.147764244731052097e+00 1.225464999249999964e-01
1.150059773220514225e+00 1.254969189999999846e-01
1.152359892766955163e+00 1.244066409999999984e-01
1.154664612552489089e+00 1.065659998499999955e-01
1.156973941777594161e+00 1.306867633749999869e-01
1.159287889661149373e+00 1.417672062499999719e-01
1.161606465440471636e+00 1.407435120000000150e-01
1.163929678371352416e+00 1.070349638775000001e-01
1.166257537728095262e+00 1.405505287500000144e-01
1.168590052803551327e+00 1.363525279999999729e-01
1.170927232909158455e+00 1.379884912500000116e-01
1.173269087374976705e+00 1.439117349999999851e-01
1.175615625549726762e+00 1.422410912500000069e-01
1.177966856800826134e+00 1.379364555000000270e-01
1.180322790514427789e+00 1.462029162499999813e-01
1.182683436095456564e+00 1.335554557749999982e-01
1.185048802967647585e+00 1.378458679999999825e-01
1.187418900573582903e+00 1.355921792500000000e-01
1.189793738374729903e+00 1.446784474999999737e-01
1.192173325851479504e+00 1.439871837500000251e-01
1.194557672503182344e+00 1.345566185750000088e-01
1.196946787848188531e+00 1.338598176000000139e-01
1.199340681423884947e+00 1.363690710000000084e-01
1.201739362786732546e+00 1.396588137499999993e-01
1.204142841512306106e+00 1.320210526499999981e-01
1.206551127195330864e+00 1.451596637500000009e-01
1.208964229449721373e+00 1.459832789999999936e-01
1.211382157908620805e+00 1.437287712499999981e-01
1.213804922224438254e+00 1.449520125000000048e-01
1.216232532068886929e+00 1.454266137499999889e-01
1.218664997133024785e+00 1.444300820000000152e-01
1.221102327127290721e+00 1.340017712499999847e-01
1.223544531781545430e+00 1.439363000000000170e-01
1.225991620845108487e+00 1.468820912500000131e-01
1.228443604086798757e+00 1.469101587499999917e-01
1.230900491294972365e+00 1.463799749999999955e-01
1.233362292277562222e+00 1.466823687500000140e-01
1.235829016862117324e+00 1.474256400000000244e-01
1.238300674895841613e+00 1.474830775000000038e-01
1.240777276245633054e+00 1.474201625000000071e-01
1.243258830798124492e+00 1.476083679999999898e-01
1.245745348459720736e+00 1.476074862499999751e-01
1.248236839156640077e+00 1.475385212499999987e-01
1.250733312834953370e+00 1.475481550000000142e-01
1.253234779460623338e+00 1.474190399999999734e-01
1.255741249019544536e+00 1.472076499999999954e-01
1.258252731517583545e+00 1.469851362500000092e-01
1.260769236980618713e+00 1.447197112499999938e-01
1.263290775454580128e+00 1.450241937500000022e-01
1.265817357005489141e+00 1.427140125000000148e-01
1.268348991719500107e+00 1.030743923569999859e-01
1.270885689702939025e+00 1.290097325000000017e-01
1.273427461082345058e+00 1.442884074999999933e-01
1.275974316004509834e+00 1.468752987499999940e-01
1.278526264636518750e+00 1.466562087500000167e-01
1.281083317165791824e+00 1.452493739999999867e-01
1.283645483800123444e+00 1.475868975000000083e-01
1.286212774767723666e+00 1.476330849999999972e-01
1.288785200317259072e+00 1.472105987499999769e-01
1.291362770717893405e+00 1.470156862499999995e-01
1.293945496259329087e+00 1.461889879999999642e-01
1.296533387251847858e+00 1.434286899999999698e-01
1.299126454026351407e+00 1.458263599999999882e-01
1.301724706934404230e+00 1.414186408750000012e-01
1.304328156348272927e+00 1.445846399999999865e-01
1.306936812660969505e+00 1.274310139000000286e-01
1.309550686286291565e+00 1.290781224750000011e-01
1.312169787658864273e+00 1.435965187499999574e-01
1.314794127234181875e+00 1.043094599294999980e-01
1.317423715488650338e+00 1.383727120000000088e-01
1.320058562919627532e+00 1.316033678749999880e-01
1.322698680045466757e+00 1.364115649999999846e-01
1.325344077405557819e+00 1.356072275000000105e-01
1.327994765560368773e+00 1.278675571250000031e-01
1.330650755091489668e+00 1.074685679599999971e-01
1.333312056601672513e+00 1.080807500374999924e-01
1.335978680714875910e+00 1.300078658749999894e-01
1.338650638076305466e+00 1.310984062500000213e-01
1.341327939352458198e+00 1.215204294999999990e-01
1.344010595231163174e+00 9.072558126799999678e-02
1.346698616421625472e+00 6.860533896499999840e-02
1.349392013654468592e+00 6.011747384600000382e-02
1.352090797681777534e+00 9.470404713749999703e-02
1.354794979277141209e+00 6.606598977500001413e-02
1.357504569235695513e+00 6.488823802800000595e-02
1.360219578374167071e+00 4.961562074812500556e-02
1.362940017530915426e+00 5.619829190874999630e-02
1.365665897565977005e+00 6.184418209375000530e-02
1.368397229361109080e+00 2.966722476625000340e-02
1.371134023819831294e+00 2.781401067899999871e-02
1.373876291867470956e+00 4.161091638010000482e-02
1.376624044451205897e+00 6.548667617212500236e-02
1.379377292540108435e+00 4.790703041374999582e-02
1.382136047125188671e+00 4.237794560999999516e-02
1.384900319219438902e+00 5.185761785400000434e-02
1.387670119857877804e+00 6.281277497912500507e-02
1.390445460097593511e+00 7.589814569375000208e-02
1.393226351017788911e+00 5.483487730624999473e-02
1.396012803719824280e+00 4.445763649700000542e-02
1.398804829327263910e+00 3.509860362750000240e-02
1.401602438985918520e+00 3.411646705850000100e-02
1.404405643863890329e+00 4.871161920874999413e-02
1.407214455151617916e+00 4.819465498999999514e-02
1.410028884061921284e+00 5.817881094999999975e-02
1.412848941830045169e+00 4.786377345837500297e-02
1.415674639713705218e+00 4.174281365913749819e-02
1.418505988993132627e+00 4.146776725500000288e-02
1.421343000971118986e+00 5.736024641249999612e-02
1.424185686973061138e+00 5.353507426000000263e-02
1.427034058347007139e+00 5.484803374387500763e-02
1.429888126463701337e+00 5.974724087500000308e-02
1.432747902716628552e+00 3.334188376024999761e-02
1.435613398522062045e+00 4.967739065250000030e-02
1.438484625319106147e+00 4.935668450599998980e-02
1.441361594569744220e+00 5.844322373749999411e-02
1.444244317758883733e+00 6.495369636249999357e-02
1.447132806394401561e+00 6.368227563749999376e-02
1.450027072007190387e+00 5.310748043750000008e-02
1.452927126151204895e+00 5.379675388100000483e-02
1.455832980403507282e+00 6.039642816250000157e-02
1.458744646364314335e+00 5.647488812374999029e-02
1.461662135657042949e+00 5.583799854125000295e-02
1.464585459928356981e+00 5.815510934999999770e-02
1.467514630848213653e+00 6.581363236300000197e-02
1.470449660109910184e+00 5.514649886000000389e-02
1.473390559430129976e+00 5.021641275374999491e-02
1.476337340548990129e+00 7.245898852499998988e-02
1.479290015230088073e+00 6.510326914375000329e-02
1.482248595260548196e+00 7.500545208000000685e-02
1.485213092451069361e+00 7.788243696249999570e-02
1.488183518635971314e+00 8.197029649999999779e-02
1.491159885673243313e+00 7.641146166249998539e-02
1.494142205444589644e+00 7.969688393750000432e-02
1.497130489855478697e+00 9.274610699999999430e-02
1.500124750835189813e+00 9.330795624999999038e-02
1.503125000336860140e+00 9.022791237499999673e-02
1.506131250337534144e+00 9.940218500000000401e-02
1.509143512838209134e+00 1.008805480000000004e-01
1.512161799863885658e+00 9.673157828749999465e-02
1.515186123463613477e+00 1.018111475000000044e-01
1.518216495710540626e+00 1.063891437499999981e-01
1.521252928701961604e+00 1.074778937500000114e-01
1.524295434559365781e+00 1.070020669999999924e-01
1.527344025428484464e+00 1.095449124999999801e-01
1.530398713479341533e+00 1.116105775000000022e-01
1.533459510906300283e+00 1.112886474999999903e-01
1.536526429928112947e+00 1.131426350000000053e-01
1.539599482787969098e+00 1.129443150000000035e-01
1.542678681753545167e+00 1.149889099999999997e-01
1.545764039117052402e+00 1.159289012499999938e-01
1.548855567195286387e+00 1.170635725000000044e-01
1.551953278329677000e+00 1.173398224999999961e-01
1.555057184886336374e+00 1.186938050000000133e-01
1.558167299256108862e+00 1.194038099999999991e-01
1.561283633854621211e+00 1.202016075000000017e-01
1.564406201122330309e+00 1.209445150000000024e-01
1.567535013524575138e+00 1.209007799999999855e-01
1.570670083551624074e+00 1.148708810000000080e-01
1.573811423718727287e+00 1.121990962500000050e-01
1.576959046566164702e+00 1.170346899999999968e-01
1.580112964659297070e+00 1.224426100000000073e-01
1.583273190588615709e+00 1.241266837499999942e-01
1.586439736969792680e+00 1.230458579999999941e-01
1.589612616443732307e+00 1.252479999999999982e-01
1.592791841676620024e+00 1.244143612499999940e-01
1.595977425359973001e+00 1.263659874999999988e-01
1.599169380210692992e+00 1.261269124999999935e-01
1.602367718971114297e+00 1.217582139999999896e-01
1.605572454409056604e+00 1.242627062499999935e-01
1.608783599317874735e+00 1.258537287500000046e-01
1.612001166516510375e+00 1.272677462500000078e-01
1.615225168849543369e+00 1.291692660000000048e-01
1.618455619187242345e+00 1.296467237499999980e-01
1.621692530425617118e+00 1.300791175000000077e-01
1.624935915486468208e+00 1.301664312500000198e-01
1.628185787317441235e+00 1.307350337500000070e-01
1.631442158892076222e+00 1.291093710000000006e-01
1.634705043209860431e+00 1.304625399999999880e-01
1.637974453296279886e+00 1.288595437499999996e-01
1.641250402202872660e+00 1.254567649999999979e-01
1.644532903007278390e+00 1.262224999999999875e-01
1.647821968813293125e+00 1.308866880000000010e-01
1.651117612750919506e+00 1.168355799999999944e-01
1.654419847976421387e+00 1.302865612499999881e-01
1.657728687672374246e+00 1.317122249999999883e-01
1.661044145047719134e+00 1.326140299999999939e-01
1.664366233337814638e+00 1.211633323000000095e-01
1.667694965804490170e+00 1.322300687500000127e-01
1.671030355736099260e+00 1.330781637500000059e-01
1.674372416447571510e+00 1.288373212499999976e-01
1.677721161280466333e+00 1.325066312500000065e-01
1.681076603603027353e+00 1.324450570000000049e-01
1.684438756810233473e+00 1.329809087499999876e-01
1.687807634323853945e+00 1.327977949999999963e-01
1.691183249592501658e+00 1.289228912500000046e-01
1.694565616091686655e+00 1.329566325000000049e-01
1.697954747323870084e+00 1.322361130000000162e-01
1.701350656818517715e+00 1.302215287499999818e-01
1.704753358132154784e+00 1.307345350000000128e-01
1.708162864848419282e+00 1.279350750000000092e-01
1.711579190578115917e+00 1.318149999999999877e-01
1.715002348959272283e+00 1.308065900000000004e-01
1.718432353657190825e+00 1.287053100000000172e-01
1.721869218364505016e+00 1.231046501249999925e-01
1.725312956801233977e+00 1.293881262499999851e-01
1.728763582714836655e+00 1.237123562500000024e-01
1.732221109880266230e+00 1.281017249999999996e-01
1.735685552100026730e+00 1.277540825000000047e-01
1.739156923204226768e+00 1.275194850000000157e-01
1.742635237050635277e+00 1.227712410000000032e-01
1.746120507524736576e+00 1.210964192000000134e-01
1.749612748539786100e+00 1.268004962499999777e-01
1.753111974036865472e+00 1.263718625000000151e-01
1.756618197984939123e+00 1.223214175000000153e-01
1.760131434380908910e+00 1.245408187500000041e-01
1.763651697249670747e+00 1.220491600000000038e-01
1.767179000644169884e+00 1.205909674999999931e-01
1.770713358645458202e+00 1.226456387499999939e-01
1.774254785362749054e+00 1.176663712499999986e-01
1.777803294933474554e+00 8.791379634125000286e-02
1.781358901523341753e+00 1.160460166800000165e-01
1.784921619326388376e+00 9.877243849749998972e-02
1.788491462565041212e+00 1.184445287499999999e-01
1.792068445490171413e+00 1.033652531249999867e-01
1.795652582381151552e+00 1.124303442500000083e-01
1.799243887545913800e+00 1.013192997200000056e-01
1.802842375321005663e+00 9.461006741249999852e-02
1.806448060071647710e+00 9.472562510250000234e-02
1.810060956191791082e+00 7.138426582375000107e-02
1.813681078104174560e+00 6.143722414412499527e-02
1.817308440260382962e+00 5.583152095267999299e-02
1.820943057140903765e+00 4.340054512500000211e-02
1.824584943255185721e+00 9.161476176374999669e-02
1.828234113141696149e+00 8.202108681000000456e-02
1.831890581367979554e+00 3.631688168125000310e-02
1.835554362530715355e+00 5.268918670800000481e-02
1.839225471255776734e+00 4.242230430737500141e-02
1.842903922198288136e+00 3.744217314275000152e-02
1.846589730042684785e+00 5.067686590625000015e-02
1.850282909502769968e+00 4.064678975362499835e-02
1.853983475321775654e+00 4.801697222629999762e-02
1.857691442272419113e+00 4.347571019875000331e-02
1.861406825156963984e+00 3.662366466883749949e-02
1.865129638807277779e+00 4.005631311744999729e-02
1.868859898084892279e+00 2.154128303499999730e-02
1.872597617881062160e+00 2.329676339624999967e-02
1.876342813116824271e+00 3.140117006462499888e-02
1.880095498743057814e+00 3.225810221912499276e-02
1.883855689740544070e+00 3.619869620925000170e-02
1.887623401120025246e+00 3.652399484500000459e-02
1.891398647922265308e+00 1.500891434537500110e-02
1.895181445218109717e+00 2.443517449125000296e-02
1.898971808108545822e+00 2.223360384250000141e-02
1.902769751724763037e+00 2.561812910750000186e-02
1.906575291228212565e+00 2.141143072312500298e-02
1.910388441810669136e+00 2.598971636249999828e-02
1.914209218694290282e+00 1.988969029625000523e-02
1.918037637131678963e+00 2.701520207375000121e-02
1.921873712405942403e+00 2.322626447750000128e-02
1.925717459830754041e+00 2.233054300199999870e-02
1.929568894750415708e+00 1.256166569542500021e-02
1.933428032539916241e+00 2.247121464874999794e-02
1.937294888604996324e+00 2.371715885374999985e-02
1.941169478382206215e+00 2.711978578249999924e-02
1.945051817338970590e+00 2.581640782999999884e-02
1.948941920973648489e+00 2.719442774999999979e-02
1.952839804815595715e+00 2.422952503999999813e-02
1.956745484425226778e+00 1.562626552975000110e-02
1.960658975394077297e+00 2.639312918999999966e-02
1.964580293344865503e+00 2.434871075090000100e-02
1.968509453931555075e+00 1.666697727437500137e-02
1.972446472839417986e+00 3.401590937375000012e-02
1.976391365785096887e+00 4.127375250000000356e-02
1.980344148516667069e+00 3.872806584624999965e-02
1.984304836813700401e+00 4.359423929999999003e-02
1.988273446487327956e+00 4.223180796249999952e-02
1.992249993380302620e+00 4.848134625000000142e-02
1.996234493367063045e+00 4.481179362499999874e-02
2.000226962353797155e+00 3.060742913900000098e-02
