2.002000000000000168e-01 2.441091900000000141e-03
2.006004000000000120e-01 3.340986624999999887e-03
2.010016008000000132e-01 2.569327750000000195e-03
2.014036040016000118e-01 3.610087875000000078e-03
2.018064112096032425e-01 3.527843400000000261e-03
2.022100240320224285e-01 3.859395500000000444e-03
2.026144440800864976e-01 4.069928500000000171e-03
2.030196729682466894e-01 3.976429749999999680e-03
2.034257123141831602e-01 3.863992249999999989e-03
2.038325637388115341e-01 3.741615899999999658e-03
2.042402288662891752e-01 3.624488749999999967e-03
2.046487093240217381e-01 3.524773874999999682e-03
2.050580067426697739e-01 3.445737500000000102e-03
2.054681227561551138e-01 3.429766499999999628e-03
2.058790590016674471e-01 3.415242499999999928e-03
2.062908171196707885e-01 3.385769250000000147e-03
2.067033987539101392e-01 3.353664000000000124e-03
2.071168055514179263e-01 3.326559625000000305e-03
2.075310391625207751e-01 3.305632125000000122e-03
2.079461012408458098e-01 3.279337099999999824e-03
2.083619934433275089e-01 3.252137250000000299e-03
2.087787174302141446e-01 3.227877375000000326e-03
2.091962748650745829e-01 3.203159750000000167e-03
2.096146674148047229e-01 3.174220875000000573e-03
2.100338967496343523e-01 3.138117700000000402e-03
2.104539645431336148e-01 3.113489875000000073e-03
2.108748724722198931e-01 3.093024125000000141e-03
2.112966222171643316e-01 3.065481874999999648e-03
2.117192154615986643e-01 3.032971750000000230e-03
2.121426538925218486e-01 2.986588499999999827e-03
2.125669392003068925e-01 2.937343250000000114e-03
2.129920730787074890e-01 2.894380375000000019e-03
2.134180572248648988e-01 2.853047499999999785e-03
2.138448933393146401e-01 2.812194999999999973e-03
2.142725831259932878e-01 2.755301999999999838e-03
2.147011282922452469e-01 2.694556375000000097e-03
2.151305305488297459e-01 2.646087499999999829e-03
2.155607916099274157e-01 2.606563999999999583e-03
2.159919131931472558e-01 2.562763200000000088e-03
2.164238970195335454e-01 2.511373625000000009e-03
2.168567448135726161e-01 2.461238125000000075e-03
2.172904583031997627e-01 2.414317374999999828e-03
2.177250392198061546e-01 2.369433624999999887e-03
2.181604892982457744e-01 2.319791899999999740e-03
2.185968102768422461e-01 2.268902750000000197e-03
2.190340038973959125e-01 2.216272000000000034e-03
2.194720719051907187e-01 2.160850749999999789e-03
2.199110160490010957e-01 2.107044500000000362e-03
2.203508380810991207e-01 2.049954200000000167e-03
2.207915397572613181e-01 1.995328125000000140e-03
2.212331228367758196e-01 1.941660999999999908e-03
2.216755890824493869e-01 1.885355999999999924e-03
2.221189402606142949e-01 1.831866499999999873e-03
2.225631781411355203e-01 1.775780600000000011e-03
2.230083044974177642e-01 1.722292000000000050e-03
2.234543211064126123e-01 1.676701999999999967e-03
2.239012297486254466e-01 1.627762249999999914e-03
2.243490322081226895e-01 1.580005250000000080e-03
2.247977302725389648e-01 1.528727899999999997e-03
2.252473257330840362e-01 1.480321250000000022e-03
2.256978203845501907e-01 1.439534500000000080e-03
2.261492160253192885e-01 1.398340875000000059e-03
2.266015144573699513e-01 1.355093625000000027e-03
2.270547174862846962e-01 1.308567799999999903e-03
2.275088269212572623e-01 1.263716875000000205e-03
2.279638445750997722e-01 1.225497000000000088e-03
2.284197722642499762e-01 1.187298124999999977e-03
2.288766118087784962e-01 1.147374000000000050e-03
2.293343650323960425e-01 1.103834699999999957e-03
2.297930337624608521e-01 1.063270249999999926e-03
2.302526198299857663e-01 1.017688125000000034e-03
2.307131250696457525e-01 9.949964374999999313e-04
2.311745513197850377e-01 9.613255500000000408e-04
2.316369004224245742e-01 9.322681000000000197e-04
2.321001742232694509e-01 9.034755125000000584e-04
2.325643745717159705e-01 8.741677625000000102e-04
2.330295033208594213e-01 8.452498500000000300e-04
2.334955623275011272e-01 8.187344600000001117e-04
2.339625534521561634e-01 7.961606375000000214e-04
2.344304785590604623e-01 7.690957124999999936e-04
2.348993395161785847e-01 7.454943499999999853e-04
2.353691381952109363e-01 7.296590999999999407e-04
2.358398764716013452e-01 7.044706200000000256e-04
2.363115562245445278e-01 6.776974749999999451e-04
2.367841793369936387e-01 6.613659875000000871e-04
2.372577476956675979e-01 6.413337374999999877e-04
2.377322631910589457e-01 6.242909249999999913e-04
2.382077277174410590e-01 6.034005899999999494e-04
2.386841431728759511e-01 5.860233625000000387e-04
2.391615114592217095e-01 5.724212750000000263e-04
2.396398344821401571e-01 5.516536875000000026e-04
2.401191141511044291e-01 5.356259375000000170e-04
2.405993523794066058e-01 5.255273500000000363e-04
2.410805510841654287e-01 5.099765124999999961e-04
2.415627121863337390e-01 4.944819749999999643e-04
2.420458376107064158e-01 4.840669874999999674e-04
2.425299292859278144e-01 4.761275374999999837e-04
2.430149891444997046e-01 4.655354899999999876e-04
2.435010191227887089e-01 4.520245999999999683e-04
2.439880211610342686e-01 4.421500625000000621e-04
2.444759972033563322e-01 4.370175500000000185e-04
2.449649491977630433e-01 4.301659500000000382e-04
2.454548790961585680e-01 4.131580999999999839e-04
2.459457888543508663e-01 4.031742875000000025e-04
2.464376804320595749e-01 3.994317250000000352e-04
2.469305557929236949e-01 3.934794499999999550e-04
2.474244169045095587e-01 3.827465000000000056e-04
2.479192657383185727e-01 3.752202100000000306e-04
2.484151042697951839e-01 3.704413375000000061e-04
2.489119344783347898e-01 3.586611749999999788e-04
2.494097583472914548e-01 3.533837250000000044e-04
2.499085778639860422e-01 3.473225899999999797e-04
2.504083950197140140e-01 3.454884999999999770e-04
2.509092118097534518e-01 3.431954125000000015e-04
2.514110302333729119e-01 3.346870875000000460e-04
2.519138522938396685e-01 3.248960875000000037e-04
2.524176799984273467e-01 3.256499299999999824e-04
2.529225153584241936e-01 3.238571874999999958e-04
2.534283603891410719e-01 3.180927125000000428e-04
2.539352171099192867e-01 3.130983999999999634e-04
2.544430875441391349e-01 3.135354000000000136e-04
2.549519737192273983e-01 3.092208700000000175e-04
2.554618776666658375e-01 3.008652125000000049e-04
2.559728014219991854e-01 3.025961875000000379e-04
2.564847470248432515e-01 3.059306374999999937e-04
2.569977165188929158e-01 3.039777500000000188e-04
2.575117119519306774e-01 3.015795000000000151e-04
2.580267353758345372e-01 3.004290375000000192e-04
2.585427888465862134e-01 2.917176499999999902e-04
2.590598744242793572e-01 2.904572375000000141e-04
2.595779941731279905e-01 3.009138750000000108e-04
2.600971501614742221e-01 3.013848499999999915e-04
2.606173444617971846e-01 2.912382000000000469e-04
2.611385791507207510e-01 2.955170000000000236e-04
2.616608563090221939e-01 3.016267875000000400e-04
2.621841780216402351e-01 2.984157374999999888e-04
2.627085463776834828e-01 2.972075199999999438e-04
2.632339634704388698e-01 3.077743750000000444e-04
2.637604313973797576e-01 3.086883124999999944e-04
2.642879522601745412e-01 3.028231250000000129e-04
2.648165281646948088e-01 3.051993374999999826e-04
2.653461612210242238e-01 3.117201700000000021e-04
2.658768535434662961e-01 3.111677249999999736e-04
2.664086072505532643e-01 3.174196750000000044e-04
2.669414244650543111e-01 3.265399374999999795e-04
2.674753073139844450e-01 3.263905300000000207e-04
2.680102579286124387e-01 3.284953000000000395e-04
2.685462784444696549e-01 3.402392749999999782e-04
2.690833710013585955e-01 3.484704625000000248e-04
2.696215377433612836e-01 3.446833250000000360e-04
2.701607808188479787e-01 3.501819900000000289e-04
2.707011023804857253e-01 3.642458499999999847e-04
2.712425045852466798e-01 3.709898375000000230e-04
2.717849895944172145e-01 3.738132625000000018e-04
2.723285595736060216e-01 3.822392874999999733e-04
2.728732166927532177e-01 3.934793800000000179e-04
2.734189631261387810e-01 4.042385624999999898e-04
2.739658010523910447e-01 4.217854124999999657e-04
2.745137326544958567e-01 4.343578999999999973e-04
2.750627601198047945e-01 4.362650374999999837e-04
2.756128856400444360e-01 4.547441800000000213e-04
2.761641114113245199e-01 4.682969249999999802e-04
2.767164396341471599e-01 4.831277625000000679e-04
2.772698725134154496e-01 4.938113999999999525e-04
2.778244122584422882e-01 5.116763499999999821e-04
2.783800610829592070e-01 5.340783599999999760e-04
2.789368212051250850e-01 5.555946250000000711e-04
2.794946948475353632e-01 5.738105249999999723e-04
2.800536842372304269e-01 5.897908249999999318e-04
2.806137916057048765e-01 6.234483499999999819e-04
2.811750191889162975e-01 6.469732599999999511e-04
2.817373692272941987e-01 6.944965374999999795e-04
2.823008439657487822e-01 7.157949249999999474e-04
2.828654456536803252e-01 7.451418124999999518e-04
2.834311765449876730e-01 7.532916250000000046e-04
2.839980388980776205e-01 8.101773399999999750e-04
2.845660349758737939e-01 8.563622624999999789e-04
2.851351670458255327e-01 9.004312874999999749e-04
2.857054373799171598e-01 9.456568875000000455e-04
2.862768482546770299e-01 9.781140125000001469e-04
2.868494019511863558e-01 1.033852699999999840e-03
2.874231007550887562e-01 1.085643125000000002e-03
2.879979469565989714e-01 1.171411624999999911e-03
2.885739428505121884e-01 1.231930625000000109e-03
2.891510907362132010e-01 1.302412200000000039e-03
2.897293929176856242e-01 1.387913124999999885e-03
2.903088517035209426e-01 1.451938750000000096e-03
2.908894694069280029e-01 1.523115000000000016e-03
2.914712483457418957e-01 1.631762749999999748e-03
2.920541908424333366e-01 1.764679300000000003e-03
2.926382992241182146e-01 1.847361375000000075e-03
2.932235758225664735e-01 1.966032749999999975e-03
2.938100229742116043e-01 2.119311124999999959e-03
2.943976430201600269e-01 2.218576249999999750e-03
2.949864383062003048e-01 2.365400799999999980e-03
2.955764111828127483e-01 2.576360750000000234e-03
2.961675640051783520e-01 2.755443375000000018e-03
2.967598991331887315e-01 2.898073749999999747e-03
2.973534189314551157e-01 3.104270499999999856e-03
2.979481257693180618e-01 3.374047399999999947e-03
2.985440220208566697e-01 3.592047249999999990e-03
2.991411100648984078e-01 3.808315625000000156e-03
2.997393922850282166e-01 4.142970750000000632e-03
3.003388710695982233e-01 4.369356125000000389e-03
3.009395488117374562e-01 4.716224500000000368e-03
3.015414279093609484e-01 5.153180749999999866e-03
3.021445107651796746e-01 5.386909000000000489e-03
3.027487997867099878e-01 5.824801749999999716e-03
3.033542973862833891e-01 6.347142874999999601e-03
3.039610059810559650e-01 6.663258699999998966e-03
3.045689279930180460e-01 7.176740875000000436e-03
3.051780658490040876e-01 7.974106999999999376e-03
3.057884219807021076e-01 8.456594500000001041e-03
3.063999988246635664e-01 8.758719500000001351e-03
3.070127988223129156e-01 9.691253199999999568e-03
3.076268244199575896e-01 1.081921512500000002e-02
3.082420780687974982e-01 1.117909925000000124e-02
3.088585622249351292e-01 1.170424375000000093e-02
3.094762793493849307e-01 1.305835299999999824e-02
3.100952319080837460e-01 1.421901249999999936e-02
3.107154223718998631e-01 1.495640749999999942e-02
3.113368532166437275e-01 1.552910249999999923e-02
3.119595269230769907e-01 1.770671249999999919e-02
3.125834459769231133e-01 1.982864299999999996e-02
3.132086128688770232e-01 2.037163999999999642e-02
3.138350300946147753e-01 2.059047124999999895e-02
3.144627001548039313e-01 2.371678625000000346e-02
3.150916255551135525e-01 2.491668124999999942e-02
3.157218088062238026e-01 2.421695899999999971e-02
3.163532524238362176e-01 2.749035750000000666e-02
3.169859589286838641e-01 2.848855750000000089e-02
3.176199308465412763e-01 2.771594499999999878e-02
3.182551707082343917e-01 3.021509750000000299e-02
3.188916810496508214e-01 3.401709899999999509e-02
3.195294644117501193e-01 3.203156499999999796e-02
3.201685233405736630e-01 3.191128625000000385e-02
3.208088603872547573e-01 3.675925750000000325e-02
3.214504781080292917e-01 3.922077375000000005e-02
3.220933790642453443e-01 3.591791699999999365e-02
3.227375658223737842e-01 3.565223124999999937e-02
3.233830409540185413e-01 4.124151499999999942e-02
3.240298070359265425e-01 4.364782250000000252e-02
3.246778666499984256e-01 4.087885499999999867e-02
3.253272223832984200e-01 3.947241499999999681e-02
3.259778768280650052e-01 4.339890999999999888e-02
3.266298325817211246e-01 4.641493124999999942e-02
3.272830922468845660e-01 4.484366249999999915e-02
3.279376584313783427e-01 4.209759624999999394e-02
3.285935337482410734e-01 4.478738499999999900e-02
3.292507208157375853e-01 4.837325750000000257e-02
3.299092222573690725e-01 4.843957249999999992e-02
3.305690407018838095e-01 4.580460625000000452e-02
3.312301787832875322e-01 4.491763749999999611e-02
3.318926391408540955e-01 4.792379400000000567e-02
3.325564244191357988e-01 4.969499374999999941e-02
3.332215372679740994e-01 4.899559250000000421e-02
3.338879803425100490e-01 4.665970375000000336e-02
3.345557563031950621e-01 4.880729899999999843e-02
3.352248678158014084e-01 5.017877874999999988e-02
3.358953175514330369e-01 5.038545499999999566e-02
3.365671081865359016e-01 4.940384374999999550e-02
3.372402424029089518e-01 4.820601250000000615e-02
3.379147228877147358e-01 4.909935299999999836e-02
3.385905523334902245e-01 5.032558750000000469e-02
3.392677334381571930e-01 5.038095374999999876e-02
3.399462689050334330e-01 4.978423750000000869e-02
3.406261614428435225e-01 4.950251749999999562e-02
3.413074137657292062e-01 5.035308499999999882e-02
3.419900285932606643e-01 5.053520875000000467e-02
3.426740086504471705e-01 5.051039499999999960e-02
3.433593566677480835e-01 5.019832500000000197e-02
3.440460753810836159e-01 4.948923250000000079e-02
3.447341675318457699e-01 4.984520199999999818e-02
3.454236358669094398e-01 5.020484999999999531e-02
3.461144831386432363e-01 5.025051374999999626e-02
3.468067121049205337e-01 5.022769500000000276e-02
3.475003255291303494e-01 4.995658750000000342e-02
3.481953261801886135e-01 5.012141700000000144e-02
3.488917168325489926e-01 5.014173125000000175e-02
3.495895002662141038e-01 5.006574874999999980e-02
3.502886792667465610e-01 5.000463499999999867e-02
3.509892566252800217e-01 4.989618625000000196e-02
3.516912351385305668e-01 4.957133999999999846e-02
3.523946176088076365e-01 4.966068750000000170e-02
3.530994068440251876e-01 4.965685625000000603e-02
3.538056056577132402e-01 4.962230750000000412e-02
3.545132168690287022e-01 4.955599500000000546e-02
3.552222433027667492e-01 4.943998300000000679e-02
3.559326877893722596e-01 4.937214750000000485e-02
3.566445531649510281e-01 4.928873000000000282e-02
3.573578422712808678e-01 4.920334874999999358e-02
3.580725579558234339e-01 4.912130700000000294e-02
3.587887030717350489e-01 4.903158874999999361e-02
3.595062804778785814e-01 4.890246500000000607e-02
3.602252930388343266e-01 4.884600124999999987e-02
3.609457436249119411e-01 4.882680375000000156e-02
3.616676351121618227e-01 4.879198300000000404e-02
3.623909703823861017e-01 4.873952750000000445e-02
3.631157523231508533e-01 4.870121999999998952e-02
3.638419838277971996e-01 4.866308750000000044e-02
3.645696677954528009e-01 4.861766624999999675e-02
3.652988071310436791e-01 4.856480900000000045e-02
3.660294047453057642e-01 4.851921374999999814e-02
3.667614635547964408e-01 4.848034375000000173e-02
3.674949864819060386e-01 4.843951250000000375e-02
3.682299764548698229e-01 4.839431000000000288e-02
3.689664364077795966e-01 4.834361499999999950e-02
3.697043692805951354e-01 4.829899750000000297e-02
3.704437780191563445e-01 4.823503875000000052e-02
3.711846655751946944e-01 4.815863749999999693e-02
3.719270349063450443e-01 4.808256749999999941e-02
3.726708889761577437e-01 4.799594000000000082e-02
3.734162307541100123e-01 4.790704125000000424e-02
3.741630632156182079e-01 4.782882750000000405e-02
3.749113893420494836e-01 4.775325874999999942e-02
3.756612121207335564e-01 4.767746500000000220e-02
3.764125345449750304e-01 4.758805900000000200e-02
3.771653596140650544e-01 4.748349250000000188e-02
3.779196903332932012e-01 4.742857000000000323e-02
3.786755297139597909e-01 4.735231874999999702e-02
3.794328807733876596e-01 4.727396000000000376e-02
3.801917465349344827e-01 4.719841599999999998e-02
3.809521300280043210e-01 4.714395375000000193e-02
3.817140342880603332e-01 4.709703749999999411e-02
3.824774623566364884e-01 4.705027999999999988e-02
3.832424172813497787e-01 4.699789199999999945e-02
3.840089021159124316e-01 4.694607624999999618e-02
3.847769199201442891e-01 4.690028375000000055e-02
3.855464737599845759e-01 4.685437374999999738e-02
3.863175667075045561e-01 4.680827375000000401e-02
3.870902018409195788e-01 4.675630900000000978e-02
3.878643822446014022e-01 4.670467249999999543e-02
3.886401110090906830e-01 4.665900750000000208e-02
3.894173912311088559e-01 4.661390750000000277e-02
3.901962260135710681e-01 4.656436374999999711e-02
3.909766184655981691e-01 4.649388699999999763e-02
3.917585717025293679e-01 4.643041750000000134e-02
3.925420888459344448e-01 4.636916374999999757e-02
3.933271730236262975e-01 4.628108375000000024e-02
3.941138273696735417e-01 4.624839750000000332e-02
3.949020550244128902e-01 4.617989700000000447e-02
3.956918591344616987e-01 4.611284000000000216e-02
3.964832428527306218e-01 4.604871624999999635e-02
3.972762093384361037e-01 4.599229374999999620e-02
3.980707617571129786e-01 4.589842000000000227e-02
3.988669032806272385e-01 4.586507000000000778e-02
3.996646370871884679e-01 4.580010749999999936e-02
4.004639663613628331e-01 4.574969749999999863e-02
4.012648942940855168e-01 4.569792374999999407e-02
4.020674240826737078e-01 4.563829875000000036e-02
4.028715589308390355e-01 4.557175599999999799e-02
4.036773020487006702e-01 4.550048999999999760e-02
4.044846566527980913e-01 4.544161500000000464e-02
4.052936259661036877e-01 4.538030499999999579e-02
4.061042132180359143e-01 4.531891249999998872e-02
4.069164216444720039e-01 4.525625599999999471e-02
4.077302544877609569e-01 4.518448249999999777e-02
4.085457149967364754e-01 4.513784500000000283e-02
4.093628064267299527e-01 4.508323124999999432e-02
4.101815320395834075e-01 4.502870500000000220e-02
4.110018951036625845e-01 4.496033199999999175e-02
4.118238988938699441e-01 4.489244624999999544e-02
4.126475466916577073e-01 4.483660500000000160e-02
4.134728417850409565e-01 4.478213999999999806e-02
4.142997874686110693e-01 4.471156699999999373e-02
4.151283870435482637e-01 4.466237374999999787e-02
4.159586438176353651e-01 4.461079750000000038e-02
4.167905611052706849e-01 4.453588625000000356e-02
4.176241422274811765e-01 4.449227875000000276e-02
4.184593905119361468e-01 4.442855000000000415e-02
4.192963092929599678e-01 4.434378249999999799e-02
4.201349019115458994e-01 4.429610249999999666e-02
4.209751717153689676e-01 4.423859875000000358e-02
4.218171220587997317e-01 4.418150375000000352e-02
4.226607563029173287e-01 4.411707499999999865e-02
4.235060778155231298e-01 4.405544499999999863e-02
4.243530899711541737e-01 4.400168250000000003e-02
4.252017961510964894e-01 4.394219875000000136e-02
4.260521997433986963e-01 4.387581875000000353e-02
4.269043041428854934e-01 4.381864800000000171e-02
4.277581127511712600e-01 4.375594500000000442e-02
4.286136289766736551e-01 4.370682875000000273e-02
4.294708562346269964e-01 4.365784500000000068e-02
4.303297979470962487e-01 4.360761124999999738e-02
4.311904575429904574e-01 4.354484399999999922e-02
4.320528384580764047e-01 4.347964749999999601e-02
4.329169441349925429e-01 4.342442999999999997e-02
4.337827780232624830e-01 4.336843249999999816e-02
4.346503435793090397e-01 4.331323249999999986e-02
4.355196442664676648e-01 4.325231899999999741e-02
4.363906835550006025e-01 4.318969749999999885e-02
4.372634649221106007e-01 4.312817249999999908e-02
4.381379918519547889e-01 4.306788625000000648e-02
4.390142678356587225e-01 4.300538500000000014e-02
4.398922963713300383e-01 4.293320800000000048e-02
4.407720809640727211e-01 4.284825625000000110e-02
4.416536251260008150e-01 4.262333499999999831e-02
4.425369323762528007e-01 4.268881499999999801e-02
4.434220062410053065e-01 4.261096699999999959e-02
4.443088502534873196e-01 4.257990874999999925e-02
4.451974679539942858e-01 4.253172874999999742e-02
4.460878628899022647e-01 4.246841249999999679e-02
4.469800386156820293e-01 4.248330499999999899e-02
4.478739986929134442e-01 4.243914299999999862e-02
4.487697466902992316e-01 4.236967250000000379e-02
4.496672861836799040e-01 4.229441250000000319e-02
4.505666207560472536e-01 4.222564374999999981e-02
4.514677539975593401e-01 4.216833374999999495e-02
4.523706895055544797e-01 4.211059100000000277e-02
4.532754308845656221e-01 4.205643374999999684e-02
4.541819817463347286e-01 4.201109125000000027e-02
4.550903457098274263e-01 4.194422750000000033e-02
4.560005264012471082e-01 4.188495124999999653e-02
4.569125274540495885e-01 4.179098900000000061e-02
4.578263525089577013e-01 4.169824375000000249e-02
4.587420052139756232e-01 4.160481249999999770e-02
4.596594892244035835e-01 4.151169000000000386e-02
4.605788082028524077e-01 4.142418374999999597e-02
4.614999658192581178e-01 4.134112999999999677e-02
4.624229657508966418e-01 4.128748250000000009e-02
4.633478116823984694e-01 4.126616749999999917e-02
4.642745073057632510e-01 4.125060124999999772e-02
4.652030563203747304e-01 4.123161125000000121e-02
4.661334624330154552e-01 4.118710000000000426e-02
4.670657293578814873e-01 4.111066000000000026e-02
4.679998608165972795e-01 4.102584374999999894e-02
4.689358605382304424e-01 4.090445874999999731e-02
4.698737322593069532e-01 4.085478624999999697e-02
4.708134797238255342e-01 4.079216600000000470e-02
4.717551066832731399e-01 4.073374500000000176e-02
4.726986168966397228e-01 4.069290625000000078e-02
4.736440141304329998e-01 4.064625500000000613e-02
4.745913021586939395e-01 4.057191125000000204e-02
4.755404847630113063e-01 4.045943999999999929e-02
4.764915657325373699e-01 4.032252249999999927e-02
4.774445488640024493e-01 4.018874749999999663e-02
4.783994379617304560e-01 4.004802999999999835e-02
4.793562368376539373e-01 3.990082999999999824e-02
4.803149493113292312e-01 3.977534874999999470e-02
4.812755792099518981e-01 3.969528875000000179e-02
4.822381303683718201e-01 3.964122374999999587e-02
4.832026066291085775e-01 3.962035875000000096e-02
4.841690118423668254e-01 3.961233500000000546e-02
4.851373498660515038e-01 3.963217000000000129e-02
4.861076245657836026e-01 3.964739999999999931e-02
4.870798398149152053e-01 3.960344500000000101e-02
4.880539994945450322e-01 3.960388875000000336e-02
4.890301074935341497e-01 3.954062200000000443e-02
4.900081677085211806e-01 3.946375374999999686e-02
4.909881840439382916e-01 3.940408750000000404e-02
4.919701604120261251e-01 3.933379749999999647e-02
4.929541007328501756e-01 3.929977875000000009e-02
4.939400089343158884e-01 3.924234100000000003e-02
4.949278889521845359e-01 3.917043500000000344e-02
4.959177447300888719e-01 3.909202249999999684e-02
4.969095802195490075e-01 3.900052625000000051e-02
4.979033993799881208e-01 3.888821624999999615e-02
4.988992061787480559e-01 3.874589200000000400e-02
4.998970045911055315e-01 3.858775250000000268e-02
5.008967986002876849e-01 3.843952250000000348e-02
5.018985921974883357e-01 3.814899374999999870e-02
5.029023893818832525e-01 3.811250750000000354e-02
5.039081941606470272e-01 3.789848299999999670e-02
5.049160105489682859e-01 3.784080749999999688e-02
5.059258425700663420e-01 3.777481499999999631e-02
5.069376942552064058e-01 3.754116125000000331e-02
5.079515696437167938e-01 3.774809625000000168e-02
5.089674727830042489e-01 3.774657099999999266e-02
5.099854077285701504e-01 3.777911500000000200e-02
5.110053785440273888e-01 3.768426874999999954e-02
5.120273893011153543e-01 3.770656875000000241e-02
5.130514440797175890e-01 3.760949600000000614e-02
5.140775469678771081e-01 3.752400999999999653e-02
5.151057020618128313e-01 3.744035249999999593e-02
5.161359134659364578e-01 3.736283499999999702e-02
5.171681852928683432e-01 3.729637250000000098e-02
5.182025216634540410e-01 3.722531199999999652e-02
5.192389267067809566e-01 3.715052874999999477e-02
5.202774045601945563e-01 3.707514250000000511e-02
5.213179593693149094e-01 3.697798999999999531e-02
5.223605952880534531e-01 3.685483125000000443e-02
5.234053164786296453e-01 3.669723399999999525e-02
5.244521271115868410e-01 3.652145874999999930e-02
5.255010313658099452e-01 3.638742250000000233e-02
5.265520334285416215e-01 3.624027500000000235e-02
5.276051374953987239e-01 3.609443625000000044e-02
5.286603477703895049e-01 3.593253999999999893e-02
5.297176684659302692e-01 3.577029749999999925e-02
5.307771038028621380e-01 3.564683625000000106e-02
5.318386580104679240e-01 3.555986625000000234e-02
5.329023353264887852e-01 3.547135874999999411e-02
5.339681399971416553e-01 3.541498700000000194e-02
5.350360762771360079e-01 3.538660249999999591e-02
5.361061484296902879e-01 3.536930374999999738e-02
5.371783607265496752e-01 3.535183375000000572e-02
5.382527174480027377e-01 3.532395374999999782e-02
5.393292228828987511e-01 3.526833399999999841e-02
5.404078813286645744e-01 3.514298999999999895e-02
5.414886970913218578e-01 3.471140999999999810e-02
5.425716744855044738e-01 3.496191249999999751e-02
5.436568178344756141e-01 3.481559875000000276e-02
5.447441314701444437e-01 3.472951199999999711e-02
5.458336197330847517e-01 3.460992624999999906e-02
5.469252869725509392e-01 3.459750624999999302e-02
5.480191375464960046e-01 3.453965874999999353e-02
5.491151758215888634e-01 3.447960900000000134e-02
5.502134061732321113e-01 3.441706624999999603e-02
5.513138329855785669e-01 3.435162875000000171e-02
5.524164606515497011e-01 3.428022000000000014e-02
5.535212935728528461e-01 3.420291874999999843e-02
5.546283361599984030e-01 3.411040500000000336e-02
5.557375928323184944e-01 3.400587124999999988e-02
5.568490680179830621e-01 3.390498749999999728e-02
5.579627661540189631e-01 3.379117000000000232e-02
5.590786916863270672e-01 3.366300625000000213e-02
5.601968490696997982e-01 3.349902099999999688e-02
5.613172427678392307e-01 3.331264374999999556e-02
5.624398772533748536e-01 3.315984124999999533e-02
5.635647570078816671e-01 3.301372500000000071e-02
5.646918865218973904e-01 3.288212875000000313e-02
5.658212702949412254e-01 3.275699100000000613e-02
5.669529128355310643e-01 3.264065749999999627e-02
5.680868186612021420e-01 3.252755124999999470e-02
5.692229922985245771e-01 3.229814437500000412e-02
5.703614382831215801e-01 3.232308637500000414e-02
5.715021611596877715e-01 3.219870040000000211e-02
5.726451654820071679e-01 3.198037600000000480e-02
5.737904558129711674e-01 3.202649362499999930e-02
5.749380367245970902e-01 3.198335925000000274e-02
5.760879127980462755e-01 3.192442937500000050e-02
5.772400886236424000e-01 3.195633890000000588e-02
5.783945688008896857e-01 3.194180099999999883e-02
5.795513579384914404e-01 3.198167637500000382e-02
5.807104606543684877e-01 3.202487687499999680e-02
5.818718815756771523e-01 3.209916100000000105e-02
5.830356253388285781e-01 3.214891710000000041e-02
5.842016965895062697e-01 3.216749762499999943e-02
5.853700999826851881e-01 3.221048412500000097e-02
5.865408401826505136e-01 3.224716712500000360e-02
5.877139218630158535e-01 3.231696212500000109e-02
5.888893497067417826e-01 3.177974969999999844e-02
5.900671284061553834e-01 3.152618762500000033e-02
5.912472626629676764e-01 3.215141962499999673e-02
5.924297571882934932e-01 3.200765849999999413e-02
5.936146167026701281e-01 3.169014100000000500e-02
5.948018459360754351e-01 3.046879937499999760e-02
5.959914496279475893e-01 3.177357187499999652e-02
5.971834325272035171e-01 3.165409412500000408e-02
5.983777993922578808e-01 3.144481512499999742e-02
5.995745549910425076e-01 3.140615979999999974e-02
6.007737041010245971e-01 3.132188237499999861e-02
6.019752515092265943e-01 3.137803349999999936e-02
6.031792020122450637e-01 3.135568212499999924e-02
6.043855604162695627e-01 3.134470275000000167e-02
6.055943315371020708e-01 3.139269419999999450e-02
6.068055202001763071e-01 3.144827775000000325e-02
6.080191312405766046e-01 3.151637062499999808e-02
6.092351695030577829e-01 3.159613662500000003e-02
6.104536398420639109e-01 3.167817487499999946e-02
6.116745471217479579e-01 3.176546019999999804e-02
6.128978962159914445e-01 3.184869437500000011e-02
6.141236920084234274e-01 3.191720624999999645e-02
6.153519393924402614e-01 3.196935399999999844e-02
6.165826432712251393e-01 3.201198524999999961e-02
6.178158085577676317e-01 3.205685510000000349e-02
6.190514401748832274e-01 3.209808012499999752e-02
6.202895430552329836e-01 3.212192862499999718e-02
6.215301221413433996e-01 3.213866325000000468e-02
6.227731823856261784e-01 3.215413812500000218e-02
6.240187287503973224e-01 3.216104139999999972e-02
6.252667662078981170e-01 3.215122299999999961e-02
6.265172997403138933e-01 3.215135087499999822e-02
6.277703343397945668e-01 2.924455825000000023e-02
6.290258750084741779e-01 3.200466412499999858e-02
6.302839267584912086e-01 3.212848039999999933e-02
6.315444946120081227e-01 3.198690887499999747e-02
6.328075836012321265e-01 3.237877737500000075e-02
6.340731987684345983e-01 3.248159962499999609e-02
6.353413451659715161e-01 3.258964710000000070e-02
6.366120278563034418e-01 3.269188224999999837e-02
6.378852519120159492e-01 3.278231587500000238e-02
6.391610224158400522e-01 3.284817987500000119e-02
6.404393444606717445e-01 3.296827474999999841e-02
6.417202231495930942e-01 3.305567239999999962e-02
6.430036635958922275e-01 3.312288962499999878e-02
6.442896709230840901e-01 3.316359549999999684e-02
6.455782502649303201e-01 3.323797537499999927e-02
6.468694067654601199e-01 3.325222212500000135e-02
6.481631455789910179e-01 3.294472040000000213e-02
6.494594718701489633e-01 3.298942637499999858e-02
6.507583908138891982e-01 3.330138937499999702e-02
6.520599075955170187e-01 3.327603575000000202e-02
6.533640274107079815e-01 3.333656274999999974e-02
6.546707554655294414e-01 3.351762309999999773e-02
6.559800969764604250e-01 3.243049574999999629e-02
6.572920571704133907e-01 3.362408050000000037e-02
6.586066412847542129e-01 3.356652187499999801e-02
6.599238545673237200e-01 3.371536687499999962e-02
6.612437022764583450e-01 3.375630059999999710e-02
6.625661896810113305e-01 3.376826100000000080e-02
6.638913220603732679e-01 3.382799487500000313e-02
6.652191047044940797e-01 3.387752312500000307e-02
6.665495429139030037e-01 3.392862837499999867e-02
6.678826419997307973e-01 3.398814449999999765e-02
6.692184072837303876e-01 3.404027612500000466e-02
6.705568440982978551e-01 3.407999437500000561e-02
6.718979577864944153e-01 3.411676787499999530e-02
6.732417537020674025e-01 3.414412437500000119e-02
6.745882372094715862e-01 3.417692149999999873e-02
6.759374136838904867e-01 3.421173662500000268e-02
6.772892885112582473e-01 3.424766349999999737e-02
6.786438670882807278e-01 3.428521687499999637e-02
6.800011548224572655e-01 3.432425059999999473e-02
6.813611571321021021e-01 3.434752787499999876e-02
6.827238794463663663e-01 3.436523712500000327e-02
6.840893272052590568e-01 3.437575237499999881e-02
6.854575058596696913e-01 3.437756299999999987e-02
6.868284208713890671e-01 2.727010755400000042e-02
6.882020777131317990e-01 3.284807350000000514e-02
6.895784818685580797e-01 2.483362684999999848e-02
6.909576388322952178e-01 3.341940637500000200e-02
6.923395541099597317e-01 2.886197337500000237e-02
6.937242332181796645e-01 3.361795840000000174e-02
6.951116816846160118e-01 3.443730112499999996e-02
6.965019050479852591e-01 3.451049425000000254e-02
6.978949088580812532e-01 3.385759399999999780e-02
6.992906986757974064e-01 3.441800837500000321e-02
7.006892800731490123e-01 3.419129280000000187e-02
7.020906586332953392e-01 3.457671799999999934e-02
7.034948399505618344e-01 3.466435562499999706e-02
7.049018296304629949e-01 3.410225987499999889e-02
7.063116332897239058e-01 3.465640125000000321e-02
7.077242565563033327e-01 3.455760089999999896e-02
7.091397050694159265e-01 3.470208824999999886e-02
7.105579844795547606e-01 3.454570862499999756e-02
7.119791004485138686e-01 3.461952374999999887e-02
7.134030586494108928e-01 3.465716062499999556e-02
7.148298647667097327e-01 3.451541050000000305e-02
7.162595244962430829e-01 3.401181625000000014e-02
7.176920435452356362e-01 3.263791887500000488e-02
7.191274276323260661e-01 3.225916074999999467e-02
7.205656824875906752e-01 3.145641849999999962e-02
7.220068138525659318e-01 3.444492429999999883e-02
7.234508274802710082e-01 3.356102650000000048e-02
7.248977291352315389e-01 3.272780574999999831e-02
7.263475245935020475e-01 3.332075949999999814e-02
7.278002196426889281e-01 3.012045367499999876e-02
7.292558200819743153e-01 3.359395739999999908e-02
7.307143317221382883e-01 3.223306356249999727e-02
7.321757603855825192e-01 3.357040737499999983e-02
7.336401119063536980e-01 3.384447012499999796e-02
7.351073921301664038e-01 3.422222909999999424e-02
7.365776069144267524e-01 3.472825262499999732e-02
7.380507621282555997e-01 3.475260412499999590e-02
7.395268636525120787e-01 3.458020524999999568e-02
7.410059173798171361e-01 3.480754837500000393e-02
7.424879292145767362e-01 3.479663440000000524e-02
7.439729050730057303e-01 3.447683737499999956e-02
7.454608508831517266e-01 3.460672574999999751e-02
7.469517725849180723e-01 3.473886674999999979e-02
7.484456761300879446e-01 3.472915612500000054e-02
7.499425674823481103e-01 3.467963430000000485e-02
7.514424526173126839e-01 3.476278124999999941e-02
7.529453375225474421e-01 3.477898950000000294e-02
7.544512281975925827e-01 3.482288587500000088e-02
7.559601306539878163e-01 3.483807074999999837e-02
7.574720509152956804e-01 3.484747459999999741e-02
7.589869950171262980e-01 3.346691824999999815e-02
7.605049690071605806e-01 1.607739764999999849e-02
7.620259789451748755e-01 1.411407219999999928e-02
7.635500309030651689e-01 1.986094580000000165e-02
7.650771309648712881e-01 2.762487550000000333e-02
7.666072852268009941e-01 2.946324424999999941e-02
7.681404997972545168e-01 3.267260112499999897e-02
7.696767807968490915e-01 3.471523037500000297e-02
7.712161343584428286e-01 3.481289124999999846e-02
7.727585666271596931e-01 3.478740880000000257e-02
7.743040837604140414e-01 3.469451675000000124e-02
7.758526919279349343e-01 3.473430624999999938e-02
7.774043973117907846e-01 3.469879087499999626e-02
7.789592061064143369e-01 3.466759262500000022e-02
7.805171245186270923e-01 3.463582550000000176e-02
7.820781587676643998e-01 3.467035637500000267e-02
7.836423150851996589e-01 3.466787912500000207e-02
7.852095997153700768e-01 3.469053287499999916e-02
7.867800189148008716e-01 3.453022280000000305e-02
7.883535789526303628e-01 3.469709599999999672e-02
7.899302861105357287e-01 3.404845012500000434e-02
7.915101466827567656e-01 3.459392887500000596e-02
7.930931669761223102e-01 3.474021787499999986e-02
7.946793533100744433e-01 3.477378050000000387e-02
7.962687120166946908e-01 3.430706337500000203e-02
7.978612494407281153e-01 3.453133512499999974e-02
7.994569719396096286e-01 3.443285875000000329e-02
8.010558858834887497e-01 3.453433337499999672e-02
8.026579976552556950e-01 3.352516146999999502e-02
8.042633136505661362e-01 3.414670662499999509e-02
8.058718402778672907e-01 3.464286899999999975e-02
8.074835839584230124e-01 3.459844137500000388e-02
8.090985511263398822e-01 3.452536625000000164e-02
8.107167482285926319e-01 3.439427889999999849e-02
8.123381817250497905e-01 3.447630687500000124e-02
8.139628580884998854e-01 3.335543262500000050e-02
8.155907838046769776e-01 3.384828062499999762e-02
8.172219653722863075e-01 3.382440600000000130e-02
8.188564093030309410e-01 3.061009203000000095e-02
8.204941221216369707e-01 3.255657462500000099e-02
8.221351103658802728e-01 3.372260487499999931e-02
8.237793805866120422e-01 3.386455299999999863e-02
8.254269393477852157e-01 3.025891898750000114e-02
8.270777932264807841e-01 3.367946330000000377e-02
8.287319488129337719e-01 3.203020019999999746e-02
8.303894127105596601e-01 3.402187050000000240e-02
8.320501915359808098e-01 3.409699324999999892e-02
8.337142919190527746e-01 3.399916000000000049e-02
8.353817205028908344e-01 3.449870990000000054e-02
8.370524839438966413e-01 3.447265062500000365e-02
8.387265889117843098e-01 3.455803449999999416e-02
8.404040420896079500e-01 3.445050750000000495e-02
8.420848501737872027e-01 3.455721324999999622e-02
8.437690198741347736e-01 3.448025650000000053e-02
8.454565579138830778e-01 3.462115874999999870e-02
8.471474710297107746e-01 3.460897750000000578e-02
8.488417659717701902e-01 3.455792137500000166e-02
8.505394495037137403e-01 3.449121380000000348e-02
8.522405284027212424e-01 3.430679912500000234e-02
8.539450094595266716e-01 3.440901225000000258e-02
8.556528994784455833e-01 3.447880300000000231e-02
8.573642052774025357e-01 3.451466350000000072e-02
8.590789336879574023e-01 3.452231760000000482e-02
8.607970915553332381e-01 3.454351612500000668e-02
8.625186857384439243e-01 3.454873462500000075e-02
8.642437231099207029e-01 3.457631937500000446e-02
8.659722105561405980e-01 3.457696637500000392e-02
8.677041549772528395e-01 3.458493430000000174e-02
8.694395632872073953e-01 3.457498537500000579e-02
8.711784424137818394e-01 3.455538862500000252e-02
8.729207992986094400e-01 3.458728887499999682e-02
8.746666408972065820e-01 3.458700724999999587e-02
8.764159741790010782e-01 3.457521730000000237e-02
8.781688061273591472e-01 3.458294650000000303e-02
8.799251437396138353e-01 3.445173099999999933e-02
8.816849940270929942e-01 3.423060862499999885e-02
8.834483640151471473e-01 3.438712737499999977e-02
8.852152607431775788e-01 3.443101680000000553e-02
8.869856912646638669e-01 3.426267787500000134e-02
8.887596626471931938e-01 3.430014987499999807e-02
8.905371819724876570e-01 3.440334762500000393e-02
8.923182563364325803e-01 3.433574275000000897e-02
8.941028928491054906e-01 3.229329535000000084e-02
8.958910986348036509e-01 3.368199499999999930e-02
8.976828808320732600e-01 3.319907537499999783e-02
8.994782465937374294e-01 3.332303774999999940e-02
9.012772030869248274e-01 3.357903425000000053e-02
9.030797574930986560e-01 3.366910789999999487e-02
9.048859170080848502e-01 3.406361400000000594e-02
9.066956888421009442e-01 3.361637837500000558e-02
9.085090802197851589e-01 3.313099312500000088e-02
9.103260983802247130e-01 3.033790361600000041e-02
9.121467505769851325e-01 3.279328850000000350e-02
9.139710440781392276e-01 3.185753901249999825e-02
9.157989861662954034e-01 2.880543485124999886e-02
9.176305841386280804e-01 3.231083249999999740e-02
9.194658453069053383e-01 3.345582639999999941e-02
9.213047769975191148e-01 3.285061899999999757e-02
9.231473865515140709e-01 3.415842212499999725e-02
9.249936813246171230e-01 3.192042062500000110e-02
9.268436686872664199e-01 3.360246449999999829e-02
9.286973560246409853e-01 3.156527271999999551e-02
9.305547507366902504e-01 3.217012131250000101e-02
9.324158602381635852e-01 3.048593235000000151e-02
9.342806919586399417e-01 2.844670173749999989e-02
9.361492533425572748e-01 3.143916543749999959e-02
9.380215518492422966e-01 1.950475503899999977e-02
9.398975949529408958e-01 3.010175332500000106e-02
9.417773901428466710e-01 2.667577008750000173e-02
9.436609449231323499e-01 2.310440196750000036e-02
9.455482668129786550e-01 2.958588866250000046e-02
9.474393633466045017e-01 3.115495971999999655e-02
9.493342420732977516e-01 2.534345437999999812e-02
9.512329105574443000e-01 2.910661481250000071e-02
9.531353763785591626e-01 3.160697751250000215e-02
9.550416471313163402e-01 2.556388900374999967e-02
9.569517304255790169e-01 2.695331577999999714e-02
9.588656338864300910e-01 3.027943808749999910e-02
9.607833651542030395e-01 3.206227943750000059e-02
9.627049318845114501e-01 3.045445018750000260e-02
9.646303417482804399e-01 3.271215712499999512e-02
9.665596024317769652e-01 3.174029795000000292e-02
9.684927216366405744e-01 3.185474357499999687e-02
9.704297070799138281e-01 3.249586374999999944e-02
9.723705664940736071e-01 3.327010974999999871e-02
9.743153076270618662e-01 3.177702458999999424e-02
9.762639382423159429e-01 3.197943204999999928e-02
9.782164661188006427e-01 3.238920387500000136e-02
9.801728990510382156e-01 3.336290237500000311e-02
9.821332448491403300e-01 3.349041912499999690e-02
9.840975113388386042e-01 3.386715569999999842e-02
9.860657063615162476e-01 3.354628949999999971e-02
9.880378377742392582e-01 3.393159874999999992e-02
9.900139134497877302e-01 3.368491450000000303e-02
9.919939412766873854e-01 3.368056037500000155e-02
9.939779291592407695e-01 3.395713940000000264e-02
9.959658850175592271e-01 3.399709237500000286e-02
9.979578167875942096e-01 3.403053862499999527e-02
9.999537324211694722e-01 3.400801012500000164e-02
1.001953639886011826e+00 3.398185587500000132e-02
1.003957547165783781e+00 3.376520429999999712e-02
1.005965462260115295e+00 3.404891287500000363e-02
1.007977393184635417e+00 3.404657637499999834e-02
1.009993347971004818e+00 3.394476662499999742e-02
1.012013334666946873e+00 3.404555987499999908e-02
1.014037361336280751e+00 3.406528220000000495e-02
1.016065436058953164e+00 3.408774074999999792e-02
1.018097566931071229e+00 3.411014299999999555e-02
1.020133762064933336e+00 3.379676649999999172e-02
1.022174029589063338e+00 3.402761987499999807e-02
1.024218377648241418e+00 3.415129740000000247e-02
1.026266814403537841e+00 3.416507375000000374e-02
1.028319348032344926e+00 3.412862525000000258e-02
1.030375986728409687e+00 3.416193087500000308e-02
1.032436738701866474e+00 3.417847525000000664e-02
1.034501612179270502e+00 3.419105760000000493e-02
1.036570615403628937e+00 3.419818262499999678e-02
1.038643756634436199e+00 3.419589324999999791e-02
1.040721044147705054e+00 3.418241699999999966e-02
1.042802486236000359e+00 3.418339450000000557e-02
1.044888091208472591e+00 3.418370289999999451e-02
1.046977867390889383e+00 3.417807187500000038e-02
1.049071823125671266e+00 3.416562449999999834e-02
1.051169966771922537e+00 3.416681137500000159e-02
1.053272306705466566e+00 3.417059830000000048e-02
1.055378851318877320e+00 3.415749662500000561e-02
1.057489609021515342e+00 3.414275762499999894e-02
1.059604588239558165e+00 3.411287662500000345e-02
1.061723797416037396e+00 3.411571050000000715e-02
1.063847245010869358e+00 3.410854090000000477e-02
1.065974939500891061e+00 3.338957174999999944e-02
1.068106889379893065e+00 3.409668612499999751e-02
1.070243103158652787e+00 3.396808899999999992e-02
1.072383589364970025e+00 3.413292700000000041e-02
1.074528356543700047e+00 3.414742109999999858e-02
1.076677413256787563e+00 3.411440812499999531e-02
1.078830768083300917e+00 3.418672575000000075e-02
1.080988429619467617e+00 3.402893287500000086e-02
1.083150406478706529e+00 3.417701662500000070e-02
1.085316707291664073e+00 3.367794300000000185e-02
1.087487340706247529e+00 3.417360175000000444e-02
1.089662315387660119e+00 3.396562549999999903e-02
1.091841640018435422e+00 3.344693062499999592e-02
1.094025323298472241e+00 3.406760375000000146e-02
1.096213373945069236e+00 3.397244320000000761e-02
1.098405800692959566e+00 3.393324049999999620e-02
1.100602612294345528e+00 3.368583362500000150e-02
1.102803817518934082e+00 3.301912987500000424e-02
1.105009425153971936e+00 3.321197524999999762e-02
1.107219444004279962e+00 3.228571330000000461e-02
1.109433882892288503e+00 3.051299867500000332e-02
1.111652750658073119e+00 3.291700499999999918e-02
1.113876056159389227e+00 2.889630737625000292e-02
1.116103808271708075e+00 2.405872434724999620e-02
1.118336015888251378e+00 2.875932033499999790e-02
1.120572687920027732e+00 2.272527716126249847e-02
1.122813833295867925e+00 2.414212828375000147e-02
1.125059460962459568e+00 2.559790154625000286e-02
1.127309579884384405e+00 2.008222130100000349e-02
1.129564199044153394e+00 2.674035067499999641e-02
1.131823327442241567e+00 3.195212399999999842e-02
1.134086974097126221e+00 1.848227179387499849e-02
1.136355148045320451e+00 2.961032511000000200e-02
1.138627858341410892e+00 3.043517450000000207e-02
1.140905114058093694e+00 2.934327720375000045e-02
1.143186924286210049e+00 3.072568389999999830e-02
1.145473298134782603e+00 3.088804776249999898e-02
1.147764244731052097e+00 2.926493702499999988e-02
1.150059773220514225e+00 2.993877827999999811e-02
1.152359892766955163e+00 2.969597440500000227e-02
1.154664612552489089e+00 2.674452619624999999e-02
1.156973941777594161e+00 3.073288148750000226e-02
1.159287889661149373e+00 3.237782387500000303e-02
1.161606465440471636e+00 3.219035639999999476e-02
1.163929678371352416e+00 2.722785264925000129e-02
1.166257537728095262e+00 3.206763574999999672e-02
1.168590052803551327e+00 3.169149510000000142e-02
1.170927232909158455e+00 3.177956983750000047e-02
1.173269087374976705e+00 3.269763800000000109e-02
1.175615625549726762e+00 3.248057637500000039e-02
1.177966856800826134e+00 3.185890504999999706e-02
1.180322790514427789e+00 3.313807987500000385e-02
1.182683436095456564e+00 3.105075962500000036e-02
1.185048802967647585e+00 3.176228862000000236e-02
1.187418900573582903e+00 3.141070223750000445e-02
1.189793738374729903e+00 3.286341974999999749e-02
1.192173325851479504e+00 3.272458087499999918e-02
1.194557672503182344e+00 3.126530345999999766e-02
1.196946787848188531e+00 3.123159185000000046e-02
1.199340681423884947e+00 3.153898137500000393e-02
1.201739362786732546e+00 3.195060225000000143e-02
1.204142841512306106e+00 3.021822393749999669e-02
1.206551127195330864e+00 3.289887612500000391e-02
1.208964229449721373e+00 3.308197699999999852e-02
1.211382157908620805e+00 3.268794862500000453e-02
1.213804922224438254e+00 3.290083537499999961e-02
1.216232532068886929e+00 3.296958199999999728e-02
1.218664997133024785e+00 3.273060220000000020e-02
1.221102327127290721e+00 2.895135762500000015e-02
1.223544531781545430e+00 3.269436262500000079e-02
1.225991620845108487e+00 3.325062599999999841e-02
1.228443604086798757e+00 3.323947487500000103e-02
1.230900491294972365e+00 3.316150280000000616e-02
1.233362292277562222e+00 3.319828325000000191e-02
1.235829016862117324e+00 3.334958500000000103e-02
1.238300674895841613e+00 3.335610774999999556e-02
1.240777276245633054e+00 3.333808787500000537e-02
1.243258830798124492e+00 3.336838560000000148e-02
1.245745348459720736e+00 3.336296799999999979e-02
1.248236839156640077e+00 3.335063987499999744e-02
1.250733312834953370e+00 3.334940537500000191e-02
1.253234779460623338e+00 3.332169812500000022e-02
1.255741249019544536e+00 3.327161770000000574e-02
1.258252731517583545e+00 3.323067999999999855e-02
1.260769236980618713e+00 3.262194562499999562e-02
1.263290775454580128e+00 3.267412399999999884e-02
1.265817357005489141e+00 3.196619162500000111e-02
1.268348991719500107e+00 2.245305089159999740e-02
1.270885689702939025e+00 2.838514137500000242e-02
1.273427461082345058e+00 3.241489349999999992e-02
1.275974316004509834e+00 3.314998562500000301e-02
1.278526264636518750e+00 3.309393124999999991e-02
1.281083317165791824e+00 3.267943699999999868e-02
1.283645483800123444e+00 3.334055874999999891e-02
1.286212774767723666e+00 3.334761337500000145e-02
1.288785200317259072e+00 3.325020299999999901e-02
1.291362770717893405e+00 3.321971837499999858e-02
1.293945496259329087e+00 3.309756809999999522e-02
1.296533387251847858e+00 3.245438462499999899e-02
1.299126454026351407e+00 3.299822724999999790e-02
1.301724706934404230e+00 3.240306032500000349e-02
1.304328156348272927e+00 3.275538749999999666e-02
1.306936812660969505e+00 3.009196629249999769e-02
1.309550686286291565e+00 3.038627496125000105e-02
1.312169787658864273e+00 3.255258775000000049e-02
1.314794127234181875e+00 2.491665674027499985e-02
1.317423715488650338e+00 3.171963930999999876e-02
1.320058562919627532e+00 3.071958295749999818e-02
1.322698680045466757e+00 3.139054162499999717e-02
1.325344077405557819e+00 3.127330257500000182e-02
1.327994765560368773e+00 3.001355690000000187e-02
1.330650755091489668e+00 2.684044728300000182e-02
1.333312056601672513e+00 2.643227108875000411e-02
1.335978680714875910e+00 3.013269312499999852e-02
1.338650638076305466e+00 3.007734179999999730e-02
1.341327939352458198e+00 2.914627431250000136e-02
1.344010595231163174e+00 2.412656442099999840e-02
1.346698616421625472e+00 1.988453034312500159e-02
1.349392013654468592e+00 1.632420169726250120e-02
1.352090797681777534e+00 2.479013477000000312e-02
1.354794979277141209e+00 1.954695376250000297e-02
1.357504569235695513e+00 1.867977454249999600e-02
1.360219578374167071e+00 1.531966848975000080e-02
1.362940017530915426e+00 1.650739493275000039e-02
1.365665897565977005e+00 1.687730482550000091e-02
1.368397229361109080e+00 1.005591313974999942e-02
1.371134023819831294e+00 1.108156732119999939e-02
1.373876291867470956e+00 1.240770856184249954e-02
1.376624044451205897e+00 1.735082451612125071e-02
1.379377292540108435e+00 1.460452158199999906e-02
1.382136047125188671e+00 1.337294450050000028e-02
1.384900319219438902e+00 1.577734730139999930e-02
1.387670119857877804e+00 1.704214637426250054e-02
1.390445460097593511e+00 2.096779886875000179e-02
1.393226351017788911e+00 1.652653229375000005e-02
1.396012803719824280e+00 1.486752038800000057e-02
1.398804829327263910e+00 1.157957326049999930e-02
1.401602438985918520e+00 1.179613805287499893e-02
1.404405643863890329e+00 1.571302018687499927e-02
1.407214455151617916e+00 1.431864831725000037e-02
1.410028884061921284e+00 1.793752400599999894e-02
1.412848941830045169e+00 1.423840493487499997e-02
1.415674639713705218e+00 1.339273688158749975e-02
1.418505988993132627e+00 1.466420568662499951e-02
1.421343000971118986e+00 1.799056402749999589e-02
1.424185686973061138e+00 1.716066034800000153e-02
1.427034058347007139e+00 1.683161777611250076e-02
1.429888126463701337e+00 1.786955324000000234e-02
1.432747902716628552e+00 1.038363906656250037e-02
1.435613398522062045e+00 1.494213137849999956e-02
1.438484625319106147e+00 1.509236469199999944e-02
1.441361594569744220e+00 1.679461765625000005e-02
1.444244317758883733e+00 1.865095674749999918e-02
1.447132806394401561e+00 1.861932690500000404e-02
1.450027072007190387e+00 1.676333269125000053e-02
1.452927126151204895e+00 1.582810907780000248e-02
1.455832980403507282e+00 1.822833831124999818e-02
1.458744646364314335e+00 1.712299191374999988e-02
1.461662135657042949e+00 1.740332642375000058e-02
1.464585459928356981e+00 1.753448225624999746e-02
1.467514630848213653e+00 1.895194523029999911e-02
1.470449660109910184e+00 1.687322587749999839e-02
1.473390559430129976e+00 1.538197482049999919e-02
1.476337340548990129e+00 2.004626159875000022e-02
1.479290015230088073e+00 1.904333829375000342e-02
1.482248595260548196e+00 2.058755575100000221e-02
1.485213092451069361e+00 2.111602851499999947e-02
1.488183518635971314e+00 2.173222946250000231e-02
1.491159885673243313e+00 2.102063643374999999e-02
1.494142205444589644e+00 2.144601189125000182e-02
1.497130489855478697e+00 2.348722820000000155e-02
1.500124750835189813e+00 2.362802837499999864e-02
1.503125000336860140e+00 2.319733007624999802e-02
1.506131250337534144e+00 2.470038462499999851e-02
1.509143512838209134e+00 2.495816139999999794e-02
1.512161799863885658e+00 2.451191270499999617e-02
1.515186123463613477e+00 2.520469112500000122e-02
1.518216495710540626e+00 2.593591987499999779e-02
1.521252928701961604e+00 2.616334625000000039e-02
1.524295434559365781e+00 2.606399220000000030e-02
1.527344025428484464e+00 2.648968474999999559e-02
1.530398713479341533e+00 2.686732237500000231e-02
1.533459510906300283e+00 2.660913862500000060e-02
1.536526429928112947e+00 2.711267912500000057e-02
1.539599482787969098e+00 2.683485359999999986e-02
1.542678681753545167e+00 2.742737850000000199e-02
1.545764039117052402e+00 2.760578612500000015e-02
1.548855567195286387e+00 2.782416512499999786e-02
1.551953278329677000e+00 2.787643424999999842e-02
1.555057184886336374e+00 2.810457679999999944e-02
1.558167299256108862e+00 2.821859549999999883e-02
1.561283633854621211e+00 2.836191500000000143e-02
1.564406201122330309e+00 2.848542262499999950e-02
1.567535013524575138e+00 2.840285662500000030e-02
1.570670083551624074e+00 2.649816003000000225e-02
1.573811423718727287e+00 2.545669312499999892e-02
1.576959046566164702e+00 2.698861787500000248e-02
1.580112964659297070e+00 2.857778087500000008e-02
1.583273190588615709e+00 2.900205887500000024e-02
1.586439736969792680e+00 2.865138279999999982e-02
1.589612616443732307e+00 2.918850825000000176e-02
1.592791841676620024e+00 2.903076462500000024e-02
1.595977425359973001e+00 2.937193975000000623e-02
1.599169380210692992e+00 2.924556787500000310e-02
1.602367718971114297e+00 2.789809580000000497e-02
1.605572454409056604e+00 2.854752374999999787e-02
1.608783599317874735e+00 2.901778762499999942e-02
1.612001166516510375e+00 2.935395637500000030e-02
1.615225168849543369e+00 2.984906740000000183e-02
1.618455619187242345e+00 2.993586262500000372e-02
1.621692530425617118e+00 3.001869174999999973e-02
1.624935915486468208e+00 2.998748012500000032e-02
1.628185787317441235e+00 3.012871575000000343e-02
1.631442158892076222e+00 2.954658090000000098e-02
1.634705043209860431e+00 2.998145562499999681e-02
1.637974453296279886e+00 2.950643987500000190e-02
1.641250402202872660e+00 2.819818575000000022e-02
1.644532903007278390e+00 2.861665487500000132e-02
1.647821968813293125e+00 2.996268070000000089e-02
1.651117612750919506e+00 2.549507225000000044e-02
1.654419847976421387e+00 2.966307862499999864e-02
1.657728687672374246e+00 3.017478187500000075e-02
1.661044145047719134e+00 3.043297924999999876e-02
1.664366233337814638e+00 2.691216014999999948e-02
1.667694965804490170e+00 3.027694512499999949e-02
1.671030355736099260e+00 3.052013562499999999e-02
1.674372416447571510e+00 2.980153412500000099e-02
1.677721161280466333e+00 3.028540574999999402e-02
1.681076603603027353e+00 3.024451860000000256e-02
1.684438756810233473e+00 3.049575612499999880e-02
1.687807634323853945e+00 3.036044375000000045e-02
1.691183249592501658e+00 2.922365037500000012e-02
1.694565616091686655e+00 3.045232825000000060e-02
1.697954747323870084e+00 3.034774139999999940e-02
1.701350656818517715e+00 2.959554850000000251e-02
1.704753358132154784e+00 2.987416999999999850e-02
1.708162864848419282e+00 2.921842587500000227e-02
1.711579190578115917e+00 3.021273737499999973e-02
1.715002348959272283e+00 2.991894579999999915e-02
1.718432353657190825e+00 2.909885837500000155e-02
1.721869218364505016e+00 2.876668961250000364e-02
1.725312956801233977e+00 2.961647612499999915e-02
1.728763582714836655e+00 2.800291875000000125e-02
1.732221109880266230e+00 2.953830679999999709e-02
1.735685552100026730e+00 2.938265250000000189e-02
1.739156923204226768e+00 2.932515912500000335e-02
1.742635237050635277e+00 2.880159343750000184e-02
1.746120507524736576e+00 2.844146835000000220e-02
1.749612748539786100e+00 2.934475137500000205e-02
1.753111974036865472e+00 2.925316337500000197e-02
1.756618197984939123e+00 2.859779800000000066e-02
1.760131434380908910e+00 2.897065662500000055e-02
1.763651697249670747e+00 2.845382780000000125e-02
1.767179000644169884e+00 2.832999033749999951e-02
1.770713358645458202e+00 2.862065700000000074e-02
1.774254785362749054e+00 2.771791358750000031e-02
1.777803294933474554e+00 2.236015841037499938e-02
1.781358901523341753e+00 2.763842994800000397e-02
1.784921619326388376e+00 2.464145948775000108e-02
1.788491462565041212e+00 2.784515112499999848e-02
1.792068445490171413e+00 2.490280191250000136e-02
1.795652582381151552e+00 2.709353125000000043e-02
1.799243887545913800e+00 2.545733981800000004e-02
1.802842375321005663e+00 2.459105788499999987e-02
1.806448060071647710e+00 2.441142108624999932e-02
1.810060956191791082e+00 1.997080869824999910e-02
1.813681078104174560e+00 1.730717941837500023e-02
1.817308440260382962e+00 1.614173900287399835e-02
1.820943057140903765e+00 1.472434979425000026e-02
1.824584943255185721e+00 2.351301590124999993e-02
1.828234113141696149e+00 2.232195714124999772e-02
1.831890581367979554e+00 1.261314930699999892e-02
1.835554362530715355e+00 1.578708656379999853e-02
1.839225471255776734e+00 1.286204782037500029e-02
1.842903922198288136e+00 1.174417046613749835e-02
1.846589730042684785e+00 1.514947483099999929e-02
1.850282909502769968e+00 1.269371883431249896e-02
1.853983475321775654e+00 1.347202102054999816e-02
1.857691442272419113e+00 1.342571969912500184e-02
1.861406825156963984e+00 1.169980929361249915e-02
1.865129638807277779e+00 1.385473161107499997e-02
1.868859898084892279e+00 9.377758684799999619e-03
1.872597617881062160e+00 9.464341335750000098e-03
1.876342813116824271e+00 1.114711196425000050e-02
1.880095498743057814e+00 1.139276360048750193e-02
1.883855689740544070e+00 1.147442815758750040e-02
1.887623401120025246e+00 1.250050434650000139e-02
1.891398647922265308e+00 6.534624836625000342e-03
1.895181445218109717e+00 9.757551951625000747e-03
1.898971808108545822e+00 9.446586909625000195e-03
1.902769751724763037e+00 9.416729108187501043e-03
1.906575291228212565e+00 8.027496821626399146e-03
1.910388441810669136e+00 1.063295839925000076e-02
1.914209218694290282e+00 8.601131267375000319e-03
1.918037637131678963e+00 1.038835069037499954e-02
1.921873712405942403e+00 9.350254901999999549e-03
1.925717459830754041e+00 9.209398424999999319e-03
1.929568894750415708e+00 5.739444485722500211e-03
1.933428032539916241e+00 9.128708229875000246e-03
1.937294888604996324e+00 9.830667951250000175e-03
1.941169478382206215e+00 1.041860968499999825e-02
1.945051817338970590e+00 1.004497177600000186e-02
1.948941920973648489e+00 1.024580142625000113e-02
1.952839804815595715e+00 9.394619732000000431e-03
1.956745484425226778e+00 5.683285942499999646e-03
1.960658975394077297e+00 9.038321063750000273e-03
1.964580293344865503e+00 8.573244158509997492e-03
1.968509453931555075e+00 5.344140519387499851e-03
1.972446472839417986e+00 1.150047371625000092e-02
1.976391365785096887e+00 1.300292396250000114e-02
1.980344148516667069e+00 1.265597179987499980e-02
1.984304836813700401e+00 1.338784253099999967e-02
1.988273446487327956e+00 1.366755990249999934e-02
1.992249993380302620e+00 1.473988117500000042e-02
1.996234493367063045e+00 1.384941986250000021e-02
2.000226962353797155e+00 9.131695462200000932e-03
