2.002000000000000168e-01 1.829638100000000218e-03
2.006004000000000120e-01 2.498348750000000101e-03
2.010016008000000132e-01 1.927726124999999983e-03
2.014036040016000118e-01 2.696186624999999826e-03
2.018064112096032425e-01 2.635352100000000128e-03
2.022100240320224285e-01 2.878958124999999972e-03
2.026144440800864976e-01 3.033160999999999930e-03
2.030196729682466894e-01 2.964763000000000034e-03
2.034257123141831602e-01 2.882435374999999834e-03
2.038325637388115341e-01 2.792733500000000105e-03
2.042402288662891752e-01 2.706789125000000178e-03
2.046487093240217381e-01 2.633547750000000444e-03
2.050580067426697739e-01 2.575449000000000054e-03
2.054681227561551138e-01 2.563703499999999812e-03
2.058790590016674471e-01 2.553020999999999936e-03
2.062908171196707885e-01 2.531337500000000428e-03
2.067033987539101392e-01 2.507711624999999812e-03
2.071168055514179263e-01 2.487760375000000121e-03
2.075310391625207751e-01 2.472352500000000314e-03
2.079461012408458098e-01 2.452988200000000632e-03
2.083619934433275089e-01 2.432953375000000088e-03
2.087787174302141446e-01 2.415079250000000399e-03
2.091962748650745829e-01 2.396863749999999984e-03
2.096146674148047229e-01 2.375532249999999946e-03
2.100338967496343523e-01 2.348912100000000343e-03
2.104539645431336148e-01 2.330748000000000108e-03
2.108748724722198931e-01 2.315650499999999997e-03
2.112966222171643316e-01 2.295328000000000125e-03
2.117192154615986643e-01 2.271333250000000248e-03
2.121426538925218486e-01 2.237086200000000177e-03
2.125669392003068925e-01 2.200711125000000094e-03
2.129920730787074890e-01 2.168962374999999776e-03
2.134180572248648988e-01 2.138406250000000116e-03
2.138448933393146401e-01 2.108193874999999932e-03
2.142725831259932878e-01 2.066098600000000358e-03
2.147011282922452469e-01 2.021129874999999954e-03
2.151305305488297459e-01 1.985230750000000193e-03
2.155607916099274157e-01 1.955944875000000232e-03
2.159919131931472558e-01 1.923477099999999860e-03
2.164238970195335454e-01 1.885366749999999904e-03
2.168567448135726161e-01 1.848169499999999937e-03
2.172904583031997627e-01 1.813341124999999932e-03
2.177250392198061546e-01 1.780010375000000075e-03
2.181604892982457744e-01 1.743129999999999853e-03
2.185968102768422461e-01 1.705305249999999927e-03
2.190340038973959125e-01 1.666166499999999911e-03
2.194720719051907187e-01 1.624931875000000005e-03
2.199110160490010957e-01 1.584878375000000087e-03
2.203508380810991207e-01 1.542357600000000047e-03
2.207915397572613181e-01 1.501651374999999917e-03
2.212331228367758196e-01 1.461638375000000149e-03
2.216755890824493869e-01 1.419637125000000003e-03
2.221189402606142949e-01 1.379715499999999845e-03
2.225631781411355203e-01 1.337833899999999951e-03
2.230083044974177642e-01 1.297871499999999874e-03
2.234543211064126123e-01 1.263793999999999942e-03
2.239012297486254466e-01 1.227195749999999974e-03
2.243490322081226895e-01 1.191466124999999900e-03
2.247977302725389648e-01 1.153083799999999898e-03
2.252473257330840362e-01 1.116833749999999841e-03
2.256978203845501907e-01 1.086276499999999905e-03
2.261492160253192885e-01 1.055402249999999858e-03
2.266015144573699513e-01 1.022975624999999857e-03
2.270547174862846962e-01 9.880757599999999332e-04
2.275088269212572623e-01 9.544175750000000267e-04
2.279638445750997722e-01 9.257242624999999833e-04
2.284197722642499762e-01 8.970360750000000612e-04
2.288766118087784962e-01 8.670405749999999991e-04
2.293343650323960425e-01 8.343157900000000658e-04
2.297930337624608521e-01 8.038148749999998906e-04
2.302526198299857663e-01 7.653083374999999780e-04
2.307131250696457525e-01 7.505189124999999718e-04
2.311745513197850377e-01 7.250115875000000525e-04
2.316369004224245742e-01 7.038065300000000135e-04
2.321001742232694509e-01 6.822827250000001228e-04
2.325643745717159705e-01 6.607570125000000478e-04
2.330295033208594213e-01 6.388378000000000112e-04
2.334955623275011272e-01 6.187653499999999727e-04
2.339625534521561634e-01 6.024618749999999636e-04
2.344304785590604623e-01 5.819171875000000559e-04
2.348993395161785847e-01 5.645019125000000620e-04
2.353691381952109363e-01 5.525818125000000200e-04
2.358398764716013452e-01 5.335295900000000622e-04
2.363115562245445278e-01 5.131648625000000043e-04
2.367841793369936387e-01 5.009214874999999871e-04
2.372577476956675979e-01 4.857725875000000210e-04
2.377322631910589457e-01 4.729659499999999944e-04
2.382077277174410590e-01 4.570990799999999875e-04
2.386841431728759511e-01 4.439587625000000369e-04
2.391615114592217095e-01 4.337929124999999417e-04
2.396398344821401571e-01 4.180182999999999750e-04
2.401191141511044291e-01 4.059158874999999967e-04
2.405993523794066058e-01 3.982657799999999963e-04
2.410805510841654287e-01 3.865164624999999922e-04
2.415627121863337390e-01 3.747562499999999917e-04
2.420458376107064158e-01 3.668899374999999574e-04
2.425299292859278144e-01 3.608706750000000192e-04
2.430149891444997046e-01 3.528644899999999816e-04
2.435010191227887089e-01 3.426353625000000576e-04
2.439880211610342686e-01 3.351527249999999955e-04
2.444759972033563322e-01 3.312985125000000104e-04
2.449649491977630433e-01 3.261288125000000250e-04
2.454548790961585680e-01 3.131636199999999993e-04
2.459457888543508663e-01 3.056547499999999690e-04
2.464376804320595749e-01 3.028786999999999907e-04
2.469305557929236949e-01 2.983698750000000162e-04
2.474244169045095587e-01 2.902003250000000090e-04
2.479192657383185727e-01 2.845316899999999843e-04
2.484151042697951839e-01 2.809282125000000228e-04
2.489119344783347898e-01 2.719485750000000257e-04
2.494097583472914548e-01 2.680073250000000133e-04
2.499085778639860422e-01 2.633988299999999645e-04
2.504083950197140140e-01 2.620613874999999800e-04
2.509092118097534518e-01 2.603287000000000136e-04
2.514110302333729119e-01 2.538110375000000125e-04
2.519138522938396685e-01 2.463843124999999892e-04
2.524176799984273467e-01 2.470368300000000015e-04
2.529225153584241936e-01 2.456624000000000351e-04
2.534283603891410719e-01 2.412774750000000273e-04
2.539352171099192867e-01 2.374788125000000115e-04
2.544430875441391349e-01 2.378514500000000146e-04
2.549519737192273983e-01 2.345558700000000267e-04
2.554618776666658375e-01 2.282000999999999973e-04
2.559728014219991854e-01 2.295708874999999901e-04
2.564847470248432515e-01 2.321415250000000152e-04
2.569977165188929158e-01 2.306130625000000307e-04
2.575117119519306774e-01 2.287791699999999978e-04
2.580267353758345372e-01 2.279074374999999985e-04
2.585427888465862134e-01 2.212423999999999944e-04
2.590598744242793572e-01 2.203466874999999981e-04
2.595779941731279905e-01 2.283983875000000145e-04
2.600971501614742221e-01 2.286846799999999878e-04
2.606173444617971846e-01 2.208812125000000199e-04
2.611385791507207510e-01 2.242270874999999957e-04
2.616608563090221939e-01 2.289088374999999852e-04
2.621841780216402351e-01 2.263874750000000123e-04
2.627085463776834828e-01 2.254975300000000094e-04
2.632339634704388698e-01 2.336164625000000162e-04
2.637604313973797576e-01 2.342387749999999959e-04
2.642879522601745412e-01 2.296935749999999771e-04
2.648165281646948088e-01 2.315874875000000074e-04
2.653461612210242238e-01 2.365632600000000096e-04
2.658768535434662961e-01 2.361024750000000234e-04
2.664086072505532643e-01 2.408870874999999886e-04
2.669414244650543111e-01 2.478465625000000005e-04
2.674753073139844450e-01 2.476376299999999636e-04
2.680102579286124387e-01 2.492664249999999772e-04
2.685462784444696549e-01 2.582319000000000237e-04
2.690833710013585955e-01 2.644513500000000308e-04
2.696215377433612836e-01 2.614435875000000213e-04
2.701607808188479787e-01 2.656633700000000063e-04
2.707011023804857253e-01 2.763768124999999498e-04
2.712425045852466798e-01 2.814314750000000091e-04
2.717849895944172145e-01 2.835335000000000459e-04
2.723285595736060216e-01 2.899949750000000229e-04
2.728732166927532177e-01 2.985307899999999634e-04
2.734189631261387810e-01 3.067243249999999748e-04
2.739658010523910447e-01 3.201493875000000107e-04
2.745137326544958567e-01 3.297003374999999976e-04
2.750627601198047945e-01 3.310961375000000088e-04
2.756128856400444360e-01 3.452006300000000187e-04
2.761641114113245199e-01 3.554818750000000209e-04
2.767164396341471599e-01 3.667809749999999345e-04
2.772698725134154496e-01 3.748796749999999591e-04
2.778244122584422882e-01 3.885370375000000097e-04
2.783800610829592070e-01 4.055899599999999950e-04
2.789368212051250850e-01 4.218455125000000229e-04
2.794946948475353632e-01 4.354724124999999856e-04
2.800536842372304269e-01 4.473934000000000049e-04
2.806137916057048765e-01 4.728313250000000024e-04
2.811750191889162975e-01 4.905885700000000259e-04
2.817373692272941987e-01 5.268747000000000057e-04
2.823008439657487822e-01 5.430894249999998914e-04
2.828654456536803252e-01 5.655685499999999876e-04
2.834311765449876730e-01 5.716033874999999244e-04
2.839980388980776205e-01 6.154374000000000650e-04
2.845660349758737939e-01 6.502540875000000420e-04
2.851351670458255327e-01 6.838011624999999413e-04
2.857054373799171598e-01 7.178892500000000690e-04
2.862768482546770299e-01 7.423188625000000807e-04
2.868494019511863558e-01 7.844750799999999783e-04
2.874231007550887562e-01 8.232041999999999745e-04
2.879979469565989714e-01 8.880198999999999645e-04
2.885739428505121884e-01 9.335527249999999583e-04
2.891510907362132010e-01 9.865908599999998960e-04
2.897293929176856242e-01 1.051119875000000072e-03
2.903088517035209426e-01 1.099169125000000035e-03
2.908894694069280029e-01 1.152816749999999906e-03
2.914712483457418957e-01 1.235502375000000104e-03
2.920541908424333366e-01 1.336098400000000110e-03
2.926382992241182146e-01 1.397486500000000038e-03
2.932235758225664735e-01 1.486925750000000091e-03
2.938100229742116043e-01 1.602463250000000020e-03
2.943976430201600269e-01 1.676041000000000076e-03
2.949864383062003048e-01 1.786019299999999903e-03
2.955764111828127483e-01 1.944465875000000012e-03
2.961675640051783520e-01 2.077513625000000121e-03
2.967598991331887315e-01 2.182064000000000052e-03
2.973534189314551157e-01 2.334063875000000343e-03
2.979481257693180618e-01 2.532079699999999819e-03
2.985440220208566697e-01 2.689136874999999930e-03
2.991411100648984078e-01 2.844522874999999909e-03
2.997393922850282166e-01 3.085035124999999795e-03
3.003388710695982233e-01 3.242717625000000100e-03
3.009395488117374562e-01 3.483257100000000054e-03
3.015414279093609484e-01 3.781231500000000086e-03
3.021445107651796746e-01 3.934609375000000173e-03
3.027487997867099878e-01 4.225573874999999369e-03
3.033542973862833891e-01 4.563606499999999302e-03
3.039610059810559650e-01 4.755484699999999731e-03
3.045689279930180460e-01 5.074387750000000120e-03
3.051780658490040876e-01 5.565183499999999325e-03
3.057884219807021076e-01 5.845583749999999287e-03
3.063999988246635664e-01 6.011075250000000141e-03
3.070127988223129156e-01 6.558806000000000358e-03
3.076268244199575896e-01 7.208268500000000051e-03
3.082420780687974982e-01 7.392086875000000376e-03
3.088585622249351292e-01 7.682760875000000690e-03
3.094762793493849307e-01 8.452361500000001721e-03
3.100952319080837460e-01 9.100476999999999178e-03
3.107154223718998631e-01 9.497398750000000250e-03
3.113368532166437275e-01 9.810475875000000331e-03
3.119595269230769907e-01 1.117729362499999927e-02
3.125834459769231133e-01 1.247062199999999892e-02
3.132086128688770232e-01 1.273053250000000074e-02
3.138350300946147753e-01 1.282551124999999938e-02
3.144627001548039313e-01 1.483011124999999986e-02
3.150916255551135525e-01 1.552768125000000138e-02
3.157218088062238026e-01 1.497748000000000135e-02
3.163532524238362176e-01 1.715614000000000028e-02
3.169859589286838641e-01 1.776806749999999824e-02
3.176199308465412763e-01 1.713954000000000172e-02
3.182551707082343917e-01 1.887372374999999811e-02
3.188916810496508214e-01 2.158893199999999818e-02
3.195294644117501193e-01 1.999911625000000068e-02
3.201685233405736630e-01 1.987170624999999927e-02
3.208088603872547573e-01 2.349964874999999759e-02
3.214504781080292917e-01 2.531464249999999805e-02
3.220933790642453443e-01 2.265032800000000429e-02
3.227375658223737842e-01 2.243837375000000064e-02
3.233830409540185413e-01 2.685475749999999967e-02
3.240298070359265425e-01 2.869981750000000220e-02
3.246778666499984256e-01 2.633909999999999724e-02
3.253272223832984200e-01 2.521257200000000254e-02
3.259778768280650052e-01 2.841828500000000146e-02
3.266298325817211246e-01 3.088900500000000063e-02
3.272830922468845660e-01 2.944152374999999683e-02
3.279376584313783427e-01 2.715666624999999584e-02
3.285935337482410734e-01 2.950650399999999937e-02
3.292507208157375853e-01 3.250473499999999988e-02
3.299092222573690725e-01 3.245127750000000033e-02
3.305690407018838095e-01 3.017754624999999941e-02
3.312301787832875322e-01 2.947375500000000079e-02
3.318926391408540955e-01 3.208266399999999685e-02
3.325564244191357988e-01 3.355961375000000163e-02
3.332215372679740994e-01 3.296262500000000234e-02
3.338879803425100490e-01 3.095329874999999675e-02
3.345557563031950621e-01 3.286000399999999821e-02
3.352248678158014084e-01 3.401520375000000040e-02
3.358953175514330369e-01 3.420926124999999762e-02
3.365671081865359016e-01 3.336872124999999689e-02
3.372402424029089518e-01 3.232747249999999573e-02
3.379147228877147358e-01 3.314167999999999975e-02
3.385905523334902245e-01 3.425143875000000171e-02
3.392677334381571930e-01 3.435175750000000333e-02
3.399462689050334330e-01 3.384462500000000318e-02
3.406261614428435225e-01 3.359289625000000390e-02
3.413074137657292062e-01 3.436577299999999530e-02
3.419900285932606643e-01 3.456773624999999461e-02
3.426740086504471705e-01 3.459457999999999978e-02
3.433593566677480835e-01 3.434542000000000150e-02
3.440460753810836159e-01 3.368906499999999721e-02
3.447341675318457699e-01 3.406084999999999668e-02
3.454236358669094398e-01 3.445360875000000322e-02
3.461144831386432363e-01 3.454429750000000132e-02
3.468067121049205337e-01 3.453574624999999898e-02
3.475003255291303494e-01 3.429343499999999711e-02
3.481953261801886135e-01 3.448745400000000072e-02
3.488917168325489926e-01 3.455537999999999665e-02
3.495895002662141038e-01 3.454037125000000014e-02
3.502886792667465610e-01 3.451297874999999932e-02
3.509892566252800217e-01 3.442914125000000325e-02
3.516912351385305668e-01 3.415411699999999773e-02
3.523946176088076365e-01 3.428843624999999840e-02
3.530994068440251876e-01 3.432180624999999624e-02
3.538056056577132402e-01 3.431409500000000279e-02
3.545132168690287022e-01 3.427678750000000274e-02
3.552222433027667492e-01 3.420235800000000215e-02
3.559326877893722596e-01 3.417841124999999869e-02
3.566445531649510281e-01 3.414039249999999831e-02
3.573578422712808678e-01 3.409836874999999656e-02
3.580725579558234339e-01 3.405513699999999921e-02
3.587887030717350489e-01 3.400258625000000118e-02
3.595062804778785814e-01 3.390998249999999797e-02
3.602252930388343266e-01 3.389675500000000063e-02
3.609457436249119411e-01 3.392273250000000379e-02
3.616676351121618227e-01 3.393709200000000203e-02
3.623909703823861017e-01 3.393836374999999878e-02
3.631157523231508533e-01 3.394482375000000551e-02
3.638419838277971996e-01 3.395031500000000174e-02
3.645696677954528009e-01 3.395333000000000379e-02
3.652988071310436791e-01 3.395611799999999347e-02
3.660294047453057642e-01 3.396229249999999783e-02
3.667614635547964408e-01 3.396777624999999801e-02
3.674949864819060386e-01 3.397182249999999848e-02
3.682299764548698229e-01 3.397280874999999978e-02
3.689664364077795966e-01 3.397522399999999831e-02
3.697043692805951354e-01 3.398319999999999813e-02
3.704437780191563445e-01 3.396075374999999591e-02
3.711846655751946944e-01 3.392188624999999819e-02
3.719270349063450443e-01 3.388264874999999399e-02
3.726708889761577437e-01 3.383772200000000063e-02
3.734162307541100123e-01 3.379147750000000006e-02
3.741630632156182079e-01 3.375088874999999933e-02
3.749113893420494836e-01 3.371166999999999914e-02
3.756612121207335564e-01 3.367181000000000340e-02
3.764125345449750304e-01 3.362382099999999818e-02
3.771653596140650544e-01 3.356340875000000251e-02
3.779196903332932012e-01 3.354017374999999912e-02
3.786755297139597909e-01 3.349985125000000397e-02
3.794328807733876596e-01 3.345788874999999774e-02
3.801917465349344827e-01 3.342409000000000352e-02
3.809521300280043210e-01 3.341868124999999856e-02
3.817140342880603332e-01 3.341583500000000484e-02
3.824774623566364884e-01 3.341320124999999641e-02
3.832424172813497787e-01 3.341062300000000040e-02
3.840089021159124316e-01 3.340847000000000261e-02
3.847769199201442891e-01 3.340663500000000397e-02
3.855464737599845759e-01 3.340460624999999628e-02
3.863175667075045561e-01 3.340232999999999397e-02
3.870902018409195788e-01 3.339969699999999903e-02
3.878643822446014022e-01 3.339745874999999753e-02
3.886401110090906830e-01 3.339562875000000319e-02
3.894173912311088559e-01 3.339416750000000211e-02
3.901962260135710681e-01 3.338707500000000217e-02
3.909766184655981691e-01 3.336055799999999849e-02
3.917585717025293679e-01 3.333883749999999591e-02
3.925420888459344448e-01 3.331569250000000065e-02
3.933271730236262975e-01 3.327161124999999942e-02
3.941138273696735417e-01 3.326998000000000455e-02
3.949020550244128902e-01 3.324355699999999997e-02
3.956918591344616987e-01 3.321838250000000436e-02
3.964832428527306218e-01 3.319323124999999652e-02
3.972762093384361037e-01 3.317259999999999653e-02
3.980707617571129786e-01 3.311916374999999968e-02
3.988669032806272385e-01 3.312403300000000411e-02
3.996646370871884679e-01 3.310028999999999749e-02
4.004639663613628331e-01 3.308199124999999796e-02
4.012648942940855168e-01 3.306206750000000028e-02
4.020674240826737078e-01 3.303721625000000106e-02
4.028715589308390355e-01 3.301255200000000056e-02
4.036773020487006702e-01 3.298682875000000236e-02
4.044846566527980913e-01 3.296395750000000180e-02
4.052936259661036877e-01 3.293920374999999984e-02
4.061042132180359143e-01 3.291372750000000347e-02
4.069164216444720039e-01 3.288727200000000211e-02
4.077302544877609569e-01 3.285199374999999561e-02
4.085457149967364754e-01 3.283578874999999730e-02
4.093628064267299527e-01 3.281300624999999860e-02
4.101815320395834075e-01 3.279090249999999651e-02
4.110018951036625845e-01 3.276416099999999998e-02
4.118238988938699441e-01 3.273854749999999952e-02
4.126475466916577073e-01 3.271701999999999944e-02
4.134728417850409565e-01 3.269490249999999765e-02
4.142997874686110693e-01 3.266133899999999757e-02
4.151283870435482637e-01 3.264195000000000291e-02
4.159586438176353651e-01 3.261777750000000031e-02
4.167905611052706849e-01 3.257967250000000370e-02
4.176241422274811765e-01 3.256619749999999786e-02
4.184593905119361468e-01 3.254136700000000160e-02
4.192963092929599678e-01 3.250168999999999975e-02
4.201349019115458994e-01 3.248688624999999941e-02
4.209751717153689676e-01 3.246045875000000414e-02
4.218171220587997317e-01 3.243131375000000288e-02
4.226607563029173287e-01 3.239706900000000056e-02
4.235060778155231298e-01 3.236451875000000145e-02
4.243530899711541737e-01 3.233638249999999659e-02
4.252017961510964894e-01 3.230810875000000165e-02
4.260521997433986963e-01 3.227794250000000364e-02
4.269043041428854934e-01 3.225759100000000212e-02
4.277581127511712600e-01 3.223171749999999974e-02
4.286136289766736551e-01 3.221390500000000101e-02
4.294708562346269964e-01 3.219330000000000108e-02
4.303297979470962487e-01 3.216915874999999592e-02
4.311904575429904574e-01 3.213512999999999786e-02
4.320528384580764047e-01 3.209847250000000263e-02
4.329169441349925429e-01 3.206901374999999998e-02
4.337827780232624830e-01 3.204319625000000282e-02
4.346503435793090397e-01 3.202075000000000060e-02
4.355196442664676648e-01 3.199571500000000096e-02
4.363906835550006025e-01 3.196596499999999896e-02
4.372634649221106007e-01 3.193242000000000302e-02
4.381379918519547889e-01 3.189480750000000392e-02
4.390142678356587225e-01 3.185271124999999870e-02
4.398922963713300383e-01 3.180379599999999529e-02
4.407720809640727211e-01 3.175051749999999867e-02
4.416536251260008150e-01 3.158674124999999444e-02
4.425369323762528007e-01 3.165499000000000090e-02
4.434220062410053065e-01 3.161387200000000119e-02
4.443088502534873196e-01 3.161324249999999947e-02
4.451974679539942858e-01 3.159522750000000324e-02
4.460878628899022647e-01 3.156285999999999814e-02
4.469800386156820293e-01 3.158750375000000249e-02
4.478739986929134442e-01 3.156201799999999724e-02
4.487697466902992316e-01 3.151524375000000489e-02
4.496672861836799040e-01 3.146566124999999881e-02
4.505666207560472536e-01 3.142384750000000448e-02
4.514677539975593401e-01 3.139610874999999857e-02
4.523706895055544797e-01 3.137182699999999796e-02
4.532754308845656221e-01 3.134903499999999732e-02
4.541819817463347286e-01 3.132497499999999796e-02
4.550903457098274263e-01 3.127898500000000220e-02
4.560005264012471082e-01 3.123628125000000103e-02
4.569125274540495885e-01 3.116231000000000209e-02
4.578263525089577013e-01 3.108822125000000255e-02
4.587420052139756232e-01 3.101536499999999613e-02
4.596594892244035835e-01 3.094336374999999764e-02
4.605788082028524077e-01 3.087523625000000022e-02
4.614999658192581178e-01 3.081569799999999554e-02
4.624229657508966418e-01 3.078765250000000536e-02
4.633478116823984694e-01 3.078828374999999923e-02
4.642745073057632510e-01 3.079546000000000019e-02
4.652030563203747304e-01 3.079940624999999779e-02
4.661334624330154552e-01 3.078010600000000152e-02
4.670657293578814873e-01 3.072724000000000288e-02
4.679998608165972795e-01 3.066063499999999858e-02
4.689358605382304424e-01 3.056245750000000094e-02
4.698737322593069532e-01 3.052781000000000244e-02
4.708134797238255342e-01 3.048373100000000002e-02
4.717551066832731399e-01 3.044353000000000337e-02
4.726986168966397228e-01 3.041401499999999911e-02
4.736440141304329998e-01 3.037607124999999741e-02
4.745913021586939395e-01 3.031541749999999702e-02
4.755404847630113063e-01 3.021848700000000221e-02
4.764915657325373699e-01 3.009510500000000047e-02
4.774445488640024493e-01 2.997233750000000141e-02
4.783994379617304560e-01 2.984201000000000215e-02
4.793562368376539373e-01 2.969823700000000233e-02
4.803149493113292312e-01 2.957710624999999871e-02
4.812755792099518981e-01 2.951006000000000115e-02
4.822381303683718201e-01 2.947656375000000384e-02
4.832026066291085775e-01 2.948076249999999690e-02
4.841690118423668254e-01 2.950960799999999967e-02
4.851373498660515038e-01 2.956408375000000102e-02
4.861076245657836026e-01 2.960864624999999528e-02
4.870798398149152053e-01 2.959886000000000114e-02
4.880539994945450322e-01 2.961598124999999943e-02
4.890301074935341497e-01 2.957180300000000067e-02
4.900081677085211806e-01 2.950995625000000025e-02
4.909881840439382916e-01 2.945751500000000009e-02
4.919701604120261251e-01 2.940332375000000165e-02
4.929541007328501756e-01 2.938089000000000325e-02
4.939400089343158884e-01 2.934498400000000104e-02
4.949278889521845359e-01 2.929713874999999995e-02
4.959177447300888719e-01 2.923436000000000090e-02
4.969095802195490075e-01 2.914940750000000191e-02
4.979033993799881208e-01 2.903995000000000187e-02
4.988992061787480559e-01 2.889521199999999998e-02
4.998970045911055315e-01 2.873273499999999883e-02
5.008967986002876849e-01 2.858014249999999562e-02
5.018985921974883357e-01 2.830902374999999874e-02
5.029023893818832525e-01 2.825923750000000276e-02
5.039081941606470272e-01 2.806666299999999864e-02
5.049160105489682859e-01 2.801517374999999699e-02
5.059258425700663420e-01 2.796264125000000322e-02
5.069376942552064058e-01 2.778679624999999889e-02
5.079515696437167938e-01 2.797115624999999689e-02
5.089674727830042489e-01 2.798698300000000000e-02
5.099854077285701504e-01 2.803620250000000286e-02
5.110053785440273888e-01 2.797535624999999970e-02
5.120273893011153543e-01 2.799111749999999912e-02
5.130514440797175890e-01 2.791125600000000234e-02
5.140775469678771081e-01 2.783231125000000181e-02
5.151057020618128313e-01 2.775543999999999928e-02
5.161359134659364578e-01 2.768489375000000169e-02
5.171681852928683432e-01 2.762327874999999724e-02
5.182025216634540410e-01 2.755706699999999759e-02
5.192389267067809566e-01 2.748658499999999741e-02
5.202774045601945563e-01 2.741195750000000042e-02
5.213179593693149094e-01 2.731529249999999770e-02
5.223605952880534531e-01 2.719713875000000225e-02
5.234053164786296453e-01 2.704312499999999772e-02
5.244521271115868410e-01 2.686463125000000327e-02
5.255010313658099452e-01 2.671950249999999888e-02
5.265520334285416215e-01 2.656294000000000016e-02
5.276051374953987239e-01 2.640494499999999911e-02
5.286603477703895049e-01 2.623214499999999838e-02
5.297176684659302692e-01 2.606798999999999922e-02
5.307771038028621380e-01 2.595225500000000046e-02
5.318386580104679240e-01 2.587045500000000053e-02
5.329023353264887852e-01 2.579707374999999983e-02
5.339681399971416553e-01 2.575844600000000081e-02
5.350360762771360079e-01 2.574500000000000052e-02
5.361061484296902879e-01 2.574036500000000116e-02
5.371783607265496752e-01 2.573132125000000131e-02
5.382527174480027377e-01 2.570923174999999866e-02
5.393292228828987511e-01 2.565739570000000191e-02
5.404078813286645744e-01 2.554330425000000265e-02
5.414886970913218578e-01 2.518042074999999810e-02
5.425716744855044738e-01 2.536499212499999933e-02
5.436568178344756141e-01 2.522927587499999846e-02
5.447441314701444437e-01 2.514554350000000604e-02
5.458336197330847517e-01 2.503777800000000012e-02
5.469252869725509392e-01 2.501474500000000142e-02
5.480191375464960046e-01 2.496027037499999601e-02
5.491151758215888634e-01 2.490196530000000213e-02
5.502134061732321113e-01 2.484167949999999819e-02
5.513138329855785669e-01 2.477984125000000024e-02
5.524164606515497011e-01 2.471254512499999889e-02
5.535212935728528461e-01 2.463818287499999760e-02
5.546283361599984030e-01 2.454520589999999863e-02
5.557375928323184944e-01 2.443808187499999993e-02
5.568490680179830621e-01 2.432918124999999820e-02
5.579627661540189631e-01 2.420501975000000083e-02
5.590786916863270672e-01 2.406699100000000285e-02
5.601968490696997982e-01 2.389281439999999673e-02
5.613172427678392307e-01 2.369153200000000126e-02
5.624398772533748536e-01 2.352589799999999995e-02
5.635647570078816671e-01 2.337064137500000083e-02
5.646918865218973904e-01 2.322801087499999986e-02
5.658212702949412254e-01 2.308448059999999857e-02
5.669529128355310643e-01 2.295047462500000163e-02
5.680868186612021420e-01 2.282509774999999866e-02
5.692229922985245771e-01 2.260682062499999936e-02
5.703614382831215801e-01 2.259283750000000424e-02
5.715021611596877715e-01 2.245907960000000092e-02
5.726451654820071679e-01 2.225357249999999898e-02
5.737904558129711674e-01 2.227300687500000098e-02
5.749380367245970902e-01 2.222551724999999659e-02
5.760879127980462755e-01 2.217392362499999783e-02
5.772400886236424000e-01 2.219080660000000149e-02
5.783945688008896857e-01 2.218552662500000022e-02
5.795513579384914404e-01 2.220789287500000292e-02
5.807104606543684877e-01 2.227117224999999867e-02
5.818718815756771523e-01 2.237978274999999698e-02
5.830356253388285781e-01 2.247925749999999875e-02
5.842016965895062697e-01 2.255205462499999813e-02
5.853700999826851881e-01 2.262619387499999885e-02
5.865408401826505136e-01 2.269915150000000048e-02
5.877139218630158535e-01 2.278038450000000048e-02
5.888893497067417826e-01 2.243344870000000060e-02
5.900671284061553834e-01 2.221664699999999909e-02
5.912472626629676764e-01 2.269110812500000143e-02
5.924297571882934932e-01 2.255962037499999531e-02
5.936146167026701281e-01 2.226653789999999758e-02
5.948018459360754351e-01 2.141225624999999744e-02
5.959914496279475893e-01 2.229066625000000051e-02
5.971834325272035171e-01 2.215941787500000024e-02
5.983777993922578808e-01 2.197783075000000336e-02
5.995745549910425076e-01 2.190302280000000143e-02
6.007737041010245971e-01 2.183213575000000212e-02
6.019752515092265943e-01 2.184336474999999667e-02
6.031792020122450637e-01 2.183184425000000289e-02
6.043855604162695627e-01 2.184372037500000030e-02
6.055943315371020708e-01 2.189569989999999924e-02
6.068055202001763071e-01 2.196745437500000064e-02
6.080191312405766046e-01 2.204992250000000278e-02
6.092351695030577829e-01 2.214325174999999882e-02
6.104536398420639109e-01 2.223718925000000082e-02
6.116745471217479579e-01 2.233632460000000222e-02
6.128978962159914445e-01 2.243186550000000196e-02
6.141236920084234274e-01 2.251012337499999974e-02
6.153519393924402614e-01 2.257763512500000208e-02
6.165826432712251393e-01 2.263647687499999867e-02
6.178158085577676317e-01 2.269684790000000077e-02
6.190514401748832274e-01 2.274961550000000055e-02
6.202895430552329836e-01 2.277783125000000172e-02
6.215301221413433996e-01 2.277848550000000083e-02
6.227731823856261784e-01 2.277565175000000053e-02
6.240187287503973224e-01 2.276841640000000153e-02
6.252667662078981170e-01 2.275551024999999949e-02
6.265172997403138933e-01 2.274996112499999903e-02
6.277703343397945668e-01 1.960483500000000101e-02
6.290258750084741779e-01 2.256664137499999820e-02
6.302839267584912086e-01 2.270043570000000038e-02
6.315444946120081227e-01 2.257094762500000407e-02
6.328075836012321265e-01 2.304097162500000004e-02
6.340731987684345983e-01 2.318109850000000041e-02
6.353413451659715161e-01 2.333795829999999946e-02
6.366120278563034418e-01 2.349603637499999773e-02
6.378852519120159492e-01 2.363923262499999928e-02
6.391610224158400522e-01 2.376124812499999864e-02
6.404393444606717445e-01 2.391466600000000109e-02
6.417202231495930942e-01 2.401986709999999817e-02
6.430036635958922275e-01 2.410963850000000241e-02
6.442896709230840901e-01 2.416678574999999926e-02
6.455782502649303201e-01 2.425294712500000033e-02
6.468694067654601199e-01 2.429667162499999852e-02
6.481631455789910179e-01 2.408078799999999534e-02
6.494594718701489633e-01 2.415834712500000009e-02
6.507583908138891982e-01 2.441524200000000019e-02
6.520599075955170187e-01 2.443366337499999763e-02
6.533640274107079815e-01 2.448918225000000157e-02
6.546707554655294414e-01 2.466161030000000448e-02
6.559800969764604250e-01 2.392997424999999609e-02
6.572920571704133907e-01 2.479269737499999876e-02
6.586066412847542129e-01 2.478417550000000177e-02
6.599238545673237200e-01 2.490950387500000252e-02
6.612437022764583450e-01 2.496571510000000077e-02
6.625661896810113305e-01 2.500855962500000279e-02
6.638913220603732679e-01 2.506676550000000100e-02
6.652191047044940797e-01 2.512872925000000229e-02
6.665495429139030037e-01 2.519213325000000184e-02
6.678826419997307973e-01 2.526437079999999807e-02
6.692184072837303876e-01 2.533473500000000059e-02
6.705568440982978551e-01 2.539418837500000137e-02
6.718979577864944153e-01 2.545083187499999622e-02
6.732417537020674025e-01 2.549877162500000308e-02
6.745882372094715862e-01 2.555499309999999941e-02
6.759374136838904867e-01 2.560630087499999805e-02
6.772892885112582473e-01 2.565154862499999938e-02
6.786438670882807278e-01 2.569858400000000001e-02
6.800011548224572655e-01 2.574651160000000077e-02
6.813611571321021021e-01 2.578129399999999974e-02
6.827238794463663663e-01 2.580577574999999915e-02
6.840893272052590568e-01 2.582794000000000062e-02
6.854575058596696913e-01 2.584391387499999915e-02
6.868284208713890671e-01 2.021764510500000112e-02
6.882020777131317990e-01 2.317351912500000000e-02
6.895784818685580797e-01 1.773639833625000051e-02
6.909576388322952178e-01 2.463921999999999640e-02
6.923395541099597317e-01 2.095072350000000069e-02
6.937242332181796645e-01 2.537092239999999554e-02
6.951116816846160118e-01 2.602243749999999869e-02
6.965019050479852591e-01 2.608756987500000443e-02
6.978949088580812532e-01 2.564265925000000154e-02
6.992906986757974064e-01 2.606259762499999952e-02
7.006892800731490123e-01 2.587855829999999996e-02
7.020906586332953392e-01 2.623195137499999621e-02
7.034948399505618344e-01 2.631211562500000017e-02
7.049018296304629949e-01 2.591499400000000022e-02
7.063116332897239058e-01 2.630845349999999874e-02
7.077242565563033327e-01 2.625466170000000446e-02
7.091397050694159265e-01 2.636368637500000056e-02
7.105579844795547606e-01 2.626630462500000041e-02
7.119791004485138686e-01 2.631517762500000177e-02
7.134030586494108928e-01 2.634876175000000140e-02
7.148298647667097327e-01 2.623330590000000351e-02
7.162595244962430829e-01 2.602451599999999754e-02
7.176920435452356362e-01 2.490554575000000076e-02
7.191274276323260661e-01 2.441585637500000294e-02
7.205656824875906752e-01 2.359596862499999809e-02
7.220068138525659318e-01 2.621366730000000006e-02
7.234508274802710082e-01 2.549658812500000052e-02
7.248977291352315389e-01 2.480703612500000099e-02
7.263475245935020475e-01 2.545869287500000105e-02
7.278002196426889281e-01 2.313999801250000293e-02
7.292558200819743153e-01 2.559333520000000098e-02
7.307143317221382883e-01 2.491541647500000040e-02
7.321757603855825192e-01 2.568920300000000073e-02
7.336401119063536980e-01 2.581971262500000128e-02
7.351073921301664038e-01 2.614704710000000099e-02
7.365776069144267524e-01 2.653230212499999713e-02
7.380507621282555997e-01 2.655691174999999862e-02
7.395268636525120787e-01 2.643297287500000203e-02
7.410059173798171361e-01 2.659545512500000042e-02
7.424879292145767362e-01 2.658110080000000014e-02
7.439729050730057303e-01 2.641145162500000212e-02
7.454608508831517266e-01 2.647453150000000227e-02
7.469517725849180723e-01 2.651276699999999958e-02
7.484456761300879446e-01 2.650930687499999938e-02
7.499425674823481103e-01 2.648040390000000119e-02
7.514424526173126839e-01 2.656992500000000118e-02
7.529453375225474421e-01 2.660296812500000108e-02
7.544512281975925827e-01 2.665613425000000133e-02
7.559601306539878163e-01 2.667997737500000036e-02
7.574720509152956804e-01 2.669916319999999718e-02
7.589869950171262980e-01 2.570324400000000356e-02
7.605049690071605806e-01 7.648152987500000249e-03
7.620259789451748755e-01 6.986167674999999196e-03
7.635500309030651689e-01 1.046682237500000043e-02
7.650771309648712881e-01 1.823348609999999800e-02
7.666072852268009941e-01 2.064686950000000146e-02
7.681404997972545168e-01 2.471537937499999893e-02
7.696767807968490915e-01 2.664681837500000247e-02
7.712161343584428286e-01 2.667639450000000231e-02
7.727585666271596931e-01 2.664875630000000314e-02
7.743040837604140414e-01 2.660755699999999696e-02
7.758526919279349343e-01 2.657693624999999879e-02
7.774043973117907846e-01 2.653897687500000185e-02
7.789592061064143369e-01 2.651006687500000181e-02
7.805171245186270923e-01 2.649150700000000094e-02
7.820781587676643998e-01 2.652553549999999913e-02
7.836423150851996589e-01 2.653656812499999990e-02
7.852095997153700768e-01 2.657263525000000057e-02
7.867800189148008716e-01 2.647555809999999760e-02
7.883535789526303628e-01 2.659587425000000185e-02
7.899302861105357287e-01 2.609180512499999910e-02
7.915101466827567656e-01 2.653583899999999857e-02
7.930931669761223102e-01 2.664370074999999893e-02
7.946793533100744433e-01 2.667720279999999736e-02
7.962687120166946908e-01 2.632392587500000103e-02
7.978612494407281153e-01 2.646937487499999991e-02
7.994569719396096286e-01 2.638923249999999832e-02
8.010558858834887497e-01 2.649412475000000045e-02
8.026579976552556950e-01 2.588276664999999976e-02
8.042633136505661362e-01 2.626449775000000084e-02
8.058718402778672907e-01 2.659570325000000512e-02
8.074835839584230124e-01 2.655267374999999846e-02
8.090985511263398822e-01 2.648423587500000481e-02
8.107167482285926319e-01 2.636770049999999713e-02
8.123381817250497905e-01 2.642189224999999878e-02
8.139628580884998854e-01 2.578379449999999851e-02
8.155907838046769776e-01 2.597106149999999988e-02
8.172219653722863075e-01 2.586355912499999771e-02
8.188564093030309410e-01 2.356843784400000294e-02
8.204941221216369707e-01 2.470873201250000165e-02
8.221351103658802728e-01 2.580933025000000172e-02
8.237793805866120422e-01 2.596585325000000388e-02
8.254269393477852157e-01 2.308369246249999951e-02
8.270777932264807841e-01 2.579766470000000034e-02
8.287319488129337719e-01 2.443675368749999993e-02
8.303894127105596601e-01 2.615874562500000028e-02
8.320501915359808098e-01 2.622050362500000231e-02
8.337142919190527746e-01 2.619934025000000138e-02
8.353817205028908344e-01 2.652125069999999862e-02
8.370524839438966413e-01 2.650663400000000114e-02
8.387265889117843098e-01 2.655491075000000062e-02
8.404040420896079500e-01 2.648594550000000006e-02
8.420848501737872027e-01 2.652907912500000048e-02
8.437690198741347736e-01 2.644672289999999704e-02
8.454565579138830778e-01 2.656803775000000228e-02
8.471474710297107746e-01 2.655235325000000063e-02
8.488417659717701902e-01 2.649575762499999793e-02
8.505394495037137403e-01 2.643463890000000149e-02
8.522405284027212424e-01 2.628083100000000102e-02
8.539450094595266716e-01 2.636177612499999989e-02
8.556528994784455833e-01 2.641540262500000069e-02
8.573642052774025357e-01 2.644445937499999982e-02
8.590789336879574023e-01 2.645740690000000436e-02
8.607970915553332381e-01 2.647976749999999754e-02
8.625186857384439243e-01 2.649961312500000166e-02
8.642437231099207029e-01 2.652333875000000007e-02
8.659722105561405980e-01 2.653262687500000314e-02
8.677041549772528395e-01 2.654745369999999757e-02
8.694395632872073953e-01 2.654440362499999734e-02
8.711784424137818394e-01 2.654046399999999972e-02
8.729207992986094400e-01 2.655488825000000205e-02
8.746666408972065820e-01 2.655336600000000186e-02
8.764159741790010782e-01 2.654405799999999538e-02
8.781688061273591472e-01 2.654107699999999972e-02
8.799251437396138353e-01 2.644503100000000079e-02
8.816849940270929942e-01 2.631400625000000423e-02
8.834483640151471473e-01 2.633258987499999954e-02
8.852152607431775788e-01 2.637764530000000218e-02
8.869856912646638669e-01 2.620140124999999903e-02
8.887596626471931938e-01 2.625340037499999946e-02
8.905371819724876570e-01 2.634735900000000075e-02
8.923182563364325803e-01 2.630701849999999772e-02
8.941028928491054906e-01 2.521133777000000159e-02
8.958910986348036509e-01 2.583058950000000423e-02
8.976828808320732600e-01 2.546276887500000322e-02
8.994782465937374294e-01 2.555763412500000262e-02
9.012772030869248274e-01 2.567910525000000055e-02
9.030797574930986560e-01 2.575372509999999948e-02
9.048859170080848502e-01 2.608317749999999879e-02
9.066956888421009442e-01 2.573233425000000241e-02
9.085090802197851589e-01 2.530346247499999646e-02
9.103260983802247130e-01 2.343245643000000517e-02
9.121467505769851325e-01 2.516571698750000308e-02
9.139710440781392276e-01 2.436664768749999960e-02
9.157989861662954034e-01 2.300051727200000048e-02
9.176305841386280804e-01 2.508005257500000099e-02
9.194658453069053383e-01 2.576028279999999920e-02
9.213047769975191148e-01 2.523241687500000011e-02
9.231473865515140709e-01 2.620116624999999783e-02
9.249936813246171230e-01 2.467762631249999922e-02
9.268436686872664199e-01 2.579423762500000078e-02
9.286973560246409853e-01 2.475151975999999657e-02
9.305547507366902504e-01 2.485384407499999920e-02
9.324158602381635852e-01 2.332958527500000184e-02
9.342806919586399417e-01 2.138298966250000085e-02
9.361492533425572748e-01 2.380841833750000150e-02
9.380215518492422966e-01 1.509628097900000271e-02
9.398975949529408958e-01 2.274975212500000149e-02
9.417773901428466710e-01 2.001256158375000135e-02
9.436609449231323499e-01 1.731871775250000065e-02
9.455482668129786550e-01 2.243012458750000271e-02
9.474393633466045017e-01 2.359225767999999918e-02
9.493342420732977516e-01 1.986034191124999917e-02
9.512329105574443000e-01 2.254622012875000248e-02
9.531353763785591626e-01 2.419063853749999632e-02
9.550416471313163402e-01 1.993592803125000118e-02
9.569517304255790169e-01 2.059798596999999967e-02
9.588656338864300910e-01 2.317740497499999955e-02
9.607833651542030395e-01 2.458908026250000017e-02
9.627049318845114501e-01 2.283589614999999989e-02
9.646303417482804399e-01 2.503145987499999850e-02
9.665596024317769652e-01 2.410543869000000144e-02
9.684927216366405744e-01 2.456246283750000356e-02
9.704297070799138281e-01 2.491940050000000101e-02
9.723705664940736071e-01 2.544116575000000130e-02
9.743153076270618662e-01 2.420712033000000513e-02
9.762639382423159429e-01 2.465147558750000259e-02
9.782164661188006427e-01 2.478068334999999553e-02
9.801728990510382156e-01 2.547891975000000225e-02
9.821332448491403300e-01 2.558672612500000054e-02
9.840975113388386042e-01 2.586383839999999851e-02
9.860657063615162476e-01 2.573863175000000100e-02
9.880378377742392582e-01 2.587168299999999949e-02
9.900139134497877302e-01 2.576427425000000007e-02
9.919939412766873854e-01 2.580894474999999647e-02
9.939779291592407695e-01 2.588834190000000035e-02
9.959658850175592271e-01 2.591346737500000233e-02
9.979578167875942096e-01 2.594613850000000027e-02
9.999537324211694722e-01 2.593600225000000301e-02
1.001953639886011826e+00 2.592627400000000262e-02
1.003957547165783781e+00 2.577310250000000233e-02
1.005965462260115295e+00 2.597687675000000598e-02
1.007977393184635417e+00 2.597785999999999845e-02
1.009993347971004818e+00 2.590121849999999989e-02
1.012013334666946873e+00 2.597303625000000130e-02
1.014037361336280751e+00 2.599375969999999716e-02
1.016065436058953164e+00 2.601869112499999998e-02
1.018097566931071229e+00 2.604541762500000440e-02
1.020133762064933336e+00 2.583368225000000004e-02
1.022174029589063338e+00 2.600082387500000231e-02
1.024218377648241418e+00 2.608305170000000187e-02
1.026266814403537841e+00 2.609275125000000070e-02
1.028319348032344926e+00 2.606768887499999812e-02
1.030375986728409687e+00 2.609540562499999827e-02
1.032436738701866474e+00 2.610789900000000038e-02
1.034501612179270502e+00 2.612166990000000175e-02
1.036570615403628937e+00 2.612978737500000134e-02
1.038643756634436199e+00 2.612932962499999942e-02
1.040721044147705054e+00 2.612015050000000144e-02
1.042802486236000359e+00 2.613262087499999831e-02
1.044888091208472591e+00 2.613631100000000235e-02
1.046977867390889383e+00 2.613483712499999750e-02
1.049071823125671266e+00 2.611471662499999929e-02
1.051169966771922537e+00 2.612476362500000190e-02
1.053272306705466566e+00 2.615202539999999728e-02
1.055378851318877320e+00 2.615630112499999979e-02
1.057489609021515342e+00 2.615792512500000194e-02
1.059604588239558165e+00 2.614648087499999926e-02
1.061723797416037396e+00 2.614954687499999875e-02
1.063847245010869358e+00 2.613069399999999945e-02
1.065974939500891061e+00 2.526844099999999912e-02
1.068106889379893065e+00 2.611798574999999942e-02
1.070243103158652787e+00 2.594223924999999875e-02
1.072383589364970025e+00 2.613068512500000065e-02
1.074528356543700047e+00 2.612780299999999806e-02
1.076677413256787563e+00 2.609622987500000157e-02
1.078830768083300917e+00 2.612927312500000140e-02
1.080988429619467617e+00 2.602188912499999937e-02
1.083150406478706529e+00 2.610210000000000308e-02
1.085316707291664073e+00 2.577768630000000158e-02
1.087487340706247529e+00 2.608913937500000058e-02
1.089662315387660119e+00 2.592541062500000257e-02
1.091841640018435422e+00 2.550793148749999975e-02
1.094025323298472241e+00 2.602497437499999913e-02
1.096213373945069236e+00 2.595614440000000231e-02
1.098405800692959566e+00 2.587414149999999954e-02
1.100602612294345528e+00 2.570276562499999862e-02
1.102803817518934082e+00 2.526241674999999895e-02
1.105009425153971936e+00 2.541056562499999921e-02
1.107219444004279962e+00 2.494483457000000112e-02
1.109433882892288503e+00 2.348722074750000249e-02
1.111652750658073119e+00 2.532968325000000201e-02
1.113876056159389227e+00 2.243609628249999821e-02
1.116103808271708075e+00 1.951134153237499974e-02
1.118336015888251378e+00 2.191321253399999835e-02
1.120572687920027732e+00 1.767839273233749731e-02
1.122813833295867925e+00 1.789606825125000106e-02
1.125059460962459568e+00 1.947650582375000036e-02
1.127309579884384405e+00 1.447425607500000058e-02
1.129564199044153394e+00 1.991451637249999976e-02
1.131823327442241567e+00 2.422633502499999675e-02
1.134086974097126221e+00 1.502236561837499984e-02
1.136355148045320451e+00 2.220263109750000158e-02
1.138627858341410892e+00 2.273006739999999803e-02
1.140905114058093694e+00 2.185868889374999874e-02
1.143186924286210049e+00 2.324656110000000372e-02
1.145473298134782603e+00 2.344812506249999845e-02
1.147764244731052097e+00 2.178636597499999938e-02
1.150059773220514225e+00 2.263258071000000260e-02
1.152359892766955163e+00 2.251978182875000178e-02
1.154664612552489089e+00 2.084410603750000077e-02
1.156973941777594161e+00 2.348748346249999661e-02
1.159287889661149373e+00 2.457916262499999782e-02
1.161606465440471636e+00 2.436109441999999986e-02
1.163929678371352416e+00 2.242200896374999669e-02
1.166257537728095262e+00 2.425863425000000101e-02
1.168590052803551327e+00 2.438104012499999959e-02
1.170927232909158455e+00 2.413023291249999716e-02
1.173269087374976705e+00 2.465035020000000063e-02
1.175615625549726762e+00 2.460883049999999794e-02
1.177966856800826134e+00 2.395474360000000164e-02
1.180322790514427789e+00 2.495632812500000325e-02
1.182683436095456564e+00 2.326226690624999885e-02
1.185048802967647585e+00 2.380987059000000058e-02
1.187418900573582903e+00 2.366290718124999803e-02
1.189793738374729903e+00 2.478226637500000051e-02
1.192173325851479504e+00 2.464975012500000145e-02
1.194557672503182344e+00 2.341270645749999810e-02
1.196946787848188531e+00 2.373766113199999792e-02
1.199340681423884947e+00 2.385491211250000132e-02
1.201739362786732546e+00 2.406633008750000066e-02
1.204142841512306106e+00 2.186205768249999820e-02
1.206551127195330864e+00 2.472875725000000038e-02
1.208964229449721373e+00 2.491126290000000160e-02
1.211382157908620805e+00 2.465763599999999667e-02
1.213804922224438254e+00 2.479722287500000372e-02
1.216232532068886929e+00 2.485199187499999990e-02
1.218664997133024785e+00 2.452190549999999983e-02
1.221102327127290721e+00 2.070885860000000120e-02
1.223544531781545430e+00 2.462993249999999995e-02
1.225991620845108487e+00 2.508617225000000367e-02
1.228443604086798757e+00 2.507516574999999956e-02
1.230900491294972365e+00 2.507307169999999780e-02
1.233362292277562222e+00 2.508139375000000004e-02
1.235829016862117324e+00 2.517193837499999767e-02
1.238300674895841613e+00 2.518302399999999830e-02
1.240777276245633054e+00 2.518593725000000186e-02
1.243258830798124492e+00 2.520397760000000001e-02
1.245745348459720736e+00 2.520716837499999835e-02
1.248236839156640077e+00 2.521206850000000041e-02
1.250733312834953370e+00 2.521327599999999627e-02
1.253234779460623338e+00 2.520485687499999725e-02
1.255741249019544536e+00 2.515005300000000207e-02
1.258252731517583545e+00 2.513154075000000043e-02
1.260769236980618713e+00 2.433106574999999855e-02
1.263290775454580128e+00 2.415984812500000106e-02
1.265817357005489141e+00 2.288763687500000241e-02
1.268348991719500107e+00 1.419282535609999937e-02
1.270885689702939025e+00 2.125285350000000184e-02
1.273427461082345058e+00 2.365931699999999915e-02
1.275974316004509834e+00 2.498786662500000061e-02
1.278526264636518750e+00 2.483446362500000421e-02
1.281083317165791824e+00 2.421193940000000017e-02
1.283645483800123444e+00 2.514558675000000063e-02
1.286212774767723666e+00 2.513395750000000164e-02
1.288785200317259072e+00 2.504531337499999941e-02
1.291362770717893405e+00 2.501496450000000038e-02
1.293945496259329087e+00 2.497620470000000079e-02
1.296533387251847858e+00 2.443342599999999767e-02
1.299126454026351407e+00 2.486240287499999826e-02
1.301724706934404230e+00 2.456908165000000130e-02
1.304328156348272927e+00 2.464627569999999768e-02
1.306936812660969505e+00 2.288993668375000068e-02
1.309550686286291565e+00 2.308960414374999770e-02
1.312169787658864273e+00 2.449519712499999974e-02
1.314794127234181875e+00 1.967613417963750069e-02
1.317423715488650338e+00 2.388076094999999968e-02
1.320058562919627532e+00 2.316901929875000293e-02
1.322698680045466757e+00 2.369087137499999857e-02
1.325344077405557819e+00 2.352021156250000064e-02
1.327994765560368773e+00 2.244111485499999947e-02
1.330650755091489668e+00 2.011142439400000204e-02
1.333312056601672513e+00 2.010804650399999893e-02
1.335978680714875910e+00 2.235785783749999825e-02
1.338650638076305466e+00 2.214102698749999959e-02
1.341327939352458198e+00 2.200216918125000309e-02
1.344010595231163174e+00 2.017070188130000441e-02
1.346698616421625472e+00 1.631072940012499514e-02
1.349392013654468592e+00 1.323797647873749955e-02
1.352090797681777534e+00 1.858290787374999864e-02
1.354794979277141209e+00 1.482645234375000107e-02
1.357504569235695513e+00 1.436091309950000144e-02
1.360219578374167071e+00 1.184001415812500034e-02
1.362940017530915426e+00 1.236388473212499985e-02
1.365665897565977005e+00 1.224188536049999887e-02
1.368397229361109080e+00 7.802179547625000267e-03
1.371134023819831294e+00 8.180363322899999665e-03
1.373876291867470956e+00 9.287457253754998615e-03
1.376624044451205897e+00 1.296488939647749868e-02
1.379377292540108435e+00 1.112931397762500010e-02
1.382136047125188671e+00 9.883605497875000076e-03
1.384900319219438902e+00 1.152429634439999968e-02
1.387670119857877804e+00 1.328155723132499848e-02
1.390445460097593511e+00 1.555116428124999998e-02
1.393226351017788911e+00 1.200183910150000137e-02
1.396012803719824280e+00 1.106551002499999922e-02
1.398804829327263910e+00 9.472444645374999972e-03
1.401602438985918520e+00 1.021740066825000022e-02
1.404405643863890329e+00 1.247193708075000108e-02
1.407214455151617916e+00 1.120720656675000017e-02
1.410028884061921284e+00 1.406099921199999853e-02
1.412848941830045169e+00 1.191115273871250213e-02
1.415674639713705218e+00 1.135716556178750086e-02
1.418505988993132627e+00 1.250838332999999920e-02
1.421343000971118986e+00 1.445563155625000096e-02
1.424185686973061138e+00 1.388542712100000222e-02
1.427034058347007139e+00 1.377589370413750090e-02
1.429888126463701337e+00 1.385105901624999851e-02
1.432747902716628552e+00 7.218981218612500680e-03
1.435613398522062045e+00 1.130105486725000059e-02
1.438484625319106147e+00 1.161699070200000218e-02
1.441361594569744220e+00 1.234345971125000094e-02
1.444244317758883733e+00 1.444051627999999934e-02
1.447132806394401561e+00 1.448904709249999867e-02
1.450027072007190387e+00 1.314998034249999920e-02
1.452927126151204895e+00 1.242980043139999859e-02
1.455832980403507282e+00 1.454801070250000099e-02
1.458744646364314335e+00 1.352410664212500176e-02
1.461662135657042949e+00 1.397257013624999926e-02
1.464585459928356981e+00 1.337524120000000045e-02
1.467514630848213653e+00 1.471803365080000085e-02
1.470449660109910184e+00 1.307023946250000096e-02
1.473390559430129976e+00 1.186894098812499992e-02
1.476337340548990129e+00 1.541993484375000015e-02
1.479290015230088073e+00 1.490065060250000267e-02
1.482248595260548196e+00 1.584506207700000016e-02
1.485213092451069361e+00 1.622181567500000088e-02
1.488183518635971314e+00 1.655112640000000121e-02
1.491159885673243313e+00 1.634813239750000299e-02
1.494142205444589644e+00 1.638467595625000411e-02
1.497130489855478697e+00 1.765825622999999886e-02
1.500124750835189813e+00 1.784602310000000039e-02
1.503125000336860140e+00 1.748257776875000030e-02
1.506131250337534144e+00 1.845009825000000145e-02
1.509143512838209134e+00 1.860283239999999810e-02
1.512161799863885658e+00 1.850836309124999704e-02
1.515186123463613477e+00 1.885388531250000235e-02
1.518216495710540626e+00 1.921652662500000081e-02
1.521252928701961604e+00 1.940559362499999843e-02
1.524295434559365781e+00 1.934052913000000248e-02
1.527344025428484464e+00 1.959813300000000022e-02
1.530398713479341533e+00 1.980141137500000120e-02
1.533459510906300283e+00 1.937608562500000089e-02
1.536526429928112947e+00 1.994642037499999923e-02
1.539599482787969098e+00 1.939280859999999856e-02
1.542678681753545167e+00 2.015065637499999923e-02
1.545764039117052402e+00 2.029928262500000150e-02
1.548855567195286387e+00 2.045487362499999809e-02
1.551953278329677000e+00 2.054017537500000060e-02
1.555057184886336374e+00 2.064820410000000120e-02
1.558167299256108862e+00 2.072901312499999746e-02
1.561283633854621211e+00 2.083015087500000168e-02
1.564406201122330309e+00 2.090461837499999961e-02
1.567535013524575138e+00 2.089251762499999901e-02
1.570670083551624074e+00 1.848429282000000132e-02
1.573811423718727287e+00 1.652569177500000028e-02
1.576959046566164702e+00 1.845574092499999846e-02
1.580112964659297070e+00 2.061862462499999826e-02
1.583273190588615709e+00 2.122887087500000339e-02
1.586439736969792680e+00 2.104568169999999905e-02
1.589612616443732307e+00 2.143807249999999873e-02
1.592791841676620024e+00 2.134422762500000001e-02
1.595977425359973001e+00 2.151944262500000288e-02
1.599169380210692992e+00 2.128703474999999942e-02
1.602367718971114297e+00 1.936283548000000340e-02
1.605572454409056604e+00 1.990882162499999983e-02
1.608783599317874735e+00 2.066071950000000421e-02
1.612001166516510375e+00 2.119936237499999918e-02
1.615225168849543369e+00 2.186789320000000203e-02
1.618455619187242345e+00 2.195203062500000052e-02
1.621692530425617118e+00 2.200360324999999992e-02
1.624935915486468208e+00 2.195680424999999977e-02
1.628185787317441235e+00 2.207091487500000004e-02
1.631442158892076222e+00 2.147725949999999828e-02
1.634705043209860431e+00 2.181184662499999899e-02
1.637974453296279886e+00 2.121113537499999882e-02
1.641250402202872660e+00 2.001684874999999988e-02
1.644532903007278390e+00 1.973129456249999789e-02
1.647821968813293125e+00 2.170066400000000145e-02
1.651117612750919506e+00 1.701645661250000136e-02
1.654419847976421387e+00 2.154956037499999866e-02
1.657728687672374246e+00 2.189788949999999998e-02
1.661044145047719134e+00 2.230773987499999958e-02
1.664366233337814638e+00 1.860486113000000413e-02
1.667694965804490170e+00 2.203642725000000066e-02
1.671030355736099260e+00 2.235425599999999943e-02
1.674372416447571510e+00 2.205558848749999967e-02
1.677721161280466333e+00 2.209596249999999998e-02
1.681076603603027353e+00 2.205054189999999803e-02
1.684438756810233473e+00 2.235414612500000175e-02
1.687807634323853945e+00 2.216083987499999769e-02
1.691183249592501658e+00 2.094642549999999742e-02
1.694565616091686655e+00 2.224141600000000343e-02
1.697954747323870084e+00 2.224576289999999693e-02
1.701350656818517715e+00 2.119600112499999897e-02
1.704753358132154784e+00 2.168730575000000008e-02
1.708162864848419282e+00 2.092837300000000011e-02
1.711579190578115917e+00 2.198143762499999918e-02
1.715002348959272283e+00 2.176447590000000348e-02
1.718432353657190825e+00 2.076153199999999921e-02
1.721869218364505016e+00 2.086496198750000322e-02
1.725312956801233977e+00 2.141507200000000027e-02
1.728763582714836655e+00 1.992676758750000152e-02
1.732221109880266230e+00 2.158227149999999983e-02
1.735685552100026730e+00 2.141757525000000106e-02
1.739156923204226768e+00 2.130233825000000039e-02
1.742635237050635277e+00 2.113434083749999789e-02
1.746120507524736576e+00 2.088648434999999803e-02
1.749612748539786100e+00 2.148201450000000040e-02
1.753111974036865472e+00 2.138389512499999992e-02
1.756618197984939123e+00 2.109055475000000054e-02
1.760131434380908910e+00 2.120008112499999903e-02
1.763651697249670747e+00 2.088215551000000350e-02
1.767179000644169884e+00 2.081679501250000008e-02
1.770713358645458202e+00 2.093593725000000155e-02
1.774254785362749054e+00 2.030467072499999789e-02
1.777803294933474554e+00 1.687713478500000100e-02
1.781358901523341753e+00 2.030531366299999710e-02
1.784921619326388376e+00 1.849256951537499999e-02
1.788491462565041212e+00 2.040433200000000072e-02
1.792068445490171413e+00 1.793322388499999850e-02
1.795652582381151552e+00 2.032701942499999873e-02
1.799243887545913800e+00 1.920146268500000017e-02
1.802842375321005663e+00 1.867259652124999766e-02
1.806448060071647710e+00 1.841637022749999936e-02
1.810060956191791082e+00 1.579324102587499959e-02
1.813681078104174560e+00 1.371308794525000034e-02
1.817308440260382962e+00 1.315977339469299838e-02
1.820943057140903765e+00 1.203185015000000045e-02
1.824584943255185721e+00 1.739277513249999629e-02
1.828234113141696149e+00 1.675965340874999848e-02
1.831890581367979554e+00 9.720713642250000328e-03
1.835554362530715355e+00 1.188846701839999832e-02
1.839225471255776734e+00 9.280986307149999628e-03
1.842903922198288136e+00 9.273172281549999993e-03
1.846589730042684785e+00 1.112508689712500207e-02
1.850282909502769968e+00 9.485385704312501373e-03
1.853983475321775654e+00 9.945369237420001104e-03
1.857691442272419113e+00 9.551389507874999407e-03
1.861406825156963984e+00 9.288621412174999370e-03
1.865129638807277779e+00 1.282408552217499838e-02
1.868859898084892279e+00 7.285211607300000856e-03
1.872597617881062160e+00 6.902836724875000170e-03
1.876342813116824271e+00 8.400864748000001422e-03
1.880095498743057814e+00 8.906350342249999552e-03
1.883855689740544070e+00 8.952034347949999749e-03
1.887623401120025246e+00 9.988188258600001063e-03
1.891398647922265308e+00 5.332345825637499828e-03
1.895181445218109717e+00 7.970633643499999352e-03
1.898971808108545822e+00 7.449743821625000664e-03
1.902769751724763037e+00 7.830336181224998790e-03
1.906575291228212565e+00 6.543760984849100737e-03
1.910388441810669136e+00 8.999335563375000097e-03
1.914209218694290282e+00 7.193824013625000138e-03
1.918037637131678963e+00 8.840416674750000911e-03
1.921873712405942403e+00 7.961736507624999834e-03
1.925717459830754041e+00 7.990375481600000412e-03
1.929568894750415708e+00 5.588407118251250034e-03
1.933428032539916241e+00 7.952501800874998972e-03
1.937294888604996324e+00 8.631943747500000694e-03
1.941169478382206215e+00 8.937843251249999107e-03
1.945051817338970590e+00 8.630048199000000045e-03
1.948941920973648489e+00 8.483606963749999383e-03
1.952839804815595715e+00 7.284395578999999787e-03
1.956745484425226778e+00 2.746437441749999871e-03
1.960658975394077297e+00 5.849798147499999865e-03
1.964580293344865503e+00 4.699975731400000793e-03
1.968509453931555075e+00 4.082417391512500882e-03
1.972446472839417986e+00 9.062646344999999645e-03
1.976391365785096887e+00 1.057067218750000134e-02
1.980344148516667069e+00 1.031021990449999988e-02
1.984304836813700401e+00 1.069371731299999934e-02
1.988273446487327956e+00 1.119641540500000004e-02
1.992249993380302620e+00 1.185880262499999956e-02
1.996234493367063045e+00 1.094396088749999968e-02
2.000226962353797155e+00 4.543902555500000003e-03
