2.002000000000000168e-01 5.238061300000000121e-03
2.006004000000000120e-01 7.193640250000000146e-03
2.010016008000000132e-01 5.504593375000000136e-03
2.014036040016000118e-01 7.787736499999999701e-03
2.018064112096032425e-01 7.607805100000000938e-03
2.022100240320224285e-01 8.340416624999999473e-03
2.026144440800864976e-01 8.807766374999999662e-03
2.030196729682466894e-01 8.599848499999999951e-03
2.034257123141831602e-01 8.350146374999999066e-03
2.038325637388115341e-01 8.078802799999999784e-03
2.042402288662891752e-01 7.819497625000001312e-03
2.046487093240217381e-01 7.599068375000000292e-03
2.050580067426697739e-01 7.424552000000000061e-03
2.054681227561551138e-01 7.389313874999999324e-03
2.058790590016674471e-01 7.357278400000000218e-03
2.062908171196707885e-01 7.292281250000000152e-03
2.067033987539101392e-01 7.221507999999999747e-03
2.071168055514179263e-01 7.161781750000000349e-03
2.075310391625207751e-01 7.115684375000000395e-03
2.079461012408458098e-01 7.057780700000000282e-03
2.083619934433275089e-01 6.997906124999999852e-03
2.087787174302141446e-01 6.944521250000000243e-03
2.091962748650745829e-01 6.890147000000000979e-03
2.096146674148047229e-01 6.826510499999999780e-03
2.100338967496343523e-01 6.747152399999999453e-03
2.104539645431336148e-01 6.693041375000000071e-03
2.108748724722198931e-01 6.648089374999999190e-03
2.112966222171643316e-01 6.587613750000000448e-03
2.117192154615986643e-01 6.516257875000000532e-03
2.121426538925218486e-01 6.414506099999999975e-03
2.125669392003068925e-01 6.306543124999999458e-03
2.129920730787074890e-01 6.212413249999999831e-03
2.134180572248648988e-01 6.121907125000000151e-03
2.138448933393146401e-01 6.032503375000000494e-03
2.142725831259932878e-01 5.908080799999999855e-03
2.147011282922452469e-01 5.775333875000000089e-03
2.151305305488297459e-01 5.669495249999999958e-03
2.155607916099274157e-01 5.583243999999999360e-03
2.159919131931472558e-01 5.487714999999998913e-03
2.164238970195335454e-01 5.375705499999999457e-03
2.168567448135726161e-01 5.266506625000000330e-03
2.172904583031997627e-01 5.164377749999999982e-03
2.177250392198061546e-01 5.066744624999999433e-03
2.181604892982457744e-01 4.958834799999999911e-03
2.185968102768422461e-01 4.848287625000000274e-03
2.190340038973959125e-01 4.734040000000000123e-03
2.194720719051907187e-01 4.613825999999999691e-03
2.199110160490010957e-01 4.497202750000000096e-03
2.203508380810991207e-01 4.373559299999999622e-03
2.207915397572613181e-01 4.255342250000000368e-03
2.212331228367758196e-01 4.139291500000000408e-03
2.216755890824493869e-01 4.017628999999999992e-03
2.221189402606142949e-01 3.902138999999999781e-03
2.225631781411355203e-01 3.781138600000000065e-03
2.230083044974177642e-01 3.665827499999999711e-03
2.234543211064126123e-01 3.567615374999999912e-03
2.239012297486254466e-01 3.462256999999999835e-03
2.243490322081226895e-01 3.359515250000000286e-03
2.247977302725389648e-01 3.249278999999999883e-03
2.252473257330840362e-01 3.145285624999999939e-03
2.256978203845501907e-01 3.057718374999999870e-03
2.261492160253192885e-01 2.969330499999999796e-03
2.266015144573699513e-01 2.876590624999999721e-03
2.270547174862846962e-01 2.776886899999999984e-03
2.275088269212572623e-01 2.680831375000000075e-03
2.279638445750997722e-01 2.599028500000000359e-03
2.284197722642499762e-01 2.517315000000000004e-03
2.288766118087784962e-01 2.431958625000000228e-03
2.293343650323960425e-01 2.338929600000000213e-03
2.297930337624608521e-01 2.252307500000000004e-03
2.302526198299857663e-01 2.183076749999999979e-03
2.307131250696457525e-01 2.119362625000000173e-03
2.311745513197850377e-01 2.048653000000000106e-03
2.316369004224245742e-01 1.982252500000000056e-03
2.321001742232694509e-01 1.919855875000000016e-03
2.325643745717159705e-01 1.853812000000000038e-03
2.330295033208594213e-01 1.793097000000000007e-03
2.334955623275011272e-01 1.737238199999999958e-03
2.339625534521561634e-01 1.684560000000000094e-03
2.344304785590604623e-01 1.627885625000000027e-03
2.348993395161785847e-01 1.575210624999999953e-03
2.353691381952109363e-01 1.541391500000000199e-03
2.358398764716013452e-01 1.488181600000000084e-03
2.363115562245445278e-01 1.432348124999999889e-03
2.367841793369936387e-01 1.397125499999999883e-03
2.372577476956675979e-01 1.354764249999999923e-03
2.377322631910589457e-01 1.318192250000000017e-03
2.382077277174410590e-01 1.274448899999999947e-03
2.386841431728759511e-01 1.237680625000000005e-03
2.391615114592217095e-01 1.208123125000000117e-03
2.396398344821401571e-01 1.164624749999999993e-03
2.401191141511044291e-01 1.130585124999999858e-03
2.405993523794066058e-01 1.109295499999999896e-03
2.410805510841654287e-01 1.076307500000000042e-03
2.415627121863337390e-01 1.043779249999999756e-03
2.420458376107064158e-01 1.021664000000000036e-03
2.425299292859278144e-01 1.004950237500000032e-03
2.430149891444997046e-01 9.824948199999999649e-04
2.435010191227887089e-01 9.539568749999999177e-04
2.439880211610342686e-01 9.331400375000000131e-04
2.444759972033563322e-01 9.220935125000000350e-04
2.449649491977630433e-01 9.075047375000000385e-04
2.454548790961585680e-01 8.721391899999999652e-04
2.459457888543508663e-01 8.507212500000000061e-04
2.464376804320595749e-01 8.424425374999999078e-04
2.469305557929236949e-01 8.298787999999999868e-04
2.474244169045095587e-01 8.074758499999999542e-04
2.479192657383185727e-01 7.913784900000001270e-04
2.484151042697951839e-01 7.811833000000000665e-04
2.489119344783347898e-01 7.566736374999998623e-04
2.494097583472914548e-01 7.451679624999999786e-04
2.499085778639860422e-01 7.324803099999998256e-04
2.504083950197140140e-01 7.282742125000000186e-04
2.509092118097534518e-01 7.234045000000000362e-04
2.514110302333729119e-01 7.059039749999999197e-04
2.519138522938396685e-01 6.852914125000000682e-04
2.524176799984273467e-01 6.863600500000000253e-04
2.529225153584241936e-01 6.826796249999999427e-04
2.534283603891410719e-01 6.706228750000000315e-04
2.539352171099192867e-01 6.601737749999999488e-04
2.544430875441391349e-01 6.608299000000000204e-04
2.549519737192273983e-01 6.518921499999999957e-04
2.554618776666658375e-01 6.344120875000000808e-04
2.559728014219991854e-01 6.376861749999998899e-04
2.564847470248432515e-01 6.444426999999999751e-04
2.569977165188929158e-01 6.406331500000000956e-04
2.575117119519306774e-01 6.356777700000000326e-04
2.580267353758345372e-01 6.332495624999999288e-04
2.585427888465862134e-01 6.152722750000000265e-04
2.590598744242793572e-01 6.122303749999999769e-04
2.595779941731279905e-01 6.334816375000000294e-04
2.600971501614742221e-01 6.349282500000000750e-04
2.606173444617971846e-01 6.142475000000000105e-04
2.611385791507207510e-01 6.226146375000000130e-04
2.616608563090221939e-01 6.351781499999999657e-04
2.621841780216402351e-01 6.289658625000000159e-04
2.627085463776834828e-01 6.262517100000000682e-04
2.632339634704388698e-01 6.478394000000000166e-04
2.637604313973797576e-01 6.502184249999999697e-04
2.642879522601745412e-01 6.384855999999999301e-04
2.648165281646948088e-01 6.429025749999999709e-04
2.653461612210242238e-01 6.564444700000000247e-04
2.658768535434662961e-01 6.555487624999999270e-04
2.664086072505532643e-01 6.684417625000000761e-04
2.669414244650543111e-01 6.873787375000000796e-04
2.674753073139844450e-01 6.876770600000000136e-04
2.680102579286124387e-01 6.919016875000000462e-04
2.685462784444696549e-01 7.162587624999999878e-04
2.690833710013585955e-01 7.337407874999999757e-04
2.696215377433612836e-01 7.266354624999999930e-04
2.701607808188479787e-01 7.378966299999999059e-04
2.707011023804857253e-01 7.672073625000000712e-04
2.712425045852466798e-01 7.817914499999999330e-04
2.717849895944172145e-01 7.879883374999999439e-04
2.723285595736060216e-01 8.052714125000000681e-04
2.728732166927532177e-01 8.288614600000000776e-04
2.734189631261387810e-01 8.512935249999999988e-04
2.739658010523910447e-01 8.874738624999999742e-04
2.745137326544958567e-01 9.138310749999999571e-04
2.750627601198047945e-01 9.181677499999999371e-04
2.756128856400444360e-01 9.564775100000000871e-04
2.761641114113245199e-01 9.849740500000000228e-04
2.767164396341471599e-01 1.015846374999999956e-03
2.772698725134154496e-01 1.038343750000000204e-03
2.778244122584422882e-01 1.075226375000000109e-03
2.783800610829592070e-01 1.121933799999999927e-03
2.789368212051250850e-01 1.167569875000000002e-03
2.794946948475353632e-01 1.207064624999999985e-03
2.800536842372304269e-01 1.241923250000000114e-03
2.806137916057048765e-01 1.313219500000000189e-03
2.811750191889162975e-01 1.363185099999999865e-03
2.817373692272941987e-01 1.461438499999999970e-03
2.823008439657487822e-01 1.505766374999999982e-03
2.828654456536803252e-01 1.565959249999999883e-03
2.834311765449876730e-01 1.583998874999999846e-03
2.839980388980776205e-01 1.698976599999999816e-03
2.845660349758737939e-01 1.797197625000000049e-03
2.851351670458255327e-01 1.888819749999999954e-03
2.857054373799171598e-01 1.984978499999999826e-03
2.862768482546770299e-01 2.054188749999999800e-03
2.868494019511863558e-01 2.171729199999999915e-03
2.874231007550887562e-01 2.283741750000000195e-03
2.879979469565989714e-01 2.464889125000000424e-03
2.885739428505121884e-01 2.594030250000000076e-03
2.891510907362132010e-01 2.744445900000000178e-03
2.897293929176856242e-01 2.925857375000000260e-03
2.903088517035209426e-01 3.063693250000000014e-03
2.908894694069280029e-01 3.215706875000000006e-03
2.914712483457418957e-01 3.443181750000000058e-03
2.920541908424333366e-01 3.726501599999999890e-03
2.926382992241182146e-01 3.911919499999999550e-03
2.932235758225664735e-01 4.170777750000000117e-03
2.938100229742116043e-01 4.507881749999999646e-03
2.943976430201600269e-01 4.737606874999999648e-03
2.949864383062003048e-01 5.072960800000000763e-03
2.955764111828127483e-01 5.557344750000000125e-03
2.961675640051783520e-01 5.985862374999999583e-03
2.967598991331887315e-01 6.342649125000000485e-03
2.973534189314551157e-01 6.855891249999999243e-03
2.979481257693180618e-01 7.539247299999999458e-03
2.985440220208566697e-01 8.119560875000000899e-03
2.991411100648984078e-01 8.697711874999999870e-03
2.997393922850282166e-01 9.580680750000000745e-03
3.003388710695982233e-01 1.021478724999999935e-02
3.009395488117374562e-01 1.117064180000000226e-02
3.015414279093609484e-01 1.237930624999999951e-02
3.021445107651796746e-01 1.305556499999999988e-02
3.027487997867099878e-01 1.423784000000000161e-02
3.033542973862833891e-01 1.565286249999999976e-02
3.039610059810559650e-01 1.657146799999999892e-02
3.045689279930180460e-01 1.792574250000000119e-02
3.051780658490040876e-01 1.993415249999999986e-02
3.057884219807021076e-01 2.120378125000000127e-02
3.063999988246635664e-01 2.203274000000000205e-02
3.070127988223129156e-01 2.421428999999999943e-02
3.076268244199575896e-01 2.680751624999999638e-02
3.082420780687974982e-01 2.774072249999999865e-02
3.088585622249351292e-01 2.891027250000000048e-02
3.094762793493849307e-01 3.176088499999999565e-02
3.100952319080837460e-01 3.421598124999999935e-02
3.107154223718998631e-01 3.582556625000000300e-02
3.113368532166437275e-01 3.699541124999999875e-02
3.119595269230769907e-01 4.046459374999999969e-02
3.125834459769231133e-01 4.420332899999999954e-02
3.132086128688770232e-01 4.556834249999999753e-02
3.138350300946147753e-01 4.612198875000000226e-02
3.144627001548039313e-01 5.144707375000000249e-02
3.150916255551135525e-01 5.397104375000000287e-02
3.157218088062238026e-01 5.321748499999999493e-02
3.163532524238362176e-01 5.880330250000000147e-02
3.169859589286838641e-01 6.086275124999999953e-02
3.176199308465412763e-01 6.001516249999999664e-02
3.182551707082343917e-01 6.426171999999999440e-02
3.188916810496508214e-01 7.091045500000001112e-02
3.195294644117501193e-01 6.816662749999999327e-02
3.201685233405736630e-01 6.811280375000000609e-02
3.208088603872547573e-01 7.629318250000000079e-02
3.214504781080292917e-01 8.098910125000000071e-02
3.220933790642453443e-01 7.585661099999999046e-02
3.227375658223737842e-01 7.528249124999999986e-02
3.233830409540185413e-01 8.470579124999999543e-02
3.240298070359265425e-01 8.947231750000000927e-02
3.246778666499984256e-01 8.516832500000000306e-02
3.253272223832984200e-01 8.259432799999999464e-02
3.259778768280650052e-01 8.924307125000000007e-02
3.266298325817211246e-01 9.479778875000000049e-02
3.272830922468845660e-01 9.258803250000000040e-02
3.279376584313783427e-01 8.780017874999998528e-02
3.285935337482410734e-01 9.180704600000000326e-02
3.292507208157375853e-01 9.841464249999999636e-02
3.299092222573690725e-01 9.905456125000000611e-02
3.305690407018838095e-01 9.433535125000000465e-02
3.312301787832875322e-01 9.244780375000000161e-02
3.318926391408540955e-01 9.756060099999999680e-02
3.325564244191357988e-01 1.010442750000000028e-01
3.332215372679740994e-01 9.963677875000000184e-02
3.338879803425100490e-01 9.529225499999999238e-02
3.345557563031950621e-01 9.887284799999998541e-02
3.352248678158014084e-01 1.015742812499999953e-01
3.358953175514330369e-01 1.018499337500000101e-01
3.365671081865359016e-01 9.987063999999999664e-02
3.372402424029089518e-01 9.760409500000000182e-02
3.379147228877147358e-01 9.901141199999999309e-02
3.385905523334902245e-01 1.010692912499999985e-01
3.392677334381571930e-01 1.008735649999999984e-01
3.399462689050334330e-01 9.962211374999999092e-02
3.406261614428435225e-01 9.906786375000001255e-02
3.413074137657292062e-01 1.004959679999999911e-01
3.419900285932606643e-01 1.005919962499999959e-01
3.426740086504471705e-01 1.002671187499999950e-01
3.433593566677480835e-01 9.950553749999999087e-02
3.440460753810836159e-01 9.827813750000000126e-02
3.447341675318457699e-01 9.861896400000000340e-02
3.454236358669094398e-01 9.889354250000000068e-02
3.461144831386432363e-01 9.870221875000000089e-02
3.468067121049205337e-01 9.856376875000000259e-02
3.475003255291303494e-01 9.801906250000000376e-02
3.481953261801886135e-01 9.806198799999998883e-02
3.488917168325489926e-01 9.782388499999999931e-02
3.495895002662141038e-01 9.739780624999999636e-02
3.502886792667465610e-01 9.710828874999999361e-02
3.509892566252800217e-01 9.677906124999999249e-02
3.516912351385305668e-01 9.602764999999999218e-02
3.523946176088076365e-01 9.587171749999999493e-02
3.530994068440251876e-01 9.563203375000001172e-02
3.538056056577132402e-01 9.539721874999998463e-02
3.545132168690287022e-01 9.510868124999999340e-02
3.552222433027667492e-01 9.468676400000000659e-02
3.559326877893722596e-01 9.432267249999999603e-02
3.566445531649510281e-01 9.393920124999999288e-02
3.573578422712808678e-01 9.356281624999999991e-02
3.580725579558234339e-01 9.320359599999999967e-02
3.587887030717350489e-01 9.284160999999999109e-02
3.595062804778785814e-01 9.243578124999998757e-02
3.602252930388343266e-01 9.212113750000000545e-02
3.609457436249119411e-01 9.188650874999999829e-02
3.616676351121618227e-01 9.161294600000000066e-02
3.623909703823861017e-01 9.129354000000000635e-02
3.631157523231508533e-01 9.103855624999999951e-02
3.638419838277971996e-01 9.079151624999999559e-02
3.645696677954528009e-01 9.051245499999999167e-02
3.652988071310436791e-01 9.019259799999998495e-02
3.660294047453057642e-01 8.990077499999998834e-02
3.667614635547964408e-01 8.965179874999999743e-02
3.674949864819060386e-01 8.939885624999999170e-02
3.682299764548698229e-01 8.913513875000000919e-02
3.689664364077795966e-01 8.883530100000000540e-02
3.697043692805951354e-01 8.854745125000000605e-02
3.704437780191563445e-01 8.824829000000000701e-02
3.711846655751946944e-01 8.793115749999999564e-02
3.719270349063450443e-01 8.761788125000000149e-02
3.726708889761577437e-01 8.726344099999999715e-02
3.734162307541100123e-01 8.690263749999999066e-02
3.741630632156182079e-01 8.658483999999999625e-02
3.749113893420494836e-01 8.627694874999999874e-02
3.756612121207335564e-01 8.597060375000001309e-02
3.764125345449750304e-01 8.561597699999999589e-02
3.771653596140650544e-01 8.522408999999998847e-02
3.779196903332932012e-01 8.497305124999998682e-02
3.786755297139597909e-01 8.466843749999999891e-02
3.794328807733876596e-01 8.435872875000000048e-02
3.801917465349344827e-01 8.403958699999999893e-02
3.809521300280043210e-01 8.375377500000000253e-02
3.817140342880603332e-01 8.350285250000000214e-02
3.824774623566364884e-01 8.325280749999999785e-02
3.832424172813497787e-01 8.297224200000000160e-02
3.840089021159124316e-01 8.269413500000000194e-02
3.847769199201442891e-01 8.244893000000000360e-02
3.855464737599845759e-01 8.220467374999999854e-02
3.863175667075045561e-01 8.196117249999999854e-02
3.870902018409195788e-01 8.168798799999998916e-02
3.878643822446014022e-01 8.141607000000000705e-02
3.886401110090906830e-01 8.117581000000000102e-02
3.894173912311088559e-01 8.093803500000000539e-02
3.901962260135710681e-01 8.069347624999999302e-02
3.909766184655981691e-01 8.039383399999999735e-02
3.917585717025293679e-01 8.011469499999998578e-02
3.925420888459344448e-01 7.985503250000000608e-02
3.933271730236262975e-01 7.952673999999999854e-02
3.941138273696735417e-01 7.934489124999999365e-02
3.949020550244128902e-01 7.905839900000000142e-02
3.956918591344616987e-01 7.877554875000000734e-02
3.964832428527306218e-01 7.850804750000001109e-02
3.972762093384361037e-01 7.827047500000000602e-02
3.980707617571129786e-01 7.794612750000000367e-02
3.988669032806272385e-01 7.774050100000000352e-02
3.996646370871884679e-01 7.746489624999999823e-02
4.004639663613628331e-01 7.724127999999999550e-02
4.012648942940855168e-01 7.700870499999999674e-02
4.020674240826737078e-01 7.675272874999999884e-02
4.028715589308390355e-01 7.648399999999999643e-02
4.036773020487006702e-01 7.618937500000000362e-02
4.044846566527980913e-01 7.596353749999999738e-02
4.052936259661036877e-01 7.572849874999999786e-02
4.061042132180359143e-01 7.549353124999999554e-02
4.069164216444720039e-01 7.523781999999998304e-02
4.077302544877609569e-01 7.496299500000000449e-02
4.085457149967364754e-01 7.475793624999998999e-02
4.093628064267299527e-01 7.453473250000000605e-02
4.101815320395834075e-01 7.431178750000000388e-02
4.110018951036625845e-01 7.404476299999998568e-02
4.118238988938699441e-01 7.377856499999999040e-02
4.126475466916577073e-01 7.355720500000000051e-02
4.134728417850409565e-01 7.334311124999999543e-02
4.142997874686110693e-01 7.308019500000000057e-02
4.151283870435482637e-01 7.286836750000000307e-02
4.159586438176353651e-01 7.266247124999999918e-02
4.167905611052706849e-01 7.238799249999999796e-02
4.176241422274811765e-01 7.220615625000000037e-02
4.184593905119361468e-01 7.195675400000001165e-02
4.192963092929599678e-01 7.165709624999999638e-02
4.201349019115458994e-01 7.146942874999999418e-02
4.209751717153689676e-01 7.126183375000000320e-02
4.218171220587997317e-01 7.106124375000000271e-02
4.226607563029173287e-01 7.083755799999999492e-02
4.235060778155231298e-01 7.060616124999999355e-02
4.243530899711541737e-01 7.040151875000000281e-02
4.252017961510964894e-01 7.018334375000000180e-02
4.260521997433986963e-01 6.994362249999999670e-02
4.269043041428854934e-01 6.972195400000000265e-02
4.277581127511712600e-01 6.949536124999999842e-02
4.286136289766736551e-01 6.931137125000000343e-02
4.294708562346269964e-01 6.912251875000000045e-02
4.303297979470962487e-01 6.893100250000000484e-02
4.311904575429904574e-01 6.870872999999999564e-02
4.320528384580764047e-01 6.848794375000000212e-02
4.329169441349925429e-01 6.829534125000000233e-02
4.337827780232624830e-01 6.809249250000000420e-02
4.346503435793090397e-01 6.788576250000000201e-02
4.355196442664676648e-01 6.765984900000000801e-02
4.363906835550006025e-01 6.744577749999999816e-02
4.372634649221106007e-01 6.725086750000000557e-02
4.381379918519547889e-01 6.706082124999999949e-02
4.390142678356587225e-01 6.686353749999998652e-02
4.398922963713300383e-01 6.664777800000000474e-02
4.407720809640727211e-01 6.639589125000000536e-02
4.416536251260008150e-01 6.578277374999999538e-02
4.425369323762528007e-01 6.591324750000000787e-02
4.434220062410053065e-01 6.567015900000000572e-02
4.443088502534873196e-01 6.552453125000000378e-02
4.451974679539942858e-01 6.533234749999999869e-02
4.460878628899022647e-01 6.510270499999999683e-02
4.469800386156820293e-01 6.508769374999999469e-02
4.478739986929134442e-01 6.492604799999998622e-02
4.487697466902992316e-01 6.471262875000000081e-02
4.496672861836799040e-01 6.450210000000000665e-02
4.505666207560472536e-01 6.430121375000000250e-02
4.514677539975593401e-01 6.411251000000001143e-02
4.523706895055544797e-01 6.392084900000000180e-02
4.532754308845656221e-01 6.373346875000000800e-02
4.541819817463347286e-01 6.358068749999999658e-02
4.550903457098274263e-01 6.339233499999999411e-02
4.560005264012471082e-01 6.322868500000000669e-02
4.569125274540495885e-01 6.298946699999999344e-02
4.578263525089577013e-01 6.276287250000001094e-02
4.587420052139756232e-01 6.253662749999999715e-02
4.596594892244035835e-01 6.230894750000000315e-02
4.605788082028524077e-01 6.210199874999999814e-02
4.614999658192581178e-01 6.189021200000000000e-02
4.624229657508966418e-01 6.171366250000000220e-02
4.633478116823984694e-01 6.158793000000000600e-02
4.642745073057632510e-01 6.146732625000000255e-02
4.652030563203747304e-01 6.134583375000000199e-02
4.661334624330154552e-01 6.117462600000000278e-02
4.670657293578814873e-01 6.095836874999999849e-02
4.679998608165972795e-01 6.076342875000000088e-02
4.689358605382304424e-01 6.048420125000000119e-02
4.698737322593069532e-01 6.035881124999999819e-02
4.708134797238255342e-01 6.019109999999999738e-02
4.717551066832731399e-01 6.001758499999999830e-02
4.726986168966397228e-01 5.987271250000000822e-02
4.736440141304329998e-01 5.972639624999999397e-02
4.745913021586939395e-01 5.953759625000000499e-02
4.755404847630113063e-01 5.929069000000000006e-02
4.764915657325373699e-01 5.901417999999999942e-02
4.774445488640024493e-01 5.876207125000000586e-02
4.783994379617304560e-01 5.850088875000000743e-02
4.793562368376539373e-01 5.823335699999999948e-02
4.803149493113292312e-01 5.800227750000000460e-02
4.812755792099518981e-01 5.783629999999999327e-02
4.822381303683718201e-01 5.768744374999999758e-02
4.832026066291085775e-01 5.757772375000000387e-02
4.841690118423668254e-01 5.745161599999999702e-02
4.851373498660515038e-01 5.738758124999999988e-02
4.861076245657836026e-01 5.733298249999999735e-02
4.870798398149152053e-01 5.716739749999999454e-02
4.880539994945450322e-01 5.714782249999999370e-02
4.890301074935341497e-01 5.699660499999999880e-02
4.900081677085211806e-01 5.682620874999999572e-02
4.909881840439382916e-01 5.670038124999999402e-02
4.919701604120261251e-01 5.651378125000000585e-02
4.929541007328501756e-01 5.640991124999999995e-02
4.939400089343158884e-01 5.625447100000000034e-02
4.949278889521845359e-01 5.607437750000000137e-02
4.959177447300888719e-01 5.590514499999999637e-02
4.969095802195490075e-01 5.573716750000000386e-02
4.979033993799881208e-01 5.554646500000000320e-02
4.988992061787480559e-01 5.530513500000000526e-02
4.998970045911055315e-01 5.503727875000000852e-02
5.008967986002876849e-01 5.479401250000000279e-02
5.018985921974883357e-01 5.421922499999999590e-02
5.029023893818832525e-01 5.422750625000000158e-02
5.039081941606470272e-01 5.379236699999999372e-02
5.049160105489682859e-01 5.370637500000000064e-02
5.059258425700663420e-01 5.357681375000000051e-02
5.069376942552064058e-01 5.293247125000000164e-02
5.079515696437167938e-01 5.341620000000000396e-02
5.089674727830042489e-01 5.334175299999999870e-02
5.099854077285701504e-01 5.332229374999999938e-02
5.110053785440273888e-01 5.300136125000000364e-02
5.120273893011153543e-01 5.310970375000000077e-02
5.130514440797175890e-01 5.288822299999999810e-02
5.140775469678771081e-01 5.274290000000000922e-02
5.151057020618128313e-01 5.259294625000000140e-02
5.161359134659364578e-01 5.244625499999999718e-02
5.171681852928683432e-01 5.231147250000000443e-02
5.182025216634540410e-01 5.216934000000000154e-02
5.192389267067809566e-01 5.202039499999999705e-02
5.202774045601945563e-01 5.187954250000000045e-02
5.213179593693149094e-01 5.170719750000000309e-02
5.223605952880534531e-01 5.149419500000000649e-02
5.234053164786296453e-01 5.122961699999999813e-02
5.244521271115868410e-01 5.094517124999999036e-02
5.255010313658099452e-01 5.075349375000000329e-02
5.265520334285416215e-01 5.053560374999999799e-02
5.276051374953987239e-01 5.032716874999999812e-02
5.286603477703895049e-01 5.008888799999999808e-02
5.297176684659302692e-01 4.981788374999999991e-02
5.307771038028621380e-01 4.958757625000000113e-02
5.318386580104679240e-01 4.944966375000000441e-02
5.329023353264887852e-01 4.927824875000000326e-02
5.339681399971416553e-01 4.915639199999999320e-02
5.350360762771360079e-01 4.907031750000000192e-02
5.361061484296902879e-01 4.900057750000000323e-02
5.371783607265496752e-01 4.894426999999999806e-02
5.382527174480027377e-01 4.886383375000000195e-02
5.393292228828987511e-01 4.873912300000000225e-02
5.404078813286645744e-01 4.850967999999999253e-02
5.414886970913218578e-01 4.745911875000000113e-02
5.425716744855044738e-01 4.822632625000000672e-02
5.436568178344756141e-01 4.795720249999999713e-02
5.447441314701444437e-01 4.781409099999999607e-02
5.458336197330847517e-01 4.756663250000000426e-02
5.469252869725509392e-01 4.761660999999999672e-02
5.480191375464960046e-01 4.751110875000000289e-02
5.491151758215888634e-01 4.739401299999999873e-02
5.502134061732321113e-01 4.727311000000000013e-02
5.513138329855785669e-01 4.714909374999999569e-02
5.524164606515497011e-01 4.701543625000000060e-02
5.535212935728528461e-01 4.687905250000000412e-02
5.546283361599984030e-01 4.673190099999999930e-02
5.557375928323184944e-01 4.657237749999999787e-02
5.568490680179830621e-01 4.642917374999999680e-02
5.579627661540189631e-01 4.627246000000000137e-02
5.590786916863270672e-01 4.609266499999999794e-02
5.601968490696997982e-01 4.585086699999998960e-02
5.613172427678392307e-01 4.556754500000000097e-02
5.624398772533748536e-01 4.534465250000000586e-02
5.635647570078816671e-01 4.512661625000000815e-02
5.646918865218973904e-01 4.493221499999999757e-02
5.658212702949412254e-01 4.476650599999999758e-02
5.669529128355310643e-01 4.461326875000000414e-02
5.680868186612021420e-01 4.442529875000000156e-02
5.692229922985245771e-01 4.391761874999999815e-02
5.703614382831215801e-01 4.411014125000000535e-02
5.715021611596877715e-01 4.391562200000000832e-02
5.726451654820071679e-01 4.347068874999999999e-02
5.737904558129711674e-01 4.363297249999999877e-02
5.749380367245970902e-01 4.355108250000000458e-02
5.760879127980462755e-01 4.338324749999999952e-02
5.772400886236424000e-01 4.344464500000000395e-02
5.783945688008896857e-01 4.328422499999999562e-02
5.795513579384914404e-01 4.340373374999999950e-02
5.807104606543684877e-01 4.340699375000000443e-02
5.818718815756771523e-01 4.346184000000000158e-02
5.830356253388285781e-01 4.345398200000000211e-02
5.842016965895062697e-01 4.337738750000000310e-02
5.853700999826851881e-01 4.341002749999999660e-02
5.865408401826505136e-01 4.337985375000000254e-02
5.877139218630158535e-01 4.355172749999999815e-02
5.888893497067417826e-01 4.167610300000000600e-02
5.900671284061553834e-01 4.129905749999999987e-02
5.912472626629676764e-01 4.312073000000000988e-02
5.924297571882934932e-01 4.279785125000000467e-02
5.936146167026701281e-01 4.219566300000000131e-02
5.948018459360754351e-01 3.797547999999999896e-02
5.959914496279475893e-01 4.262493374999999640e-02
5.971834325272035171e-01 4.251185000000000380e-02
5.983777993922578808e-01 4.196361625000000206e-02
5.995745549910425076e-01 4.210569299999999959e-02
6.007737041010245971e-01 4.181060625000000003e-02
6.019752515092265943e-01 4.220789750000000090e-02
6.031792020122450637e-01 4.212406499999999526e-02
6.043855604162695627e-01 4.197848375000000354e-02
6.055943315371020708e-01 4.207970599999999450e-02
6.068055202001763071e-01 4.210360249999999666e-02
6.080191312405766046e-01 4.215678250000000349e-02
6.092351695030577829e-01 4.221783749999999391e-02
6.104536398420639109e-01 4.228095750000000069e-02
6.116745471217479579e-01 4.234195300000000162e-02
6.128978962159914445e-01 4.238968999999999376e-02
6.141236920084234274e-01 4.242889375000000185e-02
6.153519393924402614e-01 4.244780000000000081e-02
6.165826432712251393e-01 4.245540250000000293e-02
6.178158085577676317e-01 4.246428699999999640e-02
6.190514401748832274e-01 4.247428624999999985e-02
6.202895430552329836e-01 4.246829125000000510e-02
6.215301221413433996e-01 4.246389750000000018e-02
6.227731823856261784e-01 4.245914499999999675e-02
6.240187287503973224e-01 4.242764600000000635e-02
6.252667662078981170e-01 4.234232624999999944e-02
6.265172997403138933e-01 4.230329624999999705e-02
6.277703343397945668e-01 3.864984750000000080e-02
6.290258750084741779e-01 4.194054249999999706e-02
6.302839267584912086e-01 4.217593199999999931e-02
6.315444946120081227e-01 4.178398750000000134e-02
6.328075836012321265e-01 4.240670000000000550e-02
6.340731987684345983e-01 4.250392125000000687e-02
6.353413451659715161e-01 4.257944200000000207e-02
6.366120278563034418e-01 4.262448124999999866e-02
6.378852519120159492e-01 4.268768624999999539e-02
6.391610224158400522e-01 4.269706125000000130e-02
6.404393444606717445e-01 4.284167125000000464e-02
6.417202231495930942e-01 4.294075699999999607e-02
6.430036635958922275e-01 4.296975625000000465e-02
6.442896709230840901e-01 4.298154999999999337e-02
6.455782502649303201e-01 4.306240249999999936e-02
6.468694067654601199e-01 4.298701000000000605e-02
6.481631455789910179e-01 4.212082799999999905e-02
6.494594718701489633e-01 4.196775124999999745e-02
6.507583908138891982e-01 4.288064749999999370e-02
6.520599075955170187e-01 4.266023124999999971e-02
6.533640274107079815e-01 4.278818375000000007e-02
6.546707554655294414e-01 4.316573099999999885e-02
6.559800969764604250e-01 3.919089525000000324e-02
6.572920571704133907e-01 4.324582250000000294e-02
6.586066412847542129e-01 4.290175375000000041e-02
6.599238545673237200e-01 4.330648875000000370e-02
6.612437022764583450e-01 4.332327099999999653e-02
6.625661896810113305e-01 4.319459249999998973e-02
6.638913220603732679e-01 4.334965749999999951e-02
6.652191047044940797e-01 4.339588124999999713e-02
6.665495429139030037e-01 4.343771625000000108e-02
6.678826419997307973e-01 4.348748700000000522e-02
6.692184072837303876e-01 4.351088374999999286e-02
6.705568440982978551e-01 4.351477499999999859e-02
6.718979577864944153e-01 4.351411624999999839e-02
6.732417537020674025e-01 4.350568500000000227e-02
6.745882372094715862e-01 4.350848400000000005e-02
6.759374136838904867e-01 4.352725749999999949e-02
6.772892885112582473e-01 4.356032124999999200e-02
6.786438670882807278e-01 4.359771625000000150e-02
6.800011548224572655e-01 4.362485200000000563e-02
6.813611571321021021e-01 4.361273750000000532e-02
6.827238794463663663e-01 4.361319500000000043e-02
6.840893272052590568e-01 4.358923875000000198e-02
6.854575058596696913e-01 4.354916874999999882e-02
6.868284208713890671e-01 3.452191262700000235e-02
6.882020777131317990e-01 4.178672750000000241e-02
6.895784818685580797e-01 3.154521097499999455e-02
6.909576388322952178e-01 4.239187625000000181e-02
6.923395541099597317e-01 3.719002974999999905e-02
6.937242332181796645e-01 4.091093600000000191e-02
6.951116816846160118e-01 4.323934124999999351e-02
6.965019050479852591e-01 4.342336999999999586e-02
6.978949088580812532e-01 4.114198374999999963e-02
6.992906986757974064e-01 4.307082750000000571e-02
7.006892800731490123e-01 4.253344100000000516e-02
7.020906586332953392e-01 4.331305499999999614e-02
7.034948399505618344e-01 4.348223500000000796e-02
7.049018296304629949e-01 4.162967874999999596e-02
7.063116332897239058e-01 4.342175749999999806e-02
7.077242565563033327e-01 4.305688800000000149e-02
7.091397050694159265e-01 4.349929249999999470e-02
7.105579844795547606e-01 4.297596499999999792e-02
7.119791004485138686e-01 4.323449875000000275e-02
7.134030586494108928e-01 4.331889875000000112e-02
7.148298647667097327e-01 4.297529999999999406e-02
7.162595244962430829e-01 4.017592499999999428e-02
7.176920435452356362e-01 3.666723887500000084e-02
7.191274276323260661e-01 3.669696112500000357e-02
7.205656824875906752e-01 3.499912187499999716e-02
7.220068138525659318e-01 4.267635699999999810e-02
7.234508274802710082e-01 4.034286250000000684e-02
7.248977291352315389e-01 3.795187412499999996e-02
7.263475245935020475e-01 3.849279325000000418e-02
7.278002196426889281e-01 3.004742341249999962e-02
7.292558200819743153e-01 4.018005919999999981e-02
7.307143317221382883e-01 3.358399794999999965e-02
7.321757603855825192e-01 3.909275262500000458e-02
7.336401119063536980e-01 4.057213262500000694e-02
7.351073921301664038e-01 4.160559800000000752e-02
7.365776069144267524e-01 4.308042625000000486e-02
7.380507621282555997e-01 4.316748374999999915e-02
7.395268636525120787e-01 4.266045875000000487e-02
7.410059173798171361e-01 4.332566250000000063e-02
7.424879292145767362e-01 4.331042000000000225e-02
7.439729050730057303e-01 4.167624500000000065e-02
7.454608508831517266e-01 4.235542249999999648e-02
7.469517725849180723e-01 4.322748499999999605e-02
7.484456761300879446e-01 4.318616499999999858e-02
7.499425674823481103e-01 4.302671600000000651e-02
7.514424526173126839e-01 4.318138375000001028e-02
7.529453375225474421e-01 4.316064249999999880e-02
7.544512281975925827e-01 4.322312624999999353e-02
7.559601306539878163e-01 4.323097874999999590e-02
7.574720509152956804e-01 4.322299599999999964e-02
7.589869950171262980e-01 4.025882487500000162e-02
7.605049690071605806e-01 2.507675286250000274e-02
7.620259789451748755e-01 2.533021250000000099e-02
7.635500309030651689e-01 3.010851312500000335e-02
7.650771309648712881e-01 3.499556410000000117e-02
7.666072852268009941e-01 3.701060400000000250e-02
7.681404997972545168e-01 3.942013325000000290e-02
7.696767807968490915e-01 4.269873250000000287e-02
7.712161343584428286e-01 4.311024999999999580e-02
7.727585666271596931e-01 4.306019299999999661e-02
7.743040837604140414e-01 4.279014375000000231e-02
7.758526919279349343e-01 4.300011000000000111e-02
7.774043973117907846e-01 4.294353625000000424e-02
7.789592061064143369e-01 4.289172374999999926e-02
7.805171245186270923e-01 4.279795000000000127e-02
7.820781587676643998e-01 4.287374374999999849e-02
7.836423150851996589e-01 4.283354000000000328e-02
7.852095997153700768e-01 4.281454999999999983e-02
7.867800189148008716e-01 4.224708199999999830e-02
7.883535789526303628e-01 4.276311624999999672e-02
7.899302861105357287e-01 4.101854750000000216e-02
7.915101466827567656e-01 4.234821874999999958e-02
7.930931669761223102e-01 4.281622000000000205e-02
7.946793533100744433e-01 4.288864000000000565e-02
7.962687120166946908e-01 4.159336375000000086e-02
7.978612494407281153e-01 4.231477124999999395e-02
7.994569719396096286e-01 4.207386874999999304e-02
8.010558858834887497e-01 4.227128999999999609e-02
8.026579976552556950e-01 3.779260950000000452e-02
8.042633136505661362e-01 4.052518125000000027e-02
8.058718402778672907e-01 4.243580874999999808e-02
8.074835839584230124e-01 4.234741125000000134e-02
8.090985511263398822e-01 4.221576624999999472e-02
8.107167482285926319e-01 4.192801699999999798e-02
8.123381817250497905e-01 4.217219374999999632e-02
8.139628580884998854e-01 3.751331200000000005e-02
8.155907838046769776e-01 3.995436250000000689e-02
8.172219653722863075e-01 4.066892500000000854e-02
8.188564093030309410e-01 3.103292863000000137e-02
8.204941221216369707e-01 3.717016887499999950e-02
8.221351103658802728e-01 4.026588374999999498e-02
8.237793805866120422e-01 4.042499125000000026e-02
8.254269393477852157e-01 3.118564732499999950e-02
8.270777932264807841e-01 4.015409999999999813e-02
8.287319488129337719e-01 3.626660103749999864e-02
8.303894127105596601e-01 4.064303874999999899e-02
8.320501915359808098e-01 4.077924749999999737e-02
8.337142919190527746e-01 4.004302250000000424e-02
8.353817205028908344e-01 4.190582600000000019e-02
8.370524839438966413e-01 4.179762624999999732e-02
8.387265889117843098e-01 4.214800750000000096e-02
8.404040420896079500e-01 4.173787500000000067e-02
8.420848501737872027e-01 4.229024124999999912e-02
8.437690198741347736e-01 4.217526400000000397e-02
8.454565579138830778e-01 4.247651250000000767e-02
8.471474710297107746e-01 4.244525749999999986e-02
8.488417659717701902e-01 4.235055125000000004e-02
8.505394495037137403e-01 4.219143300000000041e-02
8.522405284027212424e-01 4.176235374999999472e-02
8.539450094595266716e-01 4.201428999999999581e-02
8.556528994784455833e-01 4.222517124999999871e-02
8.573642052774025357e-01 4.234131000000000006e-02
8.590789336879574023e-01 4.233276300000000936e-02
8.607970915553332381e-01 4.236112499999999947e-02
8.625186857384439243e-01 4.232481375000000240e-02
8.642437231099207029e-01 4.238249374999999985e-02
8.659722105561405980e-01 4.235374999999999557e-02
8.677041549772528395e-01 4.235103299999999626e-02
8.694395632872073953e-01 4.229958250000000197e-02
8.711784424137818394e-01 4.217295749999999677e-02
8.729207992986094400e-01 4.234891874999999889e-02
8.746666408972065820e-01 4.234996250000000462e-02
8.764159741790010782e-01 4.228848500000000066e-02
8.781688061273591472e-01 4.234122249999999754e-02
8.799251437396138353e-01 4.193661249999999785e-02
8.816849940270929942e-01 4.091595624999999625e-02
8.834483640151471473e-01 4.198699874999999720e-02
8.852152607431775788e-01 4.212207599999999441e-02
8.869856912646638669e-01 4.182059875000000010e-02
8.887596626471931938e-01 4.183941624999999720e-02
8.905371819724876570e-01 4.206840124999999819e-02
8.923182563364325803e-01 4.181860750000000043e-02
8.941028928491054906e-01 3.239930094000000038e-02
8.958910986348036509e-01 3.984319750000000354e-02
8.976828808320732600e-01 3.826288125000000540e-02
8.994782465937374294e-01 3.862384387499999405e-02
9.012772030869248274e-01 4.002753750000000166e-02
9.030797574930986560e-01 4.023124499999999187e-02
9.048859170080848502e-01 4.122651750000000392e-02
9.066956888421009442e-01 4.005257750000000561e-02
9.085090802197851589e-01 3.862425249999999755e-02
9.103260983802247130e-01 2.982275076000000247e-02
9.121467505769851325e-01 3.663355324999999912e-02
9.139710440781392276e-01 3.463399762499999590e-02
9.157989861662954034e-01 2.845656120000000094e-02
9.176305841386280804e-01 3.297027799999999870e-02
9.194658453069053383e-01 3.856342620000000054e-02
9.213047769975191148e-01 3.677817599999999576e-02
9.231473865515140709e-01 4.124787000000000592e-02
9.249936813246171230e-01 3.273418362500000317e-02
9.268436686872664199e-01 3.948402750000000461e-02
9.286973560246409853e-01 2.989857480000000095e-02
9.305547507366902504e-01 3.381353262499999651e-02
9.324158602381635852e-01 3.081814551250000242e-02
9.342806919586399417e-01 2.729859836249999908e-02
9.361492533425572748e-01 3.375587087499999639e-02
9.380215518492422966e-01 1.311322774799999862e-02
9.398975949529408958e-01 3.038498921249999790e-02
9.417773901428466710e-01 2.336914468750000279e-02
9.436609449231323499e-01 2.208089097875000004e-02
9.455482668129786550e-01 2.900556419999999677e-02
9.474393633466045017e-01 3.340325635999999432e-02
9.493342420732977516e-01 2.087236189875000050e-02
9.512329105574443000e-01 2.852467980000000097e-02
9.531353763785591626e-01 3.410786749999999978e-02
9.550416471313163402e-01 2.298704105625000091e-02
9.569517304255790169e-01 2.324660987000000054e-02
9.588656338864300910e-01 2.936763674999999518e-02
9.607833651542030395e-01 3.489951137499999745e-02
9.627049318845114501e-01 3.321783177499999795e-02
9.646303417482804399e-01 3.741922162499999871e-02
9.665596024317769652e-01 3.496480240000000156e-02
9.684927216366405744e-01 3.254145112499999548e-02
9.704297070799138281e-01 3.608147812499999663e-02
9.723705664940736071e-01 3.879895875000000105e-02
9.743153076270618662e-01 3.559476909000000577e-02
9.762639382423159429e-01 3.322122612500000294e-02
9.782164661188006427e-01 3.648843237499999753e-02
9.801728990510382156e-01 3.968117999999999645e-02
9.821332448491403300e-01 3.985089299999999835e-02
9.840975113388386042e-01 4.098038300000000217e-02
9.860657063615162476e-01 3.885948674999999825e-02
9.880378377742392582e-01 4.141215624999999151e-02
9.900139134497877302e-01 4.008961875000000008e-02
9.919939412766873854e-01 3.932948012499999646e-02
9.939779291592407695e-01 4.141859999999999986e-02
9.959658850175592271e-01 4.159968874999999539e-02
9.979578167875942096e-01 4.166391249999999713e-02
9.999537324211694722e-01 4.155265375000000150e-02
1.001953639886011826e+00 4.141189249999999156e-02
1.003957547165783781e+00 4.078131100000000064e-02
1.005965462260115295e+00 4.161051749999999938e-02
1.007977393184635417e+00 4.159232000000000207e-02
1.009993347971004818e+00 4.132200500000000887e-02
1.012013334666946873e+00 4.160815249999999521e-02
1.014037361336280751e+00 4.162332099999999091e-02
1.016065436058953164e+00 4.163517125000000541e-02
1.018097566931071229e+00 4.164092124999999728e-02
1.020133762064933336e+00 4.058863749999999659e-02
1.022174029589063338e+00 4.123631375000000321e-02
1.024218377648241418e+00 4.167714599999999825e-02
1.026266814403537841e+00 4.170525749999999532e-02
1.028319348032344926e+00 4.159632374999999715e-02
1.030375986728409687e+00 4.166720749999999751e-02
1.032436738701866474e+00 4.171649875000000424e-02
1.034501612179270502e+00 4.171253899999999293e-02
1.036570615403628937e+00 4.169819125000000237e-02
1.038643756634436199e+00 4.168470874999999354e-02
1.040721044147705054e+00 4.165613375000000451e-02
1.042802486236000359e+00 4.162722124999999884e-02
1.044888091208472591e+00 4.162743199999999894e-02
1.046977867390889383e+00 4.160948874999999270e-02
1.049071823125671266e+00 4.158309875000000544e-02
1.051169966771922537e+00 4.155965874999999893e-02
1.053272306705466566e+00 4.151671600000000212e-02
1.055378851318877320e+00 4.144675500000000179e-02
1.057489609021515342e+00 4.137313125000000036e-02
1.059604588239558165e+00 4.126302500000000179e-02
1.061723797416037396e+00 4.127068499999999446e-02
1.063847245010869358e+00 4.128014900000000903e-02
1.065974939500891061e+00 4.075825750000000580e-02
1.068106889379893065e+00 4.119294874999999967e-02
1.070243103158652787e+00 4.115570625000000010e-02
1.072383589364970025e+00 4.136382374999999362e-02
1.074528356543700047e+00 4.138960000000000555e-02
1.076677413256787563e+00 4.131312749999999784e-02
1.078830768083300917e+00 4.160780749999999639e-02
1.080988429619467617e+00 4.102820374999999881e-02
1.083150406478706529e+00 4.160958999999999491e-02
1.085316707291664073e+00 3.968070320000000040e-02
1.087487340706247529e+00 4.162439750000000022e-02
1.089662315387660119e+00 4.110731000000000107e-02
1.091841640018435422e+00 3.960493450000000110e-02
1.094025323298472241e+00 4.104451875000000166e-02
1.096213373945069236e+00 4.075890499999999805e-02
1.098405800692959566e+00 4.100527750000000637e-02
1.100602612294345528e+00 4.021763750000000026e-02
1.102803817518934082e+00 3.797880162499999573e-02
1.105009425153971936e+00 3.829549412500000277e-02
1.107219444004279962e+00 3.412851540000000350e-02
1.109433882892288503e+00 3.107787035625000222e-02
1.111652750658073119e+00 3.663375487499999361e-02
1.113876056159389227e+00 2.943619045250000371e-02
1.116103808271708075e+00 2.175129183737500166e-02
1.118336015888251378e+00 2.677334238999999616e-02
1.120572687920027732e+00 2.145055316379999855e-02
1.122813833295867925e+00 2.277778724124999987e-02
1.125059460962459568e+00 2.641835062750000004e-02
1.127309579884384405e+00 1.730472082500000147e-02
1.129564199044153394e+00 2.633017504875000137e-02
1.131823327442241567e+00 3.540784075000000253e-02
1.134086974097126221e+00 1.422921584937500081e-02
1.136355148045320451e+00 3.066476928750000094e-02
1.138627858341410892e+00 3.199527169999999421e-02
1.140905114058093694e+00 3.140214267500000128e-02
1.143186924286210049e+00 3.118788995000000216e-02
1.145473298134782603e+00 3.120450475000000057e-02
1.147764244731052097e+00 3.261873344999999952e-02
1.150059773220514225e+00 3.074786730000000218e-02
1.152359892766955163e+00 2.934923323750000118e-02
1.154664612552489089e+00 2.370547829625000227e-02
1.156973941777594161e+00 3.154556136250000198e-02
1.159287889661149373e+00 3.720050500000000177e-02
1.161606465440471636e+00 3.691649019999999892e-02
1.163929678371352416e+00 1.933569446337500206e-02
1.166257537728095262e+00 3.670844912500000057e-02
1.168590052803551327e+00 3.358264489999999991e-02
1.170927232909158455e+00 3.462300174999999314e-02
1.173269087374976705e+00 3.938102200000000164e-02
1.175615625549726762e+00 3.781937287499999301e-02
1.177966856800826134e+00 3.688210624999999770e-02
1.180322790514427789e+00 4.072260749999999374e-02
1.182683436095456564e+00 3.556028717500000352e-02
1.185048802967647585e+00 3.710729250000000673e-02
1.187418900573582903e+00 3.520369398749999962e-02
1.189793738374729903e+00 3.980273250000000013e-02
1.192173325851479504e+00 3.958424449999999734e-02
1.194557672503182344e+00 3.593532559999999820e-02
1.196946787848188531e+00 3.314504683999999757e-02
1.199340681423884947e+00 3.532033837499999607e-02
1.201739362786732546e+00 3.744383324999999568e-02
1.204142841512306106e+00 3.528702761250000070e-02
1.206551127195330864e+00 4.017180249999999925e-02
1.208964229449721373e+00 4.055209900000000117e-02
1.211382157908620805e+00 3.927634349999999802e-02
1.213804922224438254e+00 4.002280249999999595e-02
1.216232532068886929e+00 4.021125875000000627e-02
1.218664997133024785e+00 3.952211599999999603e-02
1.221102327127290721e+00 3.738392100000000051e-02
1.223544531781545430e+00 3.840810312500000240e-02
1.225991620845108487e+00 4.073477874999999193e-02
1.228443604086798757e+00 4.083292624999999842e-02
1.230900491294972365e+00 4.007304800000000000e-02
1.233362292277562222e+00 4.042489875000000038e-02
1.235829016862117324e+00 4.112582124999999977e-02
1.238300674895841613e+00 4.110048250000000042e-02
1.240777276245633054e+00 4.090536624999999843e-02
1.243258830798124492e+00 4.108942599999999834e-02
1.245745348459720736e+00 4.103944125000000276e-02
1.248236839156640077e+00 4.092566999999999733e-02
1.250733312834953370e+00 4.094712625000000022e-02
1.253234779460623338e+00 4.083795250000000349e-02
1.255741249019544536e+00 4.073424900000000709e-02
1.258252731517583545e+00 4.056550750000000038e-02
1.260769236980618713e+00 3.958932124999999663e-02
1.263290775454580128e+00 3.987650375000000025e-02
1.265817357005489141e+00 3.928083137499999850e-02
1.268348991719500107e+00 2.851787710480000251e-02
1.270885689702939025e+00 3.344516287500000351e-02
1.273427461082345058e+00 3.972535625000000320e-02
1.275974316004509834e+00 4.048704374999999994e-02
1.278526264636518750e+00 4.052390499999999202e-02
1.281083317165791824e+00 4.016852099999999870e-02
1.283645483800123444e+00 4.109060249999999664e-02
1.286212774767723666e+00 4.114901125000000603e-02
1.288785200317259072e+00 4.090773375000000128e-02
1.291362770717893405e+00 4.065360000000000501e-02
1.293945496259329087e+00 3.999331280000000682e-02
1.296533387251847858e+00 3.836157887499999641e-02
1.299126454026351407e+00 4.009454375000000292e-02
1.301724706934404230e+00 3.700881749999999221e-02
1.304328156348272927e+00 3.967888700000000296e-02
1.306936812660969505e+00 3.170615768500000681e-02
1.309550686286291565e+00 3.167921520499999977e-02
1.312169787658864273e+00 3.908962212500000089e-02
1.314794127234181875e+00 2.654672708300000183e-02
1.317423715488650338e+00 3.635132169999999441e-02
1.320058562919627532e+00 3.321975149999999849e-02
1.322698680045466757e+00 3.529992800000000125e-02
1.325344077405557819e+00 3.572771337499999755e-02
1.327994765560368773e+00 3.292911490000000052e-02
1.330650755091489668e+00 2.488189150299999902e-02
1.333312056601672513e+00 2.661304114624999870e-02
1.335978680714875910e+00 3.464837524999999502e-02
1.338650638076305466e+00 3.500177474999999899e-02
1.341327939352458198e+00 3.028438046249999627e-02
1.344010595231163174e+00 2.066664661880000115e-02
1.346698616421625472e+00 1.389321993450000001e-02
1.349392013654468592e+00 1.026837209572500041e-02
1.352090797681777534e+00 2.288972829375000156e-02
1.354794979277141209e+00 1.525935619250000028e-02
1.357504569235695513e+00 1.417820182699999765e-02
1.360219578374167071e+00 1.212163070312500049e-02
1.362940017530915426e+00 1.278019722249999941e-02
1.365665897565977005e+00 1.420780604412500044e-02
1.368397229361109080e+00 5.220710668249999541e-03
1.371134023819831294e+00 9.270524351800001062e-03
1.373876291867470956e+00 1.090396675018624924e-02
1.376624044451205897e+00 1.378947367602625061e-02
1.379377292540108435e+00 8.905810474124999793e-03
1.382136047125188671e+00 9.582032190999999546e-03
1.384900319219438902e+00 1.305794493600000161e-02
1.387670119857877804e+00 1.305532714271250005e-02
1.390445460097593511e+00 1.912862139124999958e-02
1.393226351017788911e+00 1.616112630125000199e-02
1.396012803719824280e+00 1.253393715599999785e-02
1.398804829327263910e+00 6.523154030000000506e-03
1.401602438985918520e+00 8.304242298249999224e-03
1.404405643863890329e+00 1.205731570875000040e-02
1.407214455151617916e+00 1.488522260450000044e-02
1.410028884061921284e+00 1.610198607899999967e-02
1.412848941830045169e+00 1.192737563426249890e-02
1.415674639713705218e+00 1.152138741475000096e-02
1.418505988993132627e+00 6.394832356250000453e-03
1.421343000971118986e+00 1.605796115750000169e-02
1.424185686973061138e+00 1.492920447900000086e-02
1.427034058347007139e+00 1.582864531237499969e-02
1.429888126463701337e+00 1.997458206624999622e-02
1.432747902716628552e+00 9.974215058162500674e-03
1.435613398522062045e+00 1.638590247787499732e-02
1.438484625319106147e+00 1.557842833800000132e-02
1.441361594569744220e+00 1.875691396500000011e-02
1.444244317758883733e+00 1.947586862875000033e-02
1.447132806394401561e+00 2.197297413749999678e-02
1.450027072007190387e+00 1.766806424375000004e-02
1.452927126151204895e+00 1.795096488660000156e-02
1.455832980403507282e+00 1.414782079875000036e-02
1.458744646364314335e+00 1.707052443750000162e-02
1.461662135657042949e+00 1.337010504849999934e-02
1.464585459928356981e+00 2.156046122125000047e-02
1.467514630848213653e+00 2.104810729299999919e-02
1.470449660109910184e+00 1.755191609125000135e-02
1.473390559430129976e+00 1.709030665999999865e-02
1.476337340548990129e+00 2.524619372250000091e-02
1.479290015230088073e+00 1.931160176625000210e-02
1.482248595260548196e+00 2.516123537700000121e-02
1.485213092451069361e+00 2.530710863749999900e-02
1.488183518635971314e+00 2.769058761249999778e-02
1.491159885673243313e+00 2.262374790624999826e-02
1.494142205444589644e+00 2.517774172999999796e-02
1.497130489855478697e+00 3.188197009999999693e-02
1.500124750835189813e+00 3.084150525000000156e-02
1.503125000336860140e+00 2.960251744249999678e-02
1.506131250337534144e+00 3.398499937499999818e-02
1.509143512838209134e+00 3.426076530000000259e-02
1.512161799863885658e+00 2.884095516874999807e-02
1.515186123463613477e+00 3.281087587499999930e-02
1.518216495710540626e+00 3.589103250000000300e-02
1.521252928701961604e+00 3.584045649999999944e-02
1.524295434559365781e+00 3.497296460000000329e-02
1.527344025428484464e+00 3.610857749999999561e-02
1.530398713479341533e+00 3.731602750000000135e-02
1.533459510906300283e+00 3.681188124999999756e-02
1.536526429928112947e+00 3.724905625000000248e-02
1.539599482787969098e+00 3.710262400000000071e-02
1.542678681753545167e+00 3.750900750000000367e-02
1.545764039117052402e+00 3.771111624999999579e-02
1.548855567195286387e+00 3.812373374999999953e-02
1.551953278329677000e+00 3.734077749999999835e-02
1.555057184886336374e+00 3.831710499999999714e-02
1.558167299256108862e+00 3.832171125000000123e-02
1.561283633854621211e+00 3.843319249999999770e-02
1.564406201122330309e+00 3.866648624999999978e-02
1.567535013524575138e+00 3.825005125000000006e-02
1.570670083551624074e+00 3.598175480000000148e-02
1.573811423718727287e+00 3.504572437500000359e-02
1.576959046566164702e+00 3.667538412500000178e-02
1.580112964659297070e+00 3.836914125000000231e-02
1.583273190588615709e+00 3.887687874999999627e-02
1.586439736969792680e+00 3.782531199999999982e-02
1.589612616443732307e+00 3.894384124999999974e-02
1.592791841676620024e+00 3.779256262500000491e-02
1.595977425359973001e+00 3.919275500000000273e-02
1.599169380210692992e+00 3.886782750000000036e-02
1.602367718971114297e+00 3.717998499999999873e-02
1.605572454409056604e+00 3.809733625000000234e-02
1.608783599317874735e+00 3.844008375000000644e-02
1.612001166516510375e+00 3.889882874999999601e-02
1.615225168849543369e+00 3.958701900000000107e-02
1.618455619187242345e+00 3.965469124999999873e-02
1.621692530425617118e+00 3.975153499999999757e-02
1.624935915486468208e+00 3.970469374999999190e-02
1.628185787317441235e+00 3.989708250000000012e-02
1.631442158892076222e+00 3.905478100000001063e-02
1.634705043209860431e+00 3.957463500000000384e-02
1.637974453296279886e+00 3.882115462499999975e-02
1.641250402202872660e+00 3.768355637500000327e-02
1.644532903007278390e+00 3.795534687500000393e-02
1.647821968813293125e+00 3.950365799999999705e-02
1.651117612750919506e+00 3.495182037499999783e-02
1.654419847976421387e+00 3.914126499999999453e-02
1.657728687672374246e+00 3.964160624999999577e-02
1.661044145047719134e+00 3.983971875000000273e-02
1.664366233337814638e+00 3.668358730000000067e-02
1.667694965804490170e+00 3.973622874999999804e-02
1.671030355736099260e+00 4.012493375000000112e-02
1.674372416447571510e+00 3.566285737499999553e-02
1.677721161280466333e+00 3.991268124999999833e-02
1.681076603603027353e+00 3.990989600000000026e-02
1.684438756810233473e+00 3.986856124999999668e-02
1.687807634323853945e+00 4.002297500000000230e-02
1.691183249592501658e+00 3.818191174999999160e-02
1.694565616091686655e+00 4.009220624999999816e-02
1.697954747323870084e+00 3.933014399999999744e-02
1.701350656818517715e+00 3.917593374999999573e-02
1.704753358132154784e+00 3.904470375000000659e-02
1.708162864848419282e+00 3.743304199999999970e-02
1.711579190578115917e+00 3.997886500000000232e-02
1.715002348959272283e+00 3.949572500000000236e-02
1.718432353657190825e+00 3.905760500000000218e-02
1.721869218364505016e+00 3.522174078750000409e-02
1.725312956801233977e+00 3.890964999999999008e-02
1.728763582714836655e+00 3.661270675000000141e-02
1.732221109880266230e+00 3.825217799999999779e-02
1.735685552100026730e+00 3.838278625000000194e-02
1.739156923204226768e+00 3.863503499999999813e-02
1.742635237050635277e+00 3.627072315000000324e-02
1.746120507524736576e+00 3.531725019999999715e-02
1.749612748539786100e+00 3.839538124999999913e-02
1.753111974036865472e+00 3.887287375000000184e-02
1.756618197984939123e+00 3.561412337500000080e-02
1.760131434380908910e+00 3.801176412500000684e-02
1.763651697249670747e+00 3.627224559999999570e-02
1.767179000644169884e+00 3.596684825000000252e-02
1.770713358645458202e+00 3.728046025000000124e-02
1.774254785362749054e+00 3.417952112500000084e-02
1.777803294933474554e+00 2.448612622487500445e-02
1.781358901523341753e+00 3.534479452900000235e-02
1.784921619326388376e+00 2.693067379499999858e-02
1.788491462565041212e+00 3.587515449999999911e-02
1.792068445490171413e+00 2.896461651249999936e-02
1.795652582381151552e+00 3.085375250000000139e-02
1.799243887545913800e+00 2.690520220599999790e-02
1.802842375321005663e+00 2.515789058250000182e-02
1.806448060071647710e+00 2.550134944375000157e-02
1.810060956191791082e+00 1.577469319862500122e-02
1.813681078104174560e+00 1.497659553249999775e-02
1.817308440260382962e+00 1.505043148702000025e-02
1.820943057140903765e+00 9.806073521249999980e-03
1.824584943255185721e+00 2.602633506374999600e-02
1.828234113141696149e+00 2.193954074624999973e-02
1.831890581367979554e+00 7.896041575499999562e-03
1.835554362530715355e+00 1.309040477379999970e-02
1.839225471255776734e+00 1.430402019187500089e-02
1.842903922198288136e+00 7.460419665250000304e-03
1.846589730042684785e+00 1.204070480662500046e-02
1.850282909502769968e+00 8.678197575125000049e-03
1.853983475321775654e+00 1.388601597980999858e-02
1.857691442272419113e+00 1.205185557349999943e-02
1.861406825156963984e+00 1.116342832257499924e-02
1.865129638807277779e+00 7.861976174200001333e-03
1.868859898084892279e+00 3.416155011499999884e-03
1.872597617881062160e+00 8.514407425499999696e-03
1.876342813116824271e+00 9.584307955750000219e-03
1.880095498743057814e+00 9.195679439250000961e-03
1.883855689740544070e+00 1.431185811487500036e-02
1.887623401120025246e+00 1.280975513929999941e-02
1.891398647922265308e+00 2.387495263250000253e-03
1.895181445218109717e+00 9.720501109999999875e-03
1.898971808108545822e+00 7.311703539124999977e-03
1.902769751724763037e+00 1.120978895438749963e-02
1.906575291228212565e+00 8.556214868025999523e-03
1.910388441810669136e+00 9.488133902625001809e-03
1.914209218694290282e+00 8.135356419999999894e-03
1.918037637131678963e+00 1.070610452474999794e-02
1.921873712405942403e+00 1.019037166374999956e-02
1.925717459830754041e+00 9.160256470700000112e-03
1.929568894750415708e+00 4.045727972287500342e-03
1.933428032539916241e+00 9.988257514374999577e-03
1.937294888604996324e+00 1.102972033875000181e-02
1.941169478382206215e+00 1.214531856250000014e-02
1.945051817338970590e+00 1.137312300199999800e-02
1.948941920973648489e+00 1.253594121250000033e-02
1.952839804815595715e+00 9.105170901125001978e-03
1.956745484425226778e+00 6.452850315250000142e-03
1.960658975394077297e+00 1.269017804499999839e-02
1.964580293344865503e+00 1.130367850682999914e-02
1.968509453931555075e+00 7.502477540949999656e-03
1.972446472839417986e+00 1.488471820249999931e-02
1.976391365785096887e+00 1.962086450000000148e-02
1.980344148516667069e+00 1.670198991249999959e-02
1.984304836813700401e+00 2.050951662000000120e-02
1.988273446487327956e+00 1.876308943874999829e-02
1.992249993380302620e+00 2.234991162499999975e-02
1.996234493367063045e+00 1.921553874999999689e-02
2.000226962353797155e+00 1.513472965200000041e-02
