2.002000000000000168e-01 1.829638200000000036e-03
2.006004000000000120e-01 2.498348750000000101e-03
2.010016008000000132e-01 1.927726250000000134e-03
2.014036040016000118e-01 2.696186750000000194e-03
2.018064112096032425e-01 2.635352400000000230e-03
2.022100240320224285e-01 2.878958625000000143e-03
2.026144440800864976e-01 3.033161124999999864e-03
2.030196729682466894e-01 2.964763000000000034e-03
2.034257123141831602e-01 2.882435374999999834e-03
2.038325637388115341e-01 2.792733700000000173e-03
2.042402288662891752e-01 2.706789499999999980e-03
2.046487093240217381e-01 2.633547875000000378e-03
2.050580067426697739e-01 2.575449124999999988e-03
2.054681227561551138e-01 2.563703625000000180e-03
2.058790590016674471e-01 2.553021099999999970e-03
2.062908171196707885e-01 2.531337750000000296e-03
2.067033987539101392e-01 2.507711749999999747e-03
2.071168055514179263e-01 2.487760500000000055e-03
2.075310391625207751e-01 2.472352875000000116e-03
2.079461012408458098e-01 2.452988400000000267e-03
2.083619934433275089e-01 2.432953375000000088e-03
2.087787174302141446e-01 2.415079250000000399e-03
2.091962748650745829e-01 2.396863875000000352e-03
2.096146674148047229e-01 2.375532249999999946e-03
2.100338967496343523e-01 2.348912199999999943e-03
2.104539645431336148e-01 2.330748125000000042e-03
2.108748724722198931e-01 2.315650624999999931e-03
2.112966222171643316e-01 2.295328249999999994e-03
2.117192154615986643e-01 2.271333500000000116e-03
2.121426538925218486e-01 2.237086400000000246e-03
2.125669392003068925e-01 2.200711125000000094e-03
2.129920730787074890e-01 2.168962499999999710e-03
2.134180572248648988e-01 2.138406375000000050e-03
2.138448933393146401e-01 2.108193999999999867e-03
2.142725831259932878e-01 2.066098700000000392e-03
2.147011282922452469e-01 2.021129999999999888e-03
2.151305305488297459e-01 1.985230750000000193e-03
2.155607916099274157e-01 1.955945125000000100e-03
2.159919131931472558e-01 1.923477099999999860e-03
2.164238970195335454e-01 1.885366749999999904e-03
2.168567448135726161e-01 1.848169499999999937e-03
2.172904583031997627e-01 1.813341124999999932e-03
2.177250392198061546e-01 1.780010500000000009e-03
2.181604892982457744e-01 1.743129999999999853e-03
2.185968102768422461e-01 1.705305375000000078e-03
2.190340038973959125e-01 1.666166374999999977e-03
2.194720719051907187e-01 1.624932125000000090e-03
2.199110160490010957e-01 1.584878250000000153e-03
2.203508380810991207e-01 1.542357600000000047e-03
2.207915397572613181e-01 1.501651374999999917e-03
2.212331228367758196e-01 1.461638500000000084e-03
2.216755890824493869e-01 1.419637249999999937e-03
2.221189402606142949e-01 1.379715749999999930e-03
2.225631781411355203e-01 1.337833999999999985e-03
2.230083044974177642e-01 1.297871499999999874e-03
2.234543211064126123e-01 1.263793999999999942e-03
2.239012297486254466e-01 1.227195875000000125e-03
2.243490322081226895e-01 1.191465999999999966e-03
2.247977302725389648e-01 1.153083799999999898e-03
2.252473257330840362e-01 1.116833874999999992e-03
2.256978203845501907e-01 1.086276499999999905e-03
2.261492160253192885e-01 1.055402249999999858e-03
2.266015144573699513e-01 1.022975624999999857e-03
2.270547174862846962e-01 9.880757600000001500e-04
2.275088269212572623e-01 9.544175874999999767e-04
2.279638445750997722e-01 9.257242750000000417e-04
2.284197722642499762e-01 8.970361125000001282e-04
2.288766118087784962e-01 8.670406000000000077e-04
2.293343650323960425e-01 8.343158099999999858e-04
2.297930337624608521e-01 8.038148750000001074e-04
2.302526198299857663e-01 7.653083499999999281e-04
2.307131250696457525e-01 7.505189500000000388e-04
2.311745513197850377e-01 7.250116249999999027e-04
2.316369004224245742e-01 7.038065699999999621e-04
2.321001742232694509e-01 6.822827500000000229e-04
2.325643745717159705e-01 6.607570249999999978e-04
2.330295033208594213e-01 6.388378249999999113e-04
2.334955623275011272e-01 6.187653700000001096e-04
2.339625534521561634e-01 6.024618999999999721e-04
2.344304785590604623e-01 5.819172125000000645e-04
2.348993395161785847e-01 5.645019374999999621e-04
2.353691381952109363e-01 5.525818125000000200e-04
2.358398764716013452e-01 5.335296000000000222e-04
2.363115562245445278e-01 5.131648749999999544e-04
2.367841793369936387e-01 5.009215124999999956e-04
2.372577476956675979e-01 4.857725999999999711e-04
2.377322631910589457e-01 4.729659499999999944e-04
2.382077277174410590e-01 4.570991000000000160e-04
2.386841431728759511e-01 4.439587875000000454e-04
2.391615114592217095e-01 4.337929500000000087e-04
2.396398344821401571e-01 4.180183124999999793e-04
2.401191141511044291e-01 4.059158874999999967e-04
2.405993523794066058e-01 3.982657900000000106e-04
2.410805510841654287e-01 3.865164875000000008e-04
2.415627121863337390e-01 3.747562624999999960e-04
2.420458376107064158e-01 3.668899500000000159e-04
2.425299292859278144e-01 3.608706875000000235e-04
2.430149891444997046e-01 3.528645099999999559e-04
2.435010191227887089e-01 3.426353625000000576e-04
2.439880211610342686e-01 3.351527249999999955e-04
2.444759972033563322e-01 3.312985250000000147e-04
2.449649491977630433e-01 3.261288250000000293e-04
2.454548790961585680e-01 3.131636400000000278e-04
2.459457888543508663e-01 3.056547625000000275e-04
2.464376804320595749e-01 3.028786999999999907e-04
2.469305557929236949e-01 2.983698875000000204e-04
2.474244169045095587e-01 2.902003374999999590e-04
2.479192657383185727e-01 2.845317100000000128e-04
2.484151042697951839e-01 2.809282250000000270e-04
2.489119344783347898e-01 2.719485624999999672e-04
2.494097583472914548e-01 2.680073250000000133e-04
2.499085778639860422e-01 2.633988399999999787e-04
2.504083950197140140e-01 2.620613999999999843e-04
2.509092118097534518e-01 2.603287125000000178e-04
2.514110302333729119e-01 2.538110375000000125e-04
2.519138522938396685e-01 2.463843249999999934e-04
2.524176799984273467e-01 2.470368399999999616e-04
2.529225153584241936e-01 2.456624249999999894e-04
2.534283603891410719e-01 2.412775000000000087e-04
2.539352171099192867e-01 2.374788249999999887e-04
2.544430875441391349e-01 2.378514625000000189e-04
2.549519737192273983e-01 2.345558800000000139e-04
2.554618776666658375e-01 2.282001250000000058e-04
2.559728014219991854e-01 2.295709000000000215e-04
2.564847470248432515e-01 2.321415250000000152e-04
2.569977165188929158e-01 2.306130749999999808e-04
2.575117119519306774e-01 2.287791800000000121e-04
2.580267353758345372e-01 2.279074500000000027e-04
2.585427888465862134e-01 2.212423874999999902e-04
2.590598744242793572e-01 2.203467000000000023e-04
2.595779941731279905e-01 2.283984125000000230e-04
2.600971501614742221e-01 2.286847100000000035e-04
2.606173444617971846e-01 2.208812375000000284e-04
2.611385791507207510e-01 2.242270874999999957e-04
2.616608563090221939e-01 2.289088499999999895e-04
2.621841780216402351e-01 2.263874750000000123e-04
2.627085463776834828e-01 2.254975400000000236e-04
2.632339634704388698e-01 2.336164750000000205e-04
2.637604313973797576e-01 2.342387624999999916e-04
2.642879522601745412e-01 2.296935749999999771e-04
2.648165281646948088e-01 2.315875000000000117e-04
2.653461612210242238e-01 2.365632699999999967e-04
2.658768535434662961e-01 2.361024750000000234e-04
2.664086072505532643e-01 2.408870999999999929e-04
2.669414244650543111e-01 2.478465625000000005e-04
2.674753073139844450e-01 2.476376499999999922e-04
2.680102579286124387e-01 2.492664374999999815e-04
2.685462784444696549e-01 2.582318874999999653e-04
2.690833710013585955e-01 2.644513625000000350e-04
2.696215377433612836e-01 2.614435875000000213e-04
2.701607808188479787e-01 2.656633999999999949e-04
2.707011023804857253e-01 2.763767874999999955e-04
2.712425045852466798e-01 2.814314750000000091e-04
2.717849895944172145e-01 2.835335250000000002e-04
2.723285595736060216e-01 2.899949874999999729e-04
2.728732166927532177e-01 2.985308000000000319e-04
2.734189631261387810e-01 3.067243499999999833e-04
2.739658010523910447e-01 3.201493749999999522e-04
2.745137326544958567e-01 3.297003750000000104e-04
2.750627601198047945e-01 3.310961500000000131e-04
2.756128856400444360e-01 3.452006499999999930e-04
2.761641114113245199e-01 3.554819000000000295e-04
2.767164396341471599e-01 3.667809874999999930e-04
2.772698725134154496e-01 3.748796625000000091e-04
2.778244122584422882e-01 3.885370500000000140e-04
2.783800610829592070e-01 4.055899700000000093e-04
2.789368212051250850e-01 4.218455500000000357e-04
2.794946948475353632e-01 4.354724374999999941e-04
2.800536842372304269e-01 4.473934375000000177e-04
2.806137916057048765e-01 4.728313375000000067e-04
2.811750191889162975e-01 4.905885700000000259e-04
2.817373692272941987e-01 5.268747250000000142e-04
2.823008439657487822e-01 5.430894250000001082e-04
2.828654456536803252e-01 5.655685375000000376e-04
2.834311765449876730e-01 5.716033999999999829e-04
2.839980388980776205e-01 6.154374100000000250e-04
2.845660349758737939e-01 6.502540999999999920e-04
2.851351670458255327e-01 6.838011749999999998e-04
2.857054373799171598e-01 7.178892625000000190e-04
2.862768482546770299e-01 7.423189125000000978e-04
2.868494019511863558e-01 7.844751300000001037e-04
2.874231007550887562e-01 8.232042249999999830e-04
2.879979469565989714e-01 8.880199125000000230e-04
2.885739428505121884e-01 9.335527499999999668e-04
2.891510907362132010e-01 9.865908800000000329e-04
2.897293929176856242e-01 1.051120124999999940e-03
2.903088517035209426e-01 1.099169000000000101e-03
2.908894694069280029e-01 1.152816500000000037e-03
2.914712483457418957e-01 1.235502249999999953e-03
2.920541908424333366e-01 1.336097999999999973e-03
2.926382992241182146e-01 1.397485625000000065e-03
2.932235758225664735e-01 1.486924250000000013e-03
2.938100229742116043e-01 1.602460500000000166e-03
2.943976430201600269e-01 1.676037124999999947e-03
2.949864383062003048e-01 1.786013499999999877e-03
2.955764111828127483e-01 1.944456375000000025e-03
2.961675640051783520e-01 2.077500874999999893e-03
2.967598991331887315e-01 2.182048750000000273e-03
2.973534189314551157e-01 2.334047000000000118e-03
2.979481257693180618e-01 2.532066099999999952e-03
2.985440220208566697e-01 2.689133750000000274e-03
2.991411100648984078e-01 2.844542999999999724e-03
2.997393922850282166e-01 3.085119875000000289e-03
3.003388710695982233e-01 3.242877499999999649e-03
3.009395488117374562e-01 3.483597100000000203e-03
3.015414279093609484e-01 3.781909374999999768e-03
3.021445107651796746e-01 3.935558375000000261e-03
3.027487997867099878e-01 4.227177375000000167e-03
3.033542973862833891e-01 4.566258874999999662e-03
3.039610059810559650e-01 4.758991299999999411e-03
3.045689279930180460e-01 5.079597249999999800e-03
3.051780658490040876e-01 5.573701250000000218e-03
3.057884219807021076e-01 5.856597874999999384e-03
3.063999988246635664e-01 6.023966749999999995e-03
3.070127988223129156e-01 6.578124399999999566e-03
3.076268244199575896e-01 7.236684499999999909e-03
3.082420780687974982e-01 7.424019375000000254e-03
3.088585622249351292e-01 7.720150624999999947e-03
3.094762793493849307e-01 8.504660200000001627e-03
3.100952319080837460e-01 9.166594624999999802e-03
3.107154223718998631e-01 9.573096999999999163e-03
3.113368532166437275e-01 9.894276125000000394e-03
3.119595269230769907e-01 1.129252737499999992e-02
3.125834459769231133e-01 1.261567299999999912e-02
3.132086128688770232e-01 1.288310374999999952e-02
3.138350300946147753e-01 1.298180999999999988e-02
3.144627001548039313e-01 1.502535999999999976e-02
3.150916255551135525e-01 1.573605875000000029e-02
3.157218088062238026e-01 1.517909400000000061e-02
3.163532524238362176e-01 1.738812374999999799e-02
3.169859589286838641e-01 1.800724749999999680e-02
3.176199308465412763e-01 1.737489000000000047e-02
3.182551707082343917e-01 1.912145374999999967e-02
3.188916810496508214e-01 2.183731299999999709e-02
3.195294644117501193e-01 2.025271249999999884e-02
3.201685233405736630e-01 2.012585624999999739e-02
3.208088603872547573e-01 2.373197625000000172e-02
3.214504781080292917e-01 2.552122375000000221e-02
3.220933790642453443e-01 2.289247200000000398e-02
3.227375658223737842e-01 2.268532749999999792e-02
3.233830409540185413e-01 2.702545124999999882e-02
3.240298070359265425e-01 2.882117749999999964e-02
3.246778666499984256e-01 2.652109874999999950e-02
3.253272223832984200e-01 2.542059399999999775e-02
3.259778768280650052e-01 2.854488250000000032e-02
3.266298325817211246e-01 3.093137749999999922e-02
3.272830922468845660e-01 2.953562250000000070e-02
3.279376584313783427e-01 2.731811875000000195e-02
3.285935337482410734e-01 2.959381900000000037e-02
3.292507208157375853e-01 3.247548499999999838e-02
3.299092222573690725e-01 3.242332375000000350e-02
3.305690407018838095e-01 3.024191749999999984e-02
3.312301787832875322e-01 2.956277375000000013e-02
3.318926391408540955e-01 3.206659099999999846e-02
3.325564244191357988e-01 3.347515375000000015e-02
3.332215372679740994e-01 3.290540374999999934e-02
3.338879803425100490e-01 3.098272000000000179e-02
3.345557563031950621e-01 3.280469099999999694e-02
3.352248678158014084e-01 3.390267874999999820e-02
3.358953175514330369e-01 3.408559125000000523e-02
3.365671081865359016e-01 3.328560499999999589e-02
3.372402424029089518e-01 3.229179000000000077e-02
3.379147228877147358e-01 3.306647000000000058e-02
3.385905523334902245e-01 3.411975374999999533e-02
3.392677334381571930e-01 3.421349625000000283e-02
3.399462689050334330e-01 3.373079125000000289e-02
3.406261614428435225e-01 3.349049125000000404e-02
3.413074137657292062e-01 3.422226500000000171e-02
3.419900285932606643e-01 3.441194624999999868e-02
3.426740086504471705e-01 3.443587000000000037e-02
3.433593566677480835e-01 3.419842624999999692e-02
3.440460753810836159e-01 3.357449375000000347e-02
3.447341675318457699e-01 3.392556700000000369e-02
3.454236358669094398e-01 3.429600875000000243e-02
3.461144831386432363e-01 3.438034499999999966e-02
3.468067121049205337e-01 3.437072124999999978e-02
3.475003255291303494e-01 3.413983375000000098e-02
3.481953261801886135e-01 3.432175399999999599e-02
3.488917168325489926e-01 3.438427250000000018e-02
3.495895002662141038e-01 3.436851875000000028e-02
3.502886792667465610e-01 3.434175124999999662e-02
3.509892566252800217e-01 3.426266249999999902e-02
3.516912351385305668e-01 3.400261799999999834e-02
3.523946176088076365e-01 3.413003875000000104e-02
3.530994068440251876e-01 3.416185124999999989e-02
3.538056056577132402e-01 3.415480499999999642e-02
3.545132168690287022e-01 3.411975249999999599e-02
3.552222433027667492e-01 3.404956900000000175e-02
3.559326877893722596e-01 3.402719249999999751e-02
3.566445531649510281e-01 3.399145624999999615e-02
3.573578422712808678e-01 3.395193250000000385e-02
3.580725579558234339e-01 3.391128699999999829e-02
3.587887030717350489e-01 3.386183749999999854e-02
3.595062804778785814e-01 3.377438624999999639e-02
3.602252930388343266e-01 3.376091000000000508e-02
3.609457436249119411e-01 3.378223125000000271e-02
3.616676351121618227e-01 3.379204300000000077e-02
3.623909703823861017e-01 3.378909499999999816e-02
3.631157523231508533e-01 3.379190374999999774e-02
3.638419838277971996e-01 3.379382125000000153e-02
3.645696677954528009e-01 3.379319875000000306e-02
3.652988071310436791e-01 3.379189700000000129e-02
3.660294047453057642e-01 3.379377000000000075e-02
3.667614635547964408e-01 3.379539875000000387e-02
3.674949864819060386e-01 3.379564749999999784e-02
3.682299764548698229e-01 3.379297625000000221e-02
3.689664364077795966e-01 3.379118299999999547e-02
3.697043692805951354e-01 3.379463500000000342e-02
3.704437780191563445e-01 3.377194499999999766e-02
3.711846655751946944e-01 3.373493999999999798e-02
3.719270349063450443e-01 3.369758124999999715e-02
3.726708889761577437e-01 3.365480500000000291e-02
3.734162307541100123e-01 3.361080125000000252e-02
3.741630632156182079e-01 3.357219124999999416e-02
3.749113893420494836e-01 3.353482875000000224e-02
3.756612121207335564e-01 3.349688374999999774e-02
3.764125345449750304e-01 3.345120199999999933e-02
3.771653596140650544e-01 3.339359624999999748e-02
3.779196903332932012e-01 3.337158625000000156e-02
3.786755297139597909e-01 3.333320249999999901e-02
3.794328807733876596e-01 3.329321749999999969e-02
3.801917465349344827e-01 3.326017700000000188e-02
3.809521300280043210e-01 3.325164750000000197e-02
3.817140342880603332e-01 3.324577125000000022e-02
3.824774623566364884e-01 3.324008124999999758e-02
3.832424172813497787e-01 3.323401499999999870e-02
3.840089021159124316e-01 3.322833749999999642e-02
3.847769199201442891e-01 3.322334250000000266e-02
3.855464737599845759e-01 3.321815000000000184e-02
3.863175667075045561e-01 3.321270500000000209e-02
3.870902018409195788e-01 3.320649400000000306e-02
3.878643822446014022e-01 3.320063125000000115e-02
3.886401110090906830e-01 3.319555250000000290e-02
3.894173912311088559e-01 3.319080750000000246e-02
3.901962260135710681e-01 3.318109874999999875e-02
3.909766184655981691e-01 3.315389199999999731e-02
3.917585717025293679e-01 3.313143749999999943e-02
3.925420888459344448e-01 3.310772874999999560e-02
3.933271730236262975e-01 3.306283250000000007e-02
3.941138273696735417e-01 3.306095875000000101e-02
3.949020550244128902e-01 3.303396100000000057e-02
3.956918591344616987e-01 3.300814124999999766e-02
3.964832428527306218e-01 3.298231374999999882e-02
3.972762093384361037e-01 3.296123374999999911e-02
3.980707617571129786e-01 3.290847375000000019e-02
3.988669032806272385e-01 3.291143600000000224e-02
3.996646370871884679e-01 3.288679625000000273e-02
4.004639663613628331e-01 3.286802500000000210e-02
4.012648942940855168e-01 3.284765625000000272e-02
4.020674240826737078e-01 3.282229375000000199e-02
4.028715589308390355e-01 3.279692599999999708e-02
4.036773020487006702e-01 3.277028124999999820e-02
4.044846566527980913e-01 3.274677749999999748e-02
4.052936259661036877e-01 3.272145375000000411e-02
4.061042132180359143e-01 3.269548875000000132e-02
4.069164216444720039e-01 3.266861899999999597e-02
4.077302544877609569e-01 3.263316874999999673e-02
4.085457149967364754e-01 3.261649249999999667e-02
4.093628064267299527e-01 3.259328999999999699e-02
4.101815320395834075e-01 3.257067749999999901e-02
4.110018951036625845e-01 3.254312600000000555e-02
4.118238988938699441e-01 3.251658500000000063e-02
4.126475466916577073e-01 3.249434625000000021e-02
4.134728417850409565e-01 3.247166625000000306e-02
4.142997874686110693e-01 3.243755100000000197e-02
4.151283870435482637e-01 3.241796499999999998e-02
4.159586438176353651e-01 3.239361749999999929e-02
4.167905611052706849e-01 3.235494624999999541e-02
4.176241422274811765e-01 3.234103250000000540e-02
4.184593905119361468e-01 3.231538600000000150e-02
4.192963092929599678e-01 3.227471750000000111e-02
4.201349019115458994e-01 3.225932000000000105e-02
4.209751717153689676e-01 3.223254625000000068e-02
4.218171220587997317e-01 3.220336749999999637e-02
4.226607563029173287e-01 3.216925200000000235e-02
4.235060778155231298e-01 3.213680000000000009e-02
4.243530899711541737e-01 3.210871750000000163e-02
4.252017961510964894e-01 3.208014750000000304e-02
4.260521997433986963e-01 3.204928249999999812e-02
4.269043041428854934e-01 3.202800100000000039e-02
4.277581127511712600e-01 3.200131375000000306e-02
4.286136289766736551e-01 3.198251500000000302e-02
4.294708562346269964e-01 3.196127999999999469e-02
4.303297979470962487e-01 3.193684874999999646e-02
4.311904575429904574e-01 3.190290200000000381e-02
4.320528384580764047e-01 3.186648375000000061e-02
4.329169441349925429e-01 3.183704625000000066e-02
4.337827780232624830e-01 3.181076874999999582e-02
4.346503435793090397e-01 3.178750375000000128e-02
4.355196442664676648e-01 3.176157300000000128e-02
4.363906835550006025e-01 3.173134249999999545e-02
4.372634649221106007e-01 3.169781374999999790e-02
4.381379918519547889e-01 3.166077500000000211e-02
4.390142678356587225e-01 3.161962000000000106e-02
4.398922963713300383e-01 3.157185099999999800e-02
4.407720809640727211e-01 3.151946499999999651e-02
4.416536251260008150e-01 3.135488999999999638e-02
4.425369323762528007e-01 3.142469625000000183e-02
4.434220062410053065e-01 3.138340400000000363e-02
4.443088502534873196e-01 3.138139125000000140e-02
4.451974679539942858e-01 3.136161249999999678e-02
4.460878628899022647e-01 3.132693999999999757e-02
4.469800386156820293e-01 3.135163250000000401e-02
4.478739986929134442e-01 3.132648600000000061e-02
4.487697466902992316e-01 3.128063250000000239e-02
4.496672861836799040e-01 3.123197374999999928e-02
4.505666207560472536e-01 3.119060124999999822e-02
4.514677539975593401e-01 3.116230000000000042e-02
4.523706895055544797e-01 3.113696200000000067e-02
4.532754308845656221e-01 3.111315750000000213e-02
4.541819817463347286e-01 3.108878749999999941e-02
4.550903457098274263e-01 3.104336624999999919e-02
4.560005264012471082e-01 3.100199000000000010e-02
4.569125274540495885e-01 3.093026200000000350e-02
4.578263525089577013e-01 3.085892500000000233e-02
4.587420052139756232e-01 3.078844749999999977e-02
4.596594892244035835e-01 3.071873125000000246e-02
4.605788082028524077e-01 3.065306624999999952e-02
4.614999658192581178e-01 3.059541699999999975e-02
4.624229657508966418e-01 3.056744499999999864e-02
4.633478116823984694e-01 3.056681124999999916e-02
4.642745073057632510e-01 3.057220500000000160e-02
4.652030563203747304e-01 3.057464374999999818e-02
4.661334624330154552e-01 3.055482799999999916e-02
4.670657293578814873e-01 3.050326500000000163e-02
4.679998608165972795e-01 3.043916999999999803e-02
4.689358605382304424e-01 3.034385875000000093e-02
4.698737322593069532e-01 3.031126625000000324e-02
4.708134797238255342e-01 3.026889800000000241e-02
4.717551066832731399e-01 3.023038875000000000e-02
4.726986168966397228e-01 3.020223375000000154e-02
4.736440141304329998e-01 3.016635374999999605e-02
4.745913021586939395e-01 3.010861625000000111e-02
4.755404847630113063e-01 3.001649900000000204e-02
4.764915657325373699e-01 2.989942125000000228e-02
4.774445488640024493e-01 2.978300875000000278e-02
4.783994379617304560e-01 2.965946624999999878e-02
4.793562368376539373e-01 2.952366000000000018e-02
4.803149493113292312e-01 2.940829249999999534e-02
4.812755792099518981e-01 2.934234000000000148e-02
4.822381303683718201e-01 2.930776750000000166e-02
4.832026066291085775e-01 2.930861874999999769e-02
4.841690118423668254e-01 2.933131199999999827e-02
4.851373498660515038e-01 2.937931250000000091e-02
4.861076245657836026e-01 2.941810875000000144e-02
4.870798398149152053e-01 2.940353750000000363e-02
4.880539994945450322e-01 2.941814749999999840e-02
4.890301074935341497e-01 2.937293199999999743e-02
4.900081677085211806e-01 2.931143624999999961e-02
4.909881840439382916e-01 2.926106499999999930e-02
4.919701604120261251e-01 2.920776750000000227e-02
4.929541007328501756e-01 2.918596875000000618e-02
4.939400089343158884e-01 2.915016399999999924e-02
4.949278889521845359e-01 2.910284250000000350e-02
4.959177447300888719e-01 2.904193124999999986e-02
4.969095802195490075e-01 2.896056624999999995e-02
4.979033993799881208e-01 2.885622499999999924e-02
4.988992061787480559e-01 2.871874899999999828e-02
4.998970045911055315e-01 2.856462625000000255e-02
5.008967986002876849e-01 2.841993000000000297e-02
5.018985921974883357e-01 2.815738125000000203e-02
5.029023893818832525e-01 2.811427250000000239e-02
5.039081941606470272e-01 2.792994700000000358e-02
5.049160105489682859e-01 2.788101999999999941e-02
5.059258425700663420e-01 2.783005375000000350e-02
5.069376942552064058e-01 2.765550125000000234e-02
5.079515696437167938e-01 2.783469499999999958e-02
5.089674727830042489e-01 2.784750999999999893e-02
5.099854077285701504e-01 2.789353999999999792e-02
5.110053785440273888e-01 2.783018500000000034e-02
5.120273893011153543e-01 2.784808750000000027e-02
5.130514440797175890e-01 2.777055499999999885e-02
5.140775469678771081e-01 2.769504249999999584e-02
5.151057020618128313e-01 2.762125375000000146e-02
5.161359134659364578e-01 2.755351124999999915e-02
5.171681852928683432e-01 2.749435874999999960e-02
5.182025216634540410e-01 2.743078900000000056e-02
5.192389267067809566e-01 2.736322624999999731e-02
5.202774045601945563e-01 2.729214250000000161e-02
5.213179593693149094e-01 2.720055124999999629e-02
5.223605952880534531e-01 2.708830250000000134e-02
5.234053164786296453e-01 2.694214900000000204e-02
5.244521271115868410e-01 2.677309875000000172e-02
5.255010313658099452e-01 2.663652625000000052e-02
5.265520334285416215e-01 2.648861624999999942e-02
5.276051374953987239e-01 2.633958374999999935e-02
5.286603477703895049e-01 2.617643199999999948e-02
5.297176684659302692e-01 2.602073750000000185e-02
5.307771038028621380e-01 2.590976999999999864e-02
5.318386580104679240e-01 2.583120500000000291e-02
5.329023353264887852e-01 2.575974500000000056e-02
5.339681399971416553e-01 2.572099099999999861e-02
5.350360762771360079e-01 2.570626999999999635e-02
5.361061484296902879e-01 2.570011500000000254e-02
5.371783607265496752e-01 2.568989874999999881e-02
5.382527174480027377e-01 2.566756587499999936e-02
5.393292228828987511e-01 2.561710349999999844e-02
5.404078813286645744e-01 2.550672575000000053e-02
5.414886970913218578e-01 2.514613400000000054e-02
5.425716744855044738e-01 2.533706137500000080e-02
5.436568178344756141e-01 2.520682250000000346e-02
5.447441314701444437e-01 2.512576419999999755e-02
5.458336197330847517e-01 2.502136175000000198e-02
5.469252869725509392e-01 2.500160912499999749e-02
5.480191375464960046e-01 2.494913224999999873e-02
5.491151758215888634e-01 2.489331130000000183e-02
5.502134061732321113e-01 2.483548124999999940e-02
5.513138329855785669e-01 2.477639475000000327e-02
5.524164606515497011e-01 2.471207312499999753e-02
5.535212935728528461e-01 2.464112087500000201e-02
5.546283361599984030e-01 2.455262219999999884e-02
5.557375928323184944e-01 2.445082074999999772e-02
5.568490680179830621e-01 2.434766574999999711e-02
5.579627661540189631e-01 2.423016287499999907e-02
5.590786916863270672e-01 2.409945274999999998e-02
5.601968490696997982e-01 2.393489649999999691e-02
5.613172427678392307e-01 2.374635475000000037e-02
5.624398772533748536e-01 2.359149324999999797e-02
5.635647570078816671e-01 2.344622162499999940e-02
5.646918865218973904e-01 2.331293125000000188e-02
5.658212702949412254e-01 2.317944710000000019e-02
5.669529128355310643e-01 2.305493887500000005e-02
5.680868186612021420e-01 2.293801062499999793e-02
5.692229922985245771e-01 2.272747912500000175e-02
5.703614382831215801e-01 2.272200674999999906e-02
5.715021611596877715e-01 2.259697700000000073e-02
5.726451654820071679e-01 2.240288862500000241e-02
5.737904558129711674e-01 2.242388849999999920e-02
5.749380367245970902e-01 2.238036662500000190e-02
5.760879127980462755e-01 2.233202025000000090e-02
5.772400886236424000e-01 2.235148349999999812e-02
5.783945688008896857e-01 2.234742462499999735e-02
5.795513579384914404e-01 2.237180299999999913e-02
5.807104606543684877e-01 2.242874187499999811e-02
5.818718815756771523e-01 2.252558699999999969e-02
5.830356253388285781e-01 2.261199010000000328e-02
5.842016965895062697e-01 2.267203300000000116e-02
5.853700999826851881e-01 2.273584849999999921e-02
5.865408401826505136e-01 2.279852937500000121e-02
5.877139218630158535e-01 2.287035025000000096e-02
5.888893497067417826e-01 2.251222760000000031e-02
5.900671284061553834e-01 2.231789337499999817e-02
5.912472626629676764e-01 2.276975912499999699e-02
5.924297571882934932e-01 2.264458675000000087e-02
5.936146167026701281e-01 2.236619449999999870e-02
5.948018459360754351e-01 2.151832737500000009e-02
5.959914496279475893e-01 2.238786837499999807e-02
5.971834325272035171e-01 2.226369637499999929e-02
5.983777993922578808e-01 2.208638137500000195e-02
5.995745549910425076e-01 2.201689250000000292e-02
6.007737041010245971e-01 2.194969412499999870e-02
6.019752515092265943e-01 2.196411037500000177e-02
6.031792020122450637e-01 2.195242999999999847e-02
6.043855604162695627e-01 2.196247012499999776e-02
6.055943315371020708e-01 2.201112709999999972e-02
6.068055202001763071e-01 2.207821737500000048e-02
6.080191312405766046e-01 2.215553437500000084e-02
6.092351695030577829e-01 2.224324149999999667e-02
6.104536398420639109e-01 2.233177687499999717e-02
6.116745471217479579e-01 2.242576769999999817e-02
6.128978962159914445e-01 2.251634274999999782e-02
6.141236920084234274e-01 2.259050924999999807e-02
6.153519393924402614e-01 2.265414774999999908e-02
6.165826432712251393e-01 2.270952137499999968e-02
6.178158085577676317e-01 2.276642580000000013e-02
6.190514401748832274e-01 2.281634212499999981e-02
6.202895430552329836e-01 2.284415137499999984e-02
6.215301221413433996e-01 2.284878450000000019e-02
6.227731823856261784e-01 2.285035012499999837e-02
6.240187287503973224e-01 2.284794260000000063e-02
6.252667662078981170e-01 2.283951674999999681e-02
6.265172997403138933e-01 2.283779774999999956e-02
6.277703343397945668e-01 1.987605462499999684e-02
6.290258750084741779e-01 2.268195937499999787e-02
6.302839267584912086e-01 2.280198580000000058e-02
6.315444946120081227e-01 2.267925062499999769e-02
6.328075836012321265e-01 2.310945162499999928e-02
6.340731987684345983e-01 2.323565049999999979e-02
6.353413451659715161e-01 2.337608650000000052e-02
6.366120278563034418e-01 2.351715237499999930e-02
6.378852519120159492e-01 2.364491787499999748e-02
6.391610224158400522e-01 2.375117574999999898e-02
6.404393444606717445e-01 2.389153075000000070e-02
6.417202231495930942e-01 2.398859739999999879e-02
6.430036635958922275e-01 2.407053412500000447e-02
6.442896709230840901e-01 2.412162262499999849e-02
6.455782502649303201e-01 2.420142550000000184e-02
6.468694067654601199e-01 2.423949674999999887e-02
6.481631455789910179e-01 2.402577669999999763e-02
6.494594718701489633e-01 2.409868525000000497e-02
6.507583908138891982e-01 2.434576750000000053e-02
6.520599075955170187e-01 2.435752625000000074e-02
6.533640274107079815e-01 2.441300550000000125e-02
6.546707554655294414e-01 2.457265889999999883e-02
6.559800969764604250e-01 2.383424987499999786e-02
6.572920571704133907e-01 2.469386637499999815e-02
6.586066412847542129e-01 2.468175137499999811e-02
6.599238545673237200e-01 2.480153087500000172e-02
6.612437022764583450e-01 2.485298080000000048e-02
6.625661896810113305e-01 2.489151437499999980e-02
6.638913220603732679e-01 2.494535737499999767e-02
6.652191047044940797e-01 2.500247925000000440e-02
6.665495429139030037e-01 2.506097925000000046e-02
6.678826419997307973e-01 2.512763980000000397e-02
6.692184072837303876e-01 2.519225687499999922e-02
6.705568440982978551e-01 2.524655949999999802e-02
6.718979577864944153e-01 2.529820099999999933e-02
6.732417537020674025e-01 2.534133912500000085e-02
6.745882372094715862e-01 2.539239659999999871e-02
6.759374136838904867e-01 2.543905275000000327e-02
6.772892885112582473e-01 2.548036237500000273e-02
6.786438670882807278e-01 2.552362675000000025e-02
6.800011548224572655e-01 2.556757760000000212e-02
6.813611571321021021e-01 2.559895962500000066e-02
6.827238794463663663e-01 2.562110849999999634e-02
6.840893272052590568e-01 2.564068150000000171e-02
6.854575058596696913e-01 2.565461249999999999e-02
6.868284208713890671e-01 2.017773994099999676e-02
6.882020777131317990e-01 2.343492612499999822e-02
6.895784818685580797e-01 1.786301521124999958e-02
6.909576388322952178e-01 2.454387900000000108e-02
6.923395541099597317e-01 2.090267237500000042e-02
6.937242332181796645e-01 2.518595840000000322e-02
6.951116816846160118e-01 2.581125462500000189e-02
6.965019050479852591e-01 2.587556287499999733e-02
6.978949088580812532e-01 2.542474250000000338e-02
6.992906986757974064e-01 2.584198249999999919e-02
7.006892800731490123e-01 2.567153820000000336e-02
7.020906586332953392e-01 2.599939637500000081e-02
7.034948399505618344e-01 2.607495962500000139e-02
7.049018296304629949e-01 2.568042362499999703e-02
7.063116332897239058e-01 2.607051437499999930e-02
7.077242565563033327e-01 2.601405089999999851e-02
7.091397050694159265e-01 2.612067375000000011e-02
7.105579844795547606e-01 2.602215912499999950e-02
7.119791004485138686e-01 2.607092512499999820e-02
7.134030586494108928e-01 2.610263437499999936e-02
7.148298647667097327e-01 2.598927269999999970e-02
7.162595244962430829e-01 2.577974350000000053e-02
7.176920435452356362e-01 2.473208199999999898e-02
7.191274276323260661e-01 2.429917549999999898e-02
7.205656824875906752e-01 2.359688624999999734e-02
7.220068138525659318e-01 2.597016799999999487e-02
7.234508274802710082e-01 2.530677174999999834e-02
7.248977291352315389e-01 2.467011574999999901e-02
7.263475245935020475e-01 2.522438737500000069e-02
7.278002196426889281e-01 2.303782343750000045e-02
7.292558200819743153e-01 2.537570540000000027e-02
7.307143317221382883e-01 2.469627875000000167e-02
7.321757603855825192e-01 2.544858474999999939e-02
7.336401119063536980e-01 2.559902550000000068e-02
7.351073921301664038e-01 2.589237660000000274e-02
7.365776069144267524e-01 2.626020512499999821e-02
7.380507621282555997e-01 2.628115124999999899e-02
7.395268636525120787e-01 2.615926999999999836e-02
7.410059173798171361e-01 2.631873387499999994e-02
7.424879292145767362e-01 2.630502289999999896e-02
7.439729050730057303e-01 2.613383174999999933e-02
7.454608508831517266e-01 2.619983562500000085e-02
7.469517725849180723e-01 2.624000312499999779e-02
7.484456761300879446e-01 2.623606212500000090e-02
7.499425674823481103e-01 2.620485209999999857e-02
7.514424526173126839e-01 2.629032762500000189e-02
7.529453375225474421e-01 2.631948987500000101e-02
7.544512281975925827e-01 2.636914149999999846e-02
7.559601306539878163e-01 2.639064737499999605e-02
7.574720509152956804e-01 2.640765869999999946e-02
7.589869950171262980e-01 2.550293849999999904e-02
7.605049690071605806e-01 8.178755112499999994e-03
7.620259789451748755e-01 7.426554300000000677e-03
7.635500309030651689e-01 1.096784153750000011e-02
7.650771309648712881e-01 1.852422410000000019e-02
7.666072852268009941e-01 2.071042375000000171e-02
7.681404997972545168e-01 2.458920262499999718e-02
7.696767807968490915e-01 2.635430012500000058e-02
7.712161343584428286e-01 2.637991412499999730e-02
7.727585666271596931e-01 2.635396769999999791e-02
7.743040837604140414e-01 2.631496087499999789e-02
7.758526919279349343e-01 2.628589925000000133e-02
7.774043973117907846e-01 2.624985574999999863e-02
7.789592061064143369e-01 2.622196462500000005e-02
7.805171245186270923e-01 2.620272430000000069e-02
7.820781587676643998e-01 2.623462787499999949e-02
7.836423150851996589e-01 2.624330737499999677e-02
7.852095997153700768e-01 2.627598775000000025e-02
7.867800189148008716e-01 2.617841469999999948e-02
7.883535789526303628e-01 2.629557600000000106e-02
7.899302861105357287e-01 2.581674612499999799e-02
7.915101466827567656e-01 2.623497237500000204e-02
7.930931669761223102e-01 2.634035687500000181e-02
7.946793533100744433e-01 2.637113729999999989e-02
7.962687120166946908e-01 2.602660787499999975e-02
7.978612494407281153e-01 2.618029162500000104e-02
7.994569719396096286e-01 2.610176137500000090e-02
8.010558858834887497e-01 2.619264762500000260e-02
8.026579976552556950e-01 2.558359113999999698e-02
8.042633136505661362e-01 2.595598950000000196e-02
8.058718402778672907e-01 2.628556562499999999e-02
8.074835839584230124e-01 2.624778124999999768e-02
8.090985511263398822e-01 2.618158987499999771e-02
8.107167482285926319e-01 2.607041889999999959e-02
8.123381817250497905e-01 2.612082837500000199e-02
8.139628580884998854e-01 2.550211762500000090e-02
8.155907838046769776e-01 2.568173350000000146e-02
8.172219653722863075e-01 2.559685324999999914e-02
8.188564093030309410e-01 2.347266586900000063e-02
8.204941221216369707e-01 2.459348633750000138e-02
8.221351103658802728e-01 2.555020974999999694e-02
8.237793805866120422e-01 2.569328200000000131e-02
8.254269393477852157e-01 2.301794898750000179e-02
8.270777932264807841e-01 2.554318139999999654e-02
8.287319488129337719e-01 2.427415737500000087e-02
8.303894127105596601e-01 2.585476712499999719e-02
8.320501915359808098e-01 2.591708812500000125e-02
8.337142919190527746e-01 2.588805624999999944e-02
8.353817205028908344e-01 2.620398720000000070e-02
8.370524839438966413e-01 2.619132887500000284e-02
8.387265889117843098e-01 2.623697425000000305e-02
8.404040420896079500e-01 2.616873549999999826e-02
8.420848501737872027e-01 2.621602400000000097e-02
8.437690198741347736e-01 2.614299690000000329e-02
8.454565579138830778e-01 2.625291537499999800e-02
8.471474710297107746e-01 2.623775224999999947e-02
8.488417659717701902e-01 2.618602749999999688e-02
8.505394495037137403e-01 2.612577599999999986e-02
8.522405284027212424e-01 2.597934024999999647e-02
8.539450094595266716e-01 2.605656800000000217e-02
8.556528994784455833e-01 2.610798925000000145e-02
8.573642052774025357e-01 2.613556774999999804e-02
8.590789336879574023e-01 2.614693950000000072e-02
8.607970915553332381e-01 2.616736225000000290e-02
8.625186857384439243e-01 2.618530349999999979e-02
8.642437231099207029e-01 2.620691962500000180e-02
8.659722105561405980e-01 2.621459000000000289e-02
8.677041549772528395e-01 2.622797819999999822e-02
8.694395632872073953e-01 2.622423162500000030e-02
8.711784424137818394e-01 2.621934549999999781e-02
8.729207992986094400e-01 2.623352374999999778e-02
8.746666408972065820e-01 2.623185287499999949e-02
8.764159741790010782e-01 2.622274739999999951e-02
8.781688061273591472e-01 2.622028325000000035e-02
8.799251437396138353e-01 2.612617750000000363e-02
8.816849940270929942e-01 2.599799762500000500e-02
8.834483640151471473e-01 2.602430162500000282e-02
8.852152607431775788e-01 2.606675920000000105e-02
8.869856912646638669e-01 2.590129712500000014e-02
8.887596626471931938e-01 2.594781199999999718e-02
8.905371819724876570e-01 2.603793812500000346e-02
8.923182563364325803e-01 2.599909187499999802e-02
8.941028928491054906e-01 2.493331817000000311e-02
8.958910986348036509e-01 2.554047050000000235e-02
8.976828808320732600e-01 2.520598312500000118e-02
8.994782465937374294e-01 2.529397350000000058e-02
9.012772030869248274e-01 2.541519037500000050e-02
9.030797574930986560e-01 2.548892070000000065e-02
9.048859170080848502e-01 2.579430562499999968e-02
9.066956888421009442e-01 2.546611050000000334e-02
9.085090802197851589e-01 2.508603603749999869e-02
9.103260983802247130e-01 2.331226148800000231e-02
9.121467505769851325e-01 2.493884445000000075e-02
9.139710440781392276e-01 2.420410166249999800e-02
9.157989861662954034e-01 2.275907981987500273e-02
9.176305841386280804e-01 2.480608076250000182e-02
9.194658453069053383e-01 2.547158169999999902e-02
9.213047769975191148e-01 2.499993716249999942e-02
9.231473865515140709e-01 2.589162550000000118e-02
9.249936813246171230e-01 2.445031886250000064e-02
9.268436686872664199e-01 2.549928562500000315e-02
9.286973560246409853e-01 2.450296508999999859e-02
9.305547507366902504e-01 2.463597481249999929e-02
9.324158602381635852e-01 2.324181469999999847e-02
9.342806919586399417e-01 2.147618091250000014e-02
9.361492533425572748e-01 2.379122834999999880e-02
9.380215518492422966e-01 1.537795676299999990e-02
9.398975949529408958e-01 2.275509289999999921e-02
9.417773901428466710e-01 2.020650683874999909e-02
9.436609449231323499e-01 1.754992136250000181e-02
9.455482668129786550e-01 2.244627913750000051e-02
9.474393633466045017e-01 2.354440831000000067e-02
9.493342420732977516e-01 1.981812523625000114e-02
9.512329105574443000e-01 2.243349124375000267e-02
9.531353763785591626e-01 2.401719744999999961e-02
9.550416471313163402e-01 1.993532234999999958e-02
9.569517304255790169e-01 2.067495018000000198e-02
9.588656338864300910e-01 2.311432477500000027e-02
9.607833651542030395e-01 2.440484516250000444e-02
9.627049318845114501e-01 2.285543518750000197e-02
9.646303417482804399e-01 2.480292737499999872e-02
9.665596024317769652e-01 2.399672779000000186e-02
9.684927216366405744e-01 2.435977793750000037e-02
9.704297070799138281e-01 2.469072725000000246e-02
9.723705664940736071e-01 2.518734374999999706e-02
9.743153076270618662e-01 2.404376683999999778e-02
9.762639382423159429e-01 2.441239478749999969e-02
9.782164661188006427e-01 2.456556618749999865e-02
9.801728990510382156e-01 2.521251375000000197e-02
9.821332448491403300e-01 2.531372537499999853e-02
9.840975113388386042e-01 2.558151260000000177e-02
9.860657063615162476e-01 2.545431775000000021e-02
9.880378377742392582e-01 2.558976162500000220e-02
9.900139134497877302e-01 2.548471812499999989e-02
9.919939412766873854e-01 2.552787624999999783e-02
9.939779291592407695e-01 2.560557740000000276e-02
9.959658850175592271e-01 2.562890649999999965e-02
9.979578167875942096e-01 2.565903225000000162e-02
9.999537324211694722e-01 2.564833487500000134e-02
1.001953639886011826e+00 2.563764100000000268e-02
1.003957547165783781e+00 2.548878560000000099e-02
1.005965462260115295e+00 2.568527700000000288e-02
1.007977393184635417e+00 2.568559675000000458e-02
1.009993347971004818e+00 2.561129050000000157e-02
1.012013334666946873e+00 2.568141712500000146e-02
1.014037361336280751e+00 2.570027180000000050e-02
1.016065436058953164e+00 2.572238612499999980e-02
1.018097566931071229e+00 2.574635287499999967e-02
1.020133762064933336e+00 2.554028875000000087e-02
1.022174029589063338e+00 2.570260074999999866e-02
1.024218377648241418e+00 2.578048670000000070e-02
1.026266814403537841e+00 2.578939725000000197e-02
1.028319348032344926e+00 2.576442599999999999e-02
1.030375986728409687e+00 2.579093149999999585e-02
1.032436738701866474e+00 2.580250074999999865e-02
1.034501612179270502e+00 2.581483459999999591e-02
1.036570615403628937e+00 2.582201537500000005e-02
1.038643756634436199e+00 2.582133825000000257e-02
1.040721044147705054e+00 2.581174887499999848e-02
1.042802486236000359e+00 2.582286549999999667e-02
1.044888091208472591e+00 2.582607389999999614e-02
1.046977867390889383e+00 2.582437312500000109e-02
1.049071823125671266e+00 2.580736574999999838e-02
1.051169966771922537e+00 2.581664512499999911e-02
1.053272306705466566e+00 2.584023020000000143e-02
1.055378851318877320e+00 2.584371274999999746e-02
1.057489609021515342e+00 2.584482287499999947e-02
1.059604588239558165e+00 2.583305237500000198e-02
1.061723797416037396e+00 2.583647087499999981e-02
1.063847245010869358e+00 2.581996119999999811e-02
1.065974939500891061e+00 2.499886687499999760e-02
1.068106889379893065e+00 2.580893162499999643e-02
1.070243103158652787e+00 2.564373025000000333e-02
1.072383589364970025e+00 2.581851787499999870e-02
1.074528356543700047e+00 2.581595419999999780e-02
1.076677413256787563e+00 2.578458299999999981e-02
1.078830768083300917e+00 2.581657874999999935e-02
1.080988429619467617e+00 2.571163000000000268e-02
1.083150406478706529e+00 2.579089675000000373e-02
1.085316707291664073e+00 2.547649920000000234e-02
1.087487340706247529e+00 2.577844087499999923e-02
1.089662315387660119e+00 2.562300300000000530e-02
1.091841640018435422e+00 2.524963521249999968e-02
1.094025323298472241e+00 2.571764187499999896e-02
1.096213373945069236e+00 2.565223150000000077e-02
1.098405800692959566e+00 2.558274575000000009e-02
1.100602612294345528e+00 2.541724525000000137e-02
1.102803817518934082e+00 2.499475287500000156e-02
1.105009425153971936e+00 2.514589225000000289e-02
1.107219444004279962e+00 2.471259967000000168e-02
1.109433882892288503e+00 2.334520786250000174e-02
1.111652750658073119e+00 2.505869124999999739e-02
1.113876056159389227e+00 2.230433968000000017e-02
1.116103808271708075e+00 1.944269006400000180e-02
1.118336015888251378e+00 2.191230433500000047e-02
1.120572687920027732e+00 1.762589968286249961e-02
1.122813833295867925e+00 1.811512847499999884e-02
1.125059460962459568e+00 1.949941255625000508e-02
1.127309579884384405e+00 1.492538787999999998e-02
1.129564199044153394e+00 2.011985055999999938e-02
1.131823327442241567e+00 2.411412130000000278e-02
1.134086974097126221e+00 1.524542858037499816e-02
1.136355148045320451e+00 2.224272540124999989e-02
1.138627858341410892e+00 2.278917888999999752e-02
1.140905114058093694e+00 2.193777765875000105e-02
1.143186924286210049e+00 2.319700291250000046e-02
1.145473298134782603e+00 2.338344980000000087e-02
1.147764244731052097e+00 2.180924637500000068e-02
1.150059773220514225e+00 2.259037761000000019e-02
1.152359892766955163e+00 2.245252488624999848e-02
1.154664612552489089e+00 2.083938488749999957e-02
1.156973941777594161e+00 2.333807782500000108e-02
1.159287889661149373e+00 2.436302912500000126e-02
1.161606465440471636e+00 2.416185889999999947e-02
1.163929678371352416e+00 2.224728081375000263e-02
1.166257537728095262e+00 2.405631637500000100e-02
1.168590052803551327e+00 2.417523350000000057e-02
1.170927232909158455e+00 2.393338131250000167e-02
1.173269087374976705e+00 2.444652500000000020e-02
1.175615625549726762e+00 2.439694599999999922e-02
1.177966856800826134e+00 2.382645087499999856e-02
1.180322790514427789e+00 2.473960000000000048e-02
1.182683436095456564e+00 2.317404036875000267e-02
1.185048802967647585e+00 2.370691557000000060e-02
1.187418900573582903e+00 2.355398282625000006e-02
1.189793738374729903e+00 2.457441049999999766e-02
1.192173325851479504e+00 2.445517649999999835e-02
1.194557672503182344e+00 2.333805750749999922e-02
1.196946787848188531e+00 2.358542364999999946e-02
1.199340681423884947e+00 2.371102252500000007e-02
1.201739362786732546e+00 2.392162488749999955e-02
1.204142841512306106e+00 2.189145355624999914e-02
1.206551127195330864e+00 2.453247937499999920e-02
1.208964229449721373e+00 2.469547310000000037e-02
1.211382157908620805e+00 2.445686199999999935e-02
1.213804922224438254e+00 2.459296112499999992e-02
1.216232532068886929e+00 2.463968700000000039e-02
1.218664997133024785e+00 2.435157259999999602e-02
1.221102327127290721e+00 2.063822540000000150e-02
1.223544531781545430e+00 2.443072325000000128e-02
1.225991620845108487e+00 2.486095149999999893e-02
1.228443604086798757e+00 2.484776374999999801e-02
1.230900491294972365e+00 2.484216439999999831e-02
1.233362292277562222e+00 2.485136312500000125e-02
1.235829016862117324e+00 2.494130224999999840e-02
1.238300674895841613e+00 2.495155912499999809e-02
1.240777276245633054e+00 2.495354849999999874e-02
1.243258830798124492e+00 2.497134549999999870e-02
1.245745348459720736e+00 2.497454112500000281e-02
1.248236839156640077e+00 2.497898287499999981e-02
1.250733312834953370e+00 2.498018850000000013e-02
1.253234779460623338e+00 2.497190687500000159e-02
1.255741249019544536e+00 2.492401659999999783e-02
1.258252731517583545e+00 2.490842849999999956e-02
1.260769236980618713e+00 2.418162312499999925e-02
1.263290775454580128e+00 2.407354000000000091e-02
1.265817357005489141e+00 2.300605224999999893e-02
1.268348991719500107e+00 1.458344958099999991e-02
1.270885689702939025e+00 2.124223212499999972e-02
1.273427461082345058e+00 2.363663824999999788e-02
1.275974316004509834e+00 2.477070649999999624e-02
1.278526264636518750e+00 2.463990687500000262e-02
1.281083317165791824e+00 2.407075989999999874e-02
1.283645483800123444e+00 2.491588637499999800e-02
1.286212774767723666e+00 2.490607687499999875e-02
1.288785200317259072e+00 2.482146312499999841e-02
1.291362770717893405e+00 2.479814287499999825e-02
1.293945496259329087e+00 2.475809500000000080e-02
1.296533387251847858e+00 2.422963225000000081e-02
1.299126454026351407e+00 2.464705149999999942e-02
1.301724706934404230e+00 2.436563490000000221e-02
1.304328156348272927e+00 2.444175470000000197e-02
1.306936812660969505e+00 2.278813585999999933e-02
1.309550686286291565e+00 2.297187351250000106e-02
1.312169787658864273e+00 2.429911275000000079e-02
1.314794127234181875e+00 1.956703571523749768e-02
1.317423715488650338e+00 2.372335462999999867e-02
1.320058562919627532e+00 2.307568763124999769e-02
1.322698680045466757e+00 2.353606125000000382e-02
1.325344077405557819e+00 2.338659350000000040e-02
1.327994765560368773e+00 2.241000467249999739e-02
1.330650755091489668e+00 2.019792709900000011e-02
1.333312056601672513e+00 2.016818592787500072e-02
1.335978680714875910e+00 2.231992885000000024e-02
1.338650638076305466e+00 2.212127556249999724e-02
1.341327939352458198e+00 2.201266296874999917e-02
1.344010595231163174e+00 2.020862130179999772e-02
1.346698616421625472e+00 1.653247135224999997e-02
1.349392013654468592e+00 1.333037005284999806e-02
1.352090797681777534e+00 1.874579283750000061e-02
1.354794979277141209e+00 1.512907370000000050e-02
1.357504569235695513e+00 1.459567902629999893e-02
1.360219578374167071e+00 1.214805013629999958e-02
1.362940017530915426e+00 1.268988453825000036e-02
1.365665897565977005e+00 1.263429016750000113e-02
1.368397229361109080e+00 8.141385384624999499e-03
1.371134023819831294e+00 8.738409029999999814e-03
1.373876291867470956e+00 9.601221125041248250e-03
1.376624044451205897e+00 1.313206560858624916e-02
1.379377292540108435e+00 1.146863339512499934e-02
1.382136047125188671e+00 1.026907348087499963e-02
1.384900319219438902e+00 1.205475917940000002e-02
1.387670119857877804e+00 1.342773030559999900e-02
1.390445460097593511e+00 1.581962930374999909e-02
1.393226351017788911e+00 1.235076999612499948e-02
1.396012803719824280e+00 1.144557513699999939e-02
1.398804829327263910e+00 9.623599497000000225e-03
1.401602438985918520e+00 1.032952548012499965e-02
1.404405643863890329e+00 1.265380459600000049e-02
1.407214455151617916e+00 1.131234945900000052e-02
1.410028884061921284e+00 1.418121359800000175e-02
1.412848941830045169e+00 1.191892808577499872e-02
1.415674639713705218e+00 1.141229713973749942e-02
1.418505988993132627e+00 1.260662490100000060e-02
1.421343000971118986e+00 1.450477414874999822e-02
1.424185686973061138e+00 1.395730486000000027e-02
1.427034058347007139e+00 1.381109683521249999e-02
1.429888126463701337e+00 1.396823652874999884e-02
1.432747902716628552e+00 7.558596978087498905e-03
1.435613398522062045e+00 1.149528172887499811e-02
1.438484625319106147e+00 1.176132261099999826e-02
1.441361594569744220e+00 1.251989046624999921e-02
1.444244317758883733e+00 1.453989083624999956e-02
1.447132806394401561e+00 1.452840116499999959e-02
1.450027072007190387e+00 1.332029784750000077e-02
1.452927126151204895e+00 1.252961300419999993e-02
1.455832980403507282e+00 1.458126526375000051e-02
1.458744646364314335e+00 1.360845658262500001e-02
1.461662135657042949e+00 1.407053809375000131e-02
1.464585459928356981e+00 1.356410514124999946e-02
1.467514630848213653e+00 1.477785101120000083e-02
1.470449660109910184e+00 1.320247018124999852e-02
1.473390559430129976e+00 1.201364356887499839e-02
1.476337340548990129e+00 1.543320654624999975e-02
1.479290015230088073e+00 1.495852098375000105e-02
1.482248595260548196e+00 1.584555194599999994e-02
1.485213092451069361e+00 1.621705787999999995e-02
1.488183518635971314e+00 1.654405243374999779e-02
1.491159885673243313e+00 1.635434062624999824e-02
1.494142205444589644e+00 1.640276190875000067e-02
1.497130489855478697e+00 1.762840914000000231e-02
1.500124750835189813e+00 1.781353781249999865e-02
1.503125000336860140e+00 1.747111383499999962e-02
1.506131250337534144e+00 1.841172562499999998e-02
1.509143512838209134e+00 1.856379770000000234e-02
1.512161799863885658e+00 1.846949053125000045e-02
1.515186123463613477e+00 1.881355887499999713e-02
1.518216495710540626e+00 1.917597775000000337e-02
1.521252928701961604e+00 1.936532149999999758e-02
1.524295434559365781e+00 1.930068178000000217e-02
1.527344025428484464e+00 1.955844099999999933e-02
1.530398713479341533e+00 1.976326550000000529e-02
1.533459510906300283e+00 1.936982675000000279e-02
1.536526429928112947e+00 1.991497512500000136e-02
1.539599482787969098e+00 1.942249600000000090e-02
1.542678681753545167e+00 2.011493950000000155e-02
1.545764039117052402e+00 2.025859049999999967e-02
1.548855567195286387e+00 2.041058150000000029e-02
1.551953278329677000e+00 2.049409174999999861e-02
1.555057184886336374e+00 2.060224400000000219e-02
1.558167299256108862e+00 2.068163037499999926e-02
1.561283633854621211e+00 2.078220374999999870e-02
1.564406201122330309e+00 2.085604149999999851e-02
1.567535013524575138e+00 2.084524812500000018e-02
1.570670083551624074e+00 1.857425284000000301e-02
1.573811423718727287e+00 1.692154834999999927e-02
1.576959046566164702e+00 1.867819422500000340e-02
1.580112964659297070e+00 2.063951924999999840e-02
1.583273190588615709e+00 2.118254850000000217e-02
1.586439736969792680e+00 2.099471790000000115e-02
1.589612616443732307e+00 2.138016462499999978e-02
1.592791841676620024e+00 2.128539825000000038e-02
1.595977425359973001e+00 2.146246500000000001e-02
1.599169380210692992e+00 2.125970499999999680e-02
1.602367718971114297e+00 1.950667382000000061e-02
1.605572454409056604e+00 2.009714574999999642e-02
1.608783599317874735e+00 2.074652237499999968e-02
1.612001166516510375e+00 2.119587037499999840e-02
1.615225168849543369e+00 2.180814610000000181e-02
1.618455619187242345e+00 2.188827349999999949e-02
1.621692530425617118e+00 2.193852400000000091e-02
1.624935915486468208e+00 2.189255699999999652e-02
1.628185787317441235e+00 2.200467375000000197e-02
1.631442158892076222e+00 2.143285049999999956e-02
1.634705043209860431e+00 2.177583475000000046e-02
1.637974453296279886e+00 2.121457950000000051e-02
1.641250402202872660e+00 2.002138750000000134e-02
1.644532903007278390e+00 1.990131889999999931e-02
1.647821968813293125e+00 2.168370370000000102e-02
1.651117612750919506e+00 1.721479388749999964e-02
1.654419847976421387e+00 2.149829887500000203e-02
1.657728687672374246e+00 2.188883862499999694e-02
1.661044145047719134e+00 2.223924287499999888e-02
1.664366233337814638e+00 1.865924510000000272e-02
1.667694965804490170e+00 2.199710074999999820e-02
1.671030355736099260e+00 2.228517487500000435e-02
1.674372416447571510e+00 2.197952668750000060e-02
1.677721161280466333e+00 2.203045849999999903e-02
1.681076603603027353e+00 2.198479250000000274e-02
1.684438756810233473e+00 2.228246949999999893e-02
1.687807634323853945e+00 2.209638900000000447e-02
1.691183249592501658e+00 2.093884750000000322e-02
1.694565616091686655e+00 2.218124212500000025e-02
1.697954747323870084e+00 2.218050229999999831e-02
1.701350656818517715e+00 2.120898624999999899e-02
1.704753358132154784e+00 2.165085925000000133e-02
1.708162864848419282e+00 2.096585487500000206e-02
1.711579190578115917e+00 2.194465174999999865e-02
1.715002348959272283e+00 2.171457570000000226e-02
1.718432353657190825e+00 2.078209124999999893e-02
1.721869218364505016e+00 2.090339964999999786e-02
1.725312956801233977e+00 2.139754537500000026e-02
1.728763582714836655e+00 1.993628027499999913e-02
1.732221109880266230e+00 2.153344099999999692e-02
1.735685552100026730e+00 2.136818037500000031e-02
1.739156923204226768e+00 2.126429837499999725e-02
1.742635237050635277e+00 2.110140252374999997e-02
1.746120507524736576e+00 2.085592416000000074e-02
1.749612748539786100e+00 2.142856362500000084e-02
1.753111974036865472e+00 2.133425512499999982e-02
1.756618197984939123e+00 2.103909399999999777e-02
1.760131434380908910e+00 2.115746212500000181e-02
1.763651697249670747e+00 2.083928256999999923e-02
1.767179000644169884e+00 2.078817520000000169e-02
1.770713358645458202e+00 2.091017899999999749e-02
1.774254785362749054e+00 2.029730551250000237e-02
1.777803294933474554e+00 1.697429628662500134e-02
1.781358901523341753e+00 2.029599568500000187e-02
1.784921619326388376e+00 1.853205220174999890e-02
1.788491462565041212e+00 2.038124237500000061e-02
1.792068445490171413e+00 1.800202475374999833e-02
1.795652582381151552e+00 2.028582586249999889e-02
1.799243887545913800e+00 1.922747508899999916e-02
1.802842375321005663e+00 1.874326630999999937e-02
1.806448060071647710e+00 1.848732950875000072e-02
1.810060956191791082e+00 1.590061223237500265e-02
1.813681078104174560e+00 1.382433376962500030e-02
1.817308440260382962e+00 1.326985062760599986e-02
1.820943057140903765e+00 1.224238159687499918e-02
1.824584943255185721e+00 1.755134373499999886e-02
1.828234113141696149e+00 1.693171583124999935e-02
1.831890581367979554e+00 9.986499418749999329e-03
1.835554362530715355e+00 1.213538841360000189e-02
1.839225471255776734e+00 9.568361816637499864e-03
1.842903922198288136e+00 9.461519025662501470e-03
1.846589730042684785e+00 1.147217793374999927e-02
1.850282909502769968e+00 9.796646232900000500e-03
1.853983475321775654e+00 1.015854823650999897e-02
1.857691442272419113e+00 1.006970716674999988e-02
1.861406825156963984e+00 9.549608318987500705e-03
1.865129638807277779e+00 1.296966997252500114e-02
1.868859898084892279e+00 7.683845473000001057e-03
1.872597617881062160e+00 7.278954627000000337e-03
1.876342813116824271e+00 8.770889515624999758e-03
1.880095498743057814e+00 9.082663166624999757e-03
1.883855689740544070e+00 9.047286698337498809e-03
1.887623401120025246e+00 1.012733730439999841e-02
1.891398647922265308e+00 5.480406677275000138e-03
1.895181445218109717e+00 8.112027551249999593e-03
1.898971808108545822e+00 7.730585558249999933e-03
1.902769751724763037e+00 7.877883589950000764e-03
1.906575291228212565e+00 6.640438116819799737e-03
1.910388441810669136e+00 9.057185437625001057e-03
1.914209218694290282e+00 7.272642778499999877e-03
1.918037637131678963e+00 8.878694851374999489e-03
1.921873712405942403e+00 8.009252759500000776e-03
1.925717459830754041e+00 8.023470482299999845e-03
1.929568894750415708e+00 5.633763696601249739e-03
1.933428032539916241e+00 7.965549592874999682e-03
1.937294888604996324e+00 8.619785779999999953e-03
1.941169478382206215e+00 8.923864063750000172e-03
1.945051817338970590e+00 8.630033046999999874e-03
1.948941920973648489e+00 8.509922582499999250e-03
1.952839804815595715e+00 7.431487522124999995e-03
1.956745484425226778e+00 3.053369684750000413e-03
1.960658975394077297e+00 6.156919303749999392e-03
1.964580293344865503e+00 5.106763435399999315e-03
1.968509453931555075e+00 4.150039454799999208e-03
1.972446472839417986e+00 9.128809771249999511e-03
1.976391365785096887e+00 1.055014322500000094e-02
1.980344148516667069e+00 1.030396212875000009e-02
1.984304836813700401e+00 1.068343618699999983e-02
1.988273446487327956e+00 1.117107157625000027e-02
1.992249993380302620e+00 1.182132853749999837e-02
1.996234493367063045e+00 1.097682399999999961e-02
2.000226962353797155e+00 4.854507444600000138e-03
