2.002000000000000168e-01 3.934565600000000316e-03
2.006004000000000120e-01 5.403758249999999694e-03
2.010016008000000132e-01 4.134760500000000082e-03
2.014036040016000118e-01 5.850101749999999518e-03
2.018064112096032425e-01 5.714909399999999924e-03
2.022100240320224285e-01 6.265318875000000162e-03
2.026144440800864976e-01 6.616428125000000521e-03
2.030196729682466894e-01 6.460220124999999959e-03
2.034257123141831602e-01 6.272618625000000309e-03
2.038325637388115341e-01 6.068756300000000339e-03
2.042402288662891752e-01 5.873936874999999280e-03
2.046487093240217381e-01 5.708324249999998865e-03
2.050580067426697739e-01 5.577205874999999549e-03
2.054681227561551138e-01 5.550727874999999631e-03
2.058790590016674471e-01 5.526655600000000314e-03
2.062908171196707885e-01 5.477819000000000091e-03
2.067033987539101392e-01 5.424643249999999695e-03
2.071168055514179263e-01 5.379767500000000313e-03
2.075310391625207751e-01 5.345130875000000427e-03
2.079461012408458098e-01 5.301624100000000041e-03
2.083619934433275089e-01 5.256636125000000229e-03
2.087787174302141446e-01 5.216524749999999766e-03
2.091962748650745829e-01 5.175670000000000270e-03
2.096146674148047229e-01 5.127856249999999949e-03
2.100338967496343523e-01 5.068230800000000230e-03
2.104539645431336148e-01 5.027573625000000129e-03
2.108748724722198931e-01 4.993798124999999748e-03
2.112966222171643316e-01 4.948359624999999935e-03
2.117192154615986643e-01 4.894746999999999640e-03
2.121426538925218486e-01 4.818297299999999700e-03
2.125669392003068925e-01 4.737181749999999636e-03
2.129920730787074890e-01 4.666459249999999406e-03
2.134180572248648988e-01 4.598459374999999856e-03
2.138448933393146401e-01 4.531288124999999570e-03
2.142725831259932878e-01 4.437807200000000278e-03
2.147011282922452469e-01 4.338072624999999780e-03
2.151305305488297459e-01 4.258554500000000069e-03
2.155607916099274157e-01 4.193752499999999980e-03
2.159919131931472558e-01 4.121979999999999915e-03
2.164238970195335454e-01 4.037826750000000041e-03
2.168567448135726161e-01 3.955785625000000395e-03
2.172904583031997627e-01 3.879055999999999650e-03
2.177250392198061546e-01 3.805704625000000136e-03
2.181604892982457744e-01 3.724632799999999695e-03
2.185968102768422461e-01 3.641579875000000230e-03
2.190340038973959125e-01 3.555747875000000134e-03
2.194720719051907187e-01 3.465434124999999810e-03
2.199110160490010957e-01 3.377818500000000050e-03
2.203508380810991207e-01 3.284929300000000336e-03
2.207915397572613181e-01 3.196117375000000291e-03
2.212331228367758196e-01 3.108933999999999830e-03
2.216755890824493869e-01 3.017535499999999746e-03
2.221189402606142949e-01 2.930775124999999981e-03
2.225631781411355203e-01 2.839875500000000122e-03
2.230083044974177642e-01 2.753250625000000160e-03
2.234543211064126123e-01 2.679471499999999846e-03
2.239012297486254466e-01 2.600324875000000185e-03
2.243490322081226895e-01 2.523144750000000207e-03
2.247977302725389648e-01 2.440335200000000142e-03
2.252473257330840362e-01 2.362216375000000118e-03
2.256978203845501907e-01 2.296436875000000197e-03
2.261492160253192885e-01 2.230042125000000156e-03
2.266015144573699513e-01 2.160378624999999796e-03
2.270547174862846962e-01 2.085484500000000033e-03
2.275088269212572623e-01 2.013331874999999688e-03
2.279638445750997722e-01 1.951885625000000096e-03
2.284197722642499762e-01 1.890507375000000058e-03
2.288766118087784962e-01 1.826393374999999743e-03
2.293343650323960425e-01 1.756516799999999906e-03
2.297930337624608521e-01 1.691453500000000051e-03
2.302526198299857663e-01 1.620755499999999936e-03
2.307131250696457525e-01 1.583114875000000022e-03
2.311745513197850377e-01 1.529283874999999961e-03
2.316369004224245742e-01 1.482394900000000033e-03
2.321001742232694509e-01 1.436236249999999891e-03
2.325643745717159705e-01 1.389054375000000046e-03
2.330295033208594213e-01 1.342896374999999910e-03
2.334955623275011272e-01 1.300572399999999976e-03
2.339625534521561634e-01 1.264115625000000005e-03
2.344304785590604623e-01 1.220972874999999829e-03
2.348993395161785847e-01 1.183085249999999821e-03
2.353691381952109363e-01 1.157801500000000140e-03
2.358398764716013452e-01 1.117644799999999942e-03
2.363115562245445278e-01 1.075037499999999995e-03
2.367841793369936387e-01 1.048955500000000023e-03
2.372577476956675979e-01 1.017043000000000027e-03
2.377322631910589457e-01 9.898540874999999482e-04
2.382077277174410590e-01 9.566281699999999201e-04
2.386841431728759511e-01 9.289639875000000550e-04
2.391615114592217095e-01 9.072481874999999401e-04
2.396398344821401571e-01 8.742393125000000147e-04
2.401191141511044291e-01 8.487299499999999969e-04
2.405993523794066058e-01 8.326738600000000616e-04
2.410805510841654287e-01 8.079356625000000316e-04
2.415627121863337390e-01 7.833211999999999771e-04
2.420458376107064158e-01 7.667574374999999503e-04
2.425299292859278144e-01 7.541447000000000168e-04
2.430149891444997046e-01 7.373067600000000714e-04
2.435010191227887089e-01 7.158411374999999310e-04
2.439880211610342686e-01 7.001586125000000332e-04
2.444759972033563322e-01 6.919887750000000906e-04
2.449649491977630433e-01 6.810970125000000326e-04
2.454548790961585680e-01 6.541367600000000393e-04
2.459457888543508663e-01 6.382572750000000241e-04
2.464376804320595749e-01 6.322839125000000171e-04
2.469305557929236949e-01 6.228358500000000415e-04
2.474244169045095587e-01 6.058226750000000145e-04
2.479192657383185727e-01 5.938608499999999471e-04
2.484151042697951839e-01 5.862684999999999858e-04
2.489119344783347898e-01 5.676080749999999620e-04
2.494097583472914548e-01 5.592044124999999725e-04
2.499085778639860422e-01 5.495984599999999970e-04
2.504083950197140140e-01 5.466605374999999401e-04
2.509092118097534518e-01 5.430207124999999330e-04
2.514110302333729119e-01 5.295650499999999790e-04
2.519138522938396685e-01 5.140420250000000447e-04
2.524176799984273467e-01 5.151928899999999503e-04
2.529225153584241936e-01 5.123588499999999404e-04
2.534283603891410719e-01 5.032275750000000589e-04
2.539352171099192867e-01 4.953165375000000061e-04
2.544430875441391349e-01 4.959867000000000399e-04
2.549519737192273983e-01 4.891605200000000760e-04
2.554618776666658375e-01 4.759270500000000294e-04
2.559728014219991854e-01 4.786387375000000148e-04
2.564847470248432515e-01 4.839009375000000472e-04
2.569977165188929158e-01 4.808315875000000153e-04
2.575117119519306774e-01 4.770386699999999746e-04
2.580267353758345372e-01 4.752148874999999849e-04
2.585427888465862134e-01 4.614409124999999589e-04
2.590598744242793572e-01 4.594105250000000105e-04
2.595779941731279905e-01 4.759159374999999805e-04
2.600971501614742221e-01 4.767011900000000016e-04
2.606173444617971846e-01 4.606797250000000017e-04
2.611385791507207510e-01 4.674054875000000051e-04
2.616608563090221939e-01 4.770623124999999920e-04
2.621841780216402351e-01 4.720202625000000053e-04
2.627085463776834828e-01 4.700910499999999721e-04
2.632339634704388698e-01 4.867814749999999861e-04
2.637604313973797576e-01 4.882688499999999999e-04
2.642879522601745412e-01 4.790254750000000014e-04
2.648165281646948088e-01 4.827415875000000021e-04
2.653461612210242238e-01 4.930608400000000306e-04
2.658768535434662961e-01 4.922080000000000552e-04
2.664086072505532643e-01 5.020949000000000028e-04
2.669414244650543111e-01 5.165303249999999647e-04
2.674753073139844450e-01 5.163457700000000442e-04
2.680102579286124387e-01 5.196649374999999169e-04
2.685462784444696549e-01 5.382537625000000277e-04
2.690833710013585955e-01 5.513191749999999357e-04
2.696215377433612836e-01 5.453876999999999553e-04
2.701607808188479787e-01 5.540807400000000594e-04
2.707011023804857253e-01 5.763604374999999232e-04
2.712425045852466798e-01 5.870907875000000702e-04
2.717849895944172145e-01 5.915912000000001034e-04
2.723285595736060216e-01 6.049197750000000337e-04
2.728732166927532177e-01 6.227475400000000031e-04
2.734189631261387810e-01 6.398025000000000326e-04
2.739658010523910447e-01 6.675876125000000227e-04
2.745137326544958567e-01 6.875366874999999482e-04
2.750627601198047945e-01 6.905921874999999734e-04
2.756128856400444360e-01 7.198842599999999989e-04
2.761641114113245199e-01 7.414054624999999888e-04
2.767164396341471599e-01 7.649345625000000207e-04
2.772698725134154496e-01 7.819089249999999856e-04
2.778244122584422882e-01 8.102359375000000186e-04
2.783800610829592070e-01 8.458049699999999407e-04
2.789368212051250850e-01 8.800448750000000467e-04
2.794946948475353632e-01 9.091134875000000254e-04
2.800536842372304269e-01 9.346396374999999673e-04
2.806137916057048765e-01 9.882358874999999914e-04
2.811750191889162975e-01 1.025723799999999925e-03
2.817373692272941987e-01 1.101257375000000037e-03
2.823008439657487822e-01 1.135148875000000076e-03
2.828654456536803252e-01 1.181788250000000108e-03
2.834311765449876730e-01 1.194857500000000078e-03
2.839980388980776205e-01 1.285181099999999858e-03
2.845660349758737939e-01 1.358976625000000125e-03
2.851351670458255327e-01 1.429257625000000071e-03
2.857054373799171598e-01 1.501604374999999936e-03
2.862768482546770299e-01 1.553572625000000131e-03
2.868494019511863558e-01 1.642752099999999962e-03
2.874231007550887562e-01 1.725915250000000043e-03
2.879979469565989714e-01 1.863377875000000019e-03
2.885739428505121884e-01 1.960570625000000126e-03
2.891510907362132010e-01 2.073859700000000618e-03
2.897293929176856242e-01 2.211316500000000233e-03
2.903088517035209426e-01 2.314505750000000160e-03
2.908894694069280029e-01 2.429200999999999756e-03
2.914712483457418957e-01 2.604060374999999858e-03
2.920541908424333366e-01 2.818665399999999849e-03
2.926382992241182146e-01 2.953068000000000099e-03
2.932235758225664735e-01 3.145571625000000322e-03
2.938100229742116043e-01 3.394769374999999974e-03
2.943976430201600269e-01 3.557276749999999880e-03
2.949864383062003048e-01 3.797622999999999971e-03
2.955764111828127483e-01 4.143850999999999611e-03
2.961675640051783520e-01 4.439912750000000324e-03
2.967598991331887315e-01 4.677391625000000899e-03
2.973534189314551157e-01 5.021589499999999651e-03
2.979481257693180618e-01 5.474742600000000528e-03
2.985440220208566697e-01 5.844804500000000055e-03
2.991411100648984078e-01 6.214150624999999553e-03
2.997393922850282166e-01 6.788332125000001022e-03
3.003388710695982233e-01 7.182602874999999276e-03
3.009395488117374562e-01 7.790686099999999392e-03
3.015414279093609484e-01 8.564464375000000601e-03
3.021445107651796746e-01 8.985694374999998735e-03
3.027487997867099878e-01 9.774918500000000232e-03
3.033542973862833891e-01 1.072787337499999868e-02
3.039610059810559650e-01 1.131803500000000059e-02
3.045689279930180460e-01 1.227400875000000079e-02
3.051780658490040876e-01 1.376764125000000047e-02
3.057884219807021076e-01 1.468931999999999877e-02
3.063999988246635664e-01 1.527718624999999976e-02
3.070127988223129156e-01 1.706304399999999943e-02
3.076268244199575896e-01 1.924228000000000049e-02
3.082420780687974982e-01 1.996097000000000149e-02
3.088585622249351292e-01 2.099099000000000104e-02
3.094762793493849307e-01 2.363880599999999832e-02
3.100952319080837460e-01 2.592547624999999925e-02
3.107154223718998631e-01 2.739722374999999793e-02
3.113368532166437275e-01 2.853748625000000066e-02
3.119595269230769907e-01 3.274879249999999853e-02
3.125834459769231133e-01 3.691303500000000376e-02
3.132086128688770232e-01 3.804065749999999135e-02
3.138350300946147753e-01 3.850267875000000506e-02
3.144627001548039313e-01 4.463587125000000044e-02
3.150916255551135525e-01 4.705738250000000150e-02
3.157218088062238026e-01 4.574929400000000285e-02
3.163532524238362176e-01 5.217708624999999045e-02
3.169859589286838641e-01 5.418355125000000327e-02
3.176199308465412763e-01 5.273228750000000242e-02
3.182551707082343917e-01 5.762678750000001238e-02
3.188916810496508214e-01 6.507729600000000669e-02
3.195294644117501193e-01 6.127834499999999796e-02
3.201685233405736630e-01 6.106066625000000636e-02
3.208088603872547573e-01 7.048556500000000002e-02
3.214504781080292917e-01 7.531390374999999415e-02
3.220933790642453443e-01 6.895602500000000412e-02
3.227375658223737842e-01 6.841983249999999961e-02
3.233830409540185413e-01 7.920302625000000263e-02
3.240298070359265425e-01 8.389726000000000128e-02
3.246778666499984256e-01 7.860011249999999949e-02
3.253272223832984200e-01 7.585593399999999986e-02
3.259778768280650052e-01 8.337197250000000226e-02
3.266298325817211246e-01 8.916307625000000070e-02
3.272830922468845660e-01 8.619412374999999016e-02
3.279376584313783427e-01 8.091315374999999421e-02
3.285935337482410734e-01 8.595324399999999809e-02
3.292507208157375853e-01 9.279290125000000389e-02
3.299092222573690725e-01 9.294741750000000413e-02
3.305690407018838095e-01 8.790361250000000570e-02
3.312301787832875322e-01 8.615478625000000390e-02
3.318926391408540955e-01 9.180482599999999216e-02
3.325564244191357988e-01 9.515722125000000697e-02
3.332215372679740994e-01 9.378556500000001517e-02
3.338879803425100490e-01 8.932170500000000124e-02
3.345557563031950621e-01 9.331250699999998899e-02
3.352248678158014084e-01 9.588320000000000176e-02
3.358953175514330369e-01 9.622540874999999105e-02
3.365671081865359016e-01 9.432514125000000804e-02
3.372402424029089518e-01 9.203183499999999240e-02
3.379147228877147358e-01 9.364857999999999516e-02
3.385905523334902245e-01 9.588811875000000096e-02
3.392677334381571930e-01 9.592338749999999858e-02
3.399462689050334330e-01 9.475641625000000290e-02
3.406261614428435225e-01 9.419272624999999732e-02
3.413074137657292062e-01 9.572622699999999707e-02
3.419900285932606643e-01 9.599955999999999767e-02
3.426740086504471705e-01 9.588732625000000176e-02
3.433593566677480835e-01 9.525250250000000252e-02
3.440460753810836159e-01 9.391190500000000385e-02
3.447341675318457699e-01 9.449998200000001014e-02
3.454236358669094398e-01 9.508511875000001667e-02
3.461144831386432363e-01 9.510491875000000317e-02
3.468067121049205337e-01 9.501875125000000533e-02
3.475003255291303494e-01 9.448069250000000474e-02
3.481953261801886135e-01 9.471832600000000546e-02
3.488917168325489926e-01 9.468778499999999654e-02
3.495895002662141038e-01 9.448313875000000084e-02
3.502886792667465610e-01 9.431737749999999365e-02
3.509892566252800217e-01 9.406858000000001274e-02
3.516912351385305668e-01 9.341671899999999529e-02
3.523946176088076365e-01 9.350532749999999893e-02
3.530994068440251876e-01 9.343765625000000075e-02
3.538056056577132402e-01 9.332118500000000094e-02
3.545132168690287022e-01 9.314755874999999796e-02
3.552222433027667492e-01 9.287481200000000103e-02
3.559326877893722596e-01 9.268685125000000746e-02
3.566445531649510281e-01 9.247607625000001108e-02
3.573578422712808678e-01 9.226341500000000140e-02
3.580725579558234339e-01 9.205469299999999300e-02
3.587887030717350489e-01 9.183383875000000751e-02
3.595062804778785814e-01 9.154932375000000844e-02
3.602252930388343266e-01 9.139419249999999884e-02
3.609457436249119411e-01 9.131231125000000004e-02
3.616676351121618227e-01 9.119841900000000279e-02
3.623909703823861017e-01 9.105309124999999559e-02
3.631157523231508533e-01 9.093849125000000311e-02
3.638419838277971996e-01 9.082540375000000554e-02
3.645696677954528009e-01 9.069806750000000695e-02
3.652988071310436791e-01 9.055169400000000202e-02
3.660294047453057642e-01 9.042043375000000105e-02
3.667614635547964408e-01 9.030794125000000949e-02
3.674949864819060386e-01 9.019215375000000368e-02
3.682299764548698229e-01 9.006845250000000691e-02
3.689664364077795966e-01 8.992951399999998818e-02
3.697043692805951354e-01 8.980186249999999593e-02
3.704437780191563445e-01 8.964194500000000065e-02
3.711846655751946944e-01 8.945881999999999445e-02
3.719270349063450443e-01 8.927709250000001595e-02
3.726708889761577437e-01 8.907125600000001531e-02
3.734162307541100123e-01 8.886157999999999557e-02
3.741630632156182079e-01 8.867722875000000338e-02
3.749113893420494836e-01 8.849860125000000299e-02
3.756612121207335564e-01 8.832020499999999885e-02
3.764125345449750304e-01 8.811240499999999087e-02
3.771653596140650544e-01 8.788040249999999609e-02
3.779196903332932012e-01 8.773888625000000885e-02
3.786755297139597909e-01 8.756161375000000302e-02
3.794328807733876596e-01 8.738097499999999962e-02
3.801917465349344827e-01 8.720229499999999911e-02
3.809521300280043210e-01 8.706415500000000418e-02
3.817140342880603332e-01 8.694455125000000173e-02
3.824774623566364884e-01 8.682558125000000571e-02
3.832424172813497787e-01 8.669249100000001040e-02
3.840089021159124316e-01 8.656093000000000814e-02
3.847769199201442891e-01 8.644493750000001309e-02
3.855464737599845759e-01 8.632914625000000231e-02
3.863175667075045561e-01 8.621341875000000654e-02
3.870902018409195788e-01 8.608349299999999704e-02
3.878643822446014022e-01 8.595456625000000295e-02
3.886401110090906830e-01 8.584079124999999255e-02
3.894173912311088559e-01 8.572843874999999669e-02
3.901962260135710681e-01 8.560824875000000445e-02
3.909766184655981691e-01 8.544645500000000449e-02
3.917585717025293679e-01 8.529741124999999646e-02
3.925420888459344448e-01 8.515690624999999736e-02
3.933271730236262975e-01 8.497614375000001052e-02
3.941138273696735417e-01 8.488033749999999988e-02
3.949020550244128902e-01 8.472452599999999445e-02
3.956918591344616987e-01 8.457173124999999014e-02
3.964832428527306218e-01 8.442883999999999112e-02
3.972762093384361037e-01 8.429887375000000294e-02
3.980707617571129786e-01 8.411373875000000000e-02
3.988669032806272385e-01 8.401239900000000149e-02
3.996646370871884679e-01 8.386586000000000041e-02
4.004639663613628331e-01 8.375391874999998931e-02
4.012648942940855168e-01 8.364303750000000315e-02
4.020674240826737078e-01 8.351768874999999925e-02
4.028715589308390355e-01 8.336381400000000830e-02
4.036773020487006702e-01 8.320051374999999638e-02
4.044846566527980913e-01 8.306611875000000089e-02
4.052936259661036877e-01 8.292937999999999699e-02
4.061042132180359143e-01 8.279409499999999811e-02
4.069164216444720039e-01 8.266163900000000897e-02
4.077302544877609569e-01 8.251755499999999244e-02
4.085457149967364754e-01 8.241433000000000786e-02
4.093628064267299527e-01 8.229950250000001022e-02
4.101815320395834075e-01 8.218370249999999710e-02
4.110018951036625845e-01 8.203143699999998484e-02
4.118238988938699441e-01 8.187888625000000475e-02
4.126475466916577073e-01 8.175711624999999760e-02
4.134728417850409565e-01 8.164148124999999478e-02
4.142997874686110693e-01 8.149974399999999897e-02
4.151283870435482637e-01 8.139764124999999961e-02
4.159586438176353651e-01 8.129630375000000686e-02
4.167905611052706849e-01 8.114945125000000425e-02
4.176241422274811765e-01 8.104624500000000287e-02
4.184593905119361468e-01 8.090672800000001108e-02
4.192963092929599678e-01 8.072962999999999667e-02
4.201349019115458994e-01 8.061515874999999887e-02
4.209751717153689676e-01 8.049639124999999340e-02
4.218171220587997317e-01 8.038470999999999811e-02
4.226607563029173287e-01 8.025990800000000480e-02
4.235060778155231298e-01 8.014327624999999233e-02
4.243530899711541737e-01 8.004196874999999767e-02
4.252017961510964894e-01 7.992043375000000560e-02
4.260521997433986963e-01 7.978156875000000370e-02
4.269043041428854934e-01 7.965501899999999358e-02
4.277581127511712600e-01 7.952316125000000180e-02
4.286136289766736551e-01 7.941785249999999685e-02
4.294708562346269964e-01 7.931929749999999668e-02
4.303297979470962487e-01 7.922270624999999677e-02
4.311904575429904574e-01 7.910396999999999568e-02
4.320528384580764047e-01 7.898101875000000660e-02
4.329169441349925429e-01 7.887637000000000120e-02
4.337827780232624830e-01 7.876266625000000188e-02
4.346503435793090397e-01 7.864581874999999889e-02
4.355196442664676648e-01 7.851791399999999421e-02
4.363906835550006025e-01 7.839171500000000070e-02
4.372634649221106007e-01 7.827081750000000615e-02
4.381379918519547889e-01 7.816172500000000134e-02
4.390142678356587225e-01 7.805477499999999291e-02
4.398922963713300383e-01 7.792729799999999207e-02
4.407720809640727211e-01 7.776418749999999824e-02
4.416536251260008150e-01 7.739424375000000800e-02
4.425369323762528007e-01 7.745601499999998918e-02
4.434220062410053065e-01 7.730099299999999840e-02
4.443088502534873196e-01 7.722449374999999783e-02
4.451974679539942858e-01 7.713525749999999848e-02
4.460878628899022647e-01 7.703403250000000202e-02
4.469800386156820293e-01 7.704589250000000444e-02
4.478739986929134442e-01 7.697053499999999271e-02
4.487697466902992316e-01 7.684955000000000258e-02
4.496672861836799040e-01 7.670732624999999916e-02
4.505666207560472536e-01 7.657503250000000095e-02
4.514677539975593401e-01 7.645995499999999612e-02
4.523706895055544797e-01 7.634074700000000047e-02
4.532754308845656221e-01 7.623213875000001138e-02
4.541819817463347286e-01 7.615144499999999816e-02
4.550903457098274263e-01 7.603837624999999767e-02
4.560005264012471082e-01 7.593408749999999707e-02
4.569125274540495885e-01 7.577530799999999955e-02
4.578263525089577013e-01 7.561471999999999638e-02
4.587420052139756232e-01 7.544836500000000334e-02
4.596594892244035835e-01 7.528245999999999549e-02
4.605788082028524077e-01 7.512636875000000547e-02
4.614999658192581178e-01 7.497597500000000026e-02
4.624229657508966418e-01 7.487599749999999943e-02
4.633478116823984694e-01 7.483651250000000754e-02
4.642745073057632510e-01 7.480711000000000999e-02
4.652030563203747304e-01 7.476690249999999593e-02
4.661334624330154552e-01 7.468134499999999620e-02
4.670657293578814873e-01 7.454295874999999905e-02
4.679998608165972795e-01 7.438942500000000901e-02
4.689358605382304424e-01 7.418190250000000763e-02
4.698737322593069532e-01 7.408355375000000298e-02
4.708134797238255342e-01 7.397069300000000402e-02
4.717551066832731399e-01 7.386842000000000408e-02
4.726986168966397228e-01 7.380631999999999471e-02
4.736440141304329998e-01 7.373560125000000465e-02
4.745913021586939395e-01 7.360649375000000161e-02
4.755404847630113063e-01 7.340624199999999655e-02
4.764915657325373699e-01 7.316577874999999342e-02
4.774445488640024493e-01 7.293089499999999559e-02
4.783994379617304560e-01 7.268487499999999601e-02
4.793562368376539373e-01 7.244196099999999916e-02
4.803149493113292312e-01 7.224357500000000432e-02
4.812755792099518981e-01 7.211861249999999834e-02
4.822381303683718201e-01 7.203030000000000543e-02
4.832026066291085775e-01 7.199548124999999299e-02
4.841690118423668254e-01 7.197953399999999780e-02
4.851373498660515038e-01 7.200312875000000612e-02
4.861076245657836026e-01 7.202255625000000827e-02
4.870798398149152053e-01 7.194901875000001001e-02
4.880539994945450322e-01 7.193989749999998851e-02
4.890301074935341497e-01 7.183980100000000868e-02
4.900081677085211806e-01 7.172150374999999856e-02
4.909881840439382916e-01 7.162681125000000537e-02
4.919701604120261251e-01 7.151542375000000118e-02
4.929541007328501756e-01 7.145922000000000385e-02
4.939400089343158884e-01 7.135360900000001227e-02
4.949278889521845359e-01 7.121846749999999338e-02
4.959177447300888719e-01 7.107997374999999729e-02
4.969095802195490075e-01 7.093097874999999830e-02
4.979033993799881208e-01 7.074914999999999676e-02
4.988992061787480559e-01 7.052454300000000897e-02
4.998970045911055315e-01 7.027655250000000575e-02
5.008967986002876849e-01 7.004065249999999465e-02
5.018985921974883357e-01 6.958352500000000718e-02
5.029023893818832525e-01 6.950403499999999180e-02
5.039081941606470272e-01 6.914284900000000622e-02
5.049160105489682859e-01 6.903467250000000499e-02
5.059258425700663420e-01 6.892114250000000442e-02
5.069376942552064058e-01 6.854815499999999950e-02
5.079515696437167938e-01 6.888678500000000593e-02
5.089674727830042489e-01 6.889851099999999562e-02
5.099854077285701504e-01 6.895057500000000006e-02
5.110053785440273888e-01 6.880693999999999699e-02
5.120273893011153543e-01 6.882431999999999439e-02
5.130514440797175890e-01 6.865597699999999304e-02
5.140775469678771081e-01 6.851158250000000116e-02
5.151057020618128313e-01 6.837319250000001292e-02
5.161359134659364578e-01 6.824728500000000475e-02
5.171681852928683432e-01 6.814558125000000355e-02
5.182025216634540410e-01 6.803779699999999708e-02
5.192389267067809566e-01 6.792472374999999896e-02
5.202774045601945563e-01 6.781017000000000294e-02
5.213179593693149094e-01 6.765348124999999435e-02
5.223605952880534531e-01 6.744089625000000698e-02
5.234053164786296453e-01 6.717092399999999297e-02
5.244521271115868410e-01 6.688330124999999904e-02
5.255010313658099452e-01 6.667054874999998881e-02
5.265520334285416215e-01 6.643654374999999335e-02
5.276051374953987239e-01 6.620774499999999840e-02
5.286603477703895049e-01 6.595239099999999910e-02
5.297176684659302692e-01 6.568650624999999854e-02
5.307771038028621380e-01 6.548118875000000227e-02
5.318386580104679240e-01 6.533563375000001061e-02
5.329023353264887852e-01 6.518349249999999540e-02
5.339681399971416553e-01 6.508245000000000002e-02
5.350360762771360079e-01 6.504108999999999585e-02
5.361061484296902879e-01 6.502151875000000691e-02
5.371783607265496752e-01 6.500475875000000237e-02
5.382527174480027377e-01 6.497351500000000946e-02
5.393292228828987511e-01 6.489776700000000897e-02
5.404078813286645744e-01 6.468867749999999972e-02
5.414886970913218578e-01 6.400383125000000395e-02
5.425716744855044738e-01 6.438129874999999613e-02
5.436568178344756141e-01 6.413385374999999722e-02
5.447441314701444437e-01 6.399828100000000408e-02
5.458336197330847517e-01 6.380778374999999947e-02
5.469252869725509392e-01 6.378708125000000229e-02
5.480191375464960046e-01 6.369785875000000264e-02
5.491151758215888634e-01 6.360875800000000135e-02
5.502134061732321113e-01 6.351416375000000503e-02
5.513138329855785669e-01 6.340739500000000528e-02
5.524164606515497011e-01 6.328926625000000361e-02
5.535212935728528461e-01 6.316250749999999248e-02
5.546283361599984030e-01 6.301420099999999191e-02
5.557375928323184944e-01 6.284685125000000205e-02
5.568490680179830621e-01 6.269173624999999084e-02
5.579627661540189631e-01 6.251663500000000095e-02
5.590786916863270672e-01 6.231413625000000595e-02
5.601968490696997982e-01 6.204369400000000340e-02
5.613172427678392307e-01 6.173114124999999619e-02
5.624398772533748536e-01 6.147056249999999916e-02
5.635647570078816671e-01 6.121878499999999779e-02
5.646918865218973904e-01 6.099674624999999739e-02
5.658212702949412254e-01 6.079871399999998982e-02
5.669529128355310643e-01 6.061549999999999577e-02
5.680868186612021420e-01 6.043178500000000175e-02
5.692229922985245771e-01 6.006506999999999818e-02
5.703614382831215801e-01 6.010056375000000228e-02
5.715021611596877715e-01 5.988735200000000480e-02
5.726451654820071679e-01 5.949720375000000505e-02
5.737904558129711674e-01 5.959230874999999622e-02
5.749380367245970902e-01 5.951934625000000062e-02
5.760879127980462755e-01 5.941358624999999727e-02
5.772400886236424000e-01 5.948080200000001316e-02
5.783945688008896857e-01 5.946221750000000444e-02
5.795513579384914404e-01 5.953670250000000358e-02
5.807104606543684877e-01 5.962046749999999617e-02
5.818718815756771523e-01 5.975697499999998996e-02
5.830356253388285781e-01 5.983763199999998783e-02
5.842016965895062697e-01 5.986589500000000230e-02
5.853700999826851881e-01 5.995251000000000052e-02
5.865408401826505136e-01 6.002567124999999559e-02
5.877139218630158535e-01 6.017146125000000928e-02
5.888893497067417826e-01 5.923413300000000131e-02
5.900671284061553834e-01 5.866350925000000244e-02
5.912472626629676764e-01 5.992055749999999903e-02
5.924297571882934932e-01 5.967279125000000267e-02
5.936146167026701281e-01 5.909963099999999969e-02
5.948018459360754351e-01 5.667411437500000093e-02
5.959914496279475893e-01 5.929753125000000735e-02
5.971834325272035171e-01 5.910312249999999379e-02
5.983777993922578808e-01 5.875879249999999693e-02
5.995745549910425076e-01 5.872590099999999702e-02
6.007737041010245971e-01 5.859037875000000506e-02
6.019752515092265943e-01 5.870434500000000499e-02
6.031792020122450637e-01 5.866350874999999576e-02
6.043855604162695627e-01 5.863718125000000336e-02
6.055943315371020708e-01 5.872036600000000300e-02
6.068055202001763071e-01 5.881684499999999954e-02
6.080191312405766046e-01 5.893512249999999231e-02
6.092351695030577829e-01 5.907818125000000031e-02
6.104536398420639109e-01 5.922593749999999907e-02
6.116745471217479579e-01 5.938201500000000327e-02
6.128978962159914445e-01 5.953013875000000288e-02
6.141236920084234274e-01 5.965199124999999436e-02
6.153519393924402614e-01 5.973546499999999454e-02
6.165826432712251393e-01 5.980043250000000032e-02
6.178158085577676317e-01 5.987150200000000699e-02
6.190514401748832274e-01 5.994137499999999813e-02
6.202895430552329836e-01 5.998229625000000426e-02
6.215301221413433996e-01 6.002225374999999724e-02
6.227731823856261784e-01 6.006274000000000335e-02
6.240187287503973224e-01 6.007983899999999600e-02
6.252667662078981170e-01 6.005137875000000208e-02
6.265172997403138933e-01 6.004249250000000260e-02
6.277703343397945668e-01 5.474183512499999904e-02
6.290258750084741779e-01 5.975200749999999561e-02
6.302839267584912086e-01 5.999306600000001155e-02
6.315444946120081227e-01 5.970416124999999852e-02
6.328075836012321265e-01 6.045368500000000006e-02
6.340731987684345983e-01 6.064222250000000231e-02
6.353413451659715161e-01 6.083982700000001298e-02
6.366120278563034418e-01 6.101521625000000393e-02
6.378852519120159492e-01 6.116158499999999748e-02
6.391610224158400522e-01 6.127210875000000528e-02
6.404393444606717445e-01 6.148027999999999826e-02
6.417202231495930942e-01 6.164164799999999333e-02
6.430036635958922275e-01 6.176681375000000335e-02
6.442896709230840901e-01 6.184773875000000587e-02
6.455782502649303201e-01 6.198865625000000296e-02
6.468694067654601199e-01 6.200637500000000246e-02
6.481631455789910179e-01 6.143791599999999520e-02
6.494594718701489633e-01 6.152396125000000188e-02
6.507583908138891982e-01 6.207782125000000512e-02
6.520599075955170187e-01 6.201634375000000116e-02
6.533640274107079815e-01 6.213209750000000392e-02
6.546707554655294414e-01 6.247339700000000690e-02
6.559800969764604250e-01 6.045435687500001071e-02
6.572920571704133907e-01 6.267015624999999757e-02
6.586066412847542129e-01 6.255814875000000053e-02
6.599238545673237200e-01 6.283393874999999851e-02
6.612437022764583450e-01 6.290598999999999497e-02
6.625661896810113305e-01 6.292158750000000078e-02
6.638913220603732679e-01 6.303762624999999231e-02
6.652191047044940797e-01 6.312894374999999947e-02
6.665495429139030037e-01 6.322617125000000449e-02
6.678826419997307973e-01 6.334025900000000986e-02
6.692184072837303876e-01 6.343344624999999737e-02
6.705568440982978551e-01 6.349789499999999864e-02
6.718979577864944153e-01 6.355685375000000303e-02
6.732417537020674025e-01 6.359712250000000566e-02
6.745882372094715862e-01 6.364381500000000635e-02
6.759374136838904867e-01 6.370524499999999368e-02
6.772892885112582473e-01 6.377831000000000472e-02
6.786438670882807278e-01 6.385331250000000902e-02
6.800011548224572655e-01 6.393178400000000539e-02
6.813611571321021021e-01 6.398265250000000071e-02
6.827238794463663663e-01 6.401860874999999729e-02
6.840893272052590568e-01 6.403776875000000146e-02
6.854575058596696913e-01 6.404048749999999290e-02
6.868284208713890671e-01 5.080163155900000588e-02
6.882020777131317990e-01 6.122891625000000115e-02
6.895784818685580797e-01 4.628065611250000572e-02
6.909576388322952178e-01 6.242896124999999796e-02
6.923395541099597317e-01 5.355584087499999646e-02
6.937242332181796645e-01 6.256042529999999990e-02
6.951116816846160118e-01 6.416753999999999514e-02
6.965019050479852591e-01 6.429896749999999828e-02
6.978949088580812532e-01 6.311090675000000094e-02
6.992906986757974064e-01 6.411429374999999542e-02
7.006892800731490123e-01 6.367173600000000655e-02
7.020906586332953392e-01 6.440404125000000202e-02
7.034948399505618344e-01 6.457408124999999832e-02
7.049018296304629949e-01 6.353351174999999351e-02
7.063116332897239058e-01 6.459051374999999484e-02
7.077242565563033327e-01 6.440734000000000736e-02
7.091397050694159265e-01 6.466954249999999627e-02
7.105579844795547606e-01 6.437601874999999974e-02
7.119791004485138686e-01 6.452043124999999602e-02
7.134030586494108928e-01 6.459284999999999333e-02
7.148298647667097327e-01 6.434898999999999480e-02
7.162595244962430829e-01 6.334289374999999001e-02
7.176920435452356362e-01 6.017487462500000633e-02
7.191274276323260661e-01 5.945957637500000337e-02
7.205656824875906752e-01 5.766739599999999577e-02
7.220068138525659318e-01 6.424176200000000780e-02
7.234508274802710082e-01 6.242977287499999750e-02
7.248977291352315389e-01 6.056280512500000074e-02
7.263475245935020475e-01 6.206224012500000109e-02
7.278002196426889281e-01 5.448682166249999709e-02
7.292558200819743153e-01 6.248570569999999796e-02
7.307143317221382883e-01 5.912167310000000092e-02
7.321757603855825192e-01 6.253920324999999447e-02
7.336401119063536980e-01 6.295216387499999455e-02
7.351073921301664038e-01 6.381529600000000746e-02
7.365776069144267524e-01 6.480241124999999713e-02
7.380507621282555997e-01 6.484538374999999910e-02
7.395268636525120787e-01 6.451917875000000302e-02
7.410059173798171361e-01 6.496450750000000440e-02
7.424879292145767362e-01 6.495914999999999329e-02
7.439729050730057303e-01 6.436933749999999843e-02
7.454608508831517266e-01 6.462597250000000348e-02
7.469517725849180723e-01 6.488889499999998811e-02
7.484456761300879446e-01 6.487356625000000043e-02
7.499425674823481103e-01 6.479680000000000162e-02
7.514424526173126839e-01 6.493657875000000135e-02
7.529453375225474421e-01 6.497114249999999536e-02
7.544512281975925827e-01 6.504974249999999347e-02
7.559601306539878163e-01 6.508309375000000119e-02
7.574720509152956804e-01 6.510663299999999709e-02
7.589869950171262980e-01 6.221715175000000486e-02
7.605049690071605806e-01 3.010405826250000041e-02
7.620259789451748755e-01 2.597835856250000144e-02
7.635500309030651689e-01 3.740536400000000344e-02
7.650771309648712881e-01 5.164330460000000206e-02
7.666072852268009941e-01 5.408845637500000331e-02
7.681404997972545168e-01 6.060122575000000122e-02
7.696767807968490915e-01 6.486227375000000461e-02
7.712161343584428286e-01 6.510178499999999535e-02
7.727585666271596931e-01 6.507043499999999592e-02
7.743040837604140414e-01 6.489085875000000225e-02
7.758526919279349343e-01 6.499673374999999365e-02
7.774043973117907846e-01 6.493719874999999420e-02
7.789592061064143369e-01 6.488164375000000927e-02
7.805171245186270923e-01 6.482351199999999980e-02
7.820781587676643998e-01 6.489425124999999295e-02
7.836423150851996589e-01 6.489607000000000014e-02
7.852095997153700768e-01 6.493909250000000355e-02
7.867800189148008716e-01 6.463153500000000384e-02
7.883535789526303628e-01 6.496283999999999392e-02
7.899302861105357287e-01 6.366138137500000627e-02
7.915101466827567656e-01 6.478704999999999881e-02
7.930931669761223102e-01 6.505813874999999413e-02
7.946793533100744433e-01 6.512437899999999613e-02
7.962687120166946908e-01 6.426038625000000948e-02
7.978612494407281153e-01 6.468717625000000582e-02
7.994569719396096286e-01 6.452070000000000027e-02
8.010558858834887497e-01 6.469951000000000174e-02
8.026579976552556950e-01 6.249140159999999611e-02
8.042633136505661362e-01 6.396803424999999987e-02
8.058718402778672907e-01 6.492447125000000430e-02
8.074835839584230124e-01 6.483838000000000101e-02
8.090985511263398822e-01 6.471532500000000410e-02
8.107167482285926319e-01 6.448826400000000347e-02
8.123381817250497905e-01 6.466267624999999519e-02
8.139628580884998854e-01 6.221186949999999577e-02
8.155907838046769776e-01 6.346944874999999042e-02
8.172219653722863075e-01 6.341169400000000456e-02
8.188564093030309410e-01 5.573440402500000335e-02
8.204941221216369707e-01 6.031121550000000109e-02
8.221351103658802728e-01 6.320124512499999958e-02
8.237793805866120422e-01 6.345394449999999797e-02
8.254269393477852157e-01 5.489207242500000056e-02
8.270777932264807841e-01 6.304796670000001324e-02
8.287319488129337719e-01 5.874613817500000390e-02
8.303894127105596601e-01 6.380774749999999773e-02
8.320501915359808098e-01 6.390069649999999268e-02
8.337142919190527746e-01 6.373293224999999895e-02
8.353817205028908344e-01 6.474506700000000337e-02
8.370524839438966413e-01 6.468901000000000512e-02
8.387265889117843098e-01 6.487628624999999816e-02
8.404040420896079500e-01 6.467513874999999968e-02
8.420848501737872027e-01 6.489173249999999338e-02
8.437690198741347736e-01 6.475880399999998926e-02
8.454565579138830778e-01 6.503718249999999867e-02
8.471474710297107746e-01 6.502377250000000719e-02
8.488417659717701902e-01 6.494140125000000263e-02
8.505394495037137403e-01 6.483126799999999745e-02
8.522405284027212424e-01 6.447355874999999292e-02
8.539450094595266716e-01 6.467644250000000039e-02
8.556528994784455833e-01 6.481311499999999060e-02
8.573642052774025357e-01 6.488379375000000171e-02
8.590789336879574023e-01 6.490480599999999545e-02
8.607970915553332381e-01 6.495453874999999877e-02
8.625186857384439243e-01 6.496593374999999615e-02
8.642437231099207029e-01 6.501920749999999527e-02
8.659722105561405980e-01 6.501948625000000814e-02
8.677041549772528395e-01 6.503197500000000575e-02
8.694395632872073953e-01 6.501603124999999483e-02
8.711784424137818394e-01 6.498022874999999365e-02
8.729207992986094400e-01 6.504864624999999456e-02
8.746666408972065820e-01 6.505636500000000488e-02
8.764159741790010782e-01 6.504581500000000682e-02
8.781688061273591472e-01 6.507514249999998834e-02
8.799251437396138353e-01 6.483300375000000670e-02
8.816849940270929942e-01 6.439495624999999612e-02
8.834483640151471473e-01 6.473841125000000252e-02
8.852152607431775788e-01 6.481467000000000478e-02
8.869856912646638669e-01 6.452788125000000208e-02
8.887596626471931938e-01 6.459371249999999731e-02
8.905371819724876570e-01 6.478409874999999096e-02
8.923182563364325803e-01 6.465235249999999601e-02
8.941028928491054906e-01 5.978923301999999884e-02
8.958910986348036509e-01 6.332695774999999583e-02
8.976828808320732600e-01 6.219430962500000631e-02
8.994782465937374294e-01 6.247977425000000168e-02
9.012772030869248274e-01 6.320003162499999994e-02
9.030797574930986560e-01 6.334657550000000192e-02
9.048859170080848502e-01 6.413885749999999331e-02
9.066956888421009442e-01 6.323812049999999463e-02
9.085090802197851589e-01 6.187749724999999645e-02
9.103260983802247130e-01 5.503277283999999381e-02
9.121467505769851325e-01 6.125763650000000393e-02
9.139710440781392276e-01 5.907799175000000291e-02
9.157989861662954034e-01 5.224020369250000073e-02
9.176305841386280804e-01 6.019050449999999858e-02
9.194658453069053383e-01 6.276473209999999803e-02
9.213047769975191148e-01 6.136974775000000187e-02
9.231473865515140709e-01 6.436513624999999628e-02
9.249936813246171230e-01 5.932991037499999593e-02
9.268436686872664199e-01 6.327256637499999170e-02
9.286973560246409853e-01 5.825540996999999804e-02
9.305547507366902504e-01 5.967492337500000105e-02
9.324158602381635852e-01 5.549824078750000000e-02
9.342806919586399417e-01 5.023834370000000021e-02
9.361492533425572748e-01 5.811727774999999457e-02
9.380215518492422966e-01 3.187715354000000140e-02
9.398975949529408958e-01 5.461727813749999577e-02
9.417773901428466710e-01 4.621738122499999962e-02
9.436609449231323499e-01 3.987116815374999734e-02
9.455482668129786550e-01 5.350295814999999483e-02
9.474393633466045017e-01 5.718212481999999930e-02
9.493342420732977516e-01 4.485306118750000820e-02
9.512329105574443000e-01 5.237690011249999250e-02
9.531353763785591626e-01 5.858228087499999653e-02
9.550416471313163402e-01 4.471604163625000905e-02
9.569517304255790169e-01 4.660527461999999788e-02
9.588656338864300910e-01 5.489255405000000032e-02
9.607833651542030395e-01 5.962807774999999422e-02
9.627049318845114501e-01 5.525776834999999998e-02
9.646303417482804399e-01 6.126801862500000362e-02
9.665596024317769652e-01 5.874927379000000061e-02
9.684927216366405744e-01 5.906027949999999305e-02
9.704297070799138281e-01 6.080338174999999623e-02
9.723705664940736071e-01 6.254741087500000074e-02
9.743153076270618662e-01 5.876964419999999162e-02
9.762639382423159429e-01 5.952770949999999783e-02
9.782164661188006427e-01 6.044729712500000046e-02
9.801728990510382156e-01 6.272839612500000217e-02
9.821332448491403300e-01 6.301150049999999780e-02
9.840975113388386042e-01 6.378972500000000545e-02
9.860657063615162476e-01 6.309310399999999708e-02
9.880378377742392582e-01 6.395129000000000785e-02
9.900139134497877302e-01 6.343199249999999234e-02
9.919939412766873854e-01 6.341440037499999904e-02
9.939779291592407695e-01 6.404125400000000579e-02
9.959658850175592271e-01 6.413690874999999902e-02
9.979578167875942096e-01 6.420825125000000078e-02
9.999537324211694722e-01 6.417154124999999154e-02
1.001953639886011826e+00 6.412458749999999652e-02
1.003957547165783781e+00 6.369598960000000254e-02
1.005965462260115295e+00 6.427187749999999089e-02
1.007977393184635417e+00 6.427712000000000703e-02
1.009993347971004818e+00 6.409351374999999740e-02
1.012013334666946873e+00 6.430040124999999995e-02
1.014037361336280751e+00 6.434895100000000145e-02
1.016065436058953164e+00 6.440268624999999358e-02
1.018097566931071229e+00 6.445432624999999915e-02
1.020133762064933336e+00 6.382235437500000108e-02
1.022174029589063338e+00 6.431390500000000454e-02
1.024218377648241418e+00 6.457002400000000364e-02
1.026266814403537841e+00 6.460999875000000836e-02
1.028319348032344926e+00 6.454850500000000602e-02
1.030375986728409687e+00 6.461947499999999567e-02
1.032436738701866474e+00 6.466068750000000809e-02
1.034501612179270502e+00 6.469431600000000171e-02
1.036570615403628937e+00 6.471717625000000806e-02
1.038643756634436199e+00 6.471723124999999299e-02
1.040721044147705054e+00 6.469593375000000368e-02
1.042802486236000359e+00 6.469759625000000292e-02
1.044888091208472591e+00 6.470533700000000166e-02
1.046977867390889383e+00 6.470216374999999964e-02
1.049071823125671266e+00 6.468743874999999255e-02
1.051169966771922537e+00 6.469727875000000350e-02
1.053272306705466566e+00 6.470637800000000883e-02
1.055378851318877320e+00 6.468070125000000004e-02
1.057489609021515342e+00 6.465121624999999039e-02
1.059604588239558165e+00 6.459361375000000072e-02
1.061723797416037396e+00 6.459916374999999378e-02
1.063847245010869358e+00 6.459281599999999735e-02
1.065974939500891061e+00 6.347878875000000087e-02
1.068106889379893065e+00 6.458091750000000131e-02
1.070243103158652787e+00 6.438682499999999476e-02
1.072383589364970025e+00 6.467709500000000389e-02
1.074528356543700047e+00 6.471417399999998543e-02
1.076677413256787563e+00 6.464932249999999492e-02
1.078830768083300917e+00 6.479966624999999869e-02
1.080988429619467617e+00 6.448929000000000467e-02
1.083150406478706529e+00 6.480028750000001170e-02
1.085316707291664073e+00 6.375357649999999210e-02
1.087487340706247529e+00 6.480288749999998932e-02
1.089662315387660119e+00 6.439493124999999540e-02
1.091841640018435422e+00 6.316042724999999802e-02
1.094025323298472241e+00 6.459367625000000945e-02
1.096213373945069236e+00 6.439543009999999790e-02
1.098405800692959566e+00 6.434313249999999706e-02
1.100602612294345528e+00 6.380699300000000629e-02
1.102803817518934082e+00 6.235483337500000167e-02
1.105009425153971936e+00 6.276261375000000142e-02
1.107219444004279962e+00 6.050800170000000811e-02
1.109433882892288503e+00 5.611927210874999988e-02
1.111652750658073119e+00 6.189512550000000196e-02
1.113876056159389227e+00 5.269982227250000206e-02
1.116103808271708075e+00 4.195872201075000196e-02
1.118336015888251378e+00 5.126821225299999646e-02
1.120572687920027732e+00 4.137900587971250072e-02
1.122813833295867925e+00 4.035526528000000362e-02
1.125059460962459568e+00 4.610160554250000015e-02
1.127309579884384405e+00 3.198484838500000038e-02
1.129564199044153394e+00 4.722658586750001081e-02
1.131823327442241567e+00 5.991640462499999570e-02
1.134086974097126221e+00 3.044138499887499849e-02
1.136355148045320451e+00 5.360745773750000276e-02
1.138627858341410892e+00 5.575346060999999964e-02
1.140905114058093694e+00 5.318977403749999833e-02
1.143186924286210049e+00 5.653676827500000307e-02
1.145473298134782603e+00 5.721663787499999682e-02
1.147764244731052097e+00 5.269092202500000321e-02
1.150059773220514225e+00 5.457770438000000834e-02
1.152359892766955163e+00 5.413420765000000190e-02
1.154664612552489089e+00 4.668974428375000096e-02
1.156973941777594161e+00 5.671722718749999670e-02
1.159287889661149373e+00 6.083566962499999814e-02
1.161606465440471636e+00 6.039825869999999874e-02
1.163929678371352416e+00 4.792563444524999827e-02
1.166257537728095262e+00 6.024586399999999620e-02
1.168590052803551327e+00 5.897069500000000353e-02
1.170927232909158455e+00 5.939472937500000355e-02
1.173269087374976705e+00 6.158439240000000009e-02
1.175615625549726762e+00 6.101666337500000203e-02
1.177966856800826134e+00 5.931153999999999593e-02
1.180322790514427789e+00 6.250924562500000115e-02
1.182683436095456564e+00 5.728513433750000161e-02
1.185048802967647585e+00 5.921241056999999863e-02
1.187418900573582903e+00 5.838255890000000614e-02
1.189793738374729903e+00 6.192152899999999599e-02
1.192173325851479504e+00 6.163208074999999841e-02
1.194557672503182344e+00 5.777135026249999999e-02
1.196946787848188531e+00 5.790194040000000431e-02
1.199340681423884947e+00 5.874666137500000190e-02
1.201739362786732546e+00 5.990480674999999755e-02
1.204142841512306106e+00 5.614059736249999572e-02
1.206551127195330864e+00 6.205059612499999599e-02
1.208964229449721373e+00 6.241714479999999760e-02
1.211382157908620805e+00 6.154352074999999700e-02
1.213804922224438254e+00 6.202038962499999836e-02
1.216232532068886929e+00 6.219730575000000095e-02
1.218664997133024785e+00 6.171464720000000015e-02
1.221102327127290721e+00 5.570812787499999919e-02
1.223544531781545430e+00 6.158517887500000731e-02
1.225991620845108487e+00 6.278289000000000786e-02
1.228443604086798757e+00 6.278031874999999429e-02
1.230900491294972365e+00 6.259734440000000455e-02
1.233362292277562222e+00 6.269733499999999293e-02
1.235829016862117324e+00 6.300578625000000099e-02
1.238300674895841613e+00 6.302779375000000517e-02
1.240777276245633054e+00 6.299935749999999168e-02
1.243258830798124492e+00 6.306842599999999688e-02
1.245745348459720736e+00 6.306178249999999652e-02
1.248236839156640077e+00 6.303571250000000736e-02
1.250733312834953370e+00 6.303703125000000018e-02
1.253234779460623338e+00 6.298258249999999503e-02
1.255741249019544536e+00 6.288126100000000773e-02
1.258252731517583545e+00 6.279226124999999492e-02
1.260769236980618713e+00 6.160489737499999507e-02
1.263290775454580128e+00 6.171688712500000146e-02
1.265817357005489141e+00 6.041725562499999924e-02
1.268348991719500107e+00 4.236098369179999712e-02
1.270885689702939025e+00 5.375762750000000201e-02
1.273427461082345058e+00 6.125786187499999980e-02
1.275974316004509834e+00 6.269467662500000094e-02
1.278526264636518750e+00 6.256408750000000407e-02
1.281083317165791824e+00 6.179094450000000016e-02
1.283645483800123444e+00 6.305095250000000706e-02
1.286212774767723666e+00 6.306321249999999323e-02
1.288785200317259072e+00 6.287084250000000984e-02
1.291362770717893405e+00 6.279010474999999203e-02
1.293945496259329087e+00 6.249178820000000217e-02
1.296533387251847858e+00 6.125769949999999853e-02
1.299126454026351407e+00 6.230612262500000165e-02
1.301724706934404230e+00 6.074664987500000279e-02
1.304328156348272927e+00 6.177962809999999749e-02
1.306936812660969505e+00 5.484759450749999987e-02
1.309550686286291565e+00 5.575018972999999656e-02
1.312169787658864273e+00 6.133084224999999640e-02
1.314794127234181875e+00 4.531698028247500148e-02
1.317423715488650338e+00 5.933135779999999804e-02
1.320058562919627532e+00 5.672759906249999484e-02
1.322698680045466757e+00 5.856502274999999397e-02
1.325344077405557819e+00 5.822663562500000195e-02
1.327994765560368773e+00 5.506963143750000927e-02
1.330650755091489668e+00 4.676330579499999446e-02
1.333312056601672513e+00 4.702190758374999446e-02
1.335978680714875910e+00 5.572269788750000563e-02
1.338650638076305466e+00 5.595044500000000143e-02
1.341327939352458198e+00 5.272016941249999672e-02
1.344010595231163174e+00 4.025278361360000445e-02
1.346698616421625472e+00 3.090709870600000242e-02
1.349392013654468592e+00 2.709943317903749926e-02
1.352090797681777534e+00 4.134943907125000068e-02
1.354794979277141209e+00 2.908433001125000292e-02
1.357504569235695513e+00 2.892506467930000200e-02
1.360219578374167071e+00 2.237414217598749852e-02
1.362940017530915426e+00 2.517166288750000147e-02
1.365665897565977005e+00 2.727761244074999869e-02
1.368397229361109080e+00 1.382358799474999941e-02
1.371134023819831294e+00 1.362801831270000173e-02
1.373876291867470956e+00 1.880978169387875071e-02
1.376624044451205897e+00 2.872564143794249791e-02
1.379377292540108435e+00 2.186411181262500059e-02
1.382136047125188671e+00 1.942548176737499827e-02
1.384900319219438902e+00 2.343625626599999887e-02
1.387670119857877804e+00 2.794302928115000029e-02
1.390445460097593511e+00 3.347256588624999973e-02
1.393226351017788911e+00 2.464759567749999838e-02
1.396012803719824280e+00 2.039781852400000123e-02
1.398804829327263910e+00 1.657036396050000360e-02
1.401602438985918520e+00 1.650941793737500246e-02
1.404405643863890329e+00 2.265276448125000050e-02
1.407214455151617916e+00 2.192336662812499962e-02
1.410028884061921284e+00 2.682015889300000053e-02
1.412848941830045169e+00 2.198191404861250114e-02
1.415674639713705218e+00 1.968367541999999776e-02
1.418505988993132627e+00 2.030564074124999868e-02
1.421343000971118986e+00 2.680241144125000002e-02
1.424185686973061138e+00 2.514275706700000099e-02
1.427034058347007139e+00 2.550927156449999886e-02
1.429888126463701337e+00 2.726179484749999965e-02
1.432747902716628552e+00 1.523286355004999960e-02
1.435613398522062045e+00 2.275782782775000179e-02
1.438484625319106147e+00 2.272031052700000317e-02
1.441361594569744220e+00 2.619809269250000100e-02
1.444244317758883733e+00 2.928971527999999977e-02
1.447132806394401561e+00 2.899865858750000011e-02
1.450027072007190387e+00 2.470468364624999955e-02
1.452927126151204895e+00 2.434766885769999722e-02
1.455832980403507282e+00 2.805544876875000135e-02
1.458744646364314335e+00 2.603172791624999705e-02
1.461662135657042949e+00 2.606922636237499896e-02
1.464585459928356981e+00 2.645815993000000255e-02
1.467514630848213653e+00 2.973473236699999619e-02
1.470449660109910184e+00 2.536598417000000133e-02
1.473390559430129976e+00 2.300787425249999768e-02
1.476337340548990129e+00 3.219203293625000351e-02
1.479290015230088073e+00 2.960658364750000035e-02
1.482248595260548196e+00 3.331726701499999888e-02
1.485213092451069361e+00 3.448160017000000133e-02
1.488183518635971314e+00 3.599716687499999318e-02
1.491159885673243313e+00 3.404408005250000174e-02
1.494142205444589644e+00 3.516600218500000319e-02
1.497130489855478697e+00 4.006457989999999414e-02
1.500124750835189813e+00 4.033536125000000000e-02
1.503125000336860140e+00 3.920538562000000504e-02
1.506131250337534144e+00 4.273044212499999689e-02
1.509143512838209134e+00 4.332206179999999879e-02
1.512161799863885658e+00 4.206553761249999523e-02
1.515186123463613477e+00 4.382128774999999310e-02
1.518216495710540626e+00 4.552671212500000036e-02
1.521252928701961604e+00 4.600094824999999971e-02
1.524295434559365781e+00 4.581763309999999090e-02
1.527344025428484464e+00 4.680007487500000007e-02
1.530398713479341533e+00 4.763159749999999748e-02
1.533459510906300283e+00 4.731632712500000171e-02
1.536526429928112947e+00 4.823881349999999818e-02
1.539599482787969098e+00 4.793413640000000059e-02
1.542678681753545167e+00 4.898617874999999788e-02
1.545764039117052402e+00 4.938620612499999840e-02
1.548855567195286387e+00 4.986326750000000252e-02
1.551953278329677000e+00 4.999206399999999578e-02
1.555057184886336374e+00 5.052391900000000047e-02
1.558167299256108862e+00 5.080481375000000382e-02
1.561283633854621211e+00 5.113285000000000052e-02
1.564406201122330309e+00 5.143223249999999414e-02
1.567535013524575138e+00 5.135562750000000065e-02
1.570670083551624074e+00 4.807698719999999731e-02
1.573811423718727287e+00 4.643430750000000079e-02
1.576959046566164702e+00 4.901658812499999629e-02
1.580112964659297070e+00 5.187215087500000182e-02
1.583273190588615709e+00 5.271710624999999956e-02
1.586439736969792680e+00 5.214482710000000604e-02
1.589612616443732307e+00 5.317752624999999567e-02
1.592791841676620024e+00 5.285743049999999665e-02
1.595977425359973001e+00 5.362710749999999305e-02
1.599169380210692992e+00 5.342989837499999978e-02
1.602367718971114297e+00 5.103975560000000022e-02
1.605572454409056604e+00 5.227586524999999762e-02
1.608783599317874735e+00 5.312055150000000864e-02
1.612001166516510375e+00 5.380972212499999380e-02
1.615225168849543369e+00 5.477112099999999206e-02
1.618455619187242345e+00 5.497054374999999632e-02
1.621692530425617118e+00 5.515715874999999740e-02
1.624935915486468208e+00 5.515585124999999866e-02
1.628185787317441235e+00 5.543129999999999585e-02
1.631442158892076222e+00 5.450519999999999671e-02
1.634705043209860431e+00 5.522292900000000393e-02
1.637974453296279886e+00 5.436101849999999680e-02
1.641250402202872660e+00 5.239749062499999416e-02
1.644532903007278390e+00 5.282810637499999601e-02
1.647821968813293125e+00 5.532280770000001097e-02
1.651117612750919506e+00 4.779385650000000235e-02
1.654419847976421387e+00 5.492470124999999925e-02
1.657728687672374246e+00 5.572309000000000290e-02
1.661044145047719134e+00 5.620651000000000119e-02
1.664366233337814638e+00 5.012691769999999547e-02
1.667694965804490170e+00 5.594828649999999959e-02
1.671030355736099260e+00 5.640430374999999552e-02
1.674372416447571510e+00 5.479317812499999441e-02
1.677721161280466333e+00 5.605168625000000321e-02
1.681076603603027353e+00 5.599669999999999648e-02
1.684438756810233473e+00 5.635345887499999817e-02
1.687807634323853945e+00 5.617922499999999236e-02
1.691183249592501658e+00 5.415282824999999994e-02
1.694565616091686655e+00 5.629351125000000428e-02
1.697954747323870084e+00 5.604138069999999722e-02
1.701350656818517715e+00 5.482333612500000369e-02
1.704753358132154784e+00 5.522695175000000289e-02
1.708162864848419282e+00 5.393945587499999333e-02
1.711579190578115917e+00 5.577849374999999804e-02
1.715002348959272283e+00 5.527349460000000742e-02
1.718432353657190825e+00 5.402821124999999947e-02
1.721869218364505016e+00 5.235554292499999818e-02
1.725312956801233977e+00 5.462241062499999938e-02
1.728763582714836655e+00 5.182400474999999951e-02
1.732221109880266230e+00 5.424920610000000254e-02
1.735685552100026730e+00 5.401716687499999447e-02
1.739156923204226768e+00 5.388077637500000155e-02
1.742635237050635277e+00 5.227953896249999677e-02
1.746120507524736576e+00 5.155606709999999843e-02
1.749612748539786100e+00 5.370344775000000098e-02
1.753111974036865472e+00 5.350317712499999545e-02
1.756618197984939123e+00 5.196948637500000551e-02
1.760131434380908910e+00 5.279812587500000431e-02
1.763651697249670747e+00 5.174218710000000332e-02
1.767179000644169884e+00 5.126682612500000485e-02
1.770713358645458202e+00 5.200458762500000109e-02
1.774254785362749054e+00 5.001332425000000470e-02
1.777803294933474554e+00 3.815203528450000076e-02
1.781358901523341753e+00 4.942656870599999863e-02
1.784921619326388376e+00 4.251309154874999968e-02
1.788491462565041212e+00 5.028859450000000564e-02
1.792068445490171413e+00 4.407876424999999931e-02
1.795652582381151552e+00 4.824151812500000053e-02
1.799243887545913800e+00 4.392473895400000189e-02
1.802842375321005663e+00 4.138436218125000898e-02
1.806448060071647710e+00 4.116847994625000284e-02
1.810060956191791082e+00 3.188619316237500251e-02
1.813681078104174560e+00 2.755737588675000183e-02
1.817308440260382962e+00 2.512096428166700479e-02
1.820943057140903765e+00 2.058528920349999777e-02
1.824584943255185721e+00 3.939344755250000218e-02
1.828234113141696149e+00 3.603661043000000452e-02
1.831890581367979554e+00 1.720381114274999873e-02
1.835554362530715355e+00 2.371484223399999980e-02
1.839225471255776734e+00 1.882489308975000136e-02
1.842903922198288136e+00 1.708681432175000042e-02
1.846589730042684785e+00 2.277238321462500201e-02
1.850282909502769968e+00 1.833217121544999939e-02
1.853983475321775654e+00 2.119191771230999680e-02
1.857691442272419113e+00 1.975757102537499879e-02
1.861406825156963984e+00 1.692041655664999755e-02
1.865129638807277779e+00 1.932158879427500059e-02
1.868859898084892279e+00 1.115725918249999872e-02
1.872597617881062160e+00 1.163444761749999994e-02
1.876342813116824271e+00 1.518477685600000057e-02
1.880095498743057814e+00 1.574263231975000024e-02
1.883855689740544070e+00 1.691588164806250016e-02
1.887623401120025246e+00 1.761253933920000139e-02
1.891398647922265308e+00 8.048847124500000186e-03
1.895181445218109717e+00 1.267276068762500027e-02
1.898971808108545822e+00 1.172264437187500036e-02
1.902769751724763037e+00 1.289863523605000104e-02
1.906575291228212565e+00 1.077192378700649912e-02
1.910388441810669136e+00 1.380348763799999975e-02
1.914209218694290282e+00 1.076242614749999861e-02
1.918037637131678963e+00 1.388662727325000110e-02
1.921873712405942403e+00 1.211898751125000187e-02
1.925717459830754041e+00 1.191828765940000125e-02
1.929568894750415708e+00 6.902568315023750560e-03
1.933428032539916241e+00 1.186238073025000159e-02
1.937294888604996324e+00 1.274608393124999905e-02
1.941169478382206215e+00 1.405694756500000010e-02
1.945051817338970590e+00 1.339560400299999975e-02
1.948941920973648489e+00 1.383228000000000062e-02
1.952839804815595715e+00 1.239401094312499868e-02
1.956745484425226778e+00 7.653651374999999833e-03
1.960658975394077297e+00 1.257463663250000044e-02
1.964580293344865503e+00 1.179837555872000066e-02
1.968509453931555075e+00 7.749512432374999586e-03
1.972446472839417986e+00 1.634466316749999884e-02
1.976391365785096887e+00 1.929235700000000303e-02
1.980344148516667069e+00 1.845187162625000141e-02
1.984304836813700401e+00 2.023608994999999758e-02
1.988273446487327956e+00 2.008052872500000127e-02
1.992249993380302620e+00 2.242328512499999760e-02
1.996234493367063045e+00 2.070524012499999969e-02
2.000226962353797155e+00 1.330218059500000091e-02
