2.002000000000000168e-01 2.441087499999999941e-03
2.006004000000000120e-01 3.340980625000000009e-03
2.010016008000000132e-01 2.569323374999999895e-03
2.014036040016000118e-01 3.610081250000000096e-03
2.018064112096032425e-01 3.527837099999999847e-03
2.022100240320224285e-01 3.859388499999999791e-03
2.026144440800864976e-01 4.069921125000000584e-03
2.030196729682466894e-01 3.976422749999999895e-03
2.034257123141831602e-01 3.863985250000000204e-03
2.038325637388115341e-01 3.741609299999999576e-03
2.042402288662891752e-01 3.624482000000000051e-03
2.046487093240217381e-01 3.524767374999999633e-03
2.050580067426697739e-01 3.445731124999999988e-03
2.054681227561551138e-01 3.429760249999999882e-03
2.058790590016674471e-01 3.415236299999999982e-03
2.062908171196707885e-01 3.385762999999999967e-03
2.067033987539101392e-01 3.353657625000000010e-03
2.071168055514179263e-01 3.326553250000000191e-03
2.075310391625207751e-01 3.305625874999999943e-03
2.079461012408458098e-01 3.279330999999999913e-03
2.083619934433275089e-01 3.252131249999999987e-03
2.087787174302141446e-01 3.227871375000000015e-03
2.091962748650745829e-01 3.203153749999999855e-03
2.096146674148047229e-01 3.174214875000000262e-03
2.100338967496343523e-01 3.138111900000000593e-03
2.104539645431336148e-01 3.113483999999999696e-03
2.108748724722198931e-01 3.093018250000000198e-03
2.112966222171643316e-01 3.065476250000000007e-03
2.117192154615986643e-01 3.032966125000000589e-03
2.121426538925218486e-01 2.986582700000000017e-03
2.125669392003068925e-01 2.937337750000000407e-03
2.129920730787074890e-01 2.894374875000000312e-03
2.134180572248648988e-01 2.853041875000000144e-03
2.138448933393146401e-01 2.812189625000000200e-03
2.142725831259932878e-01 2.755296699999999765e-03
2.147011282922452469e-01 2.694551249999999759e-03
2.151305305488297459e-01 2.646082374999999924e-03
2.155607916099274157e-01 2.606558999999999612e-03
2.159919131931472558e-01 2.562758300000000152e-03
2.164238970195335454e-01 2.511368624999999605e-03
2.168567448135726161e-01 2.461233499999999907e-03
2.172904583031997627e-01 2.414312875000000028e-03
2.177250392198061546e-01 2.369429000000000153e-03
2.181604892982457744e-01 2.319787399999999940e-03
2.185968102768422461e-01 2.268898249999999964e-03
2.190340038973959125e-01 2.216267750000000102e-03
2.194720719051907187e-01 2.160846749999999726e-03
2.199110160490010957e-01 2.107040374999999931e-03
2.203508380810991207e-01 2.049950200000000104e-03
2.207915397572613181e-01 1.995324124999999643e-03
2.212331228367758196e-01 1.941657124999999996e-03
2.216755890824493869e-01 1.885352375000000098e-03
2.221189402606142949e-01 1.831862999999999981e-03
2.225631781411355203e-01 1.775777100000000119e-03
2.230083044974177642e-01 1.722288499999999941e-03
2.234543211064126123e-01 1.676698625000000008e-03
2.239012297486254466e-01 1.627758750000000022e-03
2.243490322081226895e-01 1.580002000000000056e-03
2.247977302725389648e-01 1.528724800000000024e-03
2.252473257330840362e-01 1.480318250000000301e-03
2.256978203845501907e-01 1.439531500000000141e-03
2.261492160253192885e-01 1.398337999999999838e-03
2.266015144573699513e-01 1.355090624999999872e-03
2.270547174862846962e-01 1.308565300000000134e-03
2.275088269212572623e-01 1.263713999999999983e-03
2.279638445750997722e-01 1.225494499999999886e-03
2.284197722642499762e-01 1.187295750000000143e-03
2.288766118087784962e-01 1.147371624999999999e-03
2.293343650323960425e-01 1.103832300000000006e-03
2.297930337624608521e-01 1.063267624999999789e-03
2.302526198299857663e-01 1.015006250000000023e-03
2.307131250696457525e-01 9.937684125000002117e-04
2.311745513197850377e-01 9.599939250000000127e-04
2.316369004224245742e-01 9.313640200000000919e-04
2.321001742232694509e-01 9.026735625000000245e-04
2.325643745717159705e-01 8.737161499999999102e-04
2.330295033208594213e-01 8.447174625000000324e-04
2.334955623275011272e-01 8.181476400000000163e-04
2.339625534521561634e-01 7.960265749999998960e-04
2.344304785590604623e-01 7.688769374999998747e-04
2.348993395161785847e-01 7.455202750000000439e-04
2.353691381952109363e-01 7.297019874999999831e-04
2.358398764716013452e-01 7.044852699999999256e-04
2.363115562245445278e-01 6.776132250000000551e-04
2.367841793369936387e-01 6.613361624999999997e-04
2.372577476956675979e-01 6.412895124999999771e-04
2.377322631910589457e-01 6.242874499999999990e-04
2.382077277174410590e-01 6.033422699999999896e-04
2.386841431728759511e-01 5.859576250000000106e-04
2.391615114592217095e-01 5.724263250000000136e-04
2.396398344821401571e-01 5.516086249999999774e-04
2.401191141511044291e-01 5.355888249999999923e-04
2.405993523794066058e-01 5.254803799999999353e-04
2.410805510841654287e-01 5.099347874999999707e-04
2.415627121863337390e-01 4.944129124999998865e-04
2.420458376107064158e-01 4.840045125000000219e-04
2.425299292859278144e-01 4.760561000000000176e-04
2.430149891444997046e-01 4.654678400000000120e-04
2.435010191227887089e-01 4.519519749999999767e-04
2.439880211610342686e-01 4.420701499999999708e-04
2.444759972033563322e-01 4.369561125000000473e-04
2.449649491977630433e-01 4.301139499999999784e-04
2.454548790961585680e-01 4.130470699999999823e-04
2.459457888543508663e-01 4.030933499999999952e-04
2.464376804320595749e-01 3.993865749999999802e-04
2.469305557929236949e-01 3.934323874999999526e-04
2.474244169045095587e-01 3.826715999999999972e-04
2.479192657383185727e-01 3.751639100000000223e-04
2.484151042697951839e-01 3.703944250000000007e-04
2.489119344783347898e-01 3.585768250000000547e-04
2.494097583472914548e-01 3.533341750000000211e-04
2.499085778639860422e-01 3.472615399999999779e-04
2.504083950197140140e-01 3.454599374999999949e-04
2.509092118097534518e-01 3.431693875000000173e-04
2.514110302333729119e-01 3.346149249999999954e-04
2.519138522938396685e-01 3.248174249999999591e-04
2.524176799984273467e-01 3.256225200000000030e-04
2.529225153584241936e-01 3.238194749999999834e-04
2.534283603891410719e-01 3.180436250000000004e-04
2.539352171099192867e-01 3.130398500000000010e-04
2.544430875441391349e-01 3.135030124999999739e-04
2.549519737192273983e-01 3.091716199999999738e-04
2.554618776666658375e-01 3.008002125000000114e-04
2.559728014219991854e-01 3.025684499999999576e-04
2.564847470248432515e-01 3.059307125000000193e-04
2.569977165188929158e-01 3.039471375000000423e-04
2.575117119519306774e-01 3.015383100000000203e-04
2.580267353758345372e-01 3.003878250000000059e-04
2.585427888465862134e-01 2.916360999999999910e-04
2.590598744242793572e-01 2.904130500000000163e-04
2.595779941731279905e-01 3.009504249999999520e-04
2.600971501614742221e-01 3.013770300000000136e-04
2.606173444617971846e-01 2.911579750000000116e-04
2.611385791507207510e-01 2.955019749999999957e-04
2.616608563090221939e-01 3.016446125000000469e-04
2.621841780216402351e-01 2.983780249999999764e-04
2.627085463776834828e-01 2.971858800000000021e-04
2.632339634704388698e-01 3.078235375000000582e-04
2.637604313973797576e-01 3.086933749999999860e-04
2.642879522601745412e-01 3.027643749999999823e-04
2.648165281646948088e-01 3.051994625000000252e-04
2.653461612210242238e-01 3.117425099999999658e-04
2.658768535434662961e-01 3.111635125000000008e-04
2.664086072505532643e-01 3.174457750000000142e-04
2.669414244650543111e-01 3.265978499999999955e-04
2.674753073139844450e-01 3.263882000000000068e-04
2.680102579286124387e-01 3.285146250000000158e-04
2.685462784444696549e-01 3.403026624999999639e-04
2.690833710013585955e-01 3.485246624999999675e-04
2.696215377433612836e-01 3.446497125000000123e-04
2.701607808188479787e-01 3.501833200000000271e-04
2.707011023804857253e-01 3.642869250000000053e-04
2.712425045852466798e-01 3.709982874999999771e-04
2.717849895944172145e-01 3.737991999999999769e-04
2.723285595736060216e-01 3.822768374999999845e-04
2.728732166927532177e-01 3.935336299999999776e-04
2.734189631261387810e-01 4.043238250000000082e-04
2.739658010523910447e-01 4.219616875000000117e-04
2.745137326544958567e-01 4.345573124999999644e-04
2.750627601198047945e-01 4.364346749999999889e-04
2.756128856400444360e-01 4.549912700000000271e-04
2.761641114113245199e-01 4.685619874999999998e-04
2.767164396341471599e-01 4.834439750000000201e-04
2.772698725134154496e-01 4.941393750000000126e-04
2.778244122584422882e-01 5.120976875000000580e-04
2.783800610829592070e-01 5.345727899999999644e-04
2.789368212051250850e-01 5.560841250000000263e-04
2.794946948475353632e-01 5.742122874999998784e-04
2.800536842372304269e-01 5.900959750000000148e-04
2.806137916057048765e-01 6.237612874999999557e-04
2.811750191889162975e-01 6.472808399999999737e-04
2.817373692272941987e-01 6.950618250000000289e-04
2.823008439657487822e-01 7.164490374999999290e-04
2.828654456536803252e-01 7.460083875000000139e-04
2.834311765449876730e-01 7.540869499999999477e-04
2.839980388980776205e-01 8.115634200000000111e-04
2.845660349758737939e-01 8.577512124999999311e-04
2.851351670458255327e-01 9.020386999999999936e-04
2.857054373799171598e-01 9.472828374999999346e-04
2.862768482546770299e-01 9.797382375000000983e-04
2.868494019511863558e-01 1.035612999999999898e-03
2.874231007550887562e-01 1.087264625000000000e-03
2.879979469565989714e-01 1.173257499999999986e-03
2.885739428505121884e-01 1.233827249999999926e-03
2.891510907362132010e-01 1.304396700000000006e-03
2.897293929176856242e-01 1.390152250000000053e-03
2.903088517035209426e-01 1.454218250000000046e-03
2.908894694069280029e-01 1.525608874999999885e-03
2.914712483457418957e-01 1.635131750000000210e-03
2.920541908424333366e-01 1.768831299999999891e-03
2.926382992241182146e-01 1.851280875000000043e-03
2.932235758225664735e-01 1.970516375000000084e-03
2.938100229742116043e-01 2.124609625000000064e-03
2.943976430201600269e-01 2.223649250000000153e-03
2.949864383062003048e-01 2.370936599999999908e-03
2.955764111828127483e-01 2.582941124999999991e-03
2.961675640051783520e-01 2.762070500000000321e-03
2.967598991331887315e-01 2.903863125000000385e-03
2.973534189314551157e-01 3.109482000000000218e-03
2.979481257693180618e-01 3.378056400000000077e-03
2.985440220208566697e-01 3.593216500000000375e-03
2.991411100648984078e-01 3.806456749999999768e-03
2.997393922850282166e-01 4.136641499999999666e-03
3.003388710695982233e-01 4.356756124999999757e-03
3.009395488117374562e-01 4.693574100000000304e-03
3.015414279093609484e-01 5.114937624999999627e-03
3.021445107651796746e-01 5.336461000000000676e-03
3.027487997867099878e-01 5.754749499999999712e-03
3.033542973862833891e-01 6.248735374999999856e-03
3.039610059810559650e-01 6.539589700000000838e-03
3.045689279930180460e-01 7.018766749999999673e-03
3.051780658490040876e-01 7.763608749999999573e-03
3.057884219807021076e-01 8.204848249999998830e-03
3.063999988246635664e-01 8.475201249999999784e-03
3.070127988223129156e-01 9.341403300000000395e-03
3.076268244199575896e-01 1.038818325000000035e-02
3.082420780687974982e-01 1.070814862500000034e-02
3.088585622249351292e-01 1.119347249999999919e-02
3.094762793493849307e-01 1.246952900000000003e-02
3.100952319080837460e-01 1.356271625000000057e-02
3.107154223718998631e-01 1.425287125000000016e-02
3.113368532166437275e-01 1.479591250000000108e-02
3.119595269230769907e-01 1.700726749999999926e-02
3.125834459769231133e-01 1.914782500000000026e-02
3.132086128688770232e-01 1.964725374999999954e-02
3.138350300946147753e-01 1.984514625000000088e-02
3.144627001548039313e-01 2.310445499999999944e-02
3.150916255551135525e-01 2.430726500000000151e-02
3.157218088062238026e-01 2.350526499999999741e-02
3.163532524238362176e-01 2.699509125000000218e-02
3.169859589286838641e-01 2.802387375000000430e-02
3.176199308465412763e-01 2.712043000000000093e-02
3.182551707082343917e-01 2.983981249999999655e-02
3.188916810496508214e-01 3.402204799999999918e-02
3.195294644117501193e-01 3.172181625000000671e-02
3.201685233405736630e-01 3.156339125000000301e-02
3.208088603872547573e-01 3.699881124999999937e-02
3.214504781080292917e-01 3.972726499999999772e-02
3.220933790642453443e-01 3.590799699999999706e-02
3.227375658223737842e-01 3.560754124999999937e-02
3.233830409540185413e-01 4.199142375000000649e-02
3.240298070359265425e-01 4.468266750000000204e-02
3.246778666499984256e-01 4.142317125000000155e-02
3.253272223832984200e-01 3.981563600000000147e-02
3.259778768280650052e-01 4.434177125000000191e-02
3.266298325817211246e-01 4.779843000000000286e-02
3.272830922468845660e-01 4.589335374999999745e-02
3.279376584313783427e-01 4.271216625000000267e-02
3.285935337482410734e-01 4.589756100000000338e-02
3.292507208157375853e-01 5.002558499999999742e-02
3.299092222573690725e-01 5.002824499999999897e-02
3.305690407018838095e-01 4.695295250000000586e-02
3.312301787832875322e-01 4.595414624999999420e-02
3.318926391408540955e-01 4.946840299999999413e-02
3.325564244191357988e-01 5.148707125000000218e-02
3.332215372679740994e-01 5.067819000000000490e-02
3.338879803425100490e-01 4.796679499999999957e-02
3.345557563031950621e-01 5.049112799999999623e-02
3.352248678158014084e-01 5.205386000000000041e-02
3.358953175514330369e-01 5.229800500000000157e-02
3.365671081865359016e-01 5.116632375000000621e-02
3.372402424029089518e-01 4.977354500000000237e-02
3.379147228877147358e-01 5.082937999999999346e-02
3.385905523334902245e-01 5.227022749999999524e-02
3.392677334381571930e-01 5.236255125000000010e-02
3.399462689050334330e-01 5.167728750000000204e-02
3.406261614428435225e-01 5.134401624999999914e-02
3.413074137657292062e-01 5.234048699999999110e-02
3.419900285932606643e-01 5.257212999999999470e-02
3.426740086504471705e-01 5.256912125000000324e-02
3.433593566677480835e-01 5.221977249999999737e-02
3.440460753810836159e-01 5.137512750000000628e-02
3.447341675318457699e-01 5.181843199999999761e-02
3.454236358669094398e-01 5.227601249999999644e-02
3.461144831386432363e-01 5.235516625000000146e-02
3.468067121049205337e-01 5.233126999999999918e-02
3.475003255291303494e-01 5.201195124999999364e-02
3.481953261801886135e-01 5.222668999999999229e-02
3.488917168325489926e-01 5.227547874999999983e-02
3.495895002662141038e-01 5.221513249999999717e-02
3.502886792667465610e-01 5.215654000000000123e-02
3.509892566252800217e-01 5.203495125000000276e-02
3.516912351385305668e-01 5.166382299999999761e-02
3.523946176088076365e-01 5.179607499999999698e-02
3.530994068440251876e-01 5.181009749999999914e-02
3.538056056577132402e-01 5.178028250000001054e-02
3.545132168690287022e-01 5.171306125000000448e-02
3.552222433027667492e-01 5.159236399999998779e-02
3.559326877893722596e-01 5.153188624999999884e-02
3.566445531649510281e-01 5.145384875000000302e-02
3.573578422712808678e-01 5.137221374999999257e-02
3.580725579558234339e-01 5.129144500000000495e-02
3.587887030717350489e-01 5.120036999999999505e-02
3.595062804778785814e-01 5.106148500000000368e-02
3.602252930388343266e-01 5.101466500000000071e-02
3.609457436249119411e-01 5.101338999999999874e-02
3.616676351121618227e-01 5.099484200000000550e-02
3.623909703823861017e-01 5.095785250000000460e-02
3.631157523231508533e-01 5.093277125000000155e-02
3.638419838277971996e-01 5.090722000000000302e-02
3.645696677954528009e-01 5.087583249999999557e-02
3.652988071310436791e-01 5.083904699999999832e-02
3.660294047453057642e-01 5.080870374999999634e-02
3.667614635547964408e-01 5.078272250000000210e-02
3.674949864819060386e-01 5.075464999999999838e-02
3.682299764548698229e-01 5.072204750000000595e-02
3.689664364077795966e-01 5.068621200000000132e-02
3.697043692805951354e-01 5.065738125000000813e-02
3.704437780191563445e-01 5.060024125000000400e-02
3.711846655751946944e-01 5.052627750000000112e-02
3.719270349063450443e-01 5.045234125000000458e-02
3.726708889761577437e-01 5.036809899999999951e-02
3.734162307541100123e-01 5.028175750000000305e-02
3.741630632156182079e-01 5.020586750000000098e-02
3.749113893420494836e-01 5.013236249999999949e-02
3.756612121207335564e-01 5.005843624999999769e-02
3.764125345449750304e-01 4.997103299999999804e-02
3.771653596140650544e-01 4.986815499999999735e-02
3.779196903332932012e-01 4.981569125000000209e-02
3.786755297139597909e-01 4.974137874999999542e-02
3.794328807733876596e-01 4.966487999999999459e-02
3.801917465349344827e-01 4.959406799999999810e-02
3.809521300280043210e-01 4.955188875000000187e-02
3.817140342880603332e-01 4.951639374999999843e-02
3.824774623566364884e-01 4.948111749999999781e-02
3.832424172813497787e-01 4.944177799999999873e-02
3.840089021159124316e-01 4.940303249999999924e-02
3.847769199201442891e-01 4.936879125000000201e-02
3.855464737599845759e-01 4.933436374999999874e-02
3.863175667075045561e-01 4.929967000000000377e-02
3.870902018409195788e-01 4.926052999999999682e-02
3.878643822446014022e-01 4.922181375000000275e-02
3.886401110090906830e-01 4.918763500000000038e-02
3.894173912311088559e-01 4.915400749999999930e-02
3.901962260135710681e-01 4.911459375000000460e-02
3.909766184655981691e-01 4.905120400000000103e-02
3.917585717025293679e-01 4.899470874999999059e-02
3.925420888459344448e-01 4.893945250000000108e-02
3.933271730236262975e-01 4.885722250000000544e-02
3.941138273696735417e-01 4.883039999999999603e-02
3.949020550244128902e-01 4.876837000000000533e-02
3.956918591344616987e-01 4.870797250000000189e-02
3.964832428527306218e-01 4.865017624999999624e-02
3.972762093384361037e-01 4.859942750000000034e-02
3.980707617571129786e-01 4.851042499999999591e-02
3.988669032806272385e-01 4.848476100000000122e-02
3.996646370871884679e-01 4.842654500000000140e-02
4.004639663613628331e-01 4.838171999999999612e-02
4.012648942940855168e-01 4.833574499999999941e-02
4.020674240826737078e-01 4.828221500000000332e-02
4.028715589308390355e-01 4.822213399999999289e-02
4.036773020487006702e-01 4.815865000000000423e-02
4.044846566527980913e-01 4.810462499999999808e-02
4.052936259661036877e-01 4.804819000000000451e-02
4.061042132180359143e-01 4.799152625000000644e-02
4.069164216444720039e-01 4.793430099999999860e-02
4.077302544877609569e-01 4.786744000000000415e-02
4.085457149967364754e-01 4.782568375000000038e-02
4.093628064267299527e-01 4.777600375000000399e-02
4.101815320395834075e-01 4.772664249999999941e-02
4.110018951036625845e-01 4.766469900000000481e-02
4.118238988938699441e-01 4.760358124999999885e-02
4.126475466916577073e-01 4.755314374999999871e-02
4.134728417850409565e-01 4.750348624999999742e-02
4.142997874686110693e-01 4.743783800000000300e-02
4.151283870435482637e-01 4.739331625000000464e-02
4.159586438176353651e-01 4.734557749999999954e-02
4.167905611052706849e-01 4.727576374999999109e-02
4.176241422274811765e-01 4.723698875000000019e-02
4.184593905119361468e-01 4.717955800000001032e-02
4.192963092929599678e-01 4.710096749999999333e-02
4.201349019115458994e-01 4.705823624999999621e-02
4.209751717153689676e-01 4.700437125000000299e-02
4.218171220587997317e-01 4.694972875000000267e-02
4.226607563029173287e-01 4.688757000000000341e-02
4.235060778155231298e-01 4.682923500000000377e-02
4.243530899711541737e-01 4.677860624999999328e-02
4.252017961510964894e-01 4.672320500000000376e-02
4.260521997433986963e-01 4.666207375000000490e-02
4.269043041428854934e-01 4.661110999999999727e-02
4.277581127511712600e-01 4.655378124999999534e-02
4.286136289766736551e-01 4.650947750000000019e-02
4.294708562346269964e-01 4.646501499999999840e-02
4.303297979470962487e-01 4.641850374999999945e-02
4.311904575429904574e-01 4.635849100000000167e-02
4.320528384580764047e-01 4.629529625000000648e-02
4.329169441349925429e-01 4.624255625000000397e-02
4.337827780232624830e-01 4.619081750000000874e-02
4.346503435793090397e-01 4.614113875000000475e-02
4.355196442664676648e-01 4.608609700000000642e-02
4.363906835550006025e-01 4.602727375000000704e-02
4.372634649221106007e-01 4.596747749999999938e-02
4.381379918519547889e-01 4.590747624999999554e-02
4.390142678356587225e-01 4.584450500000000067e-02
4.398922963713300383e-01 4.577106200000000125e-02
4.407720809640727211e-01 4.568620749999999231e-02
4.416536251260008150e-01 4.546238875000000595e-02
4.425369323762528007e-01 4.552977375000000215e-02
4.434220062410053065e-01 4.545591699999999846e-02
4.443088502534873196e-01 4.543184750000000410e-02
4.451974679539942858e-01 4.539009750000000398e-02
4.460878628899022647e-01 4.533372624999999767e-02
4.469800386156820293e-01 4.535238374999999572e-02
4.478739986929134442e-01 4.530992600000000731e-02
4.487697466902992316e-01 4.524003374999999855e-02
4.496672861836799040e-01 4.516370624999999778e-02
4.505666207560472536e-01 4.509556124999999915e-02
4.514677539975593401e-01 4.504186749999999906e-02
4.523706895055544797e-01 4.498908800000000346e-02
4.532754308845656221e-01 4.493992375000000622e-02
4.541819817463347286e-01 4.489698500000000037e-02
4.550903457098274263e-01 4.482954750000000405e-02
4.560005264012471082e-01 4.476754374999999953e-02
4.569125274540495885e-01 4.466805299999999923e-02
4.578263525089577013e-01 4.456853875000000437e-02
4.587420052139756232e-01 4.446908875000000344e-02
4.596594892244035835e-01 4.437035625000000649e-02
4.605788082028524077e-01 4.427686499999999858e-02
4.614999658192581178e-01 4.419045600000000296e-02
4.624229657508966418e-01 4.413989000000000107e-02
4.633478116823984694e-01 4.412628500000000814e-02
4.642745073057632510e-01 4.411997499999999184e-02
4.652030563203747304e-01 4.410922375000000256e-02
4.661334624330154552e-01 4.406978899999999810e-02
4.670657293578814873e-01 4.399228374999999969e-02
4.679998608165972795e-01 4.390136375000000535e-02
4.689358605382304424e-01 4.377303250000000312e-02
4.698737322593069532e-01 4.371956874999999992e-02
4.708134797238255342e-01 4.365467600000000337e-02
4.717551066832731399e-01 4.359575250000000124e-02
4.726986168966397228e-01 4.355533750000000620e-02
4.736440141304329998e-01 4.350681875000000226e-02
4.745913021586939395e-01 4.342741499999999699e-02
4.755404847630113063e-01 4.330359699999999923e-02
4.764915657325373699e-01 4.315016124999999925e-02
4.774445488640024493e-01 4.299855250000000212e-02
4.783994379617304560e-01 4.283859874999999817e-02
4.793562368376539373e-01 4.266863999999999379e-02
4.803149493113292312e-01 4.252478750000000807e-02
4.812755792099518981e-01 4.243787499999999990e-02
4.822381303683718201e-01 4.238525750000000231e-02
4.832026066291085775e-01 4.237372000000000360e-02
4.841690118423668254e-01 4.238375399999999571e-02
4.851373498660515038e-01 4.242363000000000384e-02
4.861076245657836026e-01 4.245552749999999959e-02
4.870798398149152053e-01 4.242250250000000056e-02
4.880539994945450322e-01 4.242796749999998979e-02
4.890301074935341497e-01 4.236356199999999350e-02
4.900081677085211806e-01 4.228188125000000019e-02
4.909881840439382916e-01 4.221586499999999131e-02
4.919701604120261251e-01 4.214378625000000239e-02
4.929541007328501756e-01 4.211002750000000100e-02
4.939400089343158884e-01 4.205340800000000046e-02
4.949278889521845359e-01 4.198075874999999957e-02
4.959177447300888719e-01 4.189662374999999356e-02
4.969095802195490075e-01 4.179311749999999742e-02
4.979033993799881208e-01 4.166353125000000351e-02
4.988992061787480559e-01 4.149742499999999057e-02
4.998970045911055315e-01 4.131251249999999542e-02
5.008967986002876849e-01 4.113847499999999380e-02
5.018985921974883357e-01 4.081967499999999971e-02
5.029023893818832525e-01 4.076231874999999144e-02
5.039081941606470272e-01 4.052685899999999841e-02
5.049160105489682859e-01 4.045871374999999992e-02
5.059258425700663420e-01 4.038838624999999821e-02
5.069376942552064058e-01 4.015721124999999808e-02
5.079515696437167938e-01 4.037571000000000215e-02
5.089674727830042489e-01 4.038627800000000462e-02
5.099854077285701504e-01 4.043172750000000037e-02
5.110053785440273888e-01 4.034462500000000201e-02
5.120273893011153543e-01 4.036200874999999744e-02
5.130514440797175890e-01 4.025847800000000726e-02
5.140775469678771081e-01 4.016135500000000275e-02
5.151057020618128313e-01 4.006715000000000276e-02
5.161359134659364578e-01 3.998057749999999605e-02
5.171681852928683432e-01 3.990659999999999347e-02
5.182025216634540410e-01 3.982735499999999484e-02
5.192389267067809566e-01 3.974364999999999842e-02
5.202774045601945563e-01 3.965739624999999741e-02
5.213179593693149094e-01 3.954530750000000150e-02
5.223605952880534531e-01 3.940417750000000524e-02
5.234053164786296453e-01 3.922216599999999581e-02
5.244521271115868410e-01 3.901692000000000354e-02
5.255010313658099452e-01 3.885539999999999827e-02
5.265520334285416215e-01 3.867943624999999747e-02
5.276051374953987239e-01 3.850380999999999942e-02
5.286603477703895049e-01 3.831011700000000464e-02
5.297176684659302692e-01 3.812087000000000114e-02
5.307771038028621380e-01 3.798150125000000071e-02
5.318386580104679240e-01 3.788224999999999926e-02
5.329023353264887852e-01 3.778687499999999755e-02
5.339681399971416553e-01 3.772920200000000335e-02
5.350360762771360079e-01 3.770442624999999909e-02
5.361061484296902879e-01 3.769181499999999657e-02
5.371783607265496752e-01 3.767699874999999587e-02
5.382527174480027377e-01 3.764911374999999755e-02
5.393292228828987511e-01 3.758801500000000240e-02
5.404078813286645744e-01 3.744855625000000077e-02
5.414886970913218578e-01 3.699911749999999777e-02
5.425716744855044738e-01 3.723789375000000068e-02
5.436568178344756141e-01 3.707377750000000194e-02
5.447441314701444437e-01 3.697486999999999996e-02
5.458336197330847517e-01 3.684387499999999815e-02
5.469252869725509392e-01 3.682080000000000075e-02
5.480191375464960046e-01 3.675542625000000063e-02
5.491151758215888634e-01 3.668790899999999772e-02
5.502134061732321113e-01 3.661743124999999877e-02
5.513138329855785669e-01 3.654370875000000074e-02
5.524164606515497011e-01 3.646318749999999387e-02
5.535212935728528461e-01 3.637503749999999869e-02
5.546283361599984030e-01 3.626720199999999839e-02
5.557375928323184944e-01 3.614413874999999887e-02
5.568490680179830621e-01 3.602279124999999832e-02
5.579627661540189631e-01 3.588504374999999802e-02
5.590786916863270672e-01 3.573055749999999586e-02
5.601968490696997982e-01 3.553392100000000303e-02
5.613172427678392307e-01 3.530903124999999754e-02
5.624398772533748536e-01 3.512356875000000045e-02
5.635647570078816671e-01 3.494777624999999971e-02
5.646918865218973904e-01 3.478820125000000457e-02
5.658212702949412254e-01 3.463259900000000002e-02
5.669529128355310643e-01 3.448771375000000278e-02
5.680868186612021420e-01 3.435040874999999855e-02
5.692229922985245771e-01 3.409588974999999689e-02
5.703614382831215801e-01 3.409901774999999496e-02
5.715021611596877715e-01 3.394909029999999828e-02
5.726451654820071679e-01 3.370224674999999781e-02
5.737904558129711674e-01 3.374165124999999738e-02
5.749380367245970902e-01 3.369001924999999453e-02
5.760879127980462755e-01 3.362664437500000048e-02
5.772400886236424000e-01 3.365913540000000509e-02
5.783945688008896857e-01 3.365182562499999946e-02
5.795513579384914404e-01 3.369053425000000102e-02
5.807104606543684877e-01 3.375415262499999874e-02
5.818718815756771523e-01 3.386055887500000194e-02
5.830356253388285781e-01 3.394521369999999733e-02
5.842016965895062697e-01 3.399582137499999879e-02
5.853700999826851881e-01 3.406299774999999724e-02
5.865408401826505136e-01 3.412544887499999874e-02
5.877139218630158535e-01 3.421280962499999995e-02
5.888893497067417826e-01 3.369717929999999778e-02
5.900671284061553834e-01 3.339870325000000167e-02
5.912472626629676764e-01 3.406191025000000067e-02
5.924297571882934932e-01 3.390333375000000038e-02
5.936146167026701281e-01 3.354538220000000126e-02
5.948018459360754351e-01 3.227438400000000318e-02
5.959914496279475893e-01 3.360653687500000236e-02
5.971834325272035171e-01 3.345855325000000186e-02
5.983777993922578808e-01 3.323183087499999994e-02
5.995745549910425076e-01 3.316638930000000152e-02
6.007737041010245971e-01 3.307803287500000328e-02
6.019752515092265943e-01 3.311634899999999632e-02
6.031792020122450637e-01 3.309730962500000151e-02
6.043855604162695627e-01 3.309928200000000070e-02
6.055943315371020708e-01 3.315854100000000665e-02
6.068055202001763071e-01 3.323461974999999957e-02
6.080191312405766046e-01 3.332425112500000258e-02
6.092351695030577829e-01 3.342779475000000333e-02
6.104536398420639109e-01 3.353329524999999756e-02
6.116745471217479579e-01 3.364543949999999894e-02
6.128978962159914445e-01 3.375323637499999530e-02
6.141236920084234274e-01 3.384180774999999419e-02
6.153519393924402614e-01 3.391295325000000249e-02
6.165826432712251393e-01 3.397302674999999605e-02
6.178158085577676317e-01 3.403565759999999801e-02
6.190514401748832274e-01 3.409216512499999713e-02
6.202895430552329836e-01 3.412466724999999729e-02
6.215301221413433996e-01 3.413992874999999955e-02
6.227731823856261784e-01 3.415277387500000039e-02
6.240187287503973224e-01 3.415770239999999652e-02
6.252667662078981170e-01 3.414810137499999648e-02
6.265172997403138933e-01 3.414808125000000361e-02
6.277703343397945668e-01 3.044914675000000293e-02
6.290258750084741779e-01 3.396603962499999962e-02
6.302839267584912086e-01 3.411573269999999825e-02
6.315444946120081227e-01 3.394231587499999675e-02
6.328075836012321265e-01 3.445881775000000230e-02
6.340731987684345983e-01 3.459925887499999686e-02
6.353413451659715161e-01 3.475202889999999545e-02
6.366120278563034418e-01 3.490107700000000257e-02
6.378852519120159492e-01 3.503314412499999864e-02
6.391610224158400522e-01 3.513953537499999585e-02
6.404393444606717445e-01 3.529605112499999836e-02
6.417202231495930942e-01 3.540924709999999920e-02
6.430036635958922275e-01 3.550154900000000030e-02
6.442896709230840901e-01 3.555933224999999892e-02
6.455782502649303201e-01 3.565430887499999868e-02
6.468694067654601199e-01 3.568765499999999868e-02
6.481631455789910179e-01 3.538076660000000900e-02
6.494594718701489633e-01 3.545962525000000143e-02
6.507583908138891982e-01 3.578758375000000436e-02
6.520599075955170187e-01 3.578001287500000294e-02
6.533640274107079815e-01 3.585053112499999445e-02
6.546707554655294414e-01 3.605578009999999695e-02
6.559800969764604250e-01 3.497864637500000540e-02
6.572920571704133907e-01 3.619630299999999912e-02
6.586066412847542129e-01 3.615870899999999721e-02
6.599238545673237200e-01 3.631894150000000709e-02
6.612437022764583450e-01 3.637610599999999833e-02
6.625661896810113305e-01 3.640880824999999377e-02
6.638913220603732679e-01 3.647748325000000486e-02
6.652191047044940797e-01 3.654274187499999965e-02
6.665495429139030037e-01 3.661025287499999892e-02
6.678826419997307973e-01 3.668813429999999431e-02
6.692184072837303876e-01 3.676000075000000061e-02
6.705568440982978551e-01 3.681767887500000253e-02
6.718979577864944153e-01 3.687190687499999897e-02
6.732417537020674025e-01 3.691493462499999961e-02
6.745882372094715862e-01 3.696528109999999701e-02
6.759374136838904867e-01 3.701498662499999592e-02
6.772892885112582473e-01 3.706274500000000111e-02
6.786438670882807278e-01 3.711235912500000095e-02
6.800011548224572655e-01 3.716429880000000213e-02
6.813611571321021021e-01 3.719959800000000039e-02
6.827238794463663663e-01 3.722511749999999481e-02
6.840893272052590568e-01 3.724453700000000117e-02
6.854575058596696913e-01 3.725539687500000613e-02
6.868284208713890671e-01 2.946750211799999825e-02
6.882020777131317990e-01 3.499227249999999761e-02
6.895784818685580797e-01 2.653279491250000108e-02
6.909576388322952178e-01 3.600937087500000189e-02
6.923395541099597317e-01 3.069816600000000242e-02
6.937242332181796645e-01 3.651106449999999559e-02
6.951116816846160118e-01 3.739886875000000832e-02
6.965019050479852591e-01 3.748121025000000078e-02
6.978949088580812532e-01 3.683251824999999452e-02
6.992906986757974064e-01 3.740605262499999834e-02
7.006892800731490123e-01 3.716267019999999754e-02
7.020906586332953392e-01 3.759673612500000206e-02
7.034948399505618344e-01 3.769578850000000064e-02
7.049018296304629949e-01 3.712968687499999809e-02
7.063116332897239058e-01 3.769348424999999919e-02
7.077242565563033327e-01 3.760388580000000730e-02
7.091397050694159265e-01 3.775157450000000275e-02
7.105579844795547606e-01 3.760175712500000295e-02
7.119791004485138686e-01 3.767584949999999711e-02
7.134030586494108928e-01 3.771779862499999303e-02
7.148298647667097327e-01 3.756772650000000241e-02
7.162595244962430829e-01 3.715618775000000679e-02
7.176920435452356362e-01 3.553901737500000241e-02
7.191274276323260661e-01 3.501091937499999779e-02
7.205656824875906752e-01 3.400026674999999388e-02
7.220068138525659318e-01 3.752086219999999778e-02
7.234508274802710082e-01 3.655349812500000017e-02
7.248977291352315389e-01 3.557586624999999753e-02
7.263475245935020475e-01 3.639615587499999555e-02
7.278002196426889281e-01 3.264937679999999759e-02
7.292558200819743153e-01 3.660995050000000195e-02
7.307143317221382883e-01 3.521191826250000267e-02
7.321757603855825192e-01 3.668620437500000331e-02
7.336401119063536980e-01 3.689848387499999882e-02
7.351073921301664038e-01 3.734422339999999424e-02
7.365776069144267524e-01 3.787343087500000260e-02
7.380507621282555997e-01 3.789899449999999809e-02
7.395268636525120787e-01 3.772223225000000818e-02
7.410059173798171361e-01 3.795605775000000098e-02
7.424879292145767362e-01 3.794290570000000140e-02
7.439729050730057303e-01 3.766384187499999953e-02
7.454608508831517266e-01 3.777738512500000007e-02
7.469517725849180723e-01 3.787444000000000921e-02
7.484456761300879446e-01 3.786716287500000583e-02
7.499425674823481103e-01 3.782315519999999293e-02
7.514424526173126839e-01 3.792110375000000422e-02
7.529453375225474421e-01 3.795005462500000010e-02
7.544512281975925827e-01 3.800509525000000249e-02
7.559601306539878163e-01 3.802726474999999773e-02
7.574720509152956804e-01 3.804380409999999491e-02
7.589869950171262980e-01 3.651554962499999751e-02
7.605049690071605806e-01 1.445825716249999823e-02
7.620259789451748755e-01 1.270862292499999949e-02
7.635500309030651689e-01 1.864271943750000354e-02
7.650771309648712881e-01 2.846717470000000375e-02
7.666072852268009941e-01 3.071556387500000082e-02
7.681404997972545168e-01 3.540377100000000055e-02
7.696767807968490915e-01 3.793207112500000117e-02
7.712161343584428286e-01 3.802187487500000018e-02
7.727585666271596931e-01 3.799241689999999227e-02
7.743040837604140414e-01 3.790902087500000461e-02
7.758526919279349343e-01 3.792615774999999467e-02
7.774043973117907846e-01 3.788484837500000202e-02
7.789592061064143369e-01 3.785029974999999658e-02
7.805171245186270923e-01 3.782092819999999245e-02
7.820781587676643998e-01 3.786139912500000038e-02
7.836423150851996589e-01 3.786624412499999676e-02
7.852095997153700768e-01 3.790053962499999318e-02
7.867800189148008716e-01 3.774683560000000049e-02
7.883535789526303628e-01 3.791958662500000132e-02
7.899302861105357287e-01 3.721867549999999941e-02
7.915101466827567656e-01 3.782848587500000498e-02
7.930931669761223102e-01 3.797707937500000713e-02
7.946793533100744433e-01 3.801626219999999778e-02
7.962687120166946908e-01 3.753165837499999880e-02
7.978612494407281153e-01 3.775987349999999909e-02
7.994569719396096286e-01 3.765688337499999844e-02
8.010558858834887497e-01 3.776728349999999845e-02
8.026579976552556950e-01 3.674210586000000583e-02
8.042633136505661362e-01 3.740412337500000073e-02
8.058718402778672907e-01 3.789792799999999739e-02
8.074835839584230124e-01 3.784871912499999935e-02
8.090985511263398822e-01 3.776609724999999834e-02
8.107167482285926319e-01 3.762254190000000054e-02
8.123381817250497905e-01 3.770411175000000503e-02
8.139628580884998854e-01 3.662420237499999787e-02
8.155907838046769776e-01 3.706557862499999800e-02
8.172219653722863075e-01 3.698208137500000325e-02
8.188564093030309410e-01 3.331102304100000411e-02
8.204941221216369707e-01 3.540293775000000198e-02
8.221351103658802728e-01 3.689677387500000377e-02
8.237793805866120422e-01 3.706930425000000418e-02
8.254269393477852157e-01 3.268164561249999739e-02
8.270777932264807841e-01 3.684340330000000080e-02
8.287319488129337719e-01 3.463972207499999706e-02
8.303894127105596601e-01 3.727381524999999474e-02
8.320501915359808098e-01 3.734460112500000151e-02
8.337142919190527746e-01 3.728311437499999548e-02
8.353817205028908344e-01 3.777948180000000045e-02
8.370524839438966413e-01 3.775560074999999988e-02
8.387265889117843098e-01 3.783666499999999849e-02
8.404040420896079500e-01 3.773391574999999942e-02
8.420848501737872027e-01 3.782365649999999691e-02
8.437690198741347736e-01 3.773321689999999812e-02
8.454565579138830778e-01 3.788592287499999850e-02
8.471474710297107746e-01 3.787147237499999958e-02
8.488417659717701902e-01 3.781247912500000641e-02
8.505394495037137403e-01 3.773854920000000585e-02
8.522405284027212424e-01 3.753489737500000090e-02
8.539450094595266716e-01 3.764622712500000079e-02
8.556528994784455833e-01 3.771930475000000171e-02
8.573642052774025357e-01 3.775726712500000054e-02
8.590789336879574023e-01 3.777011429999999059e-02
8.607970915553332381e-01 3.779701950000000088e-02
8.625186857384439243e-01 3.781104562500000460e-02
8.642437231099207029e-01 3.784243712499999607e-02
8.659722105561405980e-01 3.784826637500000174e-02
8.677041549772528395e-01 3.786109560000000540e-02
8.694395632872073953e-01 3.785399662500000401e-02
8.711784424137818394e-01 3.784070450000000252e-02
8.729207992986094400e-01 3.786791750000000067e-02
8.746666408972065820e-01 3.786779212499999381e-02
8.764159741790010782e-01 3.785703999999999458e-02
8.781688061273591472e-01 3.786134162500000289e-02
8.799251437396138353e-01 3.772700849999999217e-02
8.816849940270929942e-01 3.752246437500000170e-02
8.834483640151471473e-01 3.763065875000000393e-02
8.852152607431775788e-01 3.768076310000000040e-02
8.869856912646638669e-01 3.748154737500000028e-02
8.887596626471931938e-01 3.753127249999999721e-02
8.905371819724876570e-01 3.764820775000000258e-02
8.923182563364325803e-01 3.758452974999999807e-02
8.941028928491054906e-01 3.558116920000000544e-02
8.958910986348036509e-01 3.689520137500000574e-02
8.976828808320732600e-01 3.634693762499999897e-02
8.994782465937374294e-01 3.649217725000000051e-02
9.012772030869248274e-01 3.676452387500000335e-02
9.030797574930986560e-01 3.685380440000000229e-02
9.048859170080848502e-01 3.729209662499999994e-02
9.066956888421009442e-01 3.680861749999999460e-02
9.085090802197851589e-01 3.614852045000000597e-02
9.103260983802247130e-01 3.293412754899999878e-02
9.121467505769851325e-01 3.588836540000000380e-02
9.139710440781392276e-01 3.474841636249999949e-02
9.157989861662954034e-01 3.177313982375000456e-02
9.176305841386280804e-01 3.554662699999999731e-02
9.194658453069053383e-01 3.669342410000000360e-02
9.213047769975191148e-01 3.597018687500000422e-02
9.231473865515140709e-01 3.741360525000000242e-02
9.249936813246171230e-01 3.503402649999999563e-02
9.268436686872664199e-01 3.682887650000000318e-02
9.286973560246409853e-01 3.482828126999999718e-02
9.305547507366902504e-01 3.525639671249999885e-02
9.324158602381635852e-01 3.303961115000000198e-02
9.342806919586399417e-01 3.015417702499999936e-02
9.361492533425572748e-01 3.419680772499999327e-02
9.380215518492422966e-01 2.056055698999999931e-02
9.398975949529408958e-01 3.237147129999999595e-02
9.417773901428466710e-01 2.813099787500000087e-02
9.436609449231323499e-01 2.434884614249999829e-02
9.455482668129786550e-01 3.185305922499999387e-02
9.474393633466045017e-01 3.368931840000000122e-02
9.493342420732977516e-01 2.756874955875000116e-02
9.512329105574443000e-01 3.151751562499999909e-02
9.531353763785591626e-01 3.444721510000000458e-02
9.550416471313163402e-01 2.753356319499999927e-02
9.569517304255790169e-01 2.858348241000000303e-02
9.588656338864300910e-01 3.277368917500000228e-02
9.607833651542030395e-01 3.501948309999999842e-02
9.627049318845114501e-01 3.255358121250000181e-02
9.646303417482804399e-01 3.573660162500000292e-02
9.665596024317769652e-01 3.444543127000000010e-02
9.684927216366405744e-01 3.486377427500000209e-02
9.704297070799138281e-01 3.553902600000000134e-02
9.723705664940736071e-01 3.635773562500000528e-02
9.743153076270618662e-01 3.442889101000000396e-02
9.762639382423159429e-01 3.500934237500000212e-02
9.782164661188006427e-01 3.532905524999999797e-02
9.801728990510382156e-01 3.640899700000000544e-02
9.821332448491403300e-01 3.656305124999999906e-02
9.840975113388386042e-01 3.696880940000000365e-02
9.860657063615162476e-01 3.670483362500000235e-02
9.880378377742392582e-01 3.701719437499999960e-02
9.900139134497877302e-01 3.680955200000000233e-02
9.919939412766873854e-01 3.684249199999999752e-02
9.939779291592407695e-01 3.705351760000000216e-02
9.959658850175592271e-01 3.709482937500000604e-02
9.979578167875942096e-01 3.713650724999999903e-02
9.999537324211694722e-01 3.712029000000000023e-02
1.001953639886011826e+00 3.710190250000000578e-02
1.003957547165783781e+00 3.687958530000000346e-02
1.005965462260115295e+00 3.718182625000000102e-02
1.007977393184635417e+00 3.718456812499999764e-02
1.009993347971004818e+00 3.708097149999999703e-02
1.012013334666946873e+00 3.718913587500000117e-02
1.014037361336280751e+00 3.721675519999999987e-02
1.016065436058953164e+00 3.724811337499999570e-02
1.018097566931071229e+00 3.728060812500000321e-02
1.020133762064933336e+00 3.696119575000000185e-02
1.022174029589063338e+00 3.721445149999999535e-02
1.024218377648241418e+00 3.733871069999999265e-02
1.026266814403537841e+00 3.735561762499999688e-02
1.028319348032344926e+00 3.732074150000000423e-02
1.030375986728409687e+00 3.735989449999999740e-02
1.032436738701866474e+00 3.737988312499999910e-02
1.034501612179270502e+00 3.740002149999999831e-02
1.036570615403628937e+00 3.741361987499999819e-02
1.038643756634436199e+00 3.741433824999999130e-02
1.040721044147705054e+00 3.740196099999999746e-02
1.042802486236000359e+00 3.741043950000000340e-02
1.044888091208472591e+00 3.741411279999999617e-02
1.046977867390889383e+00 3.741129175000000584e-02
1.049071823125671266e+00 3.739470024999999587e-02
1.051169966771922537e+00 3.740172524999999665e-02
1.053272306705466566e+00 3.741730079999999736e-02
1.055378851318877320e+00 3.741092212500000264e-02
1.057489609021515342e+00 3.740197925000000173e-02
1.059604588239558165e+00 3.737579062500000215e-02
1.061723797416037396e+00 3.737973750000000289e-02
1.063847245010869358e+00 3.736649780000000226e-02
1.065974939500891061e+00 3.645822624999999623e-02
1.068106889379893065e+00 3.735574787500000465e-02
1.070243103158652787e+00 3.718214587500000279e-02
1.072383589364970025e+00 3.738765574999999841e-02
1.074528356543700047e+00 3.739929869999999990e-02
1.076677413256787563e+00 3.736226025000000117e-02
1.078830768083300917e+00 3.742897412500000714e-02
1.080988429619467617e+00 3.727049324999999469e-02
1.083150406478706529e+00 3.741030287500000245e-02
1.085316707291664073e+00 3.690277629999999531e-02
1.087487340706247529e+00 3.740242224999999754e-02
1.089662315387660119e+00 3.717796837500000201e-02
1.091841640018435422e+00 3.656913800000000103e-02
1.094025323298472241e+00 3.730467412500000635e-02
1.096213373945069236e+00 3.720435659999998812e-02
1.098405800692959566e+00 3.713498837499999705e-02
1.100602612294345528e+00 3.686856312499999649e-02
1.102803817518934082e+00 3.616896874999999539e-02
1.105009425153971936e+00 3.640221824999999994e-02
1.107219444004279962e+00 3.551425770000000287e-02
1.109433882892288503e+00 3.319673849749999600e-02
1.111652750658073119e+00 3.612316062499999758e-02
1.113876056159389227e+00 3.147969799499999999e-02
1.116103808271708075e+00 2.631440979512500097e-02
1.118336015888251378e+00 3.079017897199999923e-02
1.120572687920027732e+00 2.477157229128750318e-02
1.122813833295867925e+00 2.477490178624999762e-02
1.125059460962459568e+00 2.752874946000000156e-02
1.127309579884384405e+00 2.004487075800000240e-02
1.129564199044153394e+00 2.835679840124999754e-02
1.131823327442241567e+00 3.485077612500000338e-02
1.134086974097126221e+00 2.004472304474999925e-02
1.136355148045320451e+00 3.163292366875000011e-02
1.138627858341410892e+00 3.266983153999999945e-02
1.140905114058093694e+00 3.126059753625000381e-02
1.143186924286210049e+00 3.321241515000000755e-02
1.145473298134782603e+00 3.357368536249999424e-02
1.147764244731052097e+00 3.095567913750000080e-02
1.150059773220514225e+00 3.218662245000000061e-02
1.152359892766955163e+00 3.196762612250000218e-02
1.154664612552489089e+00 2.870333412624999705e-02
1.156973941777594161e+00 3.336909119999999923e-02
1.159287889661149373e+00 3.518720287500000377e-02
1.161606465440471636e+00 3.492008399999999707e-02
1.163929678371352416e+00 3.037160238174999721e-02
1.166257537728095262e+00 3.478887362500000108e-02
1.168590052803551327e+00 3.459107649999999812e-02
1.170927232909158455e+00 3.448998820000000187e-02
1.173269087374976705e+00 3.541581930000000517e-02
1.175615625549726762e+00 3.524313199999999646e-02
1.177966856800826134e+00 3.433078803750000407e-02
1.180322790514427789e+00 3.587483537500000402e-02
1.182683436095456564e+00 3.324076509625000647e-02
1.185048802967647585e+00 3.421025358999999627e-02
1.187418900573582903e+00 3.388729230000000342e-02
1.189793738374729903e+00 3.559827449999999893e-02
1.192173325851479504e+00 3.542944237500000176e-02
1.194557672503182344e+00 3.350497313500000462e-02
1.196946787848188531e+00 3.381251043999999872e-02
1.199340681423884947e+00 3.411370882500000534e-02
1.201739362786732546e+00 3.456389925000000196e-02
1.204142841512306106e+00 3.204792697999999523e-02
1.206551127195330864e+00 3.559607987499999876e-02
1.208964229449721373e+00 3.581398189999999981e-02
1.211382157908620805e+00 3.540389600000000414e-02
1.213804922224438254e+00 3.562874425000000372e-02
1.216232532068886929e+00 3.571015699999999932e-02
1.218664997133024785e+00 3.539082429999999835e-02
1.221102327127290721e+00 3.087342450000000321e-02
1.223544531781545430e+00 3.541082862500000150e-02
1.225991620845108487e+00 3.602969950000000504e-02
1.228443604086798757e+00 3.601530737499999968e-02
1.230900491294972365e+00 3.596881489999999293e-02
1.233362292277562222e+00 3.599743074999999654e-02
1.235829016862117324e+00 3.614400037499999885e-02
1.238300674895841613e+00 3.615785612499999857e-02
1.240777276245633054e+00 3.615240062500000434e-02
1.243258830798124492e+00 3.618148970000000658e-02
1.245745348459720736e+00 3.617991524999999986e-02
1.248236839156640077e+00 3.617593375000000000e-02
1.250733312834953370e+00 3.617619162499999957e-02
1.253234779460623338e+00 3.615454224999999772e-02
1.255741249019544536e+00 3.609292599999999740e-02
1.258252731517583545e+00 3.605782725000000050e-02
1.260769236980618713e+00 3.521967474999999903e-02
1.263290775454580128e+00 3.520334862499999856e-02
1.265817357005489141e+00 3.413112775000000376e-02
1.268348991719500107e+00 2.285656720480000459e-02
1.270885689702939025e+00 3.076173537499999819e-02
1.273427461082345058e+00 3.477847162500000144e-02
1.275974316004509834e+00 3.593339624999999232e-02
1.278526264636518750e+00 3.581144362500000150e-02
1.281083317165791824e+00 3.519771019999999584e-02
1.283645483800123444e+00 3.613300600000000223e-02
1.286212774767723666e+00 3.612781162500000587e-02
1.288785200317259072e+00 3.600993749999999854e-02
1.291362770717893405e+00 3.597498537500000426e-02
1.293945496259329087e+00 3.586860410000000665e-02
1.296533387251847858e+00 3.515644600000000092e-02
1.299126454026351407e+00 3.572339837499999976e-02
1.301724706934404230e+00 3.513036849999999489e-02
1.304328156348272927e+00 3.541745829999999595e-02
1.306936812660969505e+00 3.230530015625000112e-02
1.309550686286291565e+00 3.270014634249999996e-02
1.312169787658864273e+00 3.518025012499999965e-02
1.314794127234181875e+00 2.721750715671249904e-02
1.317423715488650338e+00 3.422293260000000559e-02
1.320058562919627532e+00 3.305321794999999813e-02
1.322698680045466757e+00 3.386615500000000889e-02
1.325344077405557819e+00 3.364424649999999545e-02
1.327994765560368773e+00 3.203268533750000535e-02
1.330650755091489668e+00 2.810557389100000122e-02
1.333312056601672513e+00 2.816189263274999910e-02
1.335978680714875910e+00 3.212203026249999677e-02
1.338650638076305466e+00 3.205033331249999839e-02
1.341327939352458198e+00 3.112699365000000384e-02
1.344010595231163174e+00 2.630639186339999575e-02
1.346698616421625472e+00 2.098405520949999867e-02
1.349392013654468592e+00 1.751257700828750055e-02
1.352090797681777534e+00 2.549978328000000044e-02
1.354794979277141209e+00 1.943218500000000112e-02
1.357504569235695513e+00 1.895973218639999958e-02
1.360219578374167071e+00 1.534863994049999979e-02
1.362940017530915426e+00 1.657364191450000357e-02
1.365665897565977005e+00 1.713748990149999846e-02
1.368397229361109080e+00 1.008686670125000066e-02
1.371134023819831294e+00 1.058560924899999874e-02
1.373876291867470956e+00 1.242770153220500162e-02
1.376624044451205897e+00 1.774789888147124822e-02
1.379377292540108435e+00 1.478112177487500047e-02
1.382136047125188671e+00 1.319383029887499954e-02
1.384900319219438902e+00 1.563997544229999911e-02
1.387670119857877804e+00 1.775021842945000150e-02
1.390445460097593511e+00 2.108809278250000155e-02
1.393226351017788911e+00 1.610503655375000037e-02
1.396012803719824280e+00 1.430354746800000139e-02
1.398804829327263910e+00 1.184676171137499963e-02
1.401602438985918520e+00 1.241825011174999861e-02
1.404405643863890329e+00 1.577199726287499548e-02
1.407214455151617916e+00 1.446601321937500059e-02
1.410028884061921284e+00 1.803990249900000106e-02
1.412848941830045169e+00 1.487342262548749933e-02
1.415674639713705218e+00 1.390429296473750034e-02
1.418505988993132627e+00 1.515714202487499981e-02
1.421343000971118986e+00 1.827787613124999891e-02
1.424185686973061138e+00 1.740273817500000153e-02
1.427034058347007139e+00 1.733847845393749962e-02
1.429888126463701337e+00 1.800091716625000157e-02
1.432747902716628552e+00 1.019238152707500032e-02
1.435613398522062045e+00 1.492438282737500004e-02
1.438484625319106147e+00 1.511452987199999806e-02
1.441361594569744220e+00 1.665265820500000035e-02
1.444244317758883733e+00 1.885308581374999654e-02
1.447132806394401561e+00 1.873143269749999798e-02
1.450027072007190387e+00 1.675378374249999677e-02
1.452927126151204895e+00 1.598070575220000150e-02
1.455832980403507282e+00 1.860806285624999959e-02
1.458744646364314335e+00 1.729661478625000096e-02
1.461662135657042949e+00 1.775605346374999755e-02
1.464585459928356981e+00 1.737744118124999806e-02
1.467514630848213653e+00 1.912344313710000535e-02
1.470449660109910184e+00 1.682401833749999978e-02
1.473390559430129976e+00 1.529414585562499998e-02
1.476337340548990129e+00 2.020810171125000249e-02
1.479290015230088073e+00 1.927553709624999639e-02
1.482248595260548196e+00 2.083195838200000219e-02
1.485213092451069361e+00 2.142675806625000262e-02
1.488183518635971314e+00 2.204437059999999823e-02
1.491159885673243313e+00 2.146645943750000174e-02
1.494142205444589644e+00 2.176341375124999852e-02
1.497130489855478697e+00 2.390063220000000072e-02
1.500124750835189813e+00 2.412342974999999792e-02
1.503125000336860140e+00 2.359276645750000082e-02
1.506131250337534144e+00 2.519840962499999767e-02
1.509143512838209134e+00 2.547428139999999980e-02
1.512161799863885658e+00 2.516527790999999875e-02
1.515186123463613477e+00 2.583487400000000420e-02
1.518216495710540626e+00 2.653044225000000117e-02
1.521252928701961604e+00 2.680964874999999803e-02
1.524295434559365781e+00 2.672394919999999952e-02
1.527344025428484464e+00 2.717717599999999734e-02
1.530398713479341533e+00 2.755094712499999918e-02
1.533459510906300283e+00 2.721191225000000116e-02
1.536526429928112947e+00 2.784519662500000228e-02
1.539599482787969098e+00 2.744690879999999930e-02
1.542678681753545167e+00 2.820866774999999937e-02
1.545764039117052402e+00 2.842456537499999866e-02
1.548855567195286387e+00 2.866808999999999677e-02
1.551953278329677000e+00 2.877850775000000139e-02
1.555057184886336374e+00 2.900043979999999966e-02
1.558167299256108862e+00 2.914063399999999859e-02
1.561283633854621211e+00 2.930988974999999830e-02
1.564406201122330309e+00 2.944943712499999838e-02
1.567535013524575138e+00 2.941987587500000112e-02
1.570670083551624074e+00 2.694416812999999786e-02
1.573811423718727287e+00 2.545657875000000014e-02
1.576959046566164702e+00 2.737046400000000060e-02
1.580112964659297070e+00 2.949056850000000146e-02
1.583273190588615709e+00 3.008293987500000252e-02
1.586439736969792680e+00 2.978158719999999746e-02
1.589612616443732307e+00 3.035140537500000124e-02
1.592791841676620024e+00 3.021058462500000180e-02
1.595977425359973001e+00 3.055048612499999816e-02
1.599169380210692992e+00 3.037185600000000263e-02
1.602367718971114297e+00 2.853424780000000244e-02
1.605572454409056604e+00 2.933049350000000235e-02
1.608783599317874735e+00 2.999145837499999842e-02
1.612001166516510375e+00 3.046741950000000226e-02
1.615225168849543369e+00 3.114442989999999939e-02
1.618455619187242345e+00 3.125936049999999966e-02
1.621692530425617118e+00 3.135369712500000322e-02
1.624935915486468208e+00 3.132493100000000030e-02
1.628185787317441235e+00 3.148661249999999689e-02
1.631442158892076222e+00 3.082589759999999901e-02
1.634705043209860431e+00 3.128879625000000053e-02
1.637974453296279886e+00 3.066902887500000049e-02
1.641250402202872660e+00 2.923918562500000401e-02
1.644532903007278390e+00 2.938103699999999527e-02
1.647821968813293125e+00 3.126748780000000033e-02
1.651117612750919506e+00 2.594656574999999743e-02
1.654419847976421387e+00 3.100188074999999863e-02
1.657728687672374246e+00 3.153656862499999713e-02
1.661044145047719134e+00 3.190290062500000107e-02
1.664366233337814638e+00 2.759225843999999969e-02
1.667694965804490170e+00 3.167197425000000538e-02
1.671030355736099260e+00 3.199459799999999909e-02
1.674372416447571510e+00 3.137084225000000282e-02
1.677721161280466333e+00 3.171206612500000049e-02
1.681076603603027353e+00 3.165946789999999483e-02
1.684438756810233473e+00 3.197564425000000432e-02
1.687807634323853945e+00 3.179217787499999393e-02
1.691183249592501658e+00 3.041891412500000169e-02
1.694565616091686655e+00 3.188741362499999954e-02
1.697954747323870084e+00 3.182299889999999631e-02
1.701350656818517715e+00 3.080358650000000059e-02
1.704753358132154784e+00 3.121882037499999762e-02
1.708162864848419282e+00 3.041761762500000063e-02
1.711579190578115917e+00 3.156724062499999955e-02
1.715002348959272283e+00 3.124857240000000064e-02
1.718432353657190825e+00 3.024184637499999911e-02
1.721869218364505016e+00 2.995177245000000057e-02
1.725312956801233977e+00 3.085365224999999864e-02
1.728763582714836655e+00 2.901848974999999761e-02
1.732221109880266230e+00 3.082633729999999586e-02
1.735685552100026730e+00 3.063013437499999964e-02
1.739156923204226768e+00 3.051218662499999984e-02
1.742635237050635277e+00 2.997285876249999870e-02
1.746120507524736576e+00 2.959109258000000228e-02
1.749612748539786100e+00 3.055454787499999741e-02
1.753111974036865472e+00 3.041252825000000104e-02
1.756618197984939123e+00 2.980617737499999947e-02
1.760131434380908910e+00 3.009393887500000017e-02
1.763651697249670747e+00 2.958254619999999696e-02
1.767179000644169884e+00 2.941495771249999849e-02
1.770713358645458202e+00 2.969627000000000031e-02
1.774254785362749054e+00 2.873423666249999911e-02
1.777803294933474554e+00 2.309168536499999966e-02
1.781358901523341753e+00 2.852426865699999800e-02
1.784921619326388376e+00 2.543032526550000061e-02
1.788491462565041212e+00 2.883766025000000094e-02
1.792068445490171413e+00 2.550179398749999674e-02
1.795652582381151552e+00 2.826721442499999931e-02
1.799243887545913800e+00 2.637365798600000213e-02
1.802842375321005663e+00 2.536975133874999969e-02
1.806448060071647710e+00 2.509279024875000347e-02
1.810060956191791082e+00 2.068540922624999973e-02
1.813681078104174560e+00 1.791550962275000047e-02
1.817308440260382962e+00 1.678941586138699843e-02
1.820943057140903765e+00 1.495563525424999790e-02
1.824584943255185721e+00 2.384206606250000374e-02
1.828234113141696149e+00 2.256419144624999956e-02
1.831890581367979554e+00 1.237612907212500175e-02
1.835554362530715355e+00 1.568375905300000220e-02
1.839225471255776734e+00 1.237349668357499988e-02
1.842903922198288136e+00 1.186697046468749954e-02
1.846589730042684785e+00 1.494727225212500246e-02
1.850282909502769968e+00 1.247456388376250169e-02
1.853983475321775654e+00 1.341573831139999951e-02
1.857691442272419113e+00 1.319817174887500180e-02
1.861406825156963984e+00 1.183362344027500020e-02
1.865129638807277779e+00 1.487199657439999996e-02
1.868859898084892279e+00 9.034576336699998503e-03
1.872597617881062160e+00 8.838808559624999200e-03
1.876342813116824271e+00 1.090282650012499958e-02
1.880095498743057814e+00 1.131931485612499774e-02
1.883855689740544070e+00 1.144396591141250141e-02
1.887623401120025246e+00 1.246876552310000053e-02
1.891398647922265308e+00 6.448518553749999285e-03
1.895181445218109717e+00 9.642848208624999959e-03
1.898971808108545822e+00 9.162795666250000970e-03
1.902769751724763037e+00 9.468389199762500610e-03
1.906575291228212565e+00 7.961172439381800775e-03
1.910388441810669136e+00 1.064489736274999883e-02
1.914209218694290282e+00 8.477529353250001440e-03
1.918037637131678963e+00 1.048045023574999991e-02
1.921873712405942403e+00 9.350619309374998828e-03
1.925717459830754041e+00 9.319420836599999480e-03
1.929568894750415708e+00 6.065423327017499359e-03
1.933428032539916241e+00 9.225021380375000510e-03
1.937294888604996324e+00 9.969928098750000661e-03
1.941169478382206215e+00 1.053866738375000035e-02
1.945051817338970590e+00 1.015159775400000138e-02
1.948941920973648489e+00 1.024828772624999940e-02
1.952839804815595715e+00 9.243640504875000330e-03
1.956745484425226778e+00 4.870875940875000511e-03
1.960658975394077297e+00 8.406659628750000335e-03
1.964580293344865503e+00 7.683255939810000601e-03
1.968509453931555075e+00 5.297979120899998749e-03
1.972446472839417986e+00 1.143348414625000066e-02
1.976391365785096887e+00 1.310332871250000086e-02
1.980344148516667069e+00 1.275826409362500018e-02
1.984304836813700401e+00 1.348438789399999775e-02
1.988273446487327956e+00 1.382031250624999978e-02
1.992249993380302620e+00 1.489078559999999947e-02
1.996234493367063045e+00 1.388851332500000077e-02
2.000226962353797155e+00 7.718448212000000169e-03
