2.002000000000000168e-01 1.829638499999999921e-03
2.006004000000000120e-01 2.498349250000000271e-03
2.010016008000000132e-01 1.927726749999999871e-03
2.014036040016000118e-01 2.696187249999999931e-03
2.018064112096032425e-01 2.635353000000000001e-03
2.022100240320224285e-01 2.878959000000000379e-03
2.026144440800864976e-01 3.033161999999999837e-03
2.030196729682466894e-01 2.964763625000000138e-03
2.034257123141831602e-01 2.882436124999999873e-03
2.038325637388115341e-01 2.792734399999999978e-03
2.042402288662891752e-01 2.706790124999999651e-03
2.046487093240217381e-01 2.633548375000000115e-03
2.050580067426697739e-01 2.575449750000000093e-03
2.054681227561551138e-01 2.563704374999999785e-03
2.058790590016674471e-01 2.553021799999999775e-03
2.062908171196707885e-01 2.531338250000000033e-03
2.067033987539101392e-01 2.507712249999999917e-03
2.071168055514179263e-01 2.487761000000000226e-03
2.075310391625207751e-01 2.472353374999999853e-03
2.079461012408458098e-01 2.452989000000000037e-03
2.083619934433275089e-01 2.432954000000000193e-03
2.087787174302141446e-01 2.415079750000000136e-03
2.091962748650745829e-01 2.396864375000000089e-03
2.096146674148047229e-01 2.375532875000000051e-03
2.100338967496343523e-01 2.348912899999999748e-03
2.104539645431336148e-01 2.330748750000000147e-03
2.108748724722198931e-01 2.315651125000000102e-03
2.112966222171643316e-01 2.295328749999999730e-03
2.117192154615986643e-01 2.271333999999999853e-03
2.121426538925218486e-01 2.237086899999999982e-03
2.125669392003068925e-01 2.200711624999999831e-03
2.129920730787074890e-01 2.168962999999999881e-03
2.134180572248648988e-01 2.138406875000000221e-03
2.138448933393146401e-01 2.108194500000000037e-03
2.142725831259932878e-01 2.066099200000000129e-03
2.147011282922452469e-01 2.021130500000000059e-03
2.151305305488297459e-01 1.985231249999999930e-03
2.155607916099274157e-01 1.955945625000000271e-03
2.159919131931472558e-01 1.923477599999999814e-03
2.164238970195335454e-01 1.885367250000000074e-03
2.168567448135726161e-01 1.848170000000000108e-03
2.172904583031997627e-01 1.813341625000000103e-03
2.177250392198061546e-01 1.780010999999999963e-03
2.181604892982457744e-01 1.743130500000000024e-03
2.185968102768422461e-01 1.705305875000000032e-03
2.190340038973959125e-01 1.666166875000000148e-03
2.194720719051907187e-01 1.624932375000000175e-03
2.199110160490010957e-01 1.584878750000000107e-03
2.203508380810991207e-01 1.542358000000000184e-03
2.207915397572613181e-01 1.501651875000000087e-03
2.212331228367758196e-01 1.461638875000000103e-03
2.216755890824493869e-01 1.419637624999999957e-03
2.221189402606142949e-01 1.379715874999999864e-03
2.225631781411355203e-01 1.337834200000000053e-03
2.230083044974177642e-01 1.297871749999999959e-03
2.234543211064126123e-01 1.263794500000000112e-03
2.239012297486254466e-01 1.227196125000000210e-03
2.243490322081226895e-01 1.191466249999999834e-03
2.247977302725389648e-01 1.153083999999999967e-03
2.252473257330840362e-01 1.116833999999999926e-03
2.256978203845501907e-01 1.086276749999999991e-03
2.261492160253192885e-01 1.055402500000000160e-03
2.266015144573699513e-01 1.022976000000000094e-03
2.270547174862846962e-01 9.880759699999999614e-04
2.275088269212572623e-01 9.544178624999999621e-04
2.279638445750997722e-01 9.257245375000000770e-04
2.284197722642499762e-01 8.970363624999999966e-04
2.288766118087784962e-01 8.670408375000000344e-04
2.293343650323960425e-01 8.343160499999998942e-04
2.297930337624608521e-01 8.038151000000000757e-04
2.302526198299857663e-01 7.665764625000000363e-04
2.307131250696457525e-01 7.511011875000000136e-04
2.311745513197850377e-01 7.256430125000000496e-04
2.316369004224245742e-01 7.042357300000000059e-04
2.321001742232694509e-01 6.826635249999999820e-04
2.325643745717159705e-01 6.609714124999999758e-04
2.330295033208594213e-01 6.390907249999999576e-04
2.334955623275011272e-01 6.190443499999999204e-04
2.339625534521561634e-01 6.025251249999999566e-04
2.344304785590604623e-01 5.820210000000000574e-04
2.348993395161785847e-01 5.644889375000000827e-04
2.353691381952109363e-01 5.525607499999999391e-04
2.358398764716013452e-01 5.335220099999999927e-04
2.363115562245445278e-01 5.132045999999999483e-04
2.367841793369936387e-01 5.009352125000000053e-04
2.372577476956675979e-01 4.857932125000000070e-04
2.377322631910589457e-01 4.729671000000000070e-04
2.382077277174410590e-01 4.571265099999999955e-04
2.386841431728759511e-01 4.439897749999999871e-04
2.391615114592217095e-01 4.337900499999999956e-04
2.396398344821401571e-01 4.180394249999999689e-04
2.401191141511044291e-01 4.059332000000000456e-04
2.405993523794066058e-01 3.982878800000000516e-04
2.410805510841654287e-01 3.865360374999999996e-04
2.415627121863337390e-01 3.747889000000000125e-04
2.420458376107064158e-01 3.669194875000000595e-04
2.425299292859278144e-01 3.609044875000000027e-04
2.430149891444997046e-01 3.528965300000000004e-04
2.435010191227887089e-01 3.426698000000000374e-04
2.439880211610342686e-01 3.351906625000000304e-04
2.444759972033563322e-01 3.313275875000000047e-04
2.449649491977630433e-01 3.261533749999999442e-04
2.454548790961585680e-01 3.132164700000000237e-04
2.459457888543508663e-01 3.056932000000000160e-04
2.464376804320595749e-01 3.029000250000000527e-04
2.469305557929236949e-01 2.983921124999999556e-04
2.474244169045095587e-01 2.902359375000000100e-04
2.479192657383185727e-01 2.845583700000000075e-04
2.484151042697951839e-01 2.809503999999999994e-04
2.489119344783347898e-01 2.719887124999999977e-04
2.494097583472914548e-01 2.680307999999999953e-04
2.499085778639860422e-01 2.634278200000000274e-04
2.504083950197140140e-01 2.620748000000000001e-04
2.509092118097534518e-01 2.603409375000000124e-04
2.514110302333729119e-01 2.538453750000000124e-04
2.519138522938396685e-01 2.464217749999999705e-04
2.524176799984273467e-01 2.470496999999999667e-04
2.529225153584241936e-01 2.456802249999999878e-04
2.534283603891410719e-01 2.413007499999999953e-04
2.539352171099192867e-01 2.375066500000000175e-04
2.544430875441391349e-01 2.378667499999999736e-04
2.549519737192273983e-01 2.345792399999999675e-04
2.554618776666658375e-01 2.282310375000000033e-04
2.559728014219991854e-01 2.295839375000000222e-04
2.564847470248432515e-01 2.321412374999999985e-04
2.569977165188929158e-01 2.306275124999999980e-04
2.575117119519306774e-01 2.287986799999999939e-04
2.580267353758345372e-01 2.279269749999999930e-04
2.585427888465862134e-01 2.212812749999999696e-04
2.590598744242793572e-01 2.203676500000000178e-04
2.595779941731279905e-01 2.283806249999999747e-04
2.600971501614742221e-01 2.286881900000000030e-04
2.606173444617971846e-01 2.209194875000000072e-04
2.611385791507207510e-01 2.242340500000000118e-04
2.616608563090221939e-01 2.289000125000000116e-04
2.621841780216402351e-01 2.264053124999999963e-04
2.627085463776834828e-01 2.255076800000000012e-04
2.632339634704388698e-01 2.335926249999999919e-04
2.637604313973797576e-01 2.342360749999999967e-04
2.642879522601745412e-01 2.297214750000000044e-04
2.648165281646948088e-01 2.315871750000000093e-04
2.653461612210242238e-01 2.365522900000000147e-04
2.658768535434662961e-01 2.361042624999999825e-04
2.664086072505532643e-01 2.408743124999999962e-04
2.669414244650543111e-01 2.478185125000000304e-04
2.674753073139844450e-01 2.476384899999999967e-04
2.680102579286124387e-01 2.492568749999999732e-04
2.685462784444696549e-01 2.582011750000000089e-04
2.690833710013585955e-01 2.644250625000000112e-04
2.696215377433612836e-01 2.614594124999999967e-04
2.701607808188479787e-01 2.656624499999999962e-04
2.707011023804857253e-01 2.763568000000000101e-04
2.712425045852466798e-01 2.814271249999999894e-04
2.717849895944172145e-01 2.835399874999999814e-04
2.723285595736060216e-01 2.899766749999999624e-04
2.728732166927532177e-01 2.985044600000000053e-04
2.734189631261387810e-01 3.066831000000000114e-04
2.739658010523910447e-01 3.200644374999999904e-04
2.745137326544958567e-01 3.296043249999999997e-04
2.750627601198047945e-01 3.310143999999999999e-04
2.756128856400444360e-01 3.450817099999999938e-04
2.761641114113245199e-01 3.553543124999999979e-04
2.767164396341471599e-01 3.666288624999999965e-04
2.772698725134154496e-01 3.747218874999999833e-04
2.778244122584422882e-01 3.883344374999999856e-04
2.783800610829592070e-01 4.053522400000000620e-04
2.789368212051250850e-01 4.216102375000000237e-04
2.794946948475353632e-01 4.352793375000000111e-04
2.800536842372304269e-01 4.472467000000000152e-04
2.806137916057048765e-01 4.726809124999999936e-04
2.811750191889162975e-01 4.904407199999999151e-04
2.817373692272941987e-01 5.266033625000000147e-04
2.823008439657487822e-01 5.427755125000000187e-04
2.828654456536803252e-01 5.651526749999999854e-04
2.834311765449876730e-01 5.712217625000000007e-04
2.839980388980776205e-01 6.147720300000000717e-04
2.845660349758737939e-01 6.495877499999999031e-04
2.851351670458255327e-01 6.830301374999999363e-04
2.857054373799171598e-01 7.171097249999999843e-04
2.862768482546770299e-01 7.415405750000000386e-04
2.868494019511863558e-01 7.836320000000000351e-04
2.874231007550887562e-01 8.224282374999999663e-04
2.879979469565989714e-01 8.871369625000000148e-04
2.885739428505121884e-01 9.326460249999999827e-04
2.891510907362132010e-01 9.856423100000001776e-04
2.897293929176856242e-01 1.050049749999999987e-03
2.903088517035209426e-01 1.098078874999999918e-03
2.908894694069280029e-01 1.151622500000000103e-03
2.914712483457418957e-01 1.233885249999999972e-03
2.920541908424333366e-01 1.334095500000000156e-03
2.926382992241182146e-01 1.395581499999999859e-03
2.932235758225664735e-01 1.484721750000000083e-03
2.938100229742116043e-01 1.599809499999999950e-03
2.943976430201600269e-01 1.673432000000000088e-03
2.949864383062003048e-01 1.783057499999999955e-03
2.955764111828127483e-01 1.940732750000000173e-03
2.961675640051783520e-01 2.073406374999999663e-03
2.967598991331887315e-01 2.177978000000000119e-03
2.973534189314551157e-01 2.329552500000000095e-03
2.979481257693180618e-01 2.526921599999999886e-03
2.985440220208566697e-01 2.684021249999999845e-03
2.991411100648984078e-01 2.839247625000000143e-03
2.997393922850282166e-01 3.079020875000000428e-03
3.003388710695982233e-01 3.237238874999999894e-03
3.009395488117374562e-01 3.478327199999999876e-03
3.015414279093609484e-01 3.777718125000000156e-03
3.021445107651796746e-01 3.933042875000000715e-03
3.027487997867099878e-01 4.226241874999999912e-03
3.033542973862833891e-01 4.568860624999999780e-03
3.039610059810559650e-01 4.766538100000000319e-03
3.045689279930180460e-01 5.092671249999999872e-03
3.051780658490040876e-01 5.595897499999999587e-03
3.057884219807021076e-01 5.888183750000001299e-03
3.063999988246635664e-01 6.063757124999999415e-03
3.070127988223129156e-01 6.633875299999999683e-03
3.076268244199575896e-01 7.315204999999999971e-03
3.082420780687974982e-01 7.515771749999999689e-03
3.088585622249351292e-01 7.825337624999999589e-03
3.094762793493849307e-01 8.640510800000000824e-03
3.100952319080837460e-01 9.332220000000000446e-03
3.107154223718998631e-01 9.761992250000000454e-03
3.113368532166437275e-01 1.009995862499999883e-02
3.119595269230769907e-01 1.151434750000000090e-02
3.125834459769231133e-01 1.286492099999999965e-02
3.132086128688770232e-01 1.316026999999999995e-02
3.138350300946147753e-01 1.327322124999999985e-02
3.144627001548039313e-01 1.532974624999999987e-02
3.150916255551135525e-01 1.606759750000000264e-02
3.157218088062238026e-01 1.553878100000000151e-02
3.163532524238362176e-01 1.773888375000000003e-02
3.169859589286838641e-01 1.837207375000000226e-02
3.176199308465412763e-01 1.777833624999999862e-02
3.182551707082343917e-01 1.949726125000000171e-02
3.188916810496508214e-01 2.214503200000000199e-02
3.195294644117501193e-01 2.065369375000000035e-02
3.201685233405736630e-01 2.054387875000000113e-02
3.208088603872547573e-01 2.401193249999999946e-02
3.214504781080292917e-01 2.574056375000000063e-02
3.220933790642453443e-01 2.327337800000000081e-02
3.227375658223737842e-01 2.308161000000000240e-02
3.233830409540185413e-01 2.718866500000000075e-02
3.240298070359265425e-01 2.890444124999999587e-02
3.246778666499984256e-01 2.678303749999999886e-02
3.253272223832984200e-01 2.575092699999999984e-02
3.259778768280650052e-01 2.868274875000000057e-02
3.266298325817211246e-01 3.091930250000000241e-02
3.272830922468845660e-01 2.966306999999999972e-02
3.279376584313783427e-01 2.760045875000000093e-02
3.285935337482410734e-01 2.969841600000000179e-02
3.292507208157375853e-01 3.238589624999999722e-02
3.299092222573690725e-01 3.237323250000000152e-02
3.305690407018838095e-01 3.036734124999999895e-02
3.312301787832875322e-01 2.972979250000000115e-02
3.318926391408540955e-01 3.204426800000000075e-02
3.325564244191357988e-01 3.336525125000000536e-02
3.332215372679740994e-01 3.284439750000000408e-02
3.338879803425100490e-01 3.107257249999999943e-02
3.345557563031950621e-01 3.274995299999999832e-02
3.352248678158014084e-01 3.378017499999999562e-02
3.358953175514330369e-01 3.395235124999999854e-02
3.365671081865359016e-01 3.321773999999999560e-02
3.372402424029089518e-01 3.230654749999999770e-02
3.379147228877147358e-01 3.302026699999999898e-02
3.385905523334902245e-01 3.399013374999999837e-02
3.392677334381571930e-01 3.407026999999999972e-02
3.399462689050334330e-01 3.362802499999999889e-02
3.406261614428435225e-01 3.341478375000000306e-02
3.413074137657292062e-01 3.409145699999999862e-02
3.419900285932606643e-01 3.426382750000000338e-02
3.426740086504471705e-01 3.428052750000000481e-02
3.433593566677480835e-01 3.406203624999999680e-02
3.440460753810836159e-01 3.350157624999999806e-02
3.447341675318457699e-01 3.381877099999999747e-02
3.454236358669094398e-01 3.414931624999999887e-02
3.461144831386432363e-01 3.422131999999999952e-02
3.468067121049205337e-01 3.421688999999999981e-02
3.475003255291303494e-01 3.401171124999999990e-02
3.481953261801886135e-01 3.417549999999999755e-02
3.488917168325489926e-01 3.422846624999999893e-02
3.495895002662141038e-01 3.420746000000000203e-02
3.502886792667465610e-01 3.418340874999999807e-02
3.509892566252800217e-01 3.411527875000000543e-02
3.516912351385305668e-01 3.388036200000000414e-02
3.523946176088076365e-01 3.399289125000000411e-02
3.530994068440251876e-01 3.402078374999999849e-02
3.538056056577132402e-01 3.401638374999999687e-02
3.545132168690287022e-01 3.398639750000000126e-02
3.552222433027667492e-01 3.392289299999999563e-02
3.559326877893722596e-01 3.390161375000000366e-02
3.566445531649510281e-01 3.386692874999999714e-02
3.573578422712808678e-01 3.382929875000000031e-02
3.580725579558234339e-01 3.379274699999999798e-02
3.587887030717350489e-01 3.374862875000000234e-02
3.595062804778785814e-01 3.366947374999999798e-02
3.602252930388343266e-01 3.365449500000000649e-02
3.609457436249119411e-01 3.366911875000000443e-02
3.616676351121618227e-01 3.367320599999999720e-02
3.623909703823861017e-01 3.366472125000000148e-02
3.631157523231508533e-01 3.366271875000000080e-02
3.638419838277971996e-01 3.366009250000000230e-02
3.645696677954528009e-01 3.365403374999999947e-02
3.652988071310436791e-01 3.364635600000000226e-02
3.660294047453057642e-01 3.364245000000000430e-02
3.667614635547964408e-01 3.363932499999999770e-02
3.674949864819060386e-01 3.363479625000000139e-02
3.682299764548698229e-01 3.362728375000000047e-02
3.689664364077795966e-01 3.361959300000000317e-02
3.697043692805951354e-01 3.361672999999999745e-02
3.704437780191563445e-01 3.359320749999999967e-02
3.711846655751946944e-01 3.355826249999999816e-02
3.719270349063450443e-01 3.352312625000000712e-02
3.726708889761577437e-01 3.348279799999999418e-02
3.734162307541100123e-01 3.344107500000000066e-02
3.741630632156182079e-01 3.340445875000000453e-02
3.749113893420494836e-01 3.336920125000000098e-02
3.756612121207335564e-01 3.333349874999999574e-02
3.764125345449750304e-01 3.329040099999999724e-02
3.771653596140650544e-01 3.323574875000000206e-02
3.779196903332932012e-01 3.321523375000000333e-02
3.786755297139597909e-01 3.317890750000000027e-02
3.794328807733876596e-01 3.314100749999999984e-02
3.801917465349344827e-01 3.310846400000000411e-02
3.809521300280043210e-01 3.309524999999999967e-02
3.817140342880603332e-01 3.308482374999999892e-02
3.824774623566364884e-01 3.307451125000000075e-02
3.832424172813497787e-01 3.306312900000000360e-02
3.840089021159124316e-01 3.305208125000000385e-02
3.847769199201442891e-01 3.304231374999999638e-02
3.855464737599845759e-01 3.303234249999999900e-02
3.863175667075045561e-01 3.302211750000000334e-02
3.870902018409195788e-01 3.301047799999999588e-02
3.878643822446014022e-01 3.299908875000000241e-02
3.886401110090906830e-01 3.298906124999999995e-02
3.894173912311088559e-01 3.297933875000000348e-02
3.901962260135710681e-01 3.296554874999999690e-02
3.909766184655981691e-01 3.293673200000000328e-02
3.917585717025293679e-01 3.291266125000000264e-02
3.925420888459344448e-01 3.288761875000000001e-02
3.933271730236262975e-01 3.284129499999999258e-02
3.941138273696735417e-01 3.283822999999999603e-02
3.949020550244128902e-01 3.280978200000000261e-02
3.956918591344616987e-01 3.278239750000000452e-02
3.964832428527306218e-01 3.275494000000000322e-02
3.972762093384361037e-01 3.273264374999999837e-02
3.980707617571129786e-01 3.267964624999999956e-02
3.988669032806272385e-01 3.267978200000000444e-02
3.996646370871884679e-01 3.265330500000000052e-02
4.004639663613628331e-01 3.263327750000000194e-02
4.012648942940855168e-01 3.261156124999999711e-02
4.020674240826737078e-01 3.258463624999999309e-02
4.028715589308390355e-01 3.255764299999999722e-02
4.036773020487006702e-01 3.252863125000000216e-02
4.044846566527980913e-01 3.250397124999999943e-02
4.052936259661036877e-01 3.247740875000000582e-02
4.061042132180359143e-01 3.245025499999999730e-02
4.069164216444720039e-01 3.242208200000000484e-02
4.077302544877609569e-01 3.238565625000000558e-02
4.085457149967364754e-01 3.236765999999999949e-02
4.093628064267299527e-01 3.234317750000000047e-02
4.101815320395834075e-01 3.231916375000000452e-02
4.110018951036625845e-01 3.228971299999999767e-02
4.118238988938699441e-01 3.226109625000000286e-02
4.126475466916577073e-01 3.223724749999999639e-02
4.134728417850409565e-01 3.221319374999999374e-02
4.142997874686110693e-01 3.217772100000000635e-02
4.151283870435482637e-01 3.215704500000000216e-02
4.159586438176353651e-01 3.213182625000000209e-02
4.167905611052706849e-01 3.209153874999999545e-02
4.176241422274811765e-01 3.207638499999999893e-02
4.184593905119361468e-01 3.204876699999999884e-02
4.192963092929599678e-01 3.200602999999999781e-02
4.201349019115458994e-01 3.198919000000000068e-02
4.209751717153689676e-01 3.196140625000000457e-02
4.218171220587997317e-01 3.193171250000000072e-02
4.226607563029173287e-01 3.189728099999999955e-02
4.235060778155231298e-01 3.186420250000000093e-02
4.243530899711541737e-01 3.183545875000000358e-02
4.252017961510964894e-01 3.180571999999999566e-02
4.260521997433986963e-01 3.177307249999999916e-02
4.269043041428854934e-01 3.174966700000000919e-02
4.277581127511712600e-01 3.172109624999999711e-02
4.286136289766736551e-01 3.170045750000000107e-02
4.294708562346269964e-01 3.167772374999999752e-02
4.303297979470962487e-01 3.165222874999999714e-02
4.311904575429904574e-01 3.161774500000000265e-02
4.320528384580764047e-01 3.158106749999999713e-02
4.329169441349925429e-01 3.155102375000000403e-02
4.337827780232624830e-01 3.152334124999999626e-02
4.346503435793090397e-01 3.149810249999999978e-02
4.355196442664676648e-01 3.147006600000000487e-02
4.363906835550006025e-01 3.143853749999999531e-02
4.372634649221106007e-01 3.140462125000000049e-02
4.381379918519547889e-01 3.136796124999999963e-02
4.390142678356587225e-01 3.132754875000000327e-02
4.398922963713300383e-01 3.128095100000000128e-02
4.407720809640727211e-01 3.122909125000000036e-02
4.416536251260008150e-01 3.106345250000000155e-02
4.425369323762528007e-01 3.113377625000000176e-02
4.434220062410053065e-01 3.109118800000000224e-02
4.443088502534873196e-01 3.108625874999999816e-02
4.451974679539942858e-01 3.106341624999999981e-02
4.460878628899022647e-01 3.102514124999999900e-02
4.469800386156820293e-01 3.104896125000000326e-02
4.478739986929134442e-01 3.102371100000000242e-02
4.487697466902992316e-01 3.097860499999999934e-02
4.496672861836799040e-01 3.093087124999999854e-02
4.505666207560472536e-01 3.088953124999999772e-02
4.514677539975593401e-01 3.085972875000000254e-02
4.523706895055544797e-01 3.083220999999999878e-02
4.532754308845656221e-01 3.080625625000000048e-02
4.541819817463347286e-01 3.078096749999999909e-02
4.550903457098274263e-01 3.073604250000000135e-02
4.560005264012471082e-01 3.069628375000000436e-02
4.569125274540495885e-01 3.062752200000000077e-02
4.578263525089577013e-01 3.055978875000000400e-02
4.587420052139756232e-01 3.049244125000000194e-02
4.596594892244035835e-01 3.042563125000000146e-02
4.605788082028524077e-01 3.036309124999999817e-02
4.614999658192581178e-01 3.030735200000000268e-02
4.624229657508966418e-01 3.027822499999999889e-02
4.633478116823984694e-01 3.027429874999999770e-02
4.642745073057632510e-01 3.027568374999999729e-02
4.652030563203747304e-01 3.027475875000000538e-02
4.661334624330154552e-01 3.025321999999999734e-02
4.670657293578814873e-01 3.020283750000000295e-02
4.679998608165972795e-01 3.014218999999999926e-02
4.689358605382304424e-01 3.005073374999999922e-02
4.698737322593069532e-01 3.002030624999999647e-02
4.708134797238255342e-01 2.997949999999999920e-02
4.717551066832731399e-01 2.994205624999999801e-02
4.726986168966397228e-01 2.991455375000000305e-02
4.736440141304329998e-01 2.988050999999999902e-02
4.745913021586939395e-01 2.982615000000000266e-02
4.755404847630113063e-01 2.974052200000000187e-02
4.764915657325373699e-01 2.963234250000000222e-02
4.774445488640024493e-01 2.952518125000000437e-02
4.783994379617304560e-01 2.941152999999999823e-02
4.793562368376539373e-01 2.928731799999999968e-02
4.803149493113292312e-01 2.918068249999999919e-02
4.812755792099518981e-01 2.911697374999999699e-02
4.822381303683718201e-01 2.908071125000000201e-02
4.832026066291085775e-01 2.907611874999999763e-02
4.841690118423668254e-01 2.908891699999999886e-02
4.851373498660515038e-01 2.912649875000000027e-02
4.861076245657836026e-01 2.915645124999999629e-02
4.870798398149152053e-01 2.913537625000000089e-02
4.880539994945450322e-01 2.914691374999999959e-02
4.890301074935341497e-01 2.910120799999999994e-02
4.900081677085211806e-01 2.904110875000000258e-02
4.909881840439382916e-01 2.899382124999999935e-02
4.919701604120261251e-01 2.894124000000000002e-02
4.929541007328501756e-01 2.891951750000000543e-02
4.939400089343158884e-01 2.888339399999999974e-02
4.949278889521845359e-01 2.883648499999999851e-02
4.959177447300888719e-01 2.877840374999999715e-02
4.969095802195490075e-01 2.870282874999999928e-02
4.979033993799881208e-01 2.860680749999999772e-02
4.988992061787480559e-01 2.848091599999999848e-02
4.998970045911055315e-01 2.833970375000000042e-02
5.008967986002876849e-01 2.820741124999999808e-02
5.018985921974883357e-01 2.795820124999999837e-02
5.029023893818832525e-01 2.792490624999999921e-02
5.039081941606470272e-01 2.775091199999999911e-02
5.049160105489682859e-01 2.770638875000000154e-02
5.059258425700663420e-01 2.765732750000000212e-02
5.069376942552064058e-01 2.748073374999999985e-02
5.079515696437167938e-01 2.765394374999999988e-02
5.089674727830042489e-01 2.766120700000000016e-02
5.099854077285701504e-01 2.770090500000000136e-02
5.110053785440273888e-01 2.763286499999999951e-02
5.120273893011153543e-01 2.765462875000000015e-02
5.130514440797175890e-01 2.758039099999999924e-02
5.140775469678771081e-01 2.751048124999999969e-02
5.151057020618128313e-01 2.744169625000000140e-02
5.161359134659364578e-01 2.737815749999999992e-02
5.171681852928683432e-01 2.732252374999999747e-02
5.182025216634540410e-01 2.726277800000000140e-02
5.192389267067809566e-01 2.719935874999999947e-02
5.202774045601945563e-01 2.713359375000000406e-02
5.213179593693149094e-01 2.704954374999999842e-02
5.223605952880534531e-01 2.694635000000000086e-02
5.234053164786296453e-01 2.681226599999999780e-02
5.244521271115868410e-01 2.665747375000000405e-02
5.255010313658099452e-01 2.653419499999999653e-02
5.265520334285416215e-01 2.639989000000000224e-02
5.276051374953987239e-01 2.626509625000000153e-02
5.286603477703895049e-01 2.611691699999999644e-02
5.297176684659302692e-01 2.597399375000000038e-02
5.307771038028621380e-01 2.586979375000000164e-02
5.318386580104679240e-01 2.579640750000000010e-02
5.329023353264887852e-01 2.572742499999999821e-02
5.339681399971416553e-01 2.568839200000000086e-02
5.350360762771360079e-01 2.567115499999999759e-02
5.361061484296902879e-01 2.566205749999999480e-02
5.371783607265496752e-01 2.565003874999999961e-02
5.382527174480027377e-01 2.562714687499999949e-02
5.393292228828987511e-01 2.557866869999999779e-02
5.404078813286645744e-01 2.547447312499999741e-02
5.414886970913218578e-01 2.511964762499999809e-02
5.425716744855044738e-01 2.531894450000000268e-02
5.436568178344756141e-01 2.519697287500000105e-02
5.447441314701444437e-01 2.512122509999999836e-02
5.458336197330847517e-01 2.502147925000000259e-02
5.469252869725509392e-01 2.500706074999999723e-02
5.480191375464960046e-01 2.495766275000000159e-02
5.491151758215888634e-01 2.490530650000000179e-02
5.502134061732321113e-01 2.485103662499999963e-02
5.513138329855785669e-01 2.479593637500000086e-02
5.524164606515497011e-01 2.473598425000000239e-02
5.535212935728528461e-01 2.467007637499999892e-02
5.546283361599984030e-01 2.458866959999999810e-02
5.557375928323184944e-01 2.449537762500000188e-02
5.568490680179830621e-01 2.440154962499999775e-02
5.579627661540189631e-01 2.429485074999999938e-02
5.590786916863270672e-01 2.417604162500000195e-02
5.601968490696997982e-01 2.402688119999999566e-02
5.613172427678392307e-01 2.385761662499999783e-02
5.624398772533748536e-01 2.371932012500000200e-02
5.635647570078816671e-01 2.358911737500000300e-02
5.646918865218973904e-01 2.347010837499999975e-02
5.658212702949412254e-01 2.335184170000000059e-02
5.669529128355310643e-01 2.324163225000000152e-02
5.680868186612021420e-01 2.313738262500000115e-02
5.692229922985245771e-01 2.293887212500000244e-02
5.703614382831215801e-01 2.294601787500000212e-02
5.715021611596877715e-01 2.283478200000000138e-02
5.726451654820071679e-01 2.265621112499999895e-02
5.737904558129711674e-01 2.268178075000000168e-02
5.749380367245970902e-01 2.264415174999999739e-02
5.760879127980462755e-01 2.259969262499999382e-02
5.772400886236424000e-01 2.262204979999999852e-02
5.783945688008896857e-01 2.261683299999999938e-02
5.795513579384914404e-01 2.264502562500000232e-02
5.807104606543684877e-01 2.269150225000000215e-02
5.818718815756771523e-01 2.277016362500000266e-02
5.830356253388285781e-01 2.283641530000000280e-02
5.842016965895062697e-01 2.287699300000000172e-02
5.853700999826851881e-01 2.292565699999999859e-02
5.865408401826505136e-01 2.297196699999999939e-02
5.877139218630158535e-01 2.303187324999999772e-02
5.888893497067417826e-01 2.265244820000000131e-02
5.900671284061553834e-01 2.247729000000000046e-02
5.912472626629676764e-01 2.291528974999999801e-02
5.924297571882934932e-01 2.279751549999999710e-02
5.936146167026701281e-01 2.253896209999999706e-02
5.948018459360754351e-01 2.168746487499999959e-02
5.959914496279475893e-01 2.256790037500000165e-02
5.971834325272035171e-01 2.245613187500000371e-02
5.983777993922578808e-01 2.228396424999999972e-02
5.995745549910425076e-01 2.222646770000000216e-02
6.007737041010245971e-01 2.216030887499999963e-02
6.019752515092265943e-01 2.218455149999999654e-02
6.031792020122450637e-01 2.217159100000000091e-02
6.043855604162695627e-01 2.217601649999999952e-02
6.055943315371020708e-01 2.222061189999999589e-02
6.068055202001763071e-01 2.227897862500000103e-02
6.080191312405766046e-01 2.234718924999999981e-02
6.092351695030577829e-01 2.242466912500000117e-02
6.104536398420639109e-01 2.250336637500000014e-02
6.116745471217479579e-01 2.258731159999999988e-02
6.128978962159914445e-01 2.266798387500000220e-02
6.141236920084234274e-01 2.273427699999999718e-02
6.153519393924402614e-01 2.279046912500000063e-02
6.165826432712251393e-01 2.283901912500000200e-02
6.178158085577676317e-01 2.288905070000000000e-02
6.190514401748832274e-01 2.293315674999999929e-02
6.202895430552329836e-01 2.295882937499999984e-02
6.215301221413433996e-01 2.296821937500000133e-02
6.227731823856261784e-01 2.297509799999999935e-02
6.240187287503973224e-01 2.297825150000000483e-02
6.252667662078981170e-01 2.297455749999999935e-02
6.265172997403138933e-01 2.297731650000000084e-02
6.277703343397945668e-01 2.031966462500000084e-02
6.290258750084741779e-01 2.285336074999999925e-02
6.302839267584912086e-01 2.295824169999999623e-02
6.315444946120081227e-01 2.284432587500000167e-02
6.328075836012321265e-01 2.321253374999999661e-02
6.340731987684345983e-01 2.331670175000000178e-02
6.353413451659715161e-01 2.343056810000000018e-02
6.366120278563034418e-01 2.354463012500000035e-02
6.378852519120159492e-01 2.364812374999999967e-02
6.391610224158400522e-01 2.373021962499999998e-02
6.404393444606717445e-01 2.384999662500000145e-02
6.417202231495930942e-01 2.393404760000000103e-02
6.430036635958922275e-01 2.400300224999999885e-02
6.442896709230840901e-01 2.404520275000000123e-02
6.455782502649303201e-01 2.411458162500000266e-02
6.468694067654601199e-01 2.414291512500000431e-02
6.481631455789910179e-01 2.392735510000000218e-02
6.494594718701489633e-01 2.398493225000000034e-02
6.507583908138891982e-01 2.422553712499999831e-02
6.520599075955170187e-01 2.422681575000000184e-02
6.533640274107079815e-01 2.427917537500000333e-02
6.546707554655294414e-01 2.442525239999999986e-02
6.559800969764604250e-01 2.366603050000000083e-02
6.572920571704133907e-01 2.452985312500000070e-02
6.586066412847542129e-01 2.450726987500000120e-02
6.599238545673237200e-01 2.462222750000000321e-02
6.612437022764583450e-01 2.466585029999999665e-02
6.625661896810113305e-01 2.469389087499999913e-02
6.638913220603732679e-01 2.474325262499999997e-02
6.652191047044940797e-01 2.479244674999999884e-02
6.665495429139030037e-01 2.484255362499999953e-02
6.678826419997307973e-01 2.489993850000000314e-02
6.692184072837303876e-01 2.495464537499999733e-02
6.705568440982978551e-01 2.500004812500000034e-02
6.718979577864944153e-01 2.504300537499999993e-02
6.732417537020674025e-01 2.507836575000000137e-02
6.745882372094715862e-01 2.512052670000000307e-02
6.759374136838904867e-01 2.515947375000000125e-02
6.772892885112582473e-01 2.519449887499999874e-02
6.786438670882807278e-01 2.523123924999999546e-02
6.800011548224572655e-01 2.526858419999999938e-02
6.813611571321021021e-01 2.529349825000000093e-02
6.827238794463663663e-01 2.531192312500000346e-02
6.840893272052590568e-01 2.532698600000000272e-02
6.854575058596696913e-01 2.533637774999999981e-02
6.868284208713890671e-01 2.002055286099999748e-02
6.882020777131317990e-01 2.365592187499999943e-02
6.895784818685580797e-01 1.795683795999999943e-02
6.909576388322952178e-01 2.438017362500000118e-02
6.923395541099597317e-01 2.081326149999999930e-02
6.937242332181796645e-01 2.484757859999999971e-02
6.951116816846160118e-01 2.544999137499999800e-02
6.965019050479852591e-01 2.551152549999999991e-02
6.978949088580812532e-01 2.504800837499999988e-02
6.992906986757974064e-01 2.546630037500000054e-02
7.006892800731490123e-01 2.530539449999999815e-02
7.020906586332953392e-01 2.560653887500000114e-02
7.034948399505618344e-01 2.567601524999999982e-02
7.049018296304629949e-01 2.527630562500000205e-02
7.063116332897239058e-01 2.566867750000000059e-02
7.077242565563033327e-01 2.560601339999999879e-02
7.091397050694159265e-01 2.571248624999999954e-02
7.105579844795547606e-01 2.560882237499999964e-02
7.119791004485138686e-01 2.565901612500000317e-02
7.134030586494108928e-01 2.568866787500000137e-02
7.148298647667097327e-01 2.557806780000000321e-02
7.162595244962430829e-01 2.531527787500000015e-02
7.176920435452356362e-01 2.434073512499999870e-02
7.191274276323260661e-01 2.399324312500000084e-02
7.205656824875906752e-01 2.339059662499999928e-02
7.220068138525659318e-01 2.554840970000000003e-02
7.234508274802710082e-01 2.492549187500000055e-02
7.248977291352315389e-01 2.433347999999999761e-02
7.263475245935020475e-01 2.478916712500000077e-02
7.278002196426889281e-01 2.268038256250000037e-02
7.292558200819743153e-01 2.496924030000000072e-02
7.307143317221382883e-01 2.422226603749999888e-02
7.321757603855825192e-01 2.499535424999999728e-02
7.336401119063536980e-01 2.517620537499999644e-02
7.351073921301664038e-01 2.544083489999999712e-02
7.365776069144267524e-01 2.579870675000000071e-02
7.380507621282555997e-01 2.581779587500000056e-02
7.395268636525120787e-01 2.569618274999999757e-02
7.410059173798171361e-01 2.585438200000000214e-02
7.424879292145767362e-01 2.584143929999999784e-02
7.439729050730057303e-01 2.564549975000000176e-02
7.454608508831517266e-01 2.572179662500000130e-02
7.469517725849180723e-01 2.578161512500000072e-02
7.484456761300879446e-01 2.577618387500000066e-02
7.499425674823481103e-01 2.574106980000000211e-02
7.514424526173126839e-01 2.581818587499999651e-02
7.529453375225474421e-01 2.583957662499999919e-02
7.544512281975925827e-01 2.588229600000000255e-02
7.559601306539878163e-01 2.589886775000000210e-02
7.574720509152956804e-01 2.591098280000000281e-02
7.589869950171262980e-01 2.494691987499999750e-02
7.605049690071605806e-01 9.314013387499998561e-03
7.620259789451748755e-01 8.316896225000000240e-03
7.635500309030651689e-01 1.205698163749999857e-02
7.650771309648712881e-01 1.900427849999999919e-02
7.666072852268009941e-01 2.087721080000000048e-02
7.681404997972545168e-01 2.416847325000000268e-02
7.696767807968490915e-01 2.583679325000000013e-02
7.712161343584428286e-01 2.588054687500000034e-02
7.727585666271596931e-01 2.585561430000000299e-02
7.743040837604140414e-01 2.580248150000000185e-02
7.758526919279349343e-01 2.579767374999999974e-02
7.774043973117907846e-01 2.576525024999999983e-02
7.789592061064143369e-01 2.573944924999999745e-02
7.805171245186270923e-01 2.571886309999999939e-02
7.820781587676643998e-01 2.574748537500000031e-02
7.836423150851996589e-01 2.575161174999999678e-02
7.852095997153700768e-01 2.577769987499999721e-02
7.867800189148008716e-01 2.567464689999999702e-02
7.883535789526303628e-01 2.579045450000000059e-02
7.899302861105357287e-01 2.533266500000000074e-02
7.915101466827567656e-01 2.572342837500000284e-02
7.930931669761223102e-01 2.582866212499999869e-02
7.946793533100744433e-01 2.585616490000000253e-02
7.962687120166946908e-01 2.551711174999999818e-02
7.978612494407281153e-01 2.567610899999999904e-02
7.994569719396096286e-01 2.559938175000000052e-02
8.010558858834887497e-01 2.568040487500000343e-02
8.026579976552556950e-01 2.505241383000000183e-02
8.042633136505661362e-01 2.542572237499999763e-02
8.058718402778672907e-01 2.576244125000000038e-02
8.074835839584230124e-01 2.572885087500000056e-02
8.090985511263398822e-01 2.566700199999999779e-02
8.107167482285926319e-01 2.556195939999999708e-02
8.123381817250497905e-01 2.561167749999999910e-02
8.139628580884998854e-01 2.495021849999999944e-02
8.155907838046769776e-01 2.517320775000000260e-02
8.172219653722863075e-01 2.512288862500000261e-02
8.188564093030309410e-01 2.307947035100000113e-02
8.204941221216369707e-01 2.424354490000000042e-02
8.221351103658802728e-01 2.507205299999999693e-02
8.237793805866120422e-01 2.519712512500000071e-02
8.254269393477852157e-01 2.270218672499999674e-02
8.270777932264807841e-01 2.506562160000000081e-02
8.287319488129337719e-01 2.389394613749999674e-02
8.303894127105596601e-01 2.532648225000000072e-02
8.320501915359808098e-01 2.538966374999999942e-02
8.337142919190527746e-01 2.534111162500000264e-02
8.353817205028908344e-01 2.566359350000000164e-02
8.370524839438966413e-01 2.565025874999999830e-02
8.387265889117843098e-01 2.569799200000000283e-02
8.404040420896079500e-01 2.562654162500000235e-02
8.420848501737872027e-01 2.568459262500000229e-02
8.437690198741347736e-01 2.562024579999999663e-02
8.454565579138830778e-01 2.572119075000000102e-02
8.471474710297107746e-01 2.570728012499999895e-02
8.488417659717701902e-01 2.566101299999999988e-02
8.505394495037137403e-01 2.560358700000000057e-02
8.522405284027212424e-01 2.546605137499999977e-02
8.539450094595266716e-01 2.553910287500000056e-02
8.556528994784455833e-01 2.558879612500000039e-02
8.573642052774025357e-01 2.561510062499999796e-02
8.590789336879574023e-01 2.562343769999999785e-02
8.607970915553332381e-01 2.564059074999999743e-02
8.625186857384439243e-01 2.565187750000000322e-02
8.642437231099207029e-01 2.567317737499999822e-02
8.659722105561405980e-01 2.567790525000000074e-02
8.677041549772528395e-01 2.568841470000000210e-02
8.694395632872073953e-01 2.568324200000000196e-02
8.711784424137818394e-01 2.567481987499999757e-02
8.729207992986094400e-01 2.569135787500000101e-02
8.746666408972065820e-01 2.568941050000000254e-02
8.764159741790010782e-01 2.567945089999999764e-02
8.781688061273591472e-01 2.567846662500000363e-02
8.799251437396138353e-01 2.558458762499999858e-02
8.816849940270929942e-01 2.544733762500000010e-02
8.834483640151471473e-01 2.550190537500000160e-02
8.852152607431775788e-01 2.554066110000000056e-02
8.869856912646638669e-01 2.539085074999999914e-02
8.887596626471931938e-01 2.542947262499999778e-02
8.905371819724876570e-01 2.551326762499999887e-02
8.923182563364325803e-01 2.547226462500000108e-02
8.941028928491054906e-01 2.433578158999999755e-02
8.958910986348036509e-01 2.502599837500000049e-02
8.976828808320732600e-01 2.471479087499999644e-02
8.994782465937374294e-01 2.479608000000000159e-02
9.012772030869248274e-01 2.492412825000000012e-02
9.030797574930986560e-01 2.499561399999999933e-02
9.048859170080848502e-01 2.527931412499999711e-02
9.066956888421009442e-01 2.496873525000000218e-02
9.085090802197851589e-01 2.464028679999999763e-02
9.103260983802247130e-01 2.288795985999999769e-02
9.121467505769851325e-01 2.445854404999999940e-02
9.139710440781392276e-01 2.379717779999999949e-02
9.157989861662954034e-01 2.214044793512499887e-02
9.176305841386280804e-01 2.425087375000000225e-02
9.194658453069053383e-01 2.493343530000000086e-02
9.213047769975191148e-01 2.451264192499999842e-02
9.231473865515140709e-01 2.535233062499999898e-02
9.249936813246171230e-01 2.394636776249999682e-02
9.268436686872664199e-01 2.496861912499999739e-02
9.286973560246409853e-01 2.388643890000000103e-02
9.305547507366902504e-01 2.412364276250000134e-02
9.324158602381635852e-01 2.289169967500000180e-02
9.342806919586399417e-01 2.133168721250000219e-02
9.361492533425572748e-01 2.348096544999999855e-02
9.380215518492422966e-01 1.532980787200000083e-02
9.398975949529408958e-01 2.250481386250000049e-02
9.417773901428466710e-01 2.014974431500000246e-02
9.436609449231323499e-01 1.754585520874999902e-02
9.455482668129786550e-01 2.219708123749999928e-02
9.474393633466045017e-01 2.323711931000000189e-02
9.493342420732977516e-01 1.947984308375000015e-02
9.512329105574443000e-01 2.201737855875000177e-02
9.531353763785591626e-01 2.361091575000000276e-02
9.550416471313163402e-01 1.963880989374999775e-02
9.569517304255790169e-01 2.047770766000000034e-02
9.588656338864300910e-01 2.276955168750000036e-02
9.607833651542030395e-01 2.395153916250000042e-02
9.627049318845114501e-01 2.264605626250000212e-02
9.646303417482804399e-01 2.433300300000000235e-02
9.665596024317769652e-01 2.363578821999999871e-02
9.684927216366405744e-01 2.387211695000000106e-02
9.704297070799138281e-01 2.420794287499999919e-02
9.723705664940736071e-01 2.469119837500000081e-02
9.743153076270618662e-01 2.364753790000000133e-02
9.762639382423159429e-01 2.391584841249999940e-02
9.782164661188006427e-01 2.411353501249999948e-02
9.801728990510382156e-01 2.472612150000000342e-02
9.821332448491403300e-01 2.481623049999999442e-02
9.840975113388386042e-01 2.507348850000000115e-02
9.860657063615162476e-01 2.491539287499999755e-02
9.880378377742392582e-01 2.509164150000000107e-02
9.900139134497877302e-01 2.496609912499999848e-02
9.919939412766873854e-01 2.498982487500000030e-02
9.939779291592407695e-01 2.510484710000000091e-02
9.959658850175592271e-01 2.512802774999999683e-02
9.979578167875942096e-01 2.515472799999999773e-02
9.999537324211694722e-01 2.514180350000000397e-02
1.001953639886011826e+00 2.512814912500000233e-02
1.003957547165783781e+00 2.498250750000000076e-02
1.005965462260115295e+00 2.517366450000000158e-02
1.007977393184635417e+00 2.517263362499999949e-02
1.009993347971004818e+00 2.509995525000000005e-02
1.012013334666946873e+00 2.516842799999999963e-02
1.014037361336280751e+00 2.518436630000000023e-02
1.016065436058953164e+00 2.520272300000000326e-02
1.018097566931071229e+00 2.522246600000000241e-02
1.020133762064933336e+00 2.501767449999999643e-02
1.022174029589063338e+00 2.517322387499999758e-02
1.024218377648241418e+00 2.525088509999999856e-02
1.026266814403537841e+00 2.525867737500000001e-02
1.028319348032344926e+00 2.523323300000000075e-02
1.030375986728409687e+00 2.525770712499999723e-02
1.032436738701866474e+00 2.526838237500000223e-02
1.034501612179270502e+00 2.527830979999999908e-02
1.036570615403628937e+00 2.528376737500000193e-02
1.038643756634436199e+00 2.528249287499999970e-02
1.040721044147705054e+00 2.527225149999999879e-02
1.042802486236000359e+00 2.527908287500000087e-02
1.044888091208472591e+00 2.527992720000000332e-02
1.046977867390889383e+00 2.527615937500000270e-02
1.049071823125671266e+00 2.526183887499999781e-02
1.051169966771922537e+00 2.526588687499999736e-02
1.053272306705466566e+00 2.527865690000000165e-02
1.055378851318877320e+00 2.527568699999999807e-02
1.057489609021515342e+00 2.527099774999999951e-02
1.059604588239558165e+00 2.525424775000000011e-02
1.061723797416037396e+00 2.525689100000000006e-02
1.063847245010869358e+00 2.524447330000000045e-02
1.065974939500891061e+00 2.451169412499999700e-02
1.068106889379893065e+00 2.523469775000000345e-02
1.070243103158652787e+00 2.509247325000000042e-02
1.072383589364970025e+00 2.524889425000000076e-02
1.074528356543700047e+00 2.525250620000000362e-02
1.076677413256787563e+00 2.522665175000000232e-02
1.078830768083300917e+00 2.526625675000000043e-02
1.080988429619467617e+00 2.516219912499999961e-02
1.083150406478706529e+00 2.524755237499999583e-02
1.085316707291664073e+00 2.493402330000000014e-02
1.087487340706247529e+00 2.523920612500000007e-02
1.089662315387660119e+00 2.509278137500000130e-02
1.091841640018435422e+00 2.475719808750000139e-02
1.094025323298472241e+00 2.517566375000000051e-02
1.096213373945069236e+00 2.511249249999999988e-02
1.098405800692959566e+00 2.506109862500000007e-02
1.100602612294345528e+00 2.490108475000000002e-02
1.102803817518934082e+00 2.448645999999999809e-02
1.105009425153971936e+00 2.462642712500000275e-02
1.107219444004279962e+00 2.415429343000000117e-02
1.109433882892288503e+00 2.289678485500000124e-02
1.111652750658073119e+00 2.450637432499999657e-02
1.113876056159389227e+00 2.185882845875000008e-02
1.116103808271708075e+00 1.890635005437499988e-02
1.118336015888251378e+00 2.164386192900000228e-02
1.120572687920027732e+00 1.728483734790000476e-02
1.122813833295867925e+00 1.818350658374999831e-02
1.125059460962459568e+00 1.928582725375000209e-02
1.127309579884384405e+00 1.519988241499999580e-02
1.129564199044153394e+00 2.007668820249999819e-02
1.131823327442241567e+00 2.372930120000000392e-02
1.134086974097126221e+00 1.500088456687499912e-02
1.136355148045320451e+00 2.203675492624999899e-02
1.138627858341410892e+00 2.260286841000000088e-02
1.140905114058093694e+00 2.178982454624999940e-02
1.143186924286210049e+00 2.288762967499999648e-02
1.145473298134782603e+00 2.304336742499999910e-02
1.147764244731052097e+00 2.166617267499999777e-02
1.150059773220514225e+00 2.232586890000000032e-02
1.152359892766955163e+00 2.215940367499999800e-02
1.154664612552489089e+00 2.048121508375000052e-02
1.156973941777594161e+00 2.293632004999999682e-02
1.159287889661149373e+00 2.392589362499999983e-02
1.161606465440471636e+00 2.375541540000000035e-02
1.163929678371352416e+00 2.145120012975000254e-02
1.166257537728095262e+00 2.364922562499999908e-02
1.168590052803551327e+00 2.364554599999999993e-02
1.170927232909158455e+00 2.352134511250000143e-02
1.173269087374976705e+00 2.404944920000000319e-02
1.175615625549726762e+00 2.397198262499999899e-02
1.177966856800826134e+00 2.349867938749999885e-02
1.180322790514427789e+00 2.433245450000000309e-02
1.182683436095456564e+00 2.289680753375000072e-02
1.185048802967647585e+00 2.340420825999999996e-02
1.187418900573582903e+00 2.322439511374999738e-02
1.189793738374729903e+00 2.416785099999999714e-02
1.192173325851479504e+00 2.406371825000000117e-02
1.194557672503182344e+00 2.305973607999999703e-02
1.196946787848188531e+00 2.320558949299999368e-02
1.199340681423884947e+00 2.335010476250000064e-02
1.201739362786732546e+00 2.356838858750000265e-02
1.204142841512306106e+00 2.185196645499999993e-02
1.206551127195330864e+00 2.414664612500000071e-02
1.208964229449721373e+00 2.428750579999999770e-02
1.211382157908620805e+00 2.405406400000000000e-02
1.213804922224438254e+00 2.418647062499999778e-02
1.216232532068886929e+00 2.422621087499999756e-02
1.218664997133024785e+00 2.399456130000000159e-02
1.221102327127290721e+00 2.052375793750000135e-02
1.223544531781545430e+00 2.403301012500000042e-02
1.225991620845108487e+00 2.442502462499999971e-02
1.228443604086798757e+00 2.441122675000000075e-02
1.230900491294972365e+00 2.438956179999999738e-02
1.233362292277562222e+00 2.440069387500000062e-02
1.235829016862117324e+00 2.449381999999999948e-02
1.238300674895841613e+00 2.450095412500000180e-02
1.240777276245633054e+00 2.449653725000000212e-02
1.243258830798124492e+00 2.451352239999999780e-02
1.245745348459720736e+00 2.451217912499999846e-02
1.248236839156640077e+00 2.451077825000000029e-02
1.250733312834953370e+00 2.450987300000000146e-02
1.253234779460623338e+00 2.449598462499999810e-02
1.255741249019544536e+00 2.445358790000000393e-02
1.258252731517583545e+00 2.443359587499999847e-02
1.260769236980618713e+00 2.383209037500000002e-02
1.263290775454580128e+00 2.380871849999999929e-02
1.265817357005489141e+00 2.300286662499999996e-02
1.268348991719500107e+00 1.519066366890000144e-02
1.270885689702939025e+00 2.076261449999999842e-02
1.273427461082345058e+00 2.348371850000000038e-02
1.275974316004509834e+00 2.432625612500000090e-02
1.278526264636518750e+00 2.423925749999999990e-02
1.281083317165791824e+00 2.378315060000000050e-02
1.283645483800123444e+00 2.446977900000000053e-02
1.286212774767723666e+00 2.446666562499999822e-02
1.288785200317259072e+00 2.439046312500000105e-02
1.291362770717893405e+00 2.437070962499999702e-02
1.293945496259329087e+00 2.431846840000000121e-02
1.296533387251847858e+00 2.381352675000000113e-02
1.299126454026351407e+00 2.422417237499999848e-02
1.301724706934404230e+00 2.392547394999999799e-02
1.304328156348272927e+00 2.404047019999999701e-02
1.306936812660969505e+00 2.242249499124999990e-02
1.309550686286291565e+00 2.261453883499999970e-02
1.312169787658864273e+00 2.389562825000000196e-02
1.314794127234181875e+00 1.910180906423750158e-02
1.317423715488650338e+00 2.336614974000000150e-02
1.320058562919627532e+00 2.275533271999999677e-02
1.322698680045466757e+00 2.317546651249999951e-02
1.325344077405557819e+00 2.306213677499999865e-02
1.327994765560368773e+00 2.218957230125000180e-02
1.330650755091489668e+00 2.009505460299999824e-02
1.333312056601672513e+00 1.995599449912499948e-02
1.335978680714875910e+00 2.212013299999999669e-02
1.338650638076305466e+00 2.195589367500000097e-02
1.341327939352458198e+00 2.170694154375000032e-02
1.344010595231163174e+00 1.941125740960000096e-02
1.346698616421625472e+00 1.612769017599999938e-02
1.349392013654468592e+00 1.305114936937499907e-02
1.352090797681777534e+00 1.870663540624999815e-02
1.354794979277141209e+00 1.523184281624999879e-02
1.357504569235695513e+00 1.460364088779999951e-02
1.360219578374167071e+00 1.225351440946250044e-02
1.362940017530915426e+00 1.284966213062500168e-02
1.365665897565977005e+00 1.287413669499999809e-02
1.368397229361109080e+00 8.279482030874999940e-03
1.371134023819831294e+00 9.130298054499998497e-03
1.373876291867470956e+00 9.741508013069999361e-03
1.376624044451205897e+00 1.315427645797000167e-02
1.379377292540108435e+00 1.160331063212500027e-02
1.382136047125188671e+00 1.053317095712500220e-02
1.384900319219438902e+00 1.235891197310000009e-02
1.387670119857877804e+00 1.330139141781249909e-02
1.390445460097593511e+00 1.594313081375000121e-02
1.393226351017788911e+00 1.266476914399999876e-02
1.396012803719824280e+00 1.175461979999999941e-02
1.398804829327263910e+00 9.565749503125000122e-03
1.401602438985918520e+00 1.010577061525000028e-02
1.404405643863890329e+00 1.266758012512500010e-02
1.407214455151617916e+00 1.130751716950000214e-02
1.410028884061921284e+00 1.417108699200000238e-02
1.412848941830045169e+00 1.165019452188749763e-02
1.415674639713705218e+00 1.118350411062500084e-02
1.418505988993132627e+00 1.240942388375000129e-02
1.421343000971118986e+00 1.438440710874999869e-02
1.424185686973061138e+00 1.384438289300000090e-02
1.427034058347007139e+00 1.363281032983750148e-02
1.429888126463701337e+00 1.396049275749999992e-02
1.432747902716628552e+00 7.942173458362501021e-03
1.435613398522062045e+00 1.167215069574999847e-02
1.438484625319106147e+00 1.181298504399999963e-02
1.441361594569744220e+00 1.271094212375000095e-02
1.444244317758883733e+00 1.453905035749999963e-02
1.447132806394401561e+00 1.451328259500000127e-02
1.450027072007190387e+00 1.333781878875000063e-02
1.452927126151204895e+00 1.251637309379999979e-02
1.455832980403507282e+00 1.447770206374999861e-02
1.458744646364314335e+00 1.357419247699999908e-02
1.461662135657042949e+00 1.398624060437500191e-02
1.464585459928356981e+00 1.368483524875000086e-02
1.467514630848213653e+00 1.475158544730000021e-02
1.470449660109910184e+00 1.327226805250000113e-02
1.473390559430129976e+00 1.210022955937500172e-02
1.476337340548990129e+00 1.540047762250000042e-02
1.479290015230088073e+00 1.490117942874999955e-02
1.482248595260548196e+00 1.578880658499999881e-02
1.485213092451069361e+00 1.613928765250000064e-02
1.488183518635971314e+00 1.648016058374999690e-02
1.491159885673243313e+00 1.621626926250000281e-02
1.494142205444589644e+00 1.633884972124999627e-02
1.497130489855478697e+00 1.754415299000000247e-02
1.500124750835189813e+00 1.769790497499999782e-02
1.503125000336860140e+00 1.739861931250000215e-02
1.506131250337534144e+00 1.831547112499999630e-02
1.509143512838209134e+00 1.847201621000000085e-02
1.512161799863885658e+00 1.834037973000000182e-02
1.515186123463613477e+00 1.869524622499999997e-02
1.518216495710540626e+00 1.908248337500000058e-02
1.521252928701961604e+00 1.925734675000000118e-02
1.524295434559365781e+00 1.919869090999999986e-02
1.527344025428484464e+00 1.945483724999999900e-02
1.530398713479341533e+00 1.967003824999999720e-02
1.533459510906300283e+00 1.934851699999999911e-02
1.536526429928112947e+00 1.982698874999999986e-02
1.539599482787969098e+00 1.944113700000000070e-02
1.542678681753545167e+00 2.002571112499999806e-02
1.545764039117052402e+00 2.015717462500000307e-02
1.548855567195286387e+00 2.030467137499999963e-02
1.551953278329677000e+00 2.037138800000000069e-02
1.555057184886336374e+00 2.049162699999999837e-02
1.558167299256108862e+00 2.056798524999999683e-02
1.561283633854621211e+00 2.066533124999999846e-02
1.564406201122330309e+00 2.074032287499999808e-02
1.567535013524575138e+00 2.070293837499999692e-02
1.570670083551624074e+00 1.876246627000000000e-02
1.573811423718727287e+00 1.752223496250000095e-02
1.576959046566164702e+00 1.902044849999999857e-02
1.580112964659297070e+00 2.064350324999999695e-02
1.583273190588615709e+00 2.106944975000000012e-02
1.586439736969792680e+00 2.084014309999999634e-02
1.589612616443732307e+00 2.123236299999999716e-02
1.592791841676620024e+00 2.114247124999999936e-02
1.595977425359973001e+00 2.132748887500000162e-02
1.599169380210692992e+00 2.117183250000000128e-02
1.602367718971114297e+00 1.974752614000000253e-02
1.605572454409056604e+00 2.032022599999999679e-02
1.608783599317874735e+00 2.082826199999999670e-02
1.612001166516510375e+00 2.116293350000000156e-02
1.615225168849543369e+00 2.165835200000000224e-02
1.618455619187242345e+00 2.172709399999999888e-02
1.621692530425617118e+00 2.177983699999999981e-02
1.624935915486468208e+00 2.173772675000000196e-02
1.628185787317441235e+00 2.184811137499999972e-02
1.631442158892076222e+00 2.131512929999999917e-02
1.634705043209860431e+00 2.167088100000000295e-02
1.637974453296279886e+00 2.119632999999999587e-02
1.641250402202872660e+00 2.003339437499999931e-02
1.644532903007278390e+00 2.017634197500000129e-02
1.647821968813293125e+00 2.160498539999999856e-02
1.651117612750919506e+00 1.756201336250000355e-02
1.654419847976421387e+00 2.137195187499999968e-02
1.657728687672374246e+00 2.179944362500000135e-02
1.661044145047719134e+00 2.206860449999999835e-02
1.664366233337814638e+00 1.880836980000000214e-02
1.667694965804490170e+00 2.188090937500000027e-02
1.671030355736099260e+00 2.211886912499999927e-02
1.674372416447571510e+00 2.176789131249999912e-02
1.677721161280466333e+00 2.188413337500000333e-02
1.681076603603027353e+00 2.184064159999999852e-02
1.684438756810233473e+00 2.211025299999999985e-02
1.687807634323853945e+00 2.194830012500000038e-02
1.691183249592501658e+00 2.091119424999999740e-02
1.694565616091686655e+00 2.203548437500000082e-02
1.697954747323870084e+00 2.201116700000000162e-02
1.701350656818517715e+00 2.119522012500000066e-02
1.704753358132154784e+00 2.154676387499999957e-02
1.708162864848419282e+00 2.097022587500000160e-02
1.711579190578115917e+00 2.183099249999999672e-02
1.715002348959272283e+00 2.159356629999999860e-02
1.718432353657190825e+00 2.076787087500000378e-02
1.721869218364505016e+00 2.087092772375000183e-02
1.725312956801233977e+00 2.132934850000000118e-02
1.728763582714836655e+00 1.994832845000000035e-02
1.732221109880266230e+00 2.140462260000000269e-02
1.735685552100026730e+00 2.124837574999999951e-02
1.739156923204226768e+00 2.117181475000000021e-02
1.742635237050635277e+00 2.098757036499999604e-02
1.746120507524736576e+00 2.074860190000000007e-02
1.749612748539786100e+00 2.129023762499999972e-02
1.753111974036865472e+00 2.121011437499999847e-02
1.756618197984939123e+00 2.088475681249999868e-02
1.760131434380908910e+00 2.104080649999999844e-02
1.763651697249670747e+00 2.070838684999999971e-02
1.767179000644169884e+00 2.067348116250000006e-02
1.770713358645458202e+00 2.080660937500000002e-02
1.774254785362749054e+00 2.021958007500000015e-02
1.777803294933474554e+00 1.689888983075000031e-02
1.781358901523341753e+00 2.020795302500000279e-02
1.784921619326388376e+00 1.842490200974999937e-02
1.788491462565041212e+00 2.026961199999999935e-02
1.792068445490171413e+00 1.806232160874999756e-02
1.795652582381151552e+00 2.007078804999999980e-02
1.799243887545913800e+00 1.908137597199999896e-02
1.802842375321005663e+00 1.860776398125000078e-02
1.806448060071647710e+00 1.839212469124999749e-02
1.810060956191791082e+00 1.569522673337499924e-02
1.813681078104174560e+00 1.367869309512500034e-02
1.817308440260382962e+00 1.304382648350900162e-02
1.820943057140903765e+00 1.216312954875000026e-02
1.824584943255185721e+00 1.759236320125000252e-02
1.828234113141696149e+00 1.696704881875000029e-02
1.831890581367979554e+00 1.015830485774999944e-02
1.835554362530715355e+00 1.227903570249999979e-02
1.839225471255776734e+00 9.847479468024998225e-03
1.842903922198288136e+00 9.480858773637499542e-03
1.846589730042684785e+00 1.173510168000000027e-02
1.850282909502769968e+00 9.995621345499999810e-03
1.853983475321775654e+00 1.028214643487999902e-02
1.857691442272419113e+00 1.049925290087500018e-02
1.861406825156963984e+00 9.587476489981249309e-03
1.865129638807277779e+00 1.236220718046249917e-02
1.868859898084892279e+00 7.928892132899999917e-03
1.872597617881062160e+00 7.636083911625000421e-03
1.876342813116824271e+00 9.019217979375000749e-03
1.880095498743057814e+00 9.201572802875000734e-03
1.883855689740544070e+00 9.114699376437499639e-03
1.887623401120025246e+00 1.019478421780000039e-02
1.891398647922265308e+00 5.572375982125000321e-03
1.895181445218109717e+00 8.186824688500000599e-03
1.898971808108545822e+00 7.930602510375001080e-03
1.902769751724763037e+00 7.864103772737499748e-03
1.906575291228212565e+00 6.686853946673201182e-03
1.910388441810669136e+00 9.045462373374999962e-03
1.914209218694290282e+00 7.314660531375000163e-03
1.918037637131678963e+00 8.820551344624999804e-03
1.921873712405942403e+00 7.982084963875001049e-03
1.925717459830754041e+00 7.962001076500000579e-03
1.929568894750415708e+00 5.435932923419999410e-03
1.933428032539916241e+00 7.888121881000000057e-03
1.937294888604996324e+00 8.506591163750000517e-03
1.941169478382206215e+00 8.830993377500000532e-03
1.945051817338970590e+00 8.533017904000001971e-03
1.948941920973648489e+00 8.518286993749998870e-03
1.952839804815595715e+00 7.648906833375000540e-03
1.956745484425226778e+00 3.691000137124999993e-03
1.960658975394077297e+00 6.669542656250001048e-03
1.964580293344865503e+00 5.918575907789999126e-03
1.968509453931555075e+00 4.228075157162499570e-03
1.972446472839417986e+00 9.230837625000000088e-03
1.976391365785096887e+00 1.049252700000000149e-02
1.980344148516667069e+00 1.025971023024999963e-02
1.984304836813700401e+00 1.062953051499999912e-02
1.988273446487327956e+00 1.108567304875000131e-02
1.992249993380302620e+00 1.173368601250000115e-02
1.996234493367063045e+00 1.097505997499999969e-02
2.000226962353797155e+00 5.698240508199999693e-03
