2.002000000000000168e-01 1.305907639999999946e-02
2.006004000000000120e-01 1.786483500000000252e-02
2.010016008000000132e-01 1.374679999999999999e-02
2.014036040016000118e-01 1.929993374999999789e-02
2.018064112096032425e-01 1.886106799999999820e-02
2.022100240320224285e-01 2.062914500000000151e-02
2.026144440800864976e-01 2.175153625000000174e-02
2.030196729682466894e-01 2.125312374999999837e-02
2.034257123141831602e-01 2.065371249999999742e-02
2.038325637388115341e-01 2.000126199999999882e-02
2.042402288662891752e-01 1.937674375000000143e-02
2.046487093240217381e-01 1.884501750000000184e-02
2.050580067426697739e-01 1.842352750000000178e-02
2.054681227561551138e-01 1.833835249999999847e-02
2.058790590016674471e-01 1.826089599999999868e-02
2.062908171196707885e-01 1.810370374999999837e-02
2.067033987539101392e-01 1.793247375000000046e-02
2.071168055514179263e-01 1.778790874999999772e-02
2.075310391625207751e-01 1.767628874999999794e-02
2.079461012408458098e-01 1.753603499999999843e-02
2.083619934433275089e-01 1.739095375000000027e-02
2.087787174302141446e-01 1.726154750000000182e-02
2.091962748650745829e-01 1.712969624999999968e-02
2.096146674148047229e-01 1.697532624999999878e-02
2.100338967496343523e-01 1.678272999999999571e-02
2.104539645431336148e-01 1.665134750000000011e-02
2.108748724722198931e-01 1.654216499999999757e-02
2.112966222171643316e-01 1.639522624999999872e-02
2.117192154615986643e-01 1.622178124999999749e-02
2.121426538925218486e-01 1.597430600000000062e-02
2.125669392003068925e-01 1.571154999999999774e-02
2.129920730787074890e-01 1.548229750000000050e-02
2.134180572248648988e-01 1.526173624999999957e-02
2.138448933393146401e-01 1.504372500000000085e-02
2.142725831259932878e-01 1.474009499999999993e-02
2.147011282922452469e-01 1.441588250000000113e-02
2.151305305488297459e-01 1.415717374999999993e-02
2.155607916099274157e-01 1.394620250000000103e-02
2.159919131931472558e-01 1.371238500000000055e-02
2.164238970195335454e-01 1.343803749999999964e-02
2.168567448135726161e-01 1.317036875000000135e-02
2.172904583031997627e-01 1.291984625000000206e-02
2.177250392198061546e-01 1.268018124999999857e-02
2.181604892982457744e-01 1.241509699999999994e-02
2.185968102768422461e-01 1.214332750000000037e-02
2.190340038973959125e-01 1.186223624999999983e-02
2.194720719051907187e-01 1.156622000000000032e-02
2.199110160490010957e-01 1.127880375000000004e-02
2.203508380810991207e-01 1.097381700000000029e-02
2.207915397572613181e-01 1.068197125000000004e-02
2.212331228367758196e-01 1.039521875000000081e-02
2.216755890824493869e-01 1.009434799999999952e-02
2.221189402606142949e-01 9.808496124999999816e-03
2.225631781411355203e-01 9.508738499999998955e-03
2.230083044974177642e-01 9.222835874999999947e-03
2.234543211064126123e-01 8.979131000000001306e-03
2.239012297486254466e-01 8.717496250000001529e-03
2.243490322081226895e-01 8.462163499999999713e-03
2.247977302725389648e-01 8.187982699999998837e-03
2.252473257330840362e-01 7.929129499999999775e-03
2.256978203845501907e-01 7.711002249999999655e-03
2.261492160253192885e-01 7.490683749999999322e-03
2.266015144573699513e-01 7.259360375000000094e-03
2.270547174862846962e-01 7.010480899999999363e-03
2.275088269212572623e-01 6.770537000000000083e-03
2.279638445750997722e-01 6.566052625000000711e-03
2.284197722642499762e-01 6.361664374999999316e-03
2.288766118087784962e-01 6.148026249999999880e-03
2.293343650323960425e-01 5.915023099999999756e-03
2.297930337624608521e-01 5.697920625000000086e-03
2.302526198299857663e-01 5.439599124999999757e-03
2.307131250696457525e-01 5.325914374999999971e-03
2.311745513197850377e-01 5.145110999999999955e-03
2.316369004224245742e-01 4.991836600000000568e-03
2.321001742232694509e-01 4.838229250000000183e-03
2.325643745717159705e-01 4.683182875000000550e-03
2.330295033208594213e-01 4.527905000000000471e-03
2.334955623275011272e-01 4.385624100000000761e-03
2.339625534521561634e-01 4.267159874999999943e-03
2.344304785590604623e-01 4.121757250000000067e-03
2.348993395161785847e-01 3.996661999999999784e-03
2.353691381952109363e-01 3.911937249999999748e-03
2.358398764716013452e-01 3.776866499999999988e-03
2.363115562245445278e-01 3.632921374999999696e-03
2.367841793369936387e-01 3.545725124999999939e-03
2.372577476956675979e-01 3.438331250000000068e-03
2.377322631910589457e-01 3.347243750000000219e-03
2.382077277174410590e-01 3.235025899999999753e-03
2.386841431728759511e-01 3.141880500000000277e-03
2.391615114592217095e-01 3.069378250000000079e-03
2.396398344821401571e-01 2.957829749999999966e-03
2.401191141511044291e-01 2.871986374999999786e-03
2.405993523794066058e-01 2.817817700000000043e-03
2.410805510841654287e-01 2.734510249999999761e-03
2.415627121863337390e-01 2.651326750000000329e-03
2.420458376107064158e-01 2.595545125000000251e-03
2.425299292859278144e-01 2.552946500000000118e-03
2.430149891444997046e-01 2.496198000000000253e-03
2.435010191227887089e-01 2.423757000000000342e-03
2.439880211610342686e-01 2.370792124999999972e-03
2.444759972033563322e-01 2.343381249999999718e-03
2.449649491977630433e-01 2.306706999999999855e-03
2.454548790961585680e-01 2.215225500000000090e-03
2.459457888543508663e-01 2.161870124999999698e-03
2.464376804320595749e-01 2.142000249999999675e-03
2.469305557929236949e-01 2.110082499999999840e-03
2.474244169045095587e-01 2.052397749999999681e-03
2.479192657383185727e-01 2.012151299999999886e-03
2.484151042697951839e-01 1.986582875000000165e-03
2.489119344783347898e-01 1.923229124999999975e-03
2.494097583472914548e-01 1.895123000000000077e-03
2.499085778639860422e-01 1.862566799999999800e-03
2.504083950197140140e-01 1.852908249999999984e-03
2.509092118097534518e-01 1.840628125000000120e-03
2.514110302333729119e-01 1.794765000000000032e-03
2.519138522938396685e-01 1.742236500000000042e-03
2.524176799984273467e-01 1.746553199999999716e-03
2.529225153584241936e-01 1.736886124999999920e-03
2.534283603891410719e-01 1.705918750000000100e-03
2.539352171099192867e-01 1.679090500000000007e-03
2.544430875441391349e-01 1.681573750000000048e-03
2.549519737192273983e-01 1.658350100000000093e-03
2.554618776666658375e-01 1.613464874999999974e-03
2.559728014219991854e-01 1.622945624999999874e-03
2.564847470248432515e-01 1.640973499999999951e-03
2.569977165188929158e-01 1.630337874999999905e-03
2.575117119519306774e-01 1.617422199999999938e-03
2.580267353758345372e-01 1.611253624999999879e-03
2.585427888465862134e-01 1.564327875000000095e-03
2.590598744242793572e-01 1.557770000000000205e-03
2.595779941731279905e-01 1.614270249999999983e-03
2.600971501614742221e-01 1.616557499999999974e-03
2.606173444617971846e-01 1.561764375000000010e-03
2.611385791507207510e-01 1.585056249999999920e-03
2.616608563090221939e-01 1.617992375000000191e-03
2.621841780216402351e-01 1.600477500000000060e-03
2.627085463776834828e-01 1.594085399999999996e-03
2.632339634704388698e-01 1.651122374999999896e-03
2.637604313973797576e-01 1.655785999999999803e-03
2.642879522601745412e-01 1.623996249999999815e-03
2.648165281646948088e-01 1.637052374999999754e-03
2.653461612210242238e-01 1.672134499999999770e-03
2.658768535434662961e-01 1.669029875000000015e-03
2.664086072505532643e-01 1.702713000000000230e-03
2.669414244650543111e-01 1.751781999999999905e-03
2.674753073139844450e-01 1.750658300000000091e-03
2.680102579286124387e-01 1.762058749999999979e-03
2.685462784444696549e-01 1.825258625000000063e-03
2.690833710013585955e-01 1.869338625000000007e-03
2.696215377433612836e-01 1.848564374999999826e-03
2.701607808188479787e-01 1.878230800000000103e-03
2.707011023804857253e-01 1.953840749999999696e-03
2.712425045852466798e-01 1.989819874999999849e-03
2.717849895944172145e-01 2.004835250000000253e-03
2.723285595736060216e-01 2.050281875000000125e-03
2.728732166927532177e-01 2.110625199999999722e-03
2.734189631261387810e-01 2.168465625000000167e-03
2.739658010523910447e-01 2.263010125000000129e-03
2.745137326544958567e-01 2.330523874999999683e-03
2.750627601198047945e-01 2.340586249999999837e-03
2.756128856400444360e-01 2.440046900000000275e-03
2.761641114113245199e-01 2.512781375000000192e-03
2.767164396341471599e-01 2.592540749999999988e-03
2.772698725134154496e-01 2.649860750000000015e-03
2.778244122584422882e-01 2.746100874999999990e-03
2.783800610829592070e-01 2.866541800000000067e-03
2.789368212051250850e-01 2.981811375000000246e-03
2.794946948475353632e-01 3.078947874999999820e-03
2.800536842372304269e-01 3.164053500000000175e-03
2.806137916057048765e-01 3.344424749999999960e-03
2.811750191889162975e-01 3.470427700000000126e-03
2.817373692272941987e-01 3.726388875000000156e-03
2.823008439657487822e-01 3.840950499999999830e-03
2.828654456536803252e-01 3.999276249999999394e-03
2.834311765449876730e-01 4.042545249999999687e-03
2.839980388980776205e-01 4.350362800000000252e-03
2.845660349758737939e-01 4.597699375000000033e-03
2.851351670458255327e-01 4.834833000000000186e-03
2.857054373799171598e-01 5.077069124999999961e-03
2.862768482546770299e-01 5.250818999999999452e-03
2.868494019511863558e-01 5.549919800000000653e-03
2.874231007550887562e-01 5.826387499999999449e-03
2.879979469565989714e-01 6.286616249999999947e-03
2.885739428505121884e-01 6.610749625000000504e-03
2.891510907362132010e-01 6.988366899999999202e-03
2.897293929176856242e-01 7.447216625000000097e-03
2.903088517035209426e-01 7.790002125000000666e-03
2.908894694069280029e-01 8.171974250000000120e-03
2.914712483457418957e-01 8.757965999999998974e-03
2.920541908424333366e-01 9.473352500000000592e-03
2.926382992241182146e-01 9.914595624999999676e-03
2.932235758225664735e-01 1.055274374999999945e-02
2.938100229742116043e-01 1.137757124999999939e-02
2.943976430201600269e-01 1.190788124999999850e-02
2.949864383062003048e-01 1.269666099999999798e-02
2.955764111828127483e-01 1.383221750000000055e-02
2.961675640051783520e-01 1.479200874999999846e-02
2.967598991331887315e-01 1.555202125000000081e-02
2.973534189314551157e-01 1.665431000000000203e-02
2.979481257693180618e-01 1.809461899999999929e-02
2.985440220208566697e-01 1.924926750000000020e-02
2.991411100648984078e-01 2.039443875000000045e-02
2.997393922850282166e-01 2.216905874999999804e-02
3.003388710695982233e-01 2.335435375000000091e-02
3.009395488117374562e-01 2.517164599999999891e-02
3.015414279093609484e-01 2.745137750000000224e-02
3.021445107651796746e-01 2.865562875000000204e-02
3.027487997867099878e-01 3.093577374999999935e-02
3.033542973862833891e-01 3.364210749999999722e-02
3.039610059810559650e-01 3.524801799999999902e-02
3.045689279930180460e-01 3.790382625000000144e-02
3.051780658490040876e-01 4.205450749999999766e-02
3.057884219807021076e-01 4.453413500000000247e-02
3.063999988246635664e-01 4.606655999999999945e-02
3.070127988223129156e-01 5.096941199999999866e-02
3.076268244199575896e-01 5.692099250000000332e-02
3.082420780687974982e-01 5.876140750000000135e-02
3.088585622249351292e-01 6.154531625000000256e-02
3.094762793493849307e-01 6.884042599999999623e-02
3.100952319080837460e-01 7.509428249999999805e-02
3.107154223718998631e-01 7.904366250000000038e-02
3.113368532166437275e-01 8.215164124999999040e-02
3.119595269230769907e-01 9.467335124999999574e-02
3.125834459769231133e-01 1.067130470000000053e-01
3.132086128688770232e-01 1.095105412500000097e-01
3.138350300946147753e-01 1.106107412500000053e-01
3.144627001548039313e-01 1.286081237499999974e-01
3.150916255551135525e-01 1.351772750000000134e-01
3.157218088062238026e-01 1.307668810000000015e-01
3.163532524238362176e-01 1.496393749999999911e-01
3.169859589286838641e-01 1.551093874999999733e-01
3.176199308465412763e-01 1.502304875000000095e-01
3.182551707082343917e-01 1.646206999999999809e-01
3.188916810496508214e-01 1.864325599999999694e-01
3.195294644117501193e-01 1.743592625000000007e-01
3.201685233405736630e-01 1.734378000000000308e-01
3.208088603872547573e-01 2.013575625000000036e-01
3.214504781080292917e-01 2.150692874999999837e-01
3.220933790642453443e-01 1.955292700000000050e-01
3.227375658223737842e-01 1.938852249999999944e-01
3.233830409540185413e-01 2.258215250000000229e-01
3.240298070359265425e-01 2.389438125000000190e-01
3.246778666499984256e-01 2.226568750000000041e-01
3.253272223832984200e-01 2.145060500000000037e-01
3.259778768280650052e-01 2.366014750000000055e-01
3.266298325817211246e-01 2.531633500000000092e-01
3.272830922468845660e-01 2.437515000000000098e-01
3.279376584313783427e-01 2.280804124999999960e-01
3.285935337482410734e-01 2.432806499999999872e-01
3.292507208157375853e-01 2.627646625000000236e-01
3.299092222573690725e-01 2.625270749999999986e-01
3.305690407018838095e-01 2.476987125000000012e-01
3.312301787832875322e-01 2.427160500000000165e-01
3.318926391408540955e-01 2.590958600000000112e-01
3.325564244191357988e-01 2.682708500000000051e-01
3.332215372679740994e-01 2.642413249999999714e-01
3.338879803425100490e-01 2.513078374999999642e-01
3.345557563031950621e-01 2.628227000000000202e-01
3.352248678158014084e-01 2.697629375000000218e-01
3.358953175514330369e-01 2.706181874999999959e-01
3.365671081865359016e-01 2.651500125000000319e-01
3.372402424029089518e-01 2.584748499999999782e-01
3.379147228877147358e-01 2.630502800000000252e-01
3.385905523334902245e-01 2.693494249999999757e-01
3.392677334381571930e-01 2.695029125000000247e-01
3.399462689050334330e-01 2.661245875000000094e-01
3.406261614428435225e-01 2.643520125000000109e-01
3.413074137657292062e-01 2.685719899999999827e-01
3.419900285932606643e-01 2.693186499999999928e-01
3.426740086504471705e-01 2.690400625000000101e-01
3.433593566677480835e-01 2.672092999999999829e-01
3.440460753810836159e-01 2.631602250000000254e-01
3.447341675318457699e-01 2.648608000000000073e-01
3.454236358669094398e-01 2.666153374999999937e-01
3.461144831386432363e-01 2.667091875000000001e-01
3.468067121049205337e-01 2.663448499999999664e-01
3.475003255291303494e-01 2.646722874999999919e-01
3.481953261801886135e-01 2.653361899999999718e-01
3.488917168325489926e-01 2.652647625000000287e-01
3.495895002662141038e-01 2.647447874999999673e-01
3.502886792667465610e-01 2.642245125000000083e-01
3.509892566252800217e-01 2.634149124999999869e-01
3.516912351385305668e-01 2.614805599999999730e-01
3.523946176088076365e-01 2.617547249999999659e-01
3.530994068440251876e-01 2.615451375000000245e-01
3.538056056577132402e-01 2.611454874999999953e-01
3.545132168690287022e-01 2.605843125000000260e-01
3.552222433027667492e-01 2.597606199999999976e-01
3.559326877893722596e-01 2.592004374999999916e-01
3.566445531649510281e-01 2.585993500000000056e-01
3.573578422712808678e-01 2.579847625000000200e-01
3.580725579558234339e-01 2.573434099999999392e-01
3.587887030717350489e-01 2.566605874999999815e-01
3.595062804778785814e-01 2.558071374999999481e-01
3.602252930388343266e-01 2.553669500000000370e-01
3.609457436249119411e-01 2.551553125000000088e-01
3.616676351121618227e-01 2.548456599999999739e-01
3.623909703823861017e-01 2.544595749999999379e-01
3.631157523231508533e-01 2.541495125000000077e-01
3.638419838277971996e-01 2.538405999999999718e-01
3.645696677954528009e-01 2.535074999999999967e-01
3.652988071310436791e-01 2.531281100000000173e-01
3.660294047453057642e-01 2.527776000000000467e-01
3.667614635547964408e-01 2.524715499999999890e-01
3.674949864819060386e-01 2.521579750000000342e-01
3.682299764548698229e-01 2.518266875000000349e-01
3.689664364077795966e-01 2.514591400000000254e-01
3.697043692805951354e-01 2.511223375000000146e-01
3.704437780191563445e-01 2.506654750000000265e-01
3.711846655751946944e-01 2.501251125000000242e-01
3.719270349063450443e-01 2.495867499999999961e-01
3.726708889761577437e-01 2.489789000000000030e-01
3.734162307541100123e-01 2.483644375000000348e-01
3.741630632156182079e-01 2.478239500000000151e-01
3.749113893420494836e-01 2.472960374999999822e-01
3.756612121207335564e-01 2.467677625000000152e-01
3.764125345449750304e-01 2.461561299999999730e-01
3.771653596140650544e-01 2.454871500000000151e-01
3.779196903332932012e-01 2.450527499999999859e-01
3.786755297139597909e-01 2.445310124999999779e-01
3.794328807733876596e-01 2.440010999999999985e-01
3.801917465349344827e-01 2.434818100000000207e-01
3.809521300280043210e-01 2.431082999999999994e-01
3.817140342880603332e-01 2.427875499999999909e-01
3.824774623566364884e-01 2.424690249999999769e-01
3.832424172813497787e-01 2.421137200000000045e-01
3.840089021159124316e-01 2.417624999999999913e-01
3.847769199201442891e-01 2.414525375000000085e-01
3.855464737599845759e-01 2.411431250000000137e-01
3.863175667075045561e-01 2.408339375000000115e-01
3.870902018409195788e-01 2.404873000000000149e-01
3.878643822446014022e-01 2.401439375000000154e-01
3.886401110090906830e-01 2.398410750000000147e-01
3.894173912311088559e-01 2.395418125000000065e-01
3.901962260135710681e-01 2.392157500000000048e-01
3.909766184655981691e-01 2.387590199999999885e-01
3.917585717025293679e-01 2.383332624999999760e-01
3.925420888459344448e-01 2.379347624999999800e-01
3.933271730236262975e-01 2.374457874999999774e-01
3.941138273696735417e-01 2.371491000000000016e-01
3.949020550244128902e-01 2.367068199999999845e-01
3.956918591344616987e-01 2.362729874999999757e-01
3.964832428527306218e-01 2.358733625000000167e-01
3.972762093384361037e-01 2.354997125000000135e-01
3.980707617571129786e-01 2.349991124999999959e-01
3.988669032806272385e-01 2.346877600000000230e-01
3.996646370871884679e-01 2.342730624999999900e-01
4.004639663613628331e-01 2.339601500000000056e-01
4.012648942940855168e-01 2.336601749999999977e-01
4.020674240826737078e-01 2.333244875000000107e-01
4.028715589308390355e-01 2.328850699999999718e-01
4.036773020487006702e-01 2.324277000000000148e-01
4.044846566527980913e-01 2.320317875000000030e-01
4.052936259661036877e-01 2.316298125000000041e-01
4.061042132180359143e-01 2.312348499999999918e-01
4.069164216444720039e-01 2.308631799999999734e-01
4.077302544877609569e-01 2.304673124999999934e-01
4.085457149967364754e-01 2.301726374999999991e-01
4.093628064267299527e-01 2.298515124999999659e-01
4.101815320395834075e-01 2.295264750000000076e-01
4.110018951036625845e-01 2.290933299999999839e-01
4.118238988938699441e-01 2.286586874999999852e-01
4.126475466916577073e-01 2.283082375000000108e-01
4.134728417850409565e-01 2.279735249999999824e-01
4.142997874686110693e-01 2.275747000000000186e-01
4.151283870435482637e-01 2.272842625000000005e-01
4.159586438176353651e-01 2.270033250000000336e-01
4.167905611052706849e-01 2.266105625000000012e-01
4.176241422274811765e-01 2.263078250000000180e-01
4.184593905119361468e-01 2.259143700000000032e-01
4.192963092929599678e-01 2.254198374999999976e-01
4.201349019115458994e-01 2.250755874999999795e-01
4.209751717153689676e-01 2.247284625000000036e-01
4.218171220587997317e-01 2.244000500000000176e-01
4.226607563029173287e-01 2.240374000000000254e-01
4.235060778155231298e-01 2.237210624999999842e-01
4.243530899711541737e-01 2.234490375000000306e-01
4.252017961510964894e-01 2.231120625000000135e-01
4.260521997433986963e-01 2.227268374999999967e-01
4.269043041428854934e-01 2.223611200000000232e-01
4.277581127511712600e-01 2.219708874999999915e-01
4.286136289766736551e-01 2.216529750000000298e-01
4.294708562346269964e-01 2.213709375000000035e-01
4.303297979470962487e-01 2.211036500000000127e-01
4.311904575429904574e-01 2.207730199999999865e-01
4.320528384580764047e-01 2.204250499999999835e-01
4.329169441349925429e-01 2.201292125000000044e-01
4.337827780232624830e-01 2.198100499999999791e-01
4.346503435793090397e-01 2.194832374999999836e-01
4.355196442664676648e-01 2.191212800000000016e-01
4.363906835550006025e-01 2.187505000000000144e-01
4.372634649221106007e-01 2.183943875000000090e-01
4.381379918519547889e-01 2.180839249999999840e-01
4.390142678356587225e-01 2.177902262499999964e-01
4.398922963713300383e-01 2.174334589999999678e-01
4.407720809640727211e-01 2.169769750000000164e-01
4.416536251260008150e-01 2.160613999999999868e-01
4.425369323762528007e-01 2.161194212499999989e-01
4.434220062410053065e-01 2.156750929999999844e-01
4.443088502534873196e-01 2.154335350000000093e-01
4.451974679539942858e-01 2.151867637500000097e-01
4.460878628899022647e-01 2.149294037500000254e-01
4.469800386156820293e-01 2.149208300000000071e-01
4.478739986929134442e-01 2.147122599999999881e-01
4.487697466902992316e-01 2.143810475000000049e-01
4.496672861836799040e-01 2.139766900000000249e-01
4.505666207560472536e-01 2.136013075000000039e-01
4.514677539975593401e-01 2.132693762500000034e-01
4.523706895055544797e-01 2.129165590000000052e-01
4.532754308845656221e-01 2.125967562499999908e-01
4.541819817463347286e-01 2.123616900000000196e-01
4.550903457098274263e-01 2.120430237499999759e-01
4.560005264012471082e-01 2.117430224999999888e-01
4.569125274540495885e-01 2.113078159999999817e-01
4.578263525089577013e-01 2.108595087499999798e-01
4.587420052139756232e-01 2.103962537499999841e-01
4.596594892244035835e-01 2.099356387499999865e-01
4.605788082028524077e-01 2.094850950000000100e-01
4.614999658192581178e-01 2.090413220000000294e-01
4.624229657508966418e-01 2.087464037500000036e-01
4.633478116823984694e-01 2.086373662500000115e-01
4.642745073057632510e-01 2.085576012500000020e-01
4.652030563203747304e-01 2.084424174999999768e-01
4.661334624330154552e-01 2.082006180000000040e-01
4.670657293578814873e-01 2.078087849999999959e-01
4.679998608165972795e-01 2.073566975000000201e-01
4.689358605382304424e-01 2.067786862500000100e-01
4.698737322593069532e-01 2.064645412499999944e-01
4.708134797238255342e-01 2.061180180000000139e-01
4.717551066832731399e-01 2.058133812499999826e-01
4.726986168966397228e-01 2.056484074999999911e-01
4.736440141304329998e-01 2.054567812499999979e-01
4.745913021586939395e-01 2.050889062500000082e-01
4.755404847630113063e-01 2.045103659999999990e-01
4.764915657325373699e-01 2.038156024999999982e-01
4.774445488640024493e-01 2.031265425000000069e-01
4.783994379617304560e-01 2.024068762500000340e-01
4.793562368376539373e-01 2.017027230000000004e-01
4.803149493113292312e-01 2.011386799999999864e-01
4.812755792099518981e-01 2.007995962499999898e-01
4.822381303683718201e-01 2.005755575000000013e-01
4.832026066291085775e-01 2.005029825000000099e-01
4.841690118423668254e-01 2.004958679999999938e-01
4.851373498660515038e-01 2.005773774999999870e-01
4.861076245657836026e-01 2.006404112499999837e-01
4.870798398149152053e-01 2.004538687500000138e-01
4.880539994945450322e-01 2.003938062500000283e-01
4.890301074935341497e-01 2.001159989999999889e-01
4.900081677085211806e-01 1.997926024999999717e-01
4.909881840439382916e-01 1.995172837500000240e-01
4.919701604120261251e-01 1.992263787499999883e-01
4.929541007328501756e-01 1.990675974999999986e-01
4.939400089343158884e-01 1.987613900000000100e-01
4.949278889521845359e-01 1.983671999999999935e-01
4.959177447300888719e-01 1.979620850000000098e-01
4.969095802195490075e-01 1.975232462500000064e-01
4.979033993799881208e-01 1.969916150000000088e-01
4.988992061787480559e-01 1.963589450000000070e-01
4.998970045911055315e-01 1.956753337500000134e-01
5.008967986002876849e-01 1.950193674999999849e-01
5.018985921974883357e-01 1.938295324999999847e-01
5.029023893818832525e-01 1.935400975000000079e-01
5.039081941606470272e-01 1.925623830000000036e-01
5.049160105489682859e-01 1.922222862499999851e-01
5.059258425700663420e-01 1.918890512499999979e-01
5.069376942552064058e-01 1.909742187499999799e-01
5.079515696437167938e-01 1.917851462499999826e-01
5.089674727830042489e-01 1.918315960000000209e-01
5.099854077285701504e-01 1.919791674999999920e-01
5.110053785440273888e-01 1.916588774999999911e-01
5.120273893011153543e-01 1.916202650000000118e-01
5.130514440797175890e-01 1.911549659999999817e-01
5.140775469678771081e-01 1.907231787499999720e-01
5.151057020618128313e-01 1.903146812500000062e-01
5.161359134659364578e-01 1.899496012499999886e-01
5.171681852928683432e-01 1.896628674999999986e-01
5.182025216634540410e-01 1.893576840000000261e-01
5.192389267067809566e-01 1.890417474999999958e-01
5.202774045601945563e-01 1.887177374999999824e-01
5.213179593693149094e-01 1.882696312499999858e-01
5.223605952880534531e-01 1.876573537500000055e-01
5.234053164786296453e-01 1.868846229999999720e-01
5.244521271115868410e-01 1.860708249999999953e-01
5.255010313658099452e-01 1.854577937499999885e-01
5.265520334285416215e-01 1.847899875000000025e-01
5.276051374953987239e-01 1.841300925000000088e-01
5.286603477703895049e-01 1.833996730000000130e-01
5.297176684659302692e-01 1.826600775000000176e-01
5.307771038028621380e-01 1.821108812500000229e-01
5.318386580104679240e-01 1.817031000000000063e-01
5.329023353264887852e-01 1.812802887499999904e-01
5.339681399971416553e-01 1.809894820000000071e-01
5.350360762771360079e-01 1.808747850000000101e-01
5.361061484296902879e-01 1.808246787500000230e-01
5.371783607265496752e-01 1.807790774999999961e-01
5.382527174480027377e-01 1.807069475000000203e-01
5.393292228828987511e-01 1.805128830000000129e-01
5.404078813286645744e-01 1.799341550000000123e-01
5.414886970913218578e-01 1.782299462499999931e-01
5.425716744855044738e-01 1.790415512500000139e-01
5.436568178344756141e-01 1.783508625000000125e-01
5.447441314701444437e-01 1.779659040000000358e-01
5.458336197330847517e-01 1.774499025000000063e-01
5.469252869725509392e-01 1.773309050000000109e-01
5.480191375464960046e-01 1.770761425000000056e-01
5.491151758215888634e-01 1.768330660000000110e-01
5.502134061732321113e-01 1.765746125000000055e-01
5.513138329855785669e-01 1.762734512499999906e-01
5.524164606515497011e-01 1.759398424999999988e-01
5.535212935728528461e-01 1.755792774999999917e-01
5.546283361599984030e-01 1.751451920000000051e-01
5.557375928323184944e-01 1.746577324999999958e-01
5.568490680179830621e-01 1.742089949999999776e-01
5.579627661540189631e-01 1.737053349999999885e-01
5.590786916863270672e-01 1.731286575000000050e-01
5.601968490696997982e-01 1.723615619999999959e-01
5.613172427678392307e-01 1.714603387499999965e-01
5.624398772533748536e-01 1.706917837500000201e-01
5.635647570078816671e-01 1.699488600000000349e-01
5.646918865218973904e-01 1.692830450000000209e-01
5.658212702949412254e-01 1.686678259999999652e-01
5.669529128355310643e-01 1.680962212500000108e-01
5.680868186612021420e-01 1.675541212499999932e-01
5.692229922985245771e-01 1.665821062500000005e-01
5.703614382831215801e-01 1.665708024999999759e-01
5.715021611596877715e-01 1.659271490000000238e-01
5.726451654820071679e-01 1.647990387500000153e-01
5.737904558129711674e-01 1.650120375000000139e-01
5.749380367245970902e-01 1.647637825000000111e-01
5.760879127980462755e-01 1.644417537500000026e-01
5.772400886236424000e-01 1.645747449999999945e-01
5.783945688008896857e-01 1.645311862500000166e-01
5.795513579384914404e-01 1.646617187499999913e-01
5.807104606543684877e-01 1.649361575000000135e-01
5.818718815756771523e-01 1.653928474999999676e-01
5.830356253388285781e-01 1.656968910000000128e-01
5.842016965895062697e-01 1.658658325000000044e-01
5.853700999826851881e-01 1.661676712499999820e-01
5.865408401826505136e-01 1.664621349999999833e-01
5.877139218630158535e-01 1.668924999999999992e-01
5.888893497067417826e-01 1.647128729999999819e-01
5.900671284061553834e-01 1.627382012499999919e-01
5.912472626629676764e-01 1.663523074999999907e-01
5.924297571882934932e-01 1.656928175000000059e-01
5.936146167026701281e-01 1.640547030000000239e-01
5.948018459360754351e-01 1.573426462499999956e-01
5.959914496279475893e-01 1.645791200000000232e-01
5.971834325272035171e-01 1.639892562499999928e-01
5.983777993922578808e-01 1.631325387500000001e-01
5.995745549910425076e-01 1.629647900000000260e-01
6.007737041010245971e-01 1.626635387500000030e-01
6.019752515092265943e-01 1.628369712500000177e-01
6.031792020122450637e-01 1.627359174999999936e-01
6.043855604162695627e-01 1.627047762500000161e-01
6.055943315371020708e-01 1.628973950000000281e-01
6.068055202001763071e-01 1.631620412500000283e-01
6.080191312405766046e-01 1.634833324999999948e-01
6.092351695030577829e-01 1.638847025000000068e-01
6.104536398420639109e-01 1.642958200000000091e-01
6.116745471217479579e-01 1.647294790000000120e-01
6.128978962159914445e-01 1.651500324999999880e-01
6.141236920084234274e-01 1.654900349999999798e-01
6.153519393924402614e-01 1.657071499999999975e-01
6.165826432712251393e-01 1.658694637500000013e-01
6.178158085577676317e-01 1.660465979999999897e-01
6.190514401748832274e-01 1.662216024999999819e-01
6.202895430552329836e-01 1.663084249999999820e-01
6.215301221413433996e-01 1.663699725000000185e-01
6.227731823856261784e-01 1.664354050000000085e-01
6.240187287503973224e-01 1.664294359999999862e-01
6.252667662078981170e-01 1.662993662499999969e-01
6.265172997403138933e-01 1.662163749999999995e-01
6.277703343397945668e-01 1.503299074999999707e-01
6.290258750084741779e-01 1.651927300000000098e-01
6.302839267584912086e-01 1.658931200000000050e-01
6.315444946120081227e-01 1.650422200000000172e-01
6.328075836012321265e-01 1.673501137500000291e-01
6.340731987684345983e-01 1.679530462499999599e-01
6.353413451659715161e-01 1.686108909999999850e-01
6.366120278563034418e-01 1.691918674999999816e-01
6.378852519120159492e-01 1.696644399999999997e-01
6.391610224158400522e-01 1.700495787500000133e-01
6.404393444606717445e-01 1.706623899999999971e-01
6.417202231495930942e-01 1.711157910000000171e-01
6.430036635958922275e-01 1.714890737499999984e-01
6.442896709230840901e-01 1.717244674999999776e-01
6.455782502649303201e-01 1.721273887500000266e-01
6.468694067654601199e-01 1.722111312499999825e-01
6.481631455789910179e-01 1.707502149999999830e-01
6.494594718701489633e-01 1.710927100000000090e-01
6.507583908138891982e-01 1.724347562500000153e-01
6.520599075955170187e-01 1.723198037499999724e-01
6.533640274107079815e-01 1.725801124999999936e-01
6.546707554655294414e-01 1.734905270000000055e-01
6.559800969764604250e-01 1.685853625000000022e-01
6.572920571704133907e-01 1.740465674999999990e-01
6.586066412847542129e-01 1.738539862499999811e-01
6.599238545673237200e-01 1.745142137500000079e-01
6.612437022764583450e-01 1.747182130000000111e-01
6.625661896810113305e-01 1.748202925000000019e-01
6.638913220603732679e-01 1.750820999999999905e-01
6.652191047044940797e-01 1.753260574999999932e-01
6.665495429139030037e-01 1.755987212500000061e-01
6.678826419997307973e-01 1.759179130000000091e-01
6.692184072837303876e-01 1.761876262500000068e-01
6.705568440982978551e-01 1.763795575000000060e-01
6.718979577864944153e-01 1.765554337499999904e-01
6.732417537020674025e-01 1.766634200000000154e-01
6.745882372094715862e-01 1.767846279999999992e-01
6.759374136838904867e-01 1.769424412499999710e-01
6.772892885112582473e-01 1.771307187500000269e-01
6.786438670882807278e-01 1.773282487499999727e-01
6.800011548224572655e-01 1.775520680000000073e-01
6.813611571321021021e-01 1.777171099999999837e-01
6.827238794463663663e-01 1.778179625000000097e-01
6.840893272052590568e-01 1.778796600000000228e-01
6.854575058596696913e-01 1.778980137500000003e-01
6.868284208713890671e-01 1.408193285200000089e-01
6.882020777131317990e-01 1.677848562500000029e-01
6.895784818685580797e-01 1.271534555375000153e-01
6.909576388322952178e-01 1.730574287499999919e-01
6.923395541099597317e-01 1.478235947500000091e-01
6.937242332181796645e-01 1.741139389999999676e-01
6.951116816846160118e-01 1.783386150000000059e-01
6.965019050479852591e-01 1.786392625000000067e-01
6.978949088580812532e-01 1.757720050000000089e-01
6.992906986757974064e-01 1.781688612499999769e-01
7.006892800731490123e-01 1.768943209999999655e-01
7.020906586332953392e-01 1.789349299999999920e-01
7.034948399505618344e-01 1.793799187500000059e-01
7.049018296304629949e-01 1.769056737499999921e-01
7.063116332897239058e-01 1.794443287499999928e-01
7.077242565563033327e-01 1.790511259999999771e-01
7.091397050694159265e-01 1.796285075000000064e-01
7.105579844795547606e-01 1.789604224999999937e-01
7.119791004485138686e-01 1.792622799999999961e-01
7.134030586494108928e-01 1.794294237499999833e-01
7.148298647667097327e-01 1.788096930000000195e-01
7.162595244962430829e-01 1.770827587499999856e-01
7.176920435452356362e-01 1.670838948749999997e-01
7.191274276323260661e-01 1.639524962499999960e-01
7.205656824875906752e-01 1.573724341249999881e-01
7.220068138525659318e-01 1.785273300000000396e-01
7.234508274802710082e-01 1.733526112500000105e-01
7.248977291352315389e-01 1.672599824999999873e-01
7.263475245935020475e-01 1.731603387500000035e-01
7.278002196426889281e-01 1.488242344999999855e-01
7.292558200819743153e-01 1.735070410000000285e-01
7.307143317221382883e-01 1.641544359999999869e-01
7.321757603855825192e-01 1.744929612499999949e-01
7.336401119063536980e-01 1.747286624999999927e-01
7.351073921301664038e-01 1.775377080000000163e-01
7.365776069144267524e-01 1.799803999999999848e-01
7.380507621282555997e-01 1.800464600000000193e-01
7.395268636525120787e-01 1.792389524999999928e-01
7.410059173798171361e-01 1.803104400000000163e-01
7.424879292145767362e-01 1.802891709999999981e-01
7.439729050730057303e-01 1.792456849999999879e-01
7.454608508831517266e-01 1.797256962500000110e-01
7.469517725849180723e-01 1.800972549999999839e-01
7.484456761300879446e-01 1.800604974999999996e-01
7.499425674823481103e-01 1.798961370000000115e-01
7.514424526173126839e-01 1.802489962500000154e-01
7.529453375225474421e-01 1.803693225000000122e-01
7.544512281975925827e-01 1.805752850000000020e-01
7.559601306539878163e-01 1.806656899999999899e-01
7.574720509152956804e-01 1.807367860000000104e-01
7.589869950171262980e-01 1.740965562500000063e-01
7.605049690071605806e-01 7.160681299999999139e-02
7.620259789451748755e-01 5.996030649999999768e-02
7.635500309030651689e-01 9.274028687500000812e-02
7.650771309648712881e-01 1.388836498999999891e-01
7.666072852268009941e-01 1.450283092499999871e-01
7.681404997972545168e-01 1.687564987499999836e-01
7.696767807968490915e-01 1.802326474999999817e-01
7.712161343584428286e-01 1.806736787499999830e-01
7.727585666271596931e-01 1.806009530000000085e-01
7.743040837604140414e-01 1.803008012500000312e-01
7.758526919279349343e-01 1.803867400000000176e-01
7.774043973117907846e-01 1.802203687500000262e-01
7.789592061064143369e-01 1.800576050000000095e-01
7.805171245186270923e-01 1.799094440000000017e-01
7.820781587676643998e-01 1.800733437500000034e-01
7.836423150851996589e-01 1.800881487499999822e-01
7.852095997153700768e-01 1.802282637500000062e-01
7.867800189148008716e-01 1.795454880000000031e-01
7.883535789526303628e-01 1.803238412500000332e-01
7.899302861105357287e-01 1.768144775000000113e-01
7.915101466827567656e-01 1.799892949999999936e-01
7.930931669761223102e-01 1.805877812500000235e-01
7.946793533100744433e-01 1.807441810000000038e-01
7.962687120166946908e-01 1.786379474999999772e-01
7.978612494407281153e-01 1.796214400000000211e-01
7.994569719396096286e-01 1.792258724999999941e-01
8.010558858834887497e-01 1.796664974999999942e-01
8.026579976552556950e-01 1.740013399000000238e-01
8.042633136505661362e-01 1.781845799999999813e-01
8.058718402778672907e-01 1.803238074999999885e-01
8.074835839584230124e-01 1.800793312500000021e-01
8.090985511263398822e-01 1.797458087499999857e-01
8.107167482285926319e-01 1.791753389999999890e-01
8.123381817250497905e-01 1.795932412500000075e-01
8.139628580884998854e-01 1.742180800000000251e-01
8.155907838046769776e-01 1.768482287500000028e-01
8.172219653722863075e-01 1.762149174999999846e-01
8.188564093030309410e-01 1.522382515200000064e-01
8.204941221216369707e-01 1.654165926249999974e-01
8.221351103658802728e-01 1.757308175000000250e-01
8.237793805866120422e-01 1.764565012500000085e-01
8.254269393477852157e-01 1.480083535625000002e-01
8.270777932264807841e-01 1.750140380000000107e-01
8.287319488129337719e-01 1.591011098749999797e-01
8.303894127105596601e-01 1.775583437500000139e-01
8.320501915359808098e-01 1.776553537499999946e-01
8.337142919190527746e-01 1.775899837499999856e-01
8.353817205028908344e-01 1.798734139999999815e-01
8.370524839438966413e-01 1.797461299999999762e-01
8.387265889117843098e-01 1.801358212499999945e-01
8.404040420896079500e-01 1.797130500000000131e-01
8.420848501737872027e-01 1.800749524999999962e-01
8.437690198741347736e-01 1.796833480000000205e-01
8.454565579138830778e-01 1.804101112500000048e-01
8.471474710297107746e-01 1.803927237499999836e-01
8.488417659717701902e-01 1.801918674999999914e-01
8.505394495037137403e-01 1.799205190000000010e-01
8.522405284027212424e-01 1.789672475000000096e-01
8.539450094595266716e-01 1.794842249999999972e-01
8.556528994784455833e-01 1.797860662500000151e-01
8.573642052774025357e-01 1.799288537500000063e-01
8.590789336879574023e-01 1.799984189999999928e-01
8.607970915553332381e-01 1.801462087500000087e-01
8.625186857384439243e-01 1.802244775000000077e-01
8.642437231099207029e-01 1.803382487500000131e-01
8.659722105561405980e-01 1.803520212499999942e-01
8.677041549772528395e-01 1.803827110000000289e-01
8.694395632872073953e-01 1.803421987499999879e-01
8.711784424137818394e-01 1.802841500000000041e-01
8.729207992986094400e-01 1.803999537500000083e-01
8.746666408972065820e-01 1.804173087499999772e-01
8.764159741790010782e-01 1.804109120000000066e-01
8.781688061273591472e-01 1.804721124999999760e-01
8.799251437396138353e-01 1.799262387499999949e-01
8.816849940270929942e-01 1.790850200000000114e-01
8.834483640151471473e-01 1.795710325000000052e-01
8.852152607431775788e-01 1.797319920000000071e-01
8.869856912646638669e-01 1.789903025000000036e-01
8.887596626471931938e-01 1.791725524999999708e-01
8.905371819724876570e-01 1.796296712500000115e-01
8.923182563364325803e-01 1.793308124999999920e-01
8.941028928491054906e-01 1.679143087000000145e-01
8.958910986348036509e-01 1.760831324999999892e-01
8.976828808320732600e-01 1.727032212500000108e-01
8.994782465937374294e-01 1.735868799999999990e-01
9.012772030869248274e-01 1.755504650000000166e-01
9.030797574930986560e-01 1.757312070000000004e-01
9.048859170080848502e-01 1.778861637499999926e-01
9.066956888421009442e-01 1.755163274999999856e-01
9.085090802197851589e-01 1.703068358750000066e-01
9.103260983802247130e-01 1.492159976999999915e-01
9.121467505769851325e-01 1.696142187499999898e-01
9.139710440781392276e-01 1.625609281250000038e-01
9.157989861662954034e-01 1.449185921274999955e-01
9.176305841386280804e-01 1.684678662499999868e-01
9.194658453069053383e-01 1.746054090000000170e-01
9.213047769975191148e-01 1.701103924999999850e-01
9.231473865515140709e-01 1.785268299999999975e-01
9.249936813246171230e-01 1.652672012499999954e-01
9.268436686872664199e-01 1.758478125000000059e-01
9.286973560246409853e-01 1.640253087999999915e-01
9.305547507366902504e-01 1.657490433749999881e-01
9.324158602381635852e-01 1.507286274999999898e-01
9.342806919586399417e-01 1.300940543750000178e-01
9.361492533425572748e-01 1.588738470000000125e-01
9.380215518492422966e-01 7.874724699399998640e-02
9.398975949529408958e-01 1.456139001250000009e-01
9.417773901428466710e-01 1.175519231875000042e-01
9.436609449231323499e-01 1.010214424624999857e-01
9.455482668129786550e-01 1.430840896749999980e-01
9.474393633466045017e-01 1.546574292999999822e-01
9.493342420732977516e-01 1.217890200749999902e-01
9.512329105574443000e-01 1.416060374499999996e-01
9.531353763785591626e-01 1.608968607500000092e-01
9.550416471313163402e-01 1.180991927875000014e-01
9.569517304255790169e-01 1.201029222699999954e-01
9.588656338864300910e-01 1.483484136249999807e-01
9.607833651542030395e-01 1.643836794999999906e-01
9.627049318845114501e-01 1.456913116250000140e-01
9.646303417482804399e-01 1.691125512499999928e-01
9.665596024317769652e-01 1.599193017000000161e-01
9.684927216366405744e-01 1.634487291249999974e-01
9.704297070799138281e-01 1.681902287500000037e-01
9.723705664940736071e-01 1.726127362499999818e-01
9.743153076270618662e-01 1.591854289399999844e-01
9.762639382423159429e-01 1.649245112500000165e-01
9.782164661188006427e-01 1.662274588749999837e-01
9.801728990510382156e-01 1.726903112500000059e-01
9.821332448491403300e-01 1.735999837499999920e-01
9.840975113388386042e-01 1.755594439999999812e-01
9.860657063615162476e-01 1.744260300000000097e-01
9.880378377742392582e-01 1.758506337499999850e-01
9.900139134497877302e-01 1.749990550000000145e-01
9.919939412766873854e-01 1.752687124999999790e-01
9.939779291592407695e-01 1.762029020000000223e-01
9.959658850175592271e-01 1.764418487499999910e-01
9.979578167875942096e-01 1.766634649999999918e-01
9.999537324211694722e-01 1.766496762499999984e-01
1.001953639886011826e+00 1.766200887499999872e-01
1.003957547165783781e+00 1.756296089999999643e-01
1.005965462260115295e+00 1.770662787500000002e-01
1.007977393184635417e+00 1.771264999999999645e-01
1.009993347971004818e+00 1.767304450000000138e-01
1.012013334666946873e+00 1.772523587500000053e-01
1.014037361336280751e+00 1.774341549999999823e-01
1.016065436058953164e+00 1.776362987499999768e-01
1.018097566931071229e+00 1.778415162499999980e-01
1.020133762064933336e+00 1.764002575000000184e-01
1.022174029589063338e+00 1.777129187500000040e-01
1.024218377648241418e+00 1.783061720000000128e-01
1.026266814403537841e+00 1.784424600000000249e-01
1.028319348032344926e+00 1.783302437500000059e-01
1.030375986728409687e+00 1.785300125000000016e-01
1.032436738701866474e+00 1.786562787500000082e-01
1.034501612179270502e+00 1.788182010000000099e-01
1.036570615403628937e+00 1.789504974999999998e-01
1.038643756634436199e+00 1.789776349999999960e-01
1.040721044147705054e+00 1.789450050000000181e-01
1.042802486236000359e+00 1.789874562500000099e-01
1.044888091208472591e+00 1.790383420000000170e-01
1.046977867390889383e+00 1.790651625000000136e-01
1.049071823125671266e+00 1.790405525000000331e-01
1.051169966771922537e+00 1.791234650000000372e-01
1.053272306705466566e+00 1.792320790000000164e-01
1.055378851318877320e+00 1.792366062500000135e-01
1.057489609021515342e+00 1.792247337500000037e-01
1.059604588239558165e+00 1.791326274999999746e-01
1.061723797416037396e+00 1.791510962500000304e-01
1.063847245010869358e+00 1.791113670000000213e-01
1.065974939500891061e+00 1.762194062499999880e-01
1.068106889379893065e+00 1.790952712499999655e-01
1.070243103158652787e+00 1.785482062500000078e-01
1.072383589364970025e+00 1.792871225000000068e-01
1.074528356543700047e+00 1.793515980000000010e-01
1.076677413256787563e+00 1.791494925000000071e-01
1.078830768083300917e+00 1.794144687499999724e-01
1.080988429619467617e+00 1.787373674999999940e-01
1.083150406478706529e+00 1.793750137500000064e-01
1.085316707291664073e+00 1.769629809999999914e-01
1.087487340706247529e+00 1.793305487500000128e-01
1.089662315387660119e+00 1.782982662500000037e-01
1.091841640018435422e+00 1.744805637499999840e-01
1.094025323298472241e+00 1.789374374999999906e-01
1.096213373945069236e+00 1.784701609999999605e-01
1.098405800692959566e+00 1.781204662499999980e-01
1.100602612294345528e+00 1.767348037500000302e-01
1.102803817518934082e+00 1.731088550000000059e-01
1.105009425153971936e+00 1.743983562499999973e-01
1.107219444004279962e+00 1.694193740000000115e-01
1.109433882892288503e+00 1.527749717500000159e-01
1.111652750658073119e+00 1.724481437500000047e-01
1.113876056159389227e+00 1.433072679374999825e-01
1.116103808271708075e+00 1.129352390161249831e-01
1.118336015888251378e+00 1.353333190199999814e-01
1.120572687920027732e+00 1.123100669301250049e-01
1.122813833295867925e+00 9.649489644999999227e-02
1.125059460962459568e+00 1.223657539837499919e-01
1.127309579884384405e+00 7.033763067999999896e-02
1.129564199044153394e+00 1.220891862875000122e-01
1.131823327442241567e+00 1.650084525000000135e-01
1.134086974097126221e+00 7.809968627499999649e-02
1.136355148045320451e+00 1.413114469750000046e-01
1.138627858341410892e+00 1.482120521999999996e-01
1.140905114058093694e+00 1.394675234874999947e-01
1.143186924286210049e+00 1.526446389999999986e-01
1.145473298134782603e+00 1.563593976250000073e-01
1.147764244731052097e+00 1.360229305875000072e-01
1.150059773220514225e+00 1.457491289000000245e-01
1.152359892766955163e+00 1.449207339999999955e-01
1.154664612552489089e+00 1.229289145375000031e-01
1.156973941777594161e+00 1.549857779999999907e-01
1.159287889661149373e+00 1.662519849999999910e-01
1.161606465440471636e+00 1.646697840000000135e-01
1.163929678371352416e+00 1.365615502124999936e-01
1.166257537728095262e+00 1.643548062499999851e-01
1.168590052803551327e+00 1.626841849999999812e-01
1.170927232909158455e+00 1.619878387500000017e-01
1.173269087374976705e+00 1.671087320000000098e-01
1.175615625549726762e+00 1.661005300000000240e-01
1.177966856800826134e+00 1.589738431249999862e-01
1.180322790514427789e+00 1.692879225000000210e-01
1.182683436095456564e+00 1.515814457250000136e-01
1.185048802967647585e+00 1.586650007999999834e-01
1.187418900573582903e+00 1.567860273749999978e-01
1.189793738374729903e+00 1.678962300000000352e-01
1.192173325851479504e+00 1.669675575000000023e-01
1.194557672503182344e+00 1.529651343124999729e-01
1.196946787848188531e+00 1.564749473999999807e-01
1.199340681423884947e+00 1.588177070000000024e-01
1.201739362786732546e+00 1.621231437500000039e-01
1.204142841512306106e+00 1.484328459250000287e-01
1.206551127195330864e+00 1.680376749999999975e-01
1.208964229449721373e+00 1.690796800000000100e-01
1.211382157908620805e+00 1.668752337499999905e-01
1.213804922224438254e+00 1.680438575000000045e-01
1.216232532068886929e+00 1.686124775000000242e-01
1.218664997133024785e+00 1.672978189999999865e-01
1.221102327127290721e+00 1.518441887499999976e-01
1.223544531781545430e+00 1.672942349999999856e-01
1.225991620845108487e+00 1.702819275000000132e-01
1.228443604086798757e+00 1.702808525000000239e-01
1.230900491294972365e+00 1.701005899999999960e-01
1.233362292277562222e+00 1.702875500000000097e-01
1.235829016862117324e+00 1.709122050000000392e-01
1.238300674895841613e+00 1.710404499999999828e-01
1.240777276245633054e+00 1.711004274999999852e-01
1.243258830798124492e+00 1.712677759999999827e-01
1.245745348459720736e+00 1.713083987500000349e-01
1.248236839156640077e+00 1.713288749999999916e-01
1.250733312834953370e+00 1.713642462499999908e-01
1.253234779460623338e+00 1.713145487500000175e-01
1.255741249019544536e+00 1.710609029999999864e-01
1.258252731517583545e+00 1.709147075000000127e-01
1.260769236980618713e+00 1.673705862500000086e-01
1.263290775454580128e+00 1.671710899999999944e-01
1.265817357005489141e+00 1.625861925000000041e-01
1.268348991719500107e+00 1.098407863860000055e-01
1.270885689702939025e+00 1.508593287500000213e-01
1.273427461082345058e+00 1.653507937500000025e-01
1.275974316004509834e+00 1.705049124999999943e-01
1.278526264636518750e+00 1.698632237500000142e-01
1.281083317165791824e+00 1.672076569999999818e-01
1.283645483800123444e+00 1.710762049999999812e-01
1.286212774767723666e+00 1.709808150000000082e-01
1.288785200317259072e+00 1.704002374999999958e-01
1.291362770717893405e+00 1.701918762499999849e-01
1.293945496259329087e+00 1.695866169999999951e-01
1.296533387251847858e+00 1.667959562499999882e-01
1.299126454026351407e+00 1.687545337499999909e-01
1.301724706934404230e+00 1.650109087499999905e-01
1.304328156348272927e+00 1.669797350000000180e-01
1.306936812660969505e+00 1.456713085374999883e-01
1.309550686286291565e+00 1.486584500375000006e-01
1.312169787658864273e+00 1.656724412500000243e-01
1.314794127234181875e+00 1.223383379182499953e-01
1.317423715488650338e+00 1.598723629999999896e-01
1.320058562919627532e+00 1.517788962499999894e-01
1.322698680045466757e+00 1.577167424999999790e-01
1.325344077405557819e+00 1.557957937500000223e-01
1.327994765560368773e+00 1.448019344625000038e-01
1.330650755091489668e+00 1.172668558500000041e-01
1.333312056601672513e+00 1.212300100212500009e-01
1.335978680714875910e+00 1.465977918749999942e-01
1.338650638076305466e+00 1.478211918749999798e-01
1.341327939352458198e+00 1.392090636249999902e-01
1.344010595231163174e+00 1.068671004839999994e-01
1.346698616421625472e+00 7.527844996874999417e-02
1.349392013654468592e+00 6.899674190475001134e-02
1.352090797681777534e+00 9.887330662499999034e-02
1.354794979277141209e+00 6.141766304999999454e-02
1.357504569235695513e+00 6.449925479500000225e-02
1.360219578374167071e+00 4.652991207937499929e-02
1.362940017530915426e+00 5.504503170250000382e-02
1.365665897565977005e+00 6.262573468375000341e-02
1.368397229361109080e+00 2.792582437962499997e-02
1.371134023819831294e+00 2.304814448399999938e-02
1.373876291867470956e+00 4.050304996353749909e-02
1.376624044451205897e+00 6.655763667010000662e-02
1.379377292540108435e+00 4.739742651750000063e-02
1.382136047125188671e+00 3.941885843125000205e-02
1.384900319219438902e+00 4.834338004299999769e-02
1.387670119857877804e+00 6.629936622299999194e-02
1.390445460097593511e+00 7.359842307625000246e-02
1.393226351017788911e+00 4.903391483499999759e-02
1.396012803719824280e+00 3.708658489000000308e-02
1.398804829327263910e+00 3.481172858025000094e-02
1.401602438985918520e+00 3.666621161537499812e-02
1.404405643863890329e+00 4.604319031624999614e-02
1.407214455151617916e+00 4.633400348112499262e-02
1.410028884061921284e+00 5.568750371999998949e-02
1.412848941830045169e+00 4.873850375750000269e-02
1.415674639713705218e+00 4.199560236386250256e-02
1.418505988993132627e+00 4.228118532374999794e-02
1.421343000971118986e+00 5.622105175000000760e-02
1.424185686973061138e+00 5.196532811999999418e-02
1.427034058347007139e+00 5.449581975875000123e-02
1.429888126463701337e+00 5.748758797499999712e-02
1.432747902716628552e+00 3.127150145899999789e-02
1.435613398522062045e+00 4.652217393000000062e-02
1.438484625319106147e+00 4.730117702799999796e-02
1.441361594569744220e+00 5.439796118749999632e-02
1.444244317758883733e+00 6.198243773750000685e-02
1.447132806394401561e+00 6.006487791250000180e-02
1.450027072007190387e+00 4.880472916250000459e-02
1.452927126151204895e+00 5.076588802899999198e-02
1.455832980403507282e+00 5.961765595000000084e-02
1.458744646364314335e+00 5.400699087500000078e-02
1.461662135657042949e+00 5.491349655000000302e-02
1.464585459928356981e+00 5.248235982499999813e-02
1.467514630848213653e+00 6.233882232799999035e-02
1.470449660109910184e+00 5.110245937750000633e-02
1.473390559430129976e+00 4.653278671250000997e-02
1.476337340548990129e+00 6.859784602500000605e-02
1.479290015230088073e+00 6.243874323625000361e-02
1.482248595260548196e+00 7.220007931999999906e-02
1.485213092451069361e+00 7.551435406249999704e-02
1.488183518635971314e+00 7.940402424999999653e-02
1.491159885673243313e+00 7.522935391500001900e-02
1.494142205444589644e+00 7.721153474749999079e-02
1.497130489855478697e+00 9.030478000000000116e-02
1.500124750835189813e+00 9.170323000000001057e-02
1.503125000336860140e+00 8.804650767500001030e-02
1.506131250337534144e+00 9.756191499999998518e-02
1.509143512838209134e+00 9.932870399999998989e-02
1.512161799863885658e+00 9.724586687500000326e-02
1.515186123463613477e+00 1.018735537499999844e-01
1.518216495710540626e+00 1.055248937499999873e-01
1.521252928701961604e+00 1.071050687500000043e-01
1.524295434559365781e+00 1.070617220000000119e-01
1.527344025428484464e+00 1.097000912500000064e-01
1.530398713479341533e+00 1.116704337500000060e-01
1.533459510906300283e+00 1.112428674999999950e-01
1.536526429928112947e+00 1.138534612499999960e-01
1.539599482787969098e+00 1.132924589999999981e-01
1.542678681753545167e+00 1.163166274999999916e-01
1.545764039117052402e+00 1.175945837500000091e-01
1.548855567195286387e+00 1.189403475000000016e-01
1.551953278329677000e+00 1.198198662500000039e-01
1.555057184886336374e+00 1.211374989999999957e-01
1.558167299256108862e+00 1.221464187499999993e-01
1.561283633854621211e+00 1.232153462500000102e-01
1.564406201122330309e+00 1.241607562500000039e-01
1.567535013524575138e+00 1.246154512499999950e-01
1.570670083551624074e+00 1.158792410000000078e-01
1.573811423718727287e+00 1.111580275000000062e-01
1.576959046566164702e+00 1.179322175000000195e-01
1.580112964659297070e+00 1.262054925000000161e-01
1.583273190588615709e+00 1.288575912500000142e-01
1.586439736969792680e+00 1.283644999999999925e-01
1.589612616443732307e+00 1.306484974999999882e-01
1.592791841676620024e+00 1.302500937500000178e-01
1.595977425359973001e+00 1.320976100000000042e-01
1.599169380210692992e+00 1.317730812500000070e-01
1.602367718971114297e+00 1.249697599999999992e-01
1.605572454409056604e+00 1.283292762499999851e-01
1.608783599317874735e+00 1.310549612499999905e-01
1.612001166516510375e+00 1.332845062499999900e-01
1.615225168849543369e+00 1.361666039999999966e-01
1.618455619187242345e+00 1.368960599999999861e-01
1.621692530425617118e+00 1.374873437499999906e-01
1.624935915486468208e+00 1.377005787499999967e-01
1.628185787317441235e+00 1.384255300000000188e-01
1.631442158892076222e+00 1.366071130000000022e-01
1.634705043209860431e+00 1.381136125000000103e-01
1.637974453296279886e+00 1.359116487500000026e-01
1.641250402202872660e+00 1.320586049999999956e-01
1.644532903007278390e+00 1.311727762499999839e-01
1.647821968813293125e+00 1.387312719999999888e-01
1.651117612750919506e+00 1.198491900000000082e-01
1.654419847976421387e+00 1.385125062500000004e-01
1.657728687672374246e+00 1.400249875000000033e-01
1.661044145047719134e+00 1.415823162500000065e-01
1.664366233337814638e+00 1.253291961999999926e-01
1.667694965804490170e+00 1.408555599999999908e-01
1.671030355736099260e+00 1.421238750000000106e-01
1.674372416447571510e+00 1.393276749999999842e-01
1.677721161280466333e+00 1.413061224999999921e-01
1.681076603603027353e+00 1.411333979999999932e-01
1.684438756810233473e+00 1.420341737500000201e-01
1.687807634323853945e+00 1.415703062499999998e-01
1.691183249592501658e+00 1.367078362500000199e-01
1.694565616091686655e+00 1.417119599999999979e-01
1.697954747323870084e+00 1.413684070000000015e-01
1.701350656818517715e+00 1.377921624999999817e-01
1.704753358132154784e+00 1.390701049999999994e-01
1.708162864848419282e+00 1.358037699999999903e-01
1.711579190578115917e+00 1.398151324999999945e-01
1.715002348959272283e+00 1.386560059999999983e-01
1.718432353657190825e+00 1.355085737499999998e-01
1.721869218364505016e+00 1.308242503750000063e-01
1.725312956801233977e+00 1.366684887500000112e-01
1.728763582714836655e+00 1.299991437499999902e-01
1.732221109880266230e+00 1.355480269999999876e-01
1.735685552100026730e+00 1.347718562499999884e-01
1.739156923204226768e+00 1.339944275000000129e-01
1.742635237050635277e+00 1.292721064999999836e-01
1.746120507524736576e+00 1.275785088999999983e-01
1.749612748539786100e+00 1.329420412500000037e-01
1.753111974036865472e+00 1.319742062500000035e-01
1.756618197984939123e+00 1.288230287499999849e-01
1.760131434380908910e+00 1.299082312500000058e-01
1.763651697249670747e+00 1.277249629999999969e-01
1.767179000644169884e+00 1.257632558750000074e-01
1.770713358645458202e+00 1.275534375000000054e-01
1.774254785362749054e+00 1.227055199999999985e-01
1.777803294933474554e+00 9.017069503374999795e-02
1.781358901523341753e+00 1.190699448499999979e-01
1.784921619326388376e+00 1.018286638525000010e-01
1.788491462565041212e+00 1.228766662500000023e-01
1.792068445490171413e+00 1.064430633750000077e-01
1.795652582381151552e+00 1.192691624999999978e-01
1.799243887545913800e+00 1.061381048000000077e-01
1.802842375321005663e+00 9.828403147500000547e-02
1.806448060071647710e+00 9.733473100250000787e-02
1.810060956191791082e+00 7.476095044500000175e-02
1.813681078104174560e+00 6.384170684350000402e-02
1.817308440260382962e+00 5.741095432463000359e-02
1.820943057140903765e+00 4.343944771874999611e-02
1.824584943255185721e+00 8.981522607250000401e-02
1.828234113141696149e+00 8.044715069249999684e-02
1.831890581367979554e+00 3.375464270612500012e-02
1.835554362530715355e+00 4.990005758700000182e-02
1.839225471255776734e+00 3.615152415274999753e-02
1.842903922198288136e+00 3.594480525350000205e-02
1.846589730042684785e+00 4.710130312625000065e-02
1.850282909502769968e+00 3.607326818037499827e-02
1.853983475321775654e+00 4.472663893710000088e-02
1.857691442272419113e+00 3.985799352949999375e-02
1.861406825156963984e+00 3.511202945604999237e-02
1.865129638807277779e+00 4.257054622525000692e-02
1.868859898084892279e+00 1.846547561099999915e-02
1.872597617881062160e+00 1.824674019499999966e-02
1.876342813116824271e+00 2.770721586774999717e-02
1.880095498743057814e+00 2.990298038875000008e-02
1.883855689740544070e+00 3.300797910762499898e-02
1.887623401120025246e+00 3.349122453399999699e-02
1.891398647922265308e+00 1.391954403187499814e-02
1.895181445218109717e+00 2.203568338037500268e-02
1.898971808108545822e+00 1.895843743999999984e-02
1.902769751724763037e+00 2.354445194462500071e-02
1.906575291228212565e+00 1.925621311098900043e-02
1.910388441810669136e+00 2.381229089500000104e-02
1.914209218694290282e+00 1.787080709499999989e-02
1.918037637131678963e+00 2.512807343375000196e-02
1.921873712405942403e+00 2.164384969375000162e-02
1.925717459830754041e+00 2.109426174979999943e-02
1.929568894750415708e+00 1.280443518950000019e-02
1.933428032539916241e+00 2.103732535749999744e-02
1.937294888604996324e+00 2.273316883749999795e-02
1.941169478382206215e+00 2.549115269124999777e-02
1.945051817338970590e+00 2.461851677000000127e-02
1.948941920973648489e+00 2.568549637500000191e-02
1.952839804815595715e+00 2.262784091249999893e-02
1.956745484425226778e+00 1.207191897962500010e-02
1.960658975394077297e+00 2.212016520250000007e-02
1.964580293344865503e+00 2.000694259749999718e-02
1.968509453931555075e+00 1.530697627562500017e-02
1.972446472839417986e+00 3.146067587500000345e-02
1.976391365785096887e+00 3.800612374999999543e-02
1.980344148516667069e+00 3.604494071250000098e-02
1.984304836813700401e+00 4.023809440000000043e-02
1.988273446487327956e+00 3.956772138749999751e-02
1.992249993380302620e+00 4.495969000000000354e-02
1.996234493367063045e+00 4.176755787499999983e-02
2.000226962353797155e+00 2.257878219599999958e-02
