2.002000000000000168e-01 1.305912979999999946e-02
2.006004000000000120e-01 1.786490999999999774e-02
2.010016008000000132e-01 1.374685750000000095e-02
2.014036040016000118e-01 1.930001500000000023e-02
2.018064112096032425e-01 1.886114800000000119e-02
2.022100240320224285e-01 2.062923000000000187e-02
2.026144440800864976e-01 2.175162875000000162e-02
2.030196729682466894e-01 2.125321250000000023e-02
2.034257123141831602e-01 2.065379875000000059e-02
2.038325637388115341e-01 2.000134400000000423e-02
2.042402288662891752e-01 1.937682624999999964e-02
2.046487093240217381e-01 1.884509499999999921e-02
2.050580067426697739e-01 1.842360374999999981e-02
2.054681227561551138e-01 1.833842874999999997e-02
2.058790590016674471e-01 1.826097299999999979e-02
2.062908171196707885e-01 1.810378249999999856e-02
2.067033987539101392e-01 1.793254874999999915e-02
2.071168055514179263e-01 1.778798624999999856e-02
2.075310391625207751e-01 1.767636499999999944e-02
2.079461012408458098e-01 1.753611000000000059e-02
2.083619934433275089e-01 1.739102874999999895e-02
2.087787174302141446e-01 1.726162250000000398e-02
2.091962748650745829e-01 1.712976999999999903e-02
2.096146674148047229e-01 1.697539999999999813e-02
2.100338967496343523e-01 1.678280399999999839e-02
2.104539645431336148e-01 1.665142000000000011e-02
2.108748724722198931e-01 1.654223625000000170e-02
2.112966222171643316e-01 1.639530000000000154e-02
2.117192154615986643e-01 1.622185124999999881e-02
2.121426538925218486e-01 1.597437600000000194e-02
2.125669392003068925e-01 1.571161624999999756e-02
2.129920730787074890e-01 1.548236625000000075e-02
2.134180572248648988e-01 1.526180249999999940e-02
2.138448933393146401e-01 1.504379125000000067e-02
2.142725831259932878e-01 1.474016000000000215e-02
2.147011282922452469e-01 1.441594625000000053e-02
2.151305305488297459e-01 1.415723749999999934e-02
2.155607916099274157e-01 1.394626375000000001e-02
2.159919131931472558e-01 1.371244500000000019e-02
2.164238970195335454e-01 1.343809750000000101e-02
2.168567448135726161e-01 1.317042874999999925e-02
2.172904583031997627e-01 1.291990375000000128e-02
2.177250392198061546e-01 1.268024124999999995e-02
2.181604892982457744e-01 1.241515299999999822e-02
2.185968102768422461e-01 1.214338250000000091e-02
2.190340038973959125e-01 1.186229125000000037e-02
2.194720719051907187e-01 1.156627249999999871e-02
2.199110160490010957e-01 1.127885374999999975e-02
2.203508380810991207e-01 1.097386700000000000e-02
2.207915397572613181e-01 1.068202000000000040e-02
2.212331228367758196e-01 1.039526875000000052e-02
2.216755890824493869e-01 1.009439575000000040e-02
2.221189402606142949e-01 9.808541375000000284e-03
2.225631781411355203e-01 9.508782399999998747e-03
2.230083044974177642e-01 9.222878250000000194e-03
2.234543211064126123e-01 8.979172875000000081e-03
2.239012297486254466e-01 8.717536875000000962e-03
2.243490322081226895e-01 8.462202749999999871e-03
2.247977302725389648e-01 8.188020899999998853e-03
2.252473257330840362e-01 7.929166625000001051e-03
2.256978203845501907e-01 7.711038499999999657e-03
2.261492160253192885e-01 7.490718999999999850e-03
2.266015144573699513e-01 7.259394750000000215e-03
2.270547174862846962e-01 7.010513900000001075e-03
2.275088269212572623e-01 6.770569000000000587e-03
2.279638445750997722e-01 6.566083999999999810e-03
2.284197722642499762e-01 6.361694625000000741e-03
2.288766118087784962e-01 6.148055500000000964e-03
2.293343650323960425e-01 5.915051299999999831e-03
2.297930337624608521e-01 5.697947749999999686e-03
2.302526198299857663e-01 5.461872624999999232e-03
2.307131250696457525e-01 5.336111499999999022e-03
2.311745513197850377e-01 5.156168500000000640e-03
2.316369004224245742e-01 4.999345000000000525e-03
2.321001742232694509e-01 4.844890375000000804e-03
2.325643745717159705e-01 4.686936374999999856e-03
2.330295033208594213e-01 4.532329124999999806e-03
2.334955623275011272e-01 4.390499400000000101e-03
2.339625534521561634e-01 4.268278749999999955e-03
2.344304785590604623e-01 4.123578875000000546e-03
2.348993395161785847e-01 3.996453500000000242e-03
2.353691381952109363e-01 3.911587749999999829e-03
2.358398764716013452e-01 3.776750900000000466e-03
2.363115562245445278e-01 3.633625875000000109e-03
2.367841793369936387e-01 3.545978249999999846e-03
2.372577476956675979e-01 3.438703499999999722e-03
2.377322631910589457e-01 3.347277750000000104e-03
2.382077277174410590e-01 3.235515100000000040e-03
2.386841431728759511e-01 3.142431250000000086e-03
2.391615114592217095e-01 3.069340874999999802e-03
2.396398344821401571e-01 2.958208500000000102e-03
2.401191141511044291e-01 2.872298750000000164e-03
2.405993523794066058e-01 2.818212100000000095e-03
2.410805510841654287e-01 2.734860625000000087e-03
2.415627121863337390e-01 2.651903750000000198e-03
2.420458376107064158e-01 2.596067999999999987e-03
2.425299292859278144e-01 2.553543499999999869e-03
2.430149891444997046e-01 2.496763500000000538e-03
2.435010191227887089e-01 2.424364249999999901e-03
2.439880211610342686e-01 2.371459749999999846e-03
2.444759972033563322e-01 2.343895124999999854e-03
2.449649491977630433e-01 2.307142750000000346e-03
2.454548790961585680e-01 2.216151000000000405e-03
2.459457888543508663e-01 2.162545624999999763e-03
2.464376804320595749e-01 2.142378500000000074e-03
2.469305557929236949e-01 2.110476874999999992e-03
2.474244169045095587e-01 2.053023125000000108e-03
2.479192657383185727e-01 2.012621899999999901e-03
2.484151042697951839e-01 1.986975250000000068e-03
2.489119344783347898e-01 1.923932875000000133e-03
2.494097583472914548e-01 1.895537750000000129e-03
2.499085778639860422e-01 1.863076799999999807e-03
2.504083950197140140e-01 1.853148499999999945e-03
2.509092118097534518e-01 1.840847124999999990e-03
2.514110302333729119e-01 1.795367250000000055e-03
2.519138522938396685e-01 1.742892750000000048e-03
2.524176799984273467e-01 1.746783399999999936e-03
2.529225153584241936e-01 1.737202125000000125e-03
2.534283603891410719e-01 1.706328999999999919e-03
2.539352171099192867e-01 1.679579374999999857e-03
2.544430875441391349e-01 1.681845625000000059e-03
2.549519737192273983e-01 1.658761800000000189e-03
2.554618776666658375e-01 1.614007375000000005e-03
2.559728014219991854e-01 1.623178624999999965e-03
2.564847470248432515e-01 1.640975499999999983e-03
2.569977165188929158e-01 1.630594750000000006e-03
2.575117119519306774e-01 1.617766899999999956e-03
2.580267353758345372e-01 1.611598624999999998e-03
2.585427888465862134e-01 1.565007750000000026e-03
2.590598744242793572e-01 1.558139750000000091e-03
2.595779941731279905e-01 1.613969375000000057e-03
2.600971501614742221e-01 1.616625100000000041e-03
2.606173444617971846e-01 1.562433374999999810e-03
2.611385791507207510e-01 1.585183999999999899e-03
2.616608563090221939e-01 1.617846999999999948e-03
2.621841780216402351e-01 1.600793375000000114e-03
2.627085463776834828e-01 1.594267600000000111e-03
2.632339634704388698e-01 1.650716750000000028e-03
2.637604313973797576e-01 1.655746999999999948e-03
2.642879522601745412e-01 1.624486624999999960e-03
2.648165281646948088e-01 1.637054125000000134e-03
2.653461612210242238e-01 1.671951800000000135e-03
2.658768535434662961e-01 1.669067874999999963e-03
2.664086072505532643e-01 1.702499249999999981e-03
2.669414244650543111e-01 1.751304250000000054e-03
2.674753073139844450e-01 1.750680799999999957e-03
2.680102579286124387e-01 1.761901374999999981e-03
2.685462784444696549e-01 1.824735375000000092e-03
2.690833710013585955e-01 1.868892000000000036e-03
2.696215377433612836e-01 1.848846375000000146e-03
2.701607808188479787e-01 1.878223200000000113e-03
2.707011023804857253e-01 1.953503499999999834e-03
2.712425045852466798e-01 1.989753124999999855e-03
2.717849895944172145e-01 2.004955499999999842e-03
2.723285595736060216e-01 2.049973374999999876e-03
2.728732166927532177e-01 2.110178500000000051e-03
2.734189631261387810e-01 2.167761749999999859e-03
2.739658010523910447e-01 2.261551000000000099e-03
2.745137326544958567e-01 2.328872999999999534e-03
2.750627601198047945e-01 2.339182750000000019e-03
2.756128856400444360e-01 2.438000800000000336e-03
2.761641114113245199e-01 2.510586374999999783e-03
2.767164396341471599e-01 2.589921624999999908e-03
2.772698725134154496e-01 2.647144124999999647e-03
2.778244122584422882e-01 2.742610500000000097e-03
2.783800610829592070e-01 2.862445500000000091e-03
2.789368212051250850e-01 2.977756375000000042e-03
2.794946948475353632e-01 3.075620874999999803e-03
2.800536842372304269e-01 3.161527749999999519e-03
2.806137916057048765e-01 3.341834624999999795e-03
2.811750191889162975e-01 3.467882600000000027e-03
2.817373692272941987e-01 3.721707999999999787e-03
2.823008439657487822e-01 3.835533874999999884e-03
2.828654456536803252e-01 3.992100125000000096e-03
2.834311765449876730e-01 4.035959125000000355e-03
2.839980388980776205e-01 4.338885699999999596e-03
2.845660349758737939e-01 4.586199624999999676e-03
2.851351670458255327e-01 4.821526125000000391e-03
2.857054373799171598e-01 5.063610000000000506e-03
2.862768482546770299e-01 5.237374874999999909e-03
2.868494019511863558e-01 5.535352000000000328e-03
2.874231007550887562e-01 5.812969375000000098e-03
2.879979469565989714e-01 6.271340624999999919e-03
2.885739428505121884e-01 6.595055875000000248e-03
2.891510907362132010e-01 6.971942699999999875e-03
2.897293929176856242e-01 7.428676375000000179e-03
2.903088517035209426e-01 7.771115999999999788e-03
2.908894694069280029e-01 8.151291750000001085e-03
2.914712483457418957e-01 8.729981999999998979e-03
2.920541908424333366e-01 9.438746300000000131e-03
2.926382992241182146e-01 9.881749250000000304e-03
2.932235758225664735e-01 1.051490124999999998e-02
2.938100229742116043e-01 1.133234874999999864e-02
2.943976430201600269e-01 1.186388749999999978e-02
2.949864383062003048e-01 1.264757499999999944e-02
2.955764111828127483e-01 1.377201125000000054e-02
2.961675640051783520e-01 1.472841249999999949e-02
2.967598991331887315e-01 1.549229499999999968e-02
2.973534189314551157e-01 1.659390875000000057e-02
2.979481257693180618e-01 1.803510900000000056e-02
2.985440220208566697e-01 1.920398499999999981e-02
2.991411100648984078e-01 2.036305750000000012e-02
2.997393922850282166e-01 2.215449875000000124e-02
3.003388710695982233e-01 2.337468749999999790e-02
3.009395488117374562e-01 2.524421400000000093e-02
3.015414279093609484e-01 2.760641500000000220e-02
3.021445107651796746e-01 2.888025375000000117e-02
3.027487997867099878e-01 3.125603000000000409e-02
3.033542973862833891e-01 3.410293250000000220e-02
3.039610059810559650e-01 3.584838899999999440e-02
3.045689279930180460e-01 3.866075374999999870e-02
3.051780658490040876e-01 4.302109249999999663e-02
3.057884219807021076e-01 4.568399374999999873e-02
3.063999988246635664e-01 4.736617750000000210e-02
3.070127988223129156e-01 5.245952099999999507e-02
3.076268244199575896e-01 5.861412624999999543e-02
3.082420780687974982e-01 6.061207750000000005e-02
3.088585622249351292e-01 6.347065124999999586e-02
3.094762793493849307e-01 7.077200699999999789e-02
3.100952319080837460e-01 7.702183625000000311e-02
3.107154223718998631e-01 8.099413999999999225e-02
3.113368532166437275e-01 8.404882375000000128e-02
3.119595269230769907e-01 9.529308124999999463e-02
3.125834459769231133e-01 1.062814149999999902e-01
3.132086128688770232e-01 1.091913124999999984e-01
3.138350300946147753e-01 1.103448087499999952e-01
3.144627001548039313e-01 1.262199975000000141e-01
3.150916255551135525e-01 1.323924750000000095e-01
3.157218088062238026e-01 1.289526820000000129e-01
3.163532524238362176e-01 1.452769999999999895e-01
3.169859589286838641e-01 1.502768374999999823e-01
3.176199308465412763e-01 1.465327999999999908e-01
3.182551707082343917e-01 1.587538374999999946e-01
3.188916810496508214e-01 1.771916199999999941e-01
3.195294644117501193e-01 1.676684125000000025e-01
3.201685233405736630e-01 1.670276875000000216e-01
3.208088603872547573e-01 1.901472375000000103e-01
3.214504781080292917e-01 2.018107125000000168e-01
3.220933790642453443e-01 1.861688599999999916e-01
3.227375658223737842e-01 1.847463000000000022e-01
3.233830409540185413e-01 2.107922624999999939e-01
3.240298070359265425e-01 2.219401625000000100e-01
3.246778666499984256e-01 2.090830750000000071e-01
3.253272223832984200e-01 2.023373800000000111e-01
3.259778768280650052e-01 2.202255375000000126e-01
3.266298325817211246e-01 2.338616999999999779e-01
3.272830922468845660e-01 2.266745374999999674e-01
3.279376584313783427e-01 2.139508625000000053e-01
3.285935337482410734e-01 2.257832100000000120e-01
3.292507208157375853e-01 2.417741625000000005e-01
3.299092222573690725e-01 2.419814874999999810e-01
3.305690407018838095e-01 2.299634750000000005e-01
3.312301787832875322e-01 2.256905249999999752e-01
3.318926391408540955e-01 2.388113199999999936e-01
3.325564244191357988e-01 2.464771374999999987e-01
3.332215372679740994e-01 2.431187999999999960e-01
3.338879803425100490e-01 2.325255625000000048e-01
3.345557563031950621e-01 2.416801099999999758e-01
3.352248678158014084e-01 2.474823125000000235e-01
3.358953175514330369e-01 2.481151124999999846e-01
3.365671081865359016e-01 2.435476624999999840e-01
3.372402424029089518e-01 2.380630874999999924e-01
3.379147228877147358e-01 2.416428100000000134e-01
3.385905523334902245e-01 2.466509875000000018e-01
3.392677334381571930e-01 2.465727124999999853e-01
3.399462689050334330e-01 2.437195374999999997e-01
3.406261614428435225e-01 2.422614375000000098e-01
3.413074137657292062e-01 2.456208599999999964e-01
3.419900285932606643e-01 2.460716624999999824e-01
3.426740086504471705e-01 2.456553625000000296e-01
3.433593566677480835e-01 2.440394750000000057e-01
3.440460753810836159e-01 2.408029749999999747e-01
3.447341675318457699e-01 2.419802100000000011e-01
3.454236358669094398e-01 2.431475750000000047e-01
3.461144831386432363e-01 2.430379874999999967e-01
3.468067121049205337e-01 2.426857749999999925e-01
3.475003255291303494e-01 2.413007125000000141e-01
3.481953261801886135e-01 2.416710200000000142e-01
3.488917168325489926e-01 2.414286250000000078e-01
3.495895002662141038e-01 2.408086499999999852e-01
3.502886792667465610e-01 2.402748874999999784e-01
3.509892566252800217e-01 2.395477249999999891e-01
3.516912351385305668e-01 2.378837899999999839e-01
3.523946176088076365e-01 2.379074874999999867e-01
3.530994068440251876e-01 2.375954249999999990e-01
3.538056056577132402e-01 2.371730999999999701e-01
3.545132168690287022e-01 2.366214375000000036e-01
3.552222433027667492e-01 2.358268199999999926e-01
3.559326877893722596e-01 2.352254375000000231e-01
3.566445531649510281e-01 2.345926750000000005e-01
3.573578422712808678e-01 2.339565375000000058e-01
3.580725579558234339e-01 2.333108799999999705e-01
3.587887030717350489e-01 2.326392374999999846e-01
3.595062804778785814e-01 2.318436375000000049e-01
3.602252930388343266e-01 2.313466999999999885e-01
3.609457436249119411e-01 2.310273749999999793e-01
3.616676351121618227e-01 2.306195300000000170e-01
3.623909703823861017e-01 2.301393874999999867e-01
3.631157523231508533e-01 2.297490624999999898e-01
3.638419838277971996e-01 2.293639125000000167e-01
3.645696677954528009e-01 2.289456249999999859e-01
3.652988071310436791e-01 2.284687499999999982e-01
3.660294047453057642e-01 2.280267500000000003e-01
3.667614635547964408e-01 2.276439249999999970e-01
3.674949864819060386e-01 2.272543000000000202e-01
3.682299764548698229e-01 2.268476749999999709e-01
3.689664364077795966e-01 2.263914800000000060e-01
3.697043692805951354e-01 2.259612874999999965e-01
3.704437780191563445e-01 2.254662500000000069e-01
3.711846655751946944e-01 2.249149249999999878e-01
3.719270349063450443e-01 2.243675250000000121e-01
3.726708889761577437e-01 2.237493999999999872e-01
3.734162307541100123e-01 2.231235250000000170e-01
3.741630632156182079e-01 2.225727124999999917e-01
3.749113893420494836e-01 2.220360999999999585e-01
3.756612121207335564e-01 2.215003875000000066e-01
3.764125345449750304e-01 2.208809999999999940e-01
3.771653596140650544e-01 2.202058125000000144e-01
3.779196903332932012e-01 2.197606500000000018e-01
3.786755297139597909e-01 2.192309375000000005e-01
3.794328807733876596e-01 2.186935374999999793e-01
3.801917465349344827e-01 2.181496700000000177e-01
3.809521300280043210e-01 2.177052875000000109e-01
3.817140342880603332e-01 2.173186000000000007e-01
3.824774623566364884e-01 2.169339625000000216e-01
3.832424172813497787e-01 2.165036899999999986e-01
3.840089021159124316e-01 2.160775625000000144e-01
3.847769199201442891e-01 2.157015375000000124e-01
3.855464737599845759e-01 2.153266124999999864e-01
3.863175667075045561e-01 2.149524624999999967e-01
3.870902018409195788e-01 2.145328699999999866e-01
3.878643822446014022e-01 2.141162250000000211e-01
3.886401110090906830e-01 2.137483374999999963e-01
3.894173912311088559e-01 2.133842749999999844e-01
3.901962260135710681e-01 2.130016124999999927e-01
3.909766184655981691e-01 2.125072899999999876e-01
3.917585717025293679e-01 2.120446874999999953e-01
3.925420888459344448e-01 2.116145749999999992e-01
3.933271730236262975e-01 2.110940000000000039e-01
3.941138273696735417e-01 2.107673499999999644e-01
3.949020550244128902e-01 2.102911699999999717e-01
3.956918591344616987e-01 2.098224625000000010e-01
3.964832428527306218e-01 2.093896000000000091e-01
3.972762093384361037e-01 2.089867750000000135e-01
3.980707617571129786e-01 2.084599500000000050e-01
3.988669032806272385e-01 2.081096299999999899e-01
3.996646370871884679e-01 2.076594500000000232e-01
4.004639663613628331e-01 2.073131500000000016e-01
4.012648942940855168e-01 2.069756249999999964e-01
4.020674240826737078e-01 2.066014750000000066e-01
4.028715589308390355e-01 2.061256200000000094e-01
4.036773020487006702e-01 2.056251874999999729e-01
4.044846566527980913e-01 2.052085000000000159e-01
4.052936259661036877e-01 2.047891624999999827e-01
4.061042132180359143e-01 2.043763749999999990e-01
4.069164216444720039e-01 2.039755899999999844e-01
4.077302544877609569e-01 2.035518875000000005e-01
4.085457149967364754e-01 2.032306124999999908e-01
4.093628064267299527e-01 2.028826125000000036e-01
4.101815320395834075e-01 2.025297249999999938e-01
4.110018951036625845e-01 2.020628400000000213e-01
4.118238988938699441e-01 2.015927999999999609e-01
4.126475466916577073e-01 2.012173750000000039e-01
4.134728417850409565e-01 2.008626250000000169e-01
4.142997874686110693e-01 2.004418900000000114e-01
4.151283870435482637e-01 2.001256499999999883e-01
4.159586438176353651e-01 1.998227249999999788e-01
4.167905611052706849e-01 1.993998250000000028e-01
4.176241422274811765e-01 1.990679874999999877e-01
4.184593905119361468e-01 1.986385600000000196e-01
4.192963092929599678e-01 1.981132875000000126e-01
4.201349019115458994e-01 1.977454750000000039e-01
4.209751717153689676e-01 1.973859875000000264e-01
4.218171220587997317e-01 1.970540875000000025e-01
4.226607563029173287e-01 1.966861400000000093e-01
4.235060778155231298e-01 1.963458499999999884e-01
4.243530899711541737e-01 1.960500500000000312e-01
4.252017961510964894e-01 1.956871749999999910e-01
4.260521997433986963e-01 1.952716250000000320e-01
4.269043041428854934e-01 1.948736500000000094e-01
4.277581127511712600e-01 1.944662374999999999e-01
4.286136289766736551e-01 1.941337124999999997e-01
4.294708562346269964e-01 1.938299749999999877e-01
4.303297979470962487e-01 1.935398125000000191e-01
4.311904575429904574e-01 1.931916499999999925e-01
4.320528384580764047e-01 1.928333624999999940e-01
4.329169441349925429e-01 1.925251625000000133e-01
4.337827780232624830e-01 1.921815625000000138e-01
4.346503435793090397e-01 1.918221250000000100e-01
4.355196442664676648e-01 1.914278400000000158e-01
4.363906835550006025e-01 1.910444500000000323e-01
4.372634649221106007e-01 1.906862999999999753e-01
4.381379918519547889e-01 1.903752250000000090e-01
4.390142678356587225e-01 1.900812237500000279e-01
4.398922963713300383e-01 1.897274250000000051e-01
4.407720809640727211e-01 1.892656149999999982e-01
4.416536251260008150e-01 1.883378012499999921e-01
4.425369323762528007e-01 1.883888600000000191e-01
4.434220062410053065e-01 1.879292529999999906e-01
4.443088502534873196e-01 1.876573899999999795e-01
4.451974679539942858e-01 1.873831487499999782e-01
4.460878628899022647e-01 1.870944762500000025e-01
4.469800386156820293e-01 1.870650562500000280e-01
4.478739986929134442e-01 1.868394979999999928e-01
4.487697466902992316e-01 1.865029587500000030e-01
4.496672861836799040e-01 1.861017425000000003e-01
4.505666207560472536e-01 1.857210950000000027e-01
4.514677539975593401e-01 1.853732962499999859e-01
4.523706895055544797e-01 1.850015360000000220e-01
4.532754308845656221e-01 1.846620949999999983e-01
4.541819817463347286e-01 1.844183799999999929e-01
4.550903457098274263e-01 1.841053225000000015e-01
4.560005264012471082e-01 1.838157237499999930e-01
4.569125274540495885e-01 1.833999649999999981e-01
4.578263525089577013e-01 1.829772124999999861e-01
4.587420052139756232e-01 1.825367975000000142e-01
4.596594892244035835e-01 1.820969649999999995e-01
4.605788082028524077e-01 1.816784124999999972e-01
4.614999658192581178e-01 1.812602759999999980e-01
4.624229657508966418e-01 1.809564774999999903e-01
4.633478116823984694e-01 1.808075175000000145e-01
4.642745073057632510e-01 1.806802224999999873e-01
4.652030563203747304e-01 1.805205599999999966e-01
4.661334624330154552e-01 1.802476510000000087e-01
4.670657293578814873e-01 1.798572950000000281e-01
4.679998608165972795e-01 1.794386874999999992e-01
4.689358605382304424e-01 1.788981887500000201e-01
4.698737322593069532e-01 1.786093412500000255e-01
4.708134797238255342e-01 1.782833719999999955e-01
4.717551066832731399e-01 1.779859212500000121e-01
4.726986168966397228e-01 1.778090575000000062e-01
4.736440141304329998e-01 1.776162087500000042e-01
4.745913021586939395e-01 1.772676087500000275e-01
4.755404847630113063e-01 1.767408309999999871e-01
4.764915657325373699e-01 1.761257299999999804e-01
4.774445488640024493e-01 1.755297862499999861e-01
4.783994379617304560e-01 1.749101787499999783e-01
4.793562368376539373e-01 1.743206160000000116e-01
4.803149493113292312e-01 1.738466250000000046e-01
4.812755792099518981e-01 1.735364724999999830e-01
4.822381303683718201e-01 1.732947637500000249e-01
4.832026066291085775e-01 1.731663925000000159e-01
4.841690118423668254e-01 1.730608419999999925e-01
4.851373498660515038e-01 1.730360487500000044e-01
4.861076245657836026e-01 1.730131624999999840e-01
4.870798398149152053e-01 1.727775074999999827e-01
4.880539994945450322e-01 1.726964549999999987e-01
4.890301074935341497e-01 1.724232880000000079e-01
4.900081677085211806e-01 1.721200950000000007e-01
4.909881840439382916e-01 1.718723962500000035e-01
4.919701604120261251e-01 1.715817287500000232e-01
4.929541007328501756e-01 1.714135525000000104e-01
4.939400089343158884e-01 1.711013419999999896e-01
4.949278889521845359e-01 1.707117812500000276e-01
4.959177447300888719e-01 1.703366037499999819e-01
4.969095802195490075e-01 1.699615150000000074e-01
4.979033993799881208e-01 1.695186399999999982e-01
4.988992061787480559e-01 1.689937320000000076e-01
4.998970045911055315e-01 1.684262499999999996e-01
5.008967986002876849e-01 1.678835287500000106e-01
5.018985921974883357e-01 1.668212487499999841e-01
5.029023893818832525e-01 1.666212324999999939e-01
5.039081941606470272e-01 1.657456300000000049e-01
5.049160105489682859e-01 1.654507962500000318e-01
5.059258425700663420e-01 1.651413337500000078e-01
5.069376942552064058e-01 1.642279237500000044e-01
5.079515696437167938e-01 1.649829687500000142e-01
5.089674727830042489e-01 1.649657770000000079e-01
5.099854077285701504e-01 1.650376837499999971e-01
5.110053785440273888e-01 1.646685037499999726e-01
5.120273893011153543e-01 1.646477512500000018e-01
5.130514440797175890e-01 1.642046120000000275e-01
5.140775469678771081e-01 1.638302349999999907e-01
5.151057020618128313e-01 1.634767950000000081e-01
5.161359134659364578e-01 1.631570625000000052e-01
5.171681852928683432e-01 1.629034049999999734e-01
5.182025216634540410e-01 1.626339920000000050e-01
5.192389267067809566e-01 1.623558750000000106e-01
5.202774045601945563e-01 1.620796549999999892e-01
5.213179593693149094e-01 1.616999100000000023e-01
5.223605952880534531e-01 1.611714850000000032e-01
5.234053164786296453e-01 1.605129470000000169e-01
5.244521271115868410e-01 1.598400100000000323e-01
5.255010313658099452e-01 1.593561249999999596e-01
5.265520334285416215e-01 1.588255212499999902e-01
5.276051374953987239e-01 1.583107924999999916e-01
5.286603477703895049e-01 1.577345729999999890e-01
5.297176684659302692e-01 1.571150800000000181e-01
5.307771038028621380e-01 1.566270249999999753e-01
5.318386580104679240e-01 1.562680975000000083e-01
5.329023353264887852e-01 1.558771675000000245e-01
5.339681399971416553e-01 1.555917479999999742e-01
5.350360762771360079e-01 1.554599525000000260e-01
5.361061484296902879e-01 1.553876999999999897e-01
5.371783607265496752e-01 1.553274225000000064e-01
5.382527174480027377e-01 1.552460250000000097e-01
5.393292228828987511e-01 1.550670760000000259e-01
5.404078813286645744e-01 1.545517549999999851e-01
5.414886970913218578e-01 1.529336537500000093e-01
5.425716744855044738e-01 1.537899799999999928e-01
5.436568178344756141e-01 1.531878662499999988e-01
5.447441314701444437e-01 1.528587670000000065e-01
5.458336197330847517e-01 1.523996887500000119e-01
5.469252869725509392e-01 1.523348049999999898e-01
5.480191375464960046e-01 1.521143787500000011e-01
5.491151758215888634e-01 1.518967600000000195e-01
5.502134061732321113e-01 1.516657887500000024e-01
5.513138329855785669e-01 1.513970562499999950e-01
5.524164606515497011e-01 1.511004212499999777e-01
5.535212935728528461e-01 1.507880075000000153e-01
5.546283361599984030e-01 1.504300869999999901e-01
5.557375928323184944e-01 1.500343625000000181e-01
5.568490680179830621e-01 1.496855312500000035e-01
5.579627661540189631e-01 1.492983762500000033e-01
5.590786916863270672e-01 1.488464025000000024e-01
5.601968490696997982e-01 1.482275239999999994e-01
5.613172427678392307e-01 1.475078637499999956e-01
5.624398772533748536e-01 1.468971775000000035e-01
5.635647570078816671e-01 1.462995175000000037e-01
5.646918865218973904e-01 1.457757887500000238e-01
5.658212702949412254e-01 1.453272449999999938e-01
5.669529128355310643e-01 1.449118575000000186e-01
5.680868186612021420e-01 1.444872025000000226e-01
5.692229922985245771e-01 1.436363037499999995e-01
5.703614382831215801e-01 1.437242237499999908e-01
5.715021611596877715e-01 1.432076349999999998e-01
5.726451654820071679e-01 1.422400899999999857e-01
5.737904558129711674e-01 1.424717375000000008e-01
5.749380367245970902e-01 1.422710137500000083e-01
5.760879127980462755e-01 1.419792675000000060e-01
5.772400886236424000e-01 1.421122139999999867e-01
5.783945688008896857e-01 1.420330674999999987e-01
5.795513579384914404e-01 1.421730912499999944e-01
5.807104606543684877e-01 1.423348437499999952e-01
5.818718815756771523e-01 1.426134275000000007e-01
5.830356253388285781e-01 1.427293099999999981e-01
5.842016965895062697e-01 1.427265512500000000e-01
5.853700999826851881e-01 1.428993112499999940e-01
5.865408401826505136e-01 1.430487500000000023e-01
5.877139218630158535e-01 1.433841587499999903e-01
5.888893497067417826e-01 1.410901529999999959e-01
5.900671284061553834e-01 1.394903724999999872e-01
5.912472626629676764e-01 1.427492399999999995e-01
5.924297571882934932e-01 1.421540950000000081e-01
5.936146167026701281e-01 1.407471890000000225e-01
5.948018459360754351e-01 1.344218512500000018e-01
5.959914496279475893e-01 1.413026337499999896e-01
5.971834325272035171e-01 1.408653062499999886e-01
5.983777993922578808e-01 1.400885275000000041e-01
5.995745549910425076e-01 1.400544810000000084e-01
6.007737041010245971e-01 1.397537762499999892e-01
6.019752515092265943e-01 1.400218387500000161e-01
6.031792020122450637e-01 1.398929062500000042e-01
6.043855604162695627e-01 1.397835212500000146e-01
6.055943315371020708e-01 1.399198710000000290e-01
6.068055202001763071e-01 1.400865312499999793e-01
6.080191312405766046e-01 1.403054462500000210e-01
6.092351695030577829e-01 1.405906925000000030e-01
6.104536398420639109e-01 1.408875387499999854e-01
6.116745471217479579e-01 1.411979329999999977e-01
6.128978962159914445e-01 1.414908500000000013e-01
6.141236920084234274e-01 1.417273699999999914e-01
6.153519393924402614e-01 1.418548012499999955e-01
6.165826432712251393e-01 1.419370437499999915e-01
6.178158085577676317e-01 1.420330040000000182e-01
6.190514401748832274e-01 1.421384237499999925e-01
6.202895430552329836e-01 1.421889400000000137e-01
6.215301221413433996e-01 1.422637187499999900e-01
6.227731823856261784e-01 1.423469250000000130e-01
6.240187287503973224e-01 1.423554910000000007e-01
6.252667662078981170e-01 1.422268574999999979e-01
6.265172997403138933e-01 1.421496349999999964e-01
6.277703343397945668e-01 1.303958612499999947e-01
6.290258750084741779e-01 1.413482887499999952e-01
6.302839267584912086e-01 1.419028230000000113e-01
6.315444946120081227e-01 1.411944562500000167e-01
6.328075836012321265e-01 1.428904812500000066e-01
6.340731987684345983e-01 1.432947425000000163e-01
6.353413451659715161e-01 1.437154340000000030e-01
6.366120278563034418e-01 1.440541725000000217e-01
6.378852519120159492e-01 1.443158337500000110e-01
6.391610224158400522e-01 1.444991150000000113e-01
6.404393444606717445e-01 1.449306512499999866e-01
6.417202231495930942e-01 1.452631970000000106e-01
6.430036635958922275e-01 1.455164574999999738e-01
6.442896709230840901e-01 1.456746874999999830e-01
6.455782502649303201e-01 1.459761374999999917e-01
6.468694067654601199e-01 1.459635987500000065e-01
6.481631455789910179e-01 1.445443809999999996e-01
6.494594718701489633e-01 1.447038850000000043e-01
6.507583908138891982e-01 1.459524412500000090e-01
6.520599075955170187e-01 1.457507425000000023e-01
6.533640274107079815e-01 1.459861225000000096e-01
6.546707554655294414e-01 1.467656080000000196e-01
6.559800969764604250e-01 1.418485287500000080e-01
6.572920571704133907e-01 1.471530787499999993e-01
6.586066412847542129e-01 1.468534512500000166e-01
6.599238545673237200e-01 1.474597149999999912e-01
6.612437022764583450e-01 1.475818129999999784e-01
6.625661896810113305e-01 1.475770750000000298e-01
6.638913220603732679e-01 1.478129150000000169e-01
6.652191047044940797e-01 1.479892249999999743e-01
6.665495429139030037e-01 1.481875712499999831e-01
6.678826419997307973e-01 1.484230260000000134e-01
6.692184072837303876e-01 1.485968162500000134e-01
6.705568440982978551e-01 1.486966587500000159e-01
6.718979577864944153e-01 1.487836687499999866e-01
6.732417537020674025e-01 1.488201400000000174e-01
6.745882372094715862e-01 1.488629560000000185e-01
6.759374136838904867e-01 1.489605049999999931e-01
6.772892885112582473e-01 1.491072174999999722e-01
6.786438670882807278e-01 1.492597312499999995e-01
6.800011548224572655e-01 1.494201199999999896e-01
6.813611571321021021e-01 1.495219125000000204e-01
6.827238794463663663e-01 1.495812887500000132e-01
6.840893272052590568e-01 1.495955237499999868e-01
6.854575058596696913e-01 1.495697062500000174e-01
6.868284208713890671e-01 1.186720553299999981e-01
6.882020777131317990e-01 1.431564550000000158e-01
6.895784818685580797e-01 1.082121978749999991e-01
6.909576388322952178e-01 1.460832599999999926e-01
6.923395541099597317e-01 1.256513615000000028e-01
6.937242332181796645e-01 1.458349109999999837e-01
6.951116816846160118e-01 1.496526262500000037e-01
6.965019050479852591e-01 1.499171725000000011e-01
6.978949088580812532e-01 1.470784225000000001e-01
6.992906986757974064e-01 1.493952737500000016e-01
7.006892800731490123e-01 1.482827770000000045e-01
7.020906586332953392e-01 1.500007474999999757e-01
7.034948399505618344e-01 1.503839425000000063e-01
7.049018296304629949e-01 1.479390600000000111e-01
7.063116332897239058e-01 1.504271950000000135e-01
7.077242565563033327e-01 1.499788610000000189e-01
7.091397050694159265e-01 1.505388737499999963e-01
7.105579844795547606e-01 1.498362349999999843e-01
7.119791004485138686e-01 1.501424974999999995e-01
7.134030586494108928e-01 1.502876412499999925e-01
7.148298647667097327e-01 1.497266139999999801e-01
7.162595244962430829e-01 1.473909774999999922e-01
7.176920435452356362e-01 1.389226966249999529e-01
7.191274276323260661e-01 1.371080037499999849e-01
7.205656824875906752e-01 1.323219366249999973e-01
7.220068138525659318e-01 1.493816969999999800e-01
7.234508274802710082e-01 1.448706700000000069e-01
7.248977291352315389e-01 1.399212162499999801e-01
7.263475245935020475e-01 1.440957849999999763e-01
7.278002196426889281e-01 1.243625157499999995e-01
7.292558200819743153e-01 1.448949500000000223e-01
7.307143317221382883e-01 1.359639416250000010e-01
7.321757603855825192e-01 1.451888687500000052e-01
7.336401119063536980e-01 1.459088524999999914e-01
7.351073921301664038e-01 1.481889239999999996e-01
7.365776069144267524e-01 1.504862412500000135e-01
7.380507621282555997e-01 1.505525087499999803e-01
7.395268636525120787e-01 1.497782662500000139e-01
7.410059173798171361e-01 1.508098387499999804e-01
7.424879292145767362e-01 1.508009270000000013e-01
7.439729050730057303e-01 1.494829437499999858e-01
7.454608508831517266e-01 1.500689762500000135e-01
7.469517725849180723e-01 1.506412587500000066e-01
7.484456761300879446e-01 1.505898350000000052e-01
7.499425674823481103e-01 1.504018989999999778e-01
7.514424526173126839e-01 1.506856862500000060e-01
7.529453375225474421e-01 1.507482662499999848e-01
7.544512281975925827e-01 1.509074874999999927e-01
7.559601306539878163e-01 1.509738999999999942e-01
7.574720509152956804e-01 1.510166779999999875e-01
7.589869950171262980e-01 1.445588937500000004e-01
7.605049690071605806e-01 7.154015824999999940e-02
7.620259789451748755e-01 6.030923750000000139e-02
7.635500309030651689e-01 8.844557637500000125e-02
7.650771309648712881e-01 1.211113065000000155e-01
7.666072852268009941e-01 1.250038914999999917e-01
7.681404997972545168e-01 1.406279899999999805e-01
7.696767807968490915e-01 1.503440187500000025e-01
7.712161343584428286e-01 1.508911587500000040e-01
7.727585666271596931e-01 1.508337069999999835e-01
7.743040837604140414e-01 1.504461399999999782e-01
7.758526919279349343e-01 1.506580949999999919e-01
7.774043973117907846e-01 1.505113275000000139e-01
7.789592061064143369e-01 1.503641024999999853e-01
7.805171245186270923e-01 1.502074660000000117e-01
7.820781587676643998e-01 1.503556424999999974e-01
7.836423150851996589e-01 1.503511550000000141e-01
7.852095997153700768e-01 1.504368787500000026e-01
7.867800189148008716e-01 1.497205040000000320e-01
7.883535789526303628e-01 1.504714412500000043e-01
7.899302861105357287e-01 1.473518649999999985e-01
7.915101466827567656e-01 1.500688687500000007e-01
7.930931669761223102e-01 1.506573300000000060e-01
7.946793533100744433e-01 1.507906379999999769e-01
7.962687120166946908e-01 1.488173724999999892e-01
7.978612494407281153e-01 1.497853962500000080e-01
7.994569719396096286e-01 1.494190662499999822e-01
8.010558858834887497e-01 1.498007687500000074e-01
8.026579976552556950e-01 1.442561451999999911e-01
8.042633136505661362e-01 1.481198500000000251e-01
8.058718402778672907e-01 1.502903724999999913e-01
8.074835839584230124e-01 1.500730612500000005e-01
8.090985511263398822e-01 1.497968250000000223e-01
8.107167482285926319e-01 1.493007279999999659e-01
8.123381817250497905e-01 1.497101937499999702e-01
8.139628580884998854e-01 1.437634312499999900e-01
8.155907838046769776e-01 1.470049237499999883e-01
8.172219653722863075e-01 1.467931937499999950e-01
8.188564093030309410e-01 1.268496747400000291e-01
8.204941221216369707e-01 1.384236142499999933e-01
8.221351103658802728e-01 1.462317850000000030e-01
8.237793805866120422e-01 1.467780837499999824e-01
8.254269393477852157e-01 1.244602284999999919e-01
8.270777932264807841e-01 1.457044100000000064e-01
8.287319488129337719e-01 1.339895518750000014e-01
8.303894127105596601e-01 1.476231825000000053e-01
8.320501915359808098e-01 1.477441637500000182e-01
8.337142919190527746e-01 1.474192212499999821e-01
8.353817205028908344e-01 1.497465020000000036e-01
8.370524839438966413e-01 1.496057650000000017e-01
8.387265889117843098e-01 1.500308174999999966e-01
8.404040420896079500e-01 1.495761937499999750e-01
8.420848501737872027e-01 1.500529912499999896e-01
8.437690198741347736e-01 1.497574890000000214e-01
8.454565579138830778e-01 1.503988162500000114e-01
8.471474710297107746e-01 1.503753637499999907e-01
8.488417659717701902e-01 1.502010537500000076e-01
8.505394495037137403e-01 1.499603150000000107e-01
8.522405284027212424e-01 1.491268312499999804e-01
8.539450094595266716e-01 1.495846262499999635e-01
8.556528994784455833e-01 1.498781187500000112e-01
8.573642052774025357e-01 1.500212499999999949e-01
8.590789336879574023e-01 1.500676800000000088e-01
8.607970915553332381e-01 1.501859237500000055e-01
8.625186857384439243e-01 1.502140124999999937e-01
8.642437231099207029e-01 1.503120387500000155e-01
8.659722105561405980e-01 1.502967312499999819e-01
8.677041549772528395e-01 1.503052069999999962e-01
8.694395632872073953e-01 1.502563574999999929e-01
8.711784424137818394e-01 1.501695225000000133e-01
8.729207992986094400e-01 1.503163762499999945e-01
8.746666408972065820e-01 1.503360975000000155e-01
8.764159741790010782e-01 1.503259540000000116e-01
8.781688061273591472e-01 1.504062550000000442e-01
8.799251437396138353e-01 1.498750325000000050e-01
8.816849940270929942e-01 1.488934674999999874e-01
8.834483640151471473e-01 1.496551262499999924e-01
8.852152607431775788e-01 1.497985400000000078e-01
8.869856912646638669e-01 1.492043475000000008e-01
8.887596626471931938e-01 1.493370462499999940e-01
8.905371819724876570e-01 1.497358262499999815e-01
8.923182563364325803e-01 1.494283887500000296e-01
8.941028928491054906e-01 1.371735923000000357e-01
8.958910986348036509e-01 1.463655950000000150e-01
8.976828808320732600e-01 1.434698375000000026e-01
8.994782465937374294e-01 1.441599662499999934e-01
9.012772030869248274e-01 1.460981237500000030e-01
9.030797574930986560e-01 1.463463259999999988e-01
9.048859170080848502e-01 1.481878362499999824e-01
9.066956888421009442e-01 1.460884375000000013e-01
9.085090802197851589e-01 1.422143445000000062e-01
9.103260983802247130e-01 1.245209938699999991e-01
9.121467505769851325e-01 1.409666361249999889e-01
9.139710440781392276e-01 1.353454873750000176e-01
9.157989861662954034e-01 1.188361590287499991e-01
9.176305841386280804e-01 1.385237437500000113e-01
9.194658453069053383e-01 1.447963239999999763e-01
9.213047769975191148e-01 1.411980999999999931e-01
9.231473865515140709e-01 1.486931012500000149e-01
9.249936813246171230e-01 1.363124637500000014e-01
9.268436686872664199e-01 1.462259150000000119e-01
9.286973560246409853e-01 1.335053923999999781e-01
9.305547507366902504e-01 1.368509458749999907e-01
9.324158602381635852e-01 1.256851186249999808e-01
9.342806919586399417e-01 1.115317059999999943e-01
9.361492533425572748e-01 1.327995226249999994e-01
9.380215518492422966e-01 6.766646123899999754e-02
9.398975949529408958e-01 1.232202408749999978e-01
9.417773901428466710e-01 1.012540701875000032e-01
9.436609449231323499e-01 8.747529369999999804e-02
9.455482668129786550e-01 1.206682563750000048e-01
9.474393633466045017e-01 1.300588631000000051e-01
9.493342420732977516e-01 1.003220432125000033e-01
9.512329105574443000e-01 1.180773759874999967e-01
9.531353763785591626e-01 1.341309536249999934e-01
9.550416471313163402e-01 9.900219782499999899e-02
9.569517304255790169e-01 1.022029323300000236e-01
9.588656338864300910e-01 1.238972211249999983e-01
9.607833651542030395e-01 1.368469296250000300e-01
9.627049318845114501e-01 1.245946787500000069e-01
9.646303417482804399e-01 1.411370087499999870e-01
9.665596024317769652e-01 1.342494261999999938e-01
9.684927216366405744e-01 1.353141408750000163e-01
9.704297070799138281e-01 1.400202237499999780e-01
9.723705664940736071e-01 1.442603937499999933e-01
9.743153076270618662e-01 1.341490809599999723e-01
9.762639382423159429e-01 1.367092742500000124e-01
9.782164661188006427e-01 1.388854232500000008e-01
9.801728990510382156e-01 1.446070250000000001e-01
9.821332448491403300e-01 1.453106262499999912e-01
9.840975113388386042e-01 1.471014559999999916e-01
9.860657063615162476e-01 1.455183512500000109e-01
9.880378377742392582e-01 1.474640262500000187e-01
9.900139134497877302e-01 1.463264249999999822e-01
9.919939412766873854e-01 1.463174525000000004e-01
9.939779291592407695e-01 1.477245130000000017e-01
9.959658850175592271e-01 1.479531212499999859e-01
9.979578167875942096e-01 1.481169999999999987e-01
9.999537324211694722e-01 1.480471012499999794e-01
1.001953639886011826e+00 1.479501512499999949e-01
1.003957547165783781e+00 1.469774920000000151e-01
1.005965462260115295e+00 1.482715200000000177e-01
1.007977393184635417e+00 1.482916387499999822e-01
1.009993347971004818e+00 1.479009812500000076e-01
1.012013334666946873e+00 1.483679637499999981e-01
1.014037361336280751e+00 1.484904799999999803e-01
1.016065436058953164e+00 1.486256462500000208e-01
1.018097566931071229e+00 1.487548237499999870e-01
1.020133762064933336e+00 1.473322424999999880e-01
1.022174029589063338e+00 1.484904862499999700e-01
1.024218377648241418e+00 1.490693250000000303e-01
1.026266814403537841e+00 1.491782900000000189e-01
1.028319348032344926e+00 1.490536037500000133e-01
1.030375986728409687e+00 1.492149674999999898e-01
1.032436738701866474e+00 1.493130087500000036e-01
1.034501612179270502e+00 1.494012270000000253e-01
1.036570615403628937e+00 1.494652750000000085e-01
1.038643756634436199e+00 1.494644487500000063e-01
1.040721044147705054e+00 1.494157775000000132e-01
1.042802486236000359e+00 1.494142437500000087e-01
1.044888091208472591e+00 1.494387960000000126e-01
1.046977867390889383e+00 1.494413012500000193e-01
1.049071823125671266e+00 1.494267487499999769e-01
1.051169966771922537e+00 1.494690599999999869e-01
1.053272306705466566e+00 1.495042250000000184e-01
1.055378851318877320e+00 1.494544800000000007e-01
1.057489609021515342e+00 1.493949312500000015e-01
1.059604588239558165e+00 1.492719450000000170e-01
1.061723797416037396e+00 1.492797750000000034e-01
1.063847245010869358e+00 1.492683860000000029e-01
1.065974939500891061e+00 1.471684749999999930e-01
1.068106889379893065e+00 1.492551675000000078e-01
1.070243103158652787e+00 1.488988412499999969e-01
1.072383589364970025e+00 1.494901787500000079e-01
1.074528356543700047e+00 1.495747909999999847e-01
1.076677413256787563e+00 1.494068987500000167e-01
1.078830768083300917e+00 1.497176312500000106e-01
1.080988429619467617e+00 1.490443575000000020e-01
1.083150406478706529e+00 1.497393999999999947e-01
1.085316707291664073e+00 1.473631880000000338e-01
1.087487340706247529e+00 1.497375649999999891e-01
1.089662315387660119e+00 1.488238150000000259e-01
1.091841640018435422e+00 1.457034149999999750e-01
1.094025323298472241e+00 1.492943525000000049e-01
1.096213373945069236e+00 1.488458929999999514e-01
1.098405800692959566e+00 1.487197600000000064e-01
1.100602612294345528e+00 1.474594262499999975e-01
1.102803817518934082e+00 1.440600312499999980e-01
1.105009425153971936e+00 1.450269087500000165e-01
1.107219444004279962e+00 1.395087509999999864e-01
1.109433882892288503e+00 1.278123249249999982e-01
1.111652750658073119e+00 1.427107262500000029e-01
1.113876056159389227e+00 1.195947552500000038e-01
1.116103808271708075e+00 9.340316621687501375e-02
1.118336015888251378e+00 1.144363394300000059e-01
1.120572687920027732e+00 9.384423330537500219e-02
1.122813833295867925e+00 8.623333586249999627e-02
1.125059460962459568e+00 1.036724869850000064e-01
1.127309579884384405e+00 6.598890182000000104e-02
1.129564199044153394e+00 1.046546338125000086e-01
1.131823327442241567e+00 1.379704924999999860e-01
1.134086974097126221e+00 6.546352547000000577e-02
1.136355148045320451e+00 1.206587993875000014e-01
1.138627858341410892e+00 1.262830138000000102e-01
1.140905114058093694e+00 1.198639942750000104e-01
1.143186924286210049e+00 1.286156940000000026e-01
1.145473298134782603e+00 1.308888636250000181e-01
1.147764244731052097e+00 1.180525267125000083e-01
1.150059773220514225e+00 1.234724340000000198e-01
1.152359892766955163e+00 1.224849774999999946e-01
1.154664612552489089e+00 1.033919325750000118e-01
1.156973941777594161e+00 1.295249289999999831e-01
1.159287889661149373e+00 1.401346237499999925e-01
1.161606465440471636e+00 1.389944949999999957e-01
1.163929678371352416e+00 1.077192193699999939e-01
1.166257537728095262e+00 1.388019899999999862e-01
1.168590052803551327e+00 1.353387742500000157e-01
1.170927232909158455e+00 1.364398212500000096e-01
1.173269087374976705e+00 1.418004999999999960e-01
1.175615625549726762e+00 1.404188112499999974e-01
1.177966856800826134e+00 1.355384864999999994e-01
1.180322790514427789e+00 1.438989562499999875e-01
1.182683436095456564e+00 1.302132493999999807e-01
1.185048802967647585e+00 1.354391464000000156e-01
1.187418900573582903e+00 1.333768854999999864e-01
1.189793738374729903e+00 1.425293374999999918e-01
1.192173325851479504e+00 1.418257149999999911e-01
1.194557672503182344e+00 1.313499345999999957e-01
1.196946787848188531e+00 1.322085820999999994e-01
1.199340681423884947e+00 1.345653276250000085e-01
1.201739362786732546e+00 1.376964162499999811e-01
1.204142841512306106e+00 1.283029436625000019e-01
1.206551127195330864e+00 1.428833912499999914e-01
1.208964229449721373e+00 1.436995899999999882e-01
1.211382157908620805e+00 1.416321237500000052e-01
1.213804922224438254e+00 1.427546012500000017e-01
1.216232532068886929e+00 1.432172599999999851e-01
1.218664997133024785e+00 1.421707060000000078e-01
1.221102327127290721e+00 1.305779837500000151e-01
1.223544531781545430e+00 1.418508350000000084e-01
1.225991620845108487e+00 1.446052937500000024e-01
1.228443604086798757e+00 1.446175325000000067e-01
1.230900491294972365e+00 1.442157999999999773e-01
1.233362292277562222e+00 1.444564174999999895e-01
1.235829016862117324e+00 1.451152049999999971e-01
1.238300674895841613e+00 1.451853762499999978e-01
1.240777276245633054e+00 1.451542024999999958e-01
1.243258830798124492e+00 1.453187589999999640e-01
1.245745348459720736e+00 1.453239812499999839e-01
1.248236839156640077e+00 1.452787737500000065e-01
1.250733312834953370e+00 1.452867849999999739e-01
1.253234779460623338e+00 1.451768374999999889e-01
1.255741249019544536e+00 1.449522409999999817e-01
1.258252731517583545e+00 1.447529999999999928e-01
1.260769236980618713e+00 1.421791525000000167e-01
1.263290775454580128e+00 1.423948687499999866e-01
1.265817357005489141e+00 1.395669174999999984e-01
1.268348991719500107e+00 9.822278146300000845e-02
1.270885689702939025e+00 1.261559112499999746e-01
1.273427461082345058e+00 1.414192325000000194e-01
1.275974316004509834e+00 1.446027175000000053e-01
1.278526264636518750e+00 1.442715925000000177e-01
1.281083317165791824e+00 1.425760880000000175e-01
1.283645483800123444e+00 1.452842249999999891e-01
1.286212774767723666e+00 1.452990699999999746e-01
1.288785200317259072e+00 1.448781474999999708e-01
1.291362770717893405e+00 1.446968262499999935e-01
1.293945496259329087e+00 1.439888819999999847e-01
1.296533387251847858e+00 1.413529775000000044e-01
1.299126454026351407e+00 1.435428924999999911e-01
1.301724706934404230e+00 1.395404920000000160e-01
1.304328156348272927e+00 1.422660479999999783e-01
1.306936812660969505e+00 1.241050208375000102e-01
1.309550686286291565e+00 1.265541576249999967e-01
1.312169787658864273e+00 1.412360862500000036e-01
1.314794127234181875e+00 1.031342018988750109e-01
1.317423715488650338e+00 1.362244881999999935e-01
1.320058562919627532e+00 1.292702167499999999e-01
1.322698680045466757e+00 1.343794787500000032e-01
1.325344077405557819e+00 1.333218399999999970e-01
1.327994765560368773e+00 1.249864836999999979e-01
1.330650755091489668e+00 1.026704352499999834e-01
1.333312056601672513e+00 1.048837319949999930e-01
1.335978680714875910e+00 1.270346774999999984e-01
1.338650638076305466e+00 1.281375687499999860e-01
1.341327939352458198e+00 1.188191628750000089e-01
1.344010595231163174e+00 8.737511841399998869e-02
1.346698616421625472e+00 6.360032915125000963e-02
1.349392013654468592e+00 5.849773399412500074e-02
1.352090797681777534e+00 8.811301212500000091e-02
1.354794979277141209e+00 5.697646153750000192e-02
1.357504569235695513e+00 5.870147972999999880e-02
1.360219578374167071e+00 4.342774186737499709e-02
1.362940017530915426e+00 5.046611748374999623e-02
1.365665897565977005e+00 5.713639044249999716e-02
1.368397229361109080e+00 2.579843682825000081e-02
1.371134023819831294e+00 2.236664825699999706e-02
1.373876291867470956e+00 3.747629829423750059e-02
1.376624044451205897e+00 6.088835066972500543e-02
1.379377292540108435e+00 4.335116469624999969e-02
1.382136047125188671e+00 3.741670881374999785e-02
1.384900319219438902e+00 4.581001130600000082e-02
1.387670119857877804e+00 5.920482196200000519e-02
1.390445460097593511e+00 6.885065756250000057e-02
1.393226351017788911e+00 4.782080028874999972e-02
1.396012803719824280e+00 3.677478830100000540e-02
1.398804829327263910e+00 3.162191814762500136e-02
1.401602438985918520e+00 3.130387520750000513e-02
1.404405643863890329e+00 4.309655142249999710e-02
1.407214455151617916e+00 4.383122683387499774e-02
1.410028884061921284e+00 5.217362759000000738e-02
1.412848941830045169e+00 4.460098378583749607e-02
1.415674639713705218e+00 3.839052274621249788e-02
1.418505988993132627e+00 3.757881944000000113e-02
1.421343000971118986e+00 5.190117079999999328e-02
1.424185686973061138e+00 4.813353715999999644e-02
1.427034058347007139e+00 5.058915580887499847e-02
1.429888126463701337e+00 5.393480762499999748e-02
1.432747902716628552e+00 2.986437081462500059e-02
1.435613398522062045e+00 4.523284756375000465e-02
1.438484625319106147e+00 4.466318860100000621e-02
1.441361594569744220e+00 5.264864306250000708e-02
1.444244317758883733e+00 5.943551546249999790e-02
1.447132806394401561e+00 5.813773486249999844e-02
1.450027072007190387e+00 4.711892707500000416e-02
1.452927126151204895e+00 4.886745984299999818e-02
1.455832980403507282e+00 5.595775074999999321e-02
1.458744646364314335e+00 5.146455505624999982e-02
1.461662135657042949e+00 5.109221273250000306e-02
1.464585459928356981e+00 5.154773948750000084e-02
1.467514630848213653e+00 6.002136935200001050e-02
1.470449660109910184e+00 4.952416105249999451e-02
1.473390559430129976e+00 4.500443140624999644e-02
1.476337340548990129e+00 6.625931461249999488e-02
1.479290015230088073e+00 5.931485371374999038e-02
1.482248595260548196e+00 6.905676202000000929e-02
1.485213092451069361e+00 7.192016601249999475e-02
1.488183518635971314e+00 7.586075837500000363e-02
1.491159885673243313e+00 7.062775610125000825e-02
1.494142205444589644e+00 7.346031875500000363e-02
1.497130489855478697e+00 8.615480899999999886e-02
1.500124750835189813e+00 8.695682750000000016e-02
1.503125000336860140e+00 8.369909498750000010e-02
1.506131250337534144e+00 9.266615250000000137e-02
1.509143512838209134e+00 9.417656199999999145e-02
1.512161799863885658e+00 9.085826053749999909e-02
1.515186123463613477e+00 9.556573625000000516e-02
1.518216495710540626e+00 9.963097124999999166e-02
1.521252928701961604e+00 1.008118749999999952e-01
1.524295434559365781e+00 1.005217600000000155e-01
1.527344025428484464e+00 1.029553299999999977e-01
1.530398713479341533e+00 1.048811424999999964e-01
1.533459510906300283e+00 1.045213224999999996e-01
1.536526429928112947e+00 1.065519600000000011e-01
1.539599482787969098e+00 1.062290509999999910e-01
1.542678681753545167e+00 1.084991324999999840e-01
1.545764039117052402e+00 1.094959887499999951e-01
1.548855567195286387e+00 1.106401737500000010e-01
1.551953278329677000e+00 1.110874112500000038e-01
1.555057184886336374e+00 1.123630790000000046e-01
1.558167299256108862e+00 1.131303374999999972e-01
1.561283633854621211e+00 1.139695887500000032e-01
1.564406201122330309e+00 1.147369724999999785e-01
1.567535013524575138e+00 1.148043437499999819e-01
1.570670083551624074e+00 1.080855000000000010e-01
1.573811423718727287e+00 1.049570575000000061e-01
1.576959046566164702e+00 1.101986849999999907e-01
1.580112964659297070e+00 1.162969550000000074e-01
1.583273190588615709e+00 1.181993375000000013e-01
1.586439736969792680e+00 1.172674189999999977e-01
1.589612616443732307e+00 1.194570237499999882e-01
1.592791841676620024e+00 1.188293925000000056e-01
1.595977425359973001e+00 1.206199312499999787e-01
1.599169380210692992e+00 1.203252737499999891e-01
1.602367718971114297e+00 1.153601769999999943e-01
1.605572454409056604e+00 1.180791474999999952e-01
1.608783599317874735e+00 1.199259475000000047e-01
1.612001166516510375e+00 1.215075362500000061e-01
1.615225168849543369e+00 1.236290159999999944e-01
1.618455619187242345e+00 1.241448124999999930e-01
1.621692530425617118e+00 1.246040575000000039e-01
1.624935915486468208e+00 1.247107875000000032e-01
1.628185787317441235e+00 1.253152349999999970e-01
1.631442158892076222e+00 1.236373800000000051e-01
1.634705043209860431e+00 1.250207937499999977e-01
1.637974453296279886e+00 1.232529712500000096e-01
1.641250402202872660e+00 1.197600837500000098e-01
1.644532903007278390e+00 1.201122074999999984e-01
1.647821968813293125e+00 1.254788699999999924e-01
1.651117612750919506e+00 1.103848287499999969e-01
1.654419847976421387e+00 1.249397862500000039e-01
1.657728687672374246e+00 1.264040875000000119e-01
1.661044145047719134e+00 1.274560825000000119e-01
1.664366233337814638e+00 1.147847250999999985e-01
1.667694965804490170e+00 1.269630462499999890e-01
1.671030355736099260e+00 1.279141025000000154e-01
1.674372416447571510e+00 1.243499249999999862e-01
1.677721161280466333e+00 1.272804937500000011e-01
1.681076603603027353e+00 1.271911980000000053e-01
1.684438756810233473e+00 1.278347187499999926e-01
1.687807634323853945e+00 1.275524275000000096e-01
1.691183249592501658e+00 1.234575637499999989e-01
1.694565616091686655e+00 1.277097312500000137e-01
1.697954747323870084e+00 1.271473230000000065e-01
1.701350656818517715e+00 1.247142462500000215e-01
1.704753358132154784e+00 1.254534224999999947e-01
1.708162864848419282e+00 1.226521637499999873e-01
1.711579190578115917e+00 1.264196687499999916e-01
1.715002348959272283e+00 1.254087160000000034e-01
1.718432353657190825e+00 1.230520662499999945e-01
1.721869218364505016e+00 1.179334343750000069e-01
1.725312956801233977e+00 1.238854674999999989e-01
1.728763582714836655e+00 1.181301449999999920e-01
1.732221109880266230e+00 1.227425080000000002e-01
1.735685552100026730e+00 1.222818100000000047e-01
1.739156923204226768e+00 1.218923174999999859e-01
1.742635237050635277e+00 1.173857973749999895e-01
1.746120507524736576e+00 1.158533833000000013e-01
1.749612748539786100e+00 1.211427712500000031e-01
1.753111974036865472e+00 1.205899412499999851e-01
1.756618197984939123e+00 1.170442949999999926e-01
1.760131434380908910e+00 1.187966762500000106e-01
1.763651697249670747e+00 1.165037980000000195e-01
1.767179000644169884e+00 1.150100286249999965e-01
1.770713358645458202e+00 1.168578962500000096e-01
1.774254785362749054e+00 1.121942449999999980e-01
1.777803294933474554e+00 8.273063423375000280e-02
1.781358901523341753e+00 1.098306922400000135e-01
1.784921619326388376e+00 9.291956118249999896e-02
1.788491462565041212e+00 1.126647387500000208e-01
1.792068445490171413e+00 9.779310462499998802e-02
1.795652582381151552e+00 1.076605142500000056e-01
1.799243887545913800e+00 9.594655443899999248e-02
1.802842375321005663e+00 8.867188554749999563e-02
1.806448060071647710e+00 8.849776486625000882e-02
1.810060956191791082e+00 6.647269732999999681e-02
1.813681078104174560e+00 5.738216873324999967e-02
1.817308440260382962e+00 5.159369568963000086e-02
1.820943057140903765e+00 3.870224068874999340e-02
1.824584943255185721e+00 8.403534249999999872e-02
1.828234113141696149e+00 7.470992764499999328e-02
1.831890581367979554e+00 3.146338861075000104e-02
1.835554362530715355e+00 4.677848843599999307e-02
1.839225471255776734e+00 3.612186673649999541e-02
1.842903922198288136e+00 3.319163362474999990e-02
1.846589730042684785e+00 4.500265916625000029e-02
1.850282909502769968e+00 3.491181819487499532e-02
1.853983475321775654e+00 4.300253689429999610e-02
1.857691442272419113e+00 3.839965683200000091e-02
1.861406825156963984e+00 3.284606819492499885e-02
1.865129638807277779e+00 3.659802803362500329e-02
1.868859898084892279e+00 1.768850330999999568e-02
1.872597617881062160e+00 1.867719853000000124e-02
1.876342813116824271e+00 2.722634292687500096e-02
1.880095498743057814e+00 2.856056323774999739e-02
1.883855689740544070e+00 3.240387676525000038e-02
1.887623401120025246e+00 3.254776585699999808e-02
1.891398647922265308e+00 1.323096320050000212e-02
1.895181445218109717e+00 2.150390178587499937e-02
1.898971808108545822e+00 1.884945019750000270e-02
1.902769751724763037e+00 2.293861192524999926e-02
1.906575291228212565e+00 1.893263166460299948e-02
1.910388441810669136e+00 2.307120317625000264e-02
1.914209218694290282e+00 1.741194849249999912e-02
1.918037637131678963e+00 2.420382527750000040e-02
1.921873712405942403e+00 2.066888354749999920e-02
1.925717459830754041e+00 2.012822309940000276e-02
1.929568894750415708e+00 1.144261000935000057e-02
1.933428032539916241e+00 2.020541554250000066e-02
1.937294888604996324e+00 2.146948184625000269e-02
1.941169478382206215e+00 2.451753554000000307e-02
1.945051817338970590e+00 2.339313042000000162e-02
1.948941920973648489e+00 2.456828337499999959e-02
1.952839804815595715e+00 2.162458557000000031e-02
1.956745484425226778e+00 1.313753346025000115e-02
1.960658975394077297e+00 2.287172258875000419e-02
1.964580293344865503e+00 2.110213677890000056e-02
1.968509453931555075e+00 1.491736213174999978e-02
1.972446472839417986e+00 3.052178961749999961e-02
1.976391365785096887e+00 3.723206999999999905e-02
1.980344148516667069e+00 3.500741405874999851e-02
1.984304836813700401e+00 3.935459919999999973e-02
1.988273446487327956e+00 3.826886186250000321e-02
1.992249993380302620e+00 4.388715600000000355e-02
1.996234493367063045e+00 4.043271337500000534e-02
2.000226962353797155e+00 2.512708512900000205e-02
