2.002000000000000168e-01 9.865300700000001130e-03
2.006004000000000120e-01 1.351363875000000103e-02
2.010016008000000132e-01 1.037880774999999992e-02
2.014036040016000118e-01 1.460963749999999971e-02
2.018064112096032425e-01 1.427560400000000077e-02
2.022100240320224285e-01 1.562633875000000311e-02
2.026144440800864976e-01 1.648527749999999931e-02
2.030196729682466894e-01 1.610360000000000263e-02
2.034257123141831602e-01 1.564480874999999924e-02
2.038325637388115341e-01 1.514571699999999951e-02
2.042402288662891752e-01 1.466826499999999978e-02
2.046487093240217381e-01 1.426197750000000007e-02
2.050580067426697739e-01 1.394006374999999867e-02
2.054681227561551138e-01 1.387502499999999916e-02
2.058790590016674471e-01 1.381589000000000081e-02
2.062908171196707885e-01 1.369588750000000008e-02
2.067033987539101392e-01 1.356519000000000127e-02
2.071168055514179263e-01 1.345485874999999970e-02
2.075310391625207751e-01 1.336968750000000136e-02
2.079461012408458098e-01 1.326267400000000207e-02
2.083619934433275089e-01 1.315199250000000097e-02
2.087787174302141446e-01 1.305328375000000020e-02
2.091962748650745829e-01 1.295272125000000024e-02
2.096146674148047229e-01 1.283499999999999919e-02
2.100338967496343523e-01 1.268815300000000063e-02
2.104539645431336148e-01 1.258799500000000113e-02
2.108748724722198931e-01 1.250476874999999904e-02
2.112966222171643316e-01 1.239278000000000081e-02
2.117192154615986643e-01 1.226060374999999800e-02
2.121426538925218486e-01 1.207205400000000046e-02
2.125669392003068925e-01 1.187190750000000072e-02
2.129920730787074890e-01 1.169732874999999950e-02
2.134180572248648988e-01 1.152940124999999975e-02
2.138448933393146401e-01 1.136345000000000063e-02
2.142725831259932878e-01 1.113238700000000053e-02
2.147011282922452469e-01 1.088573250000000013e-02
2.151305305488297459e-01 1.068896750000000034e-02
2.155607916099274157e-01 1.052854875000000176e-02
2.159919131931472558e-01 1.035079599999999891e-02
2.164238970195335454e-01 1.014228249999999873e-02
2.168567448135726161e-01 9.938901374999999788e-03
2.172904583031997627e-01 9.748596249999999866e-03
2.177250392198061546e-01 9.566583874999999570e-03
2.181604892982457744e-01 9.365315999999998531e-03
2.185968102768422461e-01 9.159028374999999417e-03
2.190340038973959125e-01 8.945722249999999570e-03
2.194720719051907187e-01 8.721154749999999664e-03
2.199110160490010957e-01 8.503174625000000167e-03
2.203508380810991207e-01 8.271939600000000059e-03
2.207915397572613181e-01 8.050730499999998735e-03
2.212331228367758196e-01 7.833450500000000219e-03
2.216755890824493869e-01 7.605536125000000348e-03
2.221189402606142949e-01 7.389062750000000533e-03
2.225631781411355203e-01 7.162128000000000244e-03
2.230083044974177642e-01 6.945744375000000026e-03
2.234543211064126123e-01 6.761349124999999766e-03
2.239012297486254466e-01 6.563438249999999433e-03
2.243490322081226895e-01 6.370345124999999414e-03
2.247977302725389648e-01 6.163055599999999953e-03
2.252473257330840362e-01 5.967405999999999752e-03
2.256978203845501907e-01 5.802579625000000088e-03
2.261492160253192885e-01 5.636135250000000319e-03
2.266015144573699513e-01 5.461417500000000265e-03
2.270547174862846962e-01 5.273487099999999914e-03
2.275088269212572623e-01 5.092348124999999948e-03
2.279638445750997722e-01 4.938014750000000591e-03
2.284197722642499762e-01 4.783786874999999481e-03
2.288766118087784962e-01 4.622614124999999650e-03
2.293343650323960425e-01 4.446873399999998894e-03
2.297930337624608521e-01 4.283162624999999751e-03
2.302526198299857663e-01 4.133993500000000473e-03
2.307131250696457525e-01 4.023496625000000208e-03
2.311745513197850377e-01 3.889003000000000251e-03
2.316369004224245742e-01 3.766242900000000247e-03
2.321001742232694509e-01 3.648792750000000133e-03
2.325643745717159705e-01 3.526071750000000019e-03
2.330295033208594213e-01 3.410497499999999918e-03
2.334955623275011272e-01 3.304275900000000488e-03
2.339625534521561634e-01 3.207441374999999914e-03
2.344304785590604623e-01 3.099410625000000030e-03
2.348993395161785847e-01 3.001128499999999779e-03
2.353691381952109363e-01 2.937079250000000294e-03
2.358398764716013452e-01 2.835914900000000016e-03
2.363115562245445278e-01 2.729276125000000032e-03
2.367841793369936387e-01 2.662761875000000007e-03
2.372577476956675979e-01 2.582219499999999918e-03
2.377322631910589457e-01 2.513022874999999712e-03
2.382077277174410590e-01 2.429552300000000289e-03
2.386841431728759511e-01 2.359633249999999738e-03
2.391615114592217095e-01 2.303925749999999675e-03
2.396398344821401571e-01 2.220903375000000003e-03
2.401191141511044291e-01 2.156235125000000204e-03
2.405993523794066058e-01 2.115683199999999781e-03
2.410805510841654287e-01 2.052976750000000232e-03
2.415627121863337390e-01 1.990917625000000139e-03
2.420458376107064158e-01 1.948885999999999934e-03
2.425299292859278144e-01 1.917024375000000048e-03
2.430149891444997046e-01 1.874317300000000013e-03
2.435010191227887089e-01 1.819970374999999984e-03
2.439880211610342686e-01 1.780298000000000037e-03
2.444759972033563322e-01 1.759392124999999965e-03
2.449649491977630433e-01 1.731681000000000106e-03
2.454548790961585680e-01 1.663951099999999919e-03
2.459457888543508663e-01 1.623365375000000114e-03
2.464376804320595749e-01 1.607836875000000047e-03
2.469305557929236949e-01 1.583895125000000029e-03
2.474244169045095587e-01 1.541037875000000066e-03
2.479192657383185727e-01 1.510497200000000036e-03
2.484151042697951839e-01 1.491136500000000064e-03
2.489119344783347898e-01 1.444189624999999907e-03
2.494097583472914548e-01 1.422497874999999971e-03
2.499085778639860422e-01 1.398243800000000025e-03
2.504083950197140140e-01 1.390444125000000163e-03
2.509092118097534518e-01 1.381180249999999950e-03
2.514110302333729119e-01 1.347520124999999989e-03
2.519138522938396685e-01 1.308188999999999966e-03
2.524176799984273467e-01 1.310566899999999861e-03
2.529225153584241936e-01 1.303482250000000207e-03
2.534283603891410719e-01 1.280423875000000124e-03
2.539352171099192867e-01 1.260441374999999968e-03
2.544430875441391349e-01 1.261865625000000140e-03
2.549519737192273983e-01 1.244714000000000063e-03
2.554618776666658375e-01 1.211282125000000091e-03
2.559728014219991854e-01 1.217772499999999949e-03
2.564847470248432515e-01 1.230838374999999960e-03
2.569977165188929158e-01 1.223370875000000073e-03
2.575117119519306774e-01 1.213852500000000027e-03
2.580267353758345372e-01 1.209222250000000116e-03
2.585427888465862134e-01 1.174675000000000025e-03
2.590598744242793572e-01 1.169123375000000013e-03
2.595779941731279905e-01 1.210179374999999832e-03
2.600971501614742221e-01 1.212642800000000159e-03
2.606173444617971846e-01 1.172728624999999940e-03
2.611385791507207510e-01 1.189116124999999979e-03
2.616608563090221939e-01 1.213288624999999971e-03
2.621841780216402351e-01 1.201074624999999996e-03
2.627085463776834828e-01 1.196005799999999824e-03
2.632339634704388698e-01 1.237634000000000043e-03
2.637604313973797576e-01 1.241876875000000021e-03
2.642879522601745412e-01 1.219084249999999921e-03
2.648165281646948088e-01 1.227895875000000088e-03
2.653461612210242238e-01 1.253859899999999836e-03
2.658768535434662961e-01 1.251975999999999914e-03
2.664086072505532643e-01 1.276754874999999926e-03
2.669414244650543111e-01 1.313061874999999889e-03
2.674753073139844450e-01 1.313230800000000139e-03
2.680102579286124387e-01 1.321426499999999848e-03
2.685462784444696549e-01 1.368139750000000026e-03
2.690833710013585955e-01 1.401394124999999751e-03
2.696215377433612836e-01 1.387271000000000034e-03
2.701607808188479787e-01 1.408961299999999910e-03
2.707011023804857253e-01 1.465072999999999896e-03
2.712425045852466798e-01 1.492641375000000083e-03
2.717849895944172145e-01 1.504297250000000228e-03
2.723285595736060216e-01 1.537561750000000045e-03
2.728732166927532177e-01 1.582604499999999996e-03
2.734189631261387810e-01 1.625530000000000030e-03
2.739658010523910447e-01 1.695023500000000100e-03
2.745137326544958567e-01 1.745356249999999859e-03
2.750627601198047945e-01 1.753415375000000158e-03
2.756128856400444360e-01 1.826845499999999855e-03
2.761641114113245199e-01 1.881196749999999949e-03
2.767164396341471599e-01 1.940276500000000064e-03
2.772698725134154496e-01 1.983155999999999808e-03
2.778244122584422882e-01 2.053925749999999887e-03
2.783800610829592070e-01 2.143233300000000133e-03
2.789368212051250850e-01 2.229970999999999863e-03
2.794946948475353632e-01 2.304472749999999723e-03
2.800536842372304269e-01 2.370086374999999784e-03
2.806137916057048765e-01 2.505600250000000057e-03
2.811750191889162975e-01 2.600465599999999926e-03
2.817373692272941987e-01 2.788704749999999961e-03
2.823008439657487822e-01 2.873418249999999848e-03
2.828654456536803252e-01 2.989013124999999500e-03
2.834311765449876730e-01 3.022770125000000078e-03
2.839980388980776205e-01 3.244628099999999869e-03
2.845660349758737939e-01 3.430816000000000161e-03
2.851351670458255327e-01 3.605783999999999899e-03
2.857054373799171598e-01 3.787973500000000205e-03
2.862768482546770299e-01 3.918941250000000306e-03
2.868494019511863558e-01 4.142145200000000790e-03
2.874231007550887562e-01 4.352964500000000569e-03
2.879979469565989714e-01 4.696495499999999920e-03
2.885739428505121884e-01 4.940421500000000132e-03
2.891510907362132010e-01 5.224363999999999571e-03
2.897293929176856242e-01 5.567283875000000534e-03
2.903088517035209426e-01 5.826359624999999376e-03
2.908894694069280029e-01 6.112654250000000219e-03
2.914712483457418957e-01 6.543614500000000285e-03
2.920541908424333366e-01 7.076403000000000207e-03
2.926382992241182146e-01 7.418676124999999850e-03
2.932235758225664735e-01 7.900455750000000277e-03
2.938100229742116043e-01 8.525394874999999914e-03
2.943976430201600269e-01 8.943526999999999727e-03
2.949864383062003048e-01 9.556331899999999380e-03
2.955764111828127483e-01 1.044009874999999969e-02
2.961675640051783520e-01 1.121210624999999933e-02
2.967598991331887315e-01 1.184662375000000017e-02
2.973534189314551157e-01 1.276383999999999852e-02
2.979481257693180618e-01 1.398427200000000072e-02
2.985440220208566697e-01 1.501067124999999960e-02
2.991411100648984078e-01 1.603926249999999831e-02
2.997393922850282166e-01 1.762756000000000045e-02
3.003388710695982233e-01 1.875739499999999962e-02
3.009395488117374562e-01 2.048264999999999808e-02
3.015414279093609484e-01 2.267790374999999886e-02
3.021445107651796746e-01 2.390276250000000074e-02
3.027487997867099878e-01 2.609638375000000038e-02
3.033542973862833891e-01 2.872985125000000056e-02
3.039610059810559650e-01 3.041660599999999881e-02
3.045689279930180460e-01 3.297793375000000055e-02
3.051780658490040876e-01 3.682089499999999932e-02
3.057884219807021076e-01 3.922051999999999483e-02
3.063999988246635664e-01 4.077259750000000044e-02
3.070127988223129156e-01 4.501785500000000245e-02
3.076268244199575896e-01 5.005101499999999731e-02
3.082420780687974982e-01 5.179539500000000102e-02
3.088585622249351292e-01 5.407525625000000197e-02
3.094762793493849307e-01 5.964268099999998907e-02
3.100952319080837460e-01 6.438907750000000263e-02
3.107154223718998631e-01 6.743581625000000246e-02
3.113368532166437275e-01 6.969093875000000049e-02
3.119595269230769907e-01 7.685640374999999636e-02
3.125834459769231133e-01 8.417765899999998802e-02
3.132086128688770232e-01 8.654447750000000827e-02
3.138350300946147753e-01 8.749443000000001192e-02
3.144627001548039313e-01 9.772793625000000817e-02
3.150916255551135525e-01 1.021872575000000033e-01
3.157218088062238026e-01 1.004519929999999894e-01
3.163532524238362176e-01 1.108929412500000156e-01
3.169859589286838641e-01 1.144488087499999918e-01
3.176199308465412763e-01 1.125547112499999947e-01
3.182551707082343917e-01 1.203236412500000019e-01
3.188916810496508214e-01 1.322036600000000006e-01
3.195294644117501193e-01 1.268158750000000223e-01
3.201685233405736630e-01 1.265811124999999815e-01
3.208088603872547573e-01 1.411915249999999844e-01
3.214504781080292917e-01 1.490989875000000020e-01
3.220933790642453443e-01 1.396748899999999960e-01
3.227375658223737842e-01 1.386927125000000094e-01
3.233830409540185413e-01 1.551982249999999675e-01
3.240298070359265425e-01 1.629638374999999861e-01
3.246778666499984256e-01 1.551852250000000100e-01
3.253272223832984200e-01 1.507645999999999986e-01
3.259778768280650052e-01 1.621970875000000034e-01
3.266298325817211246e-01 1.713630499999999890e-01
3.272830922468845660e-01 1.672198624999999828e-01
3.279376584313783427e-01 1.590116999999999781e-01
3.285935337482410734e-01 1.661354800000000020e-01
3.292507208157375853e-01 1.769411375000000120e-01
3.299092222573690725e-01 1.776006874999999929e-01
3.305690407018838095e-01 1.696861874999999742e-01
3.312301787832875322e-01 1.666418124999999861e-01
3.318926391408540955e-01 1.751742000000000021e-01
3.325564244191357988e-01 1.806242750000000008e-01
3.332215372679740994e-01 1.783069749999999787e-01
3.338879803425100490e-01 1.711594375000000112e-01
3.345557563031950621e-01 1.770995399999999997e-01
3.352248678158014084e-01 1.812689749999999989e-01
3.358953175514330369e-01 1.816743749999999991e-01
3.365671081865359016e-01 1.784774875000000038e-01
3.372402424029089518e-01 1.747529125000000239e-01
3.379147228877147358e-01 1.770545000000000035e-01
3.385905523334902245e-01 1.803727999999999998e-01
3.392677334381571930e-01 1.801265750000000110e-01
3.399462689050334330e-01 1.781056874999999984e-01
3.406261614428435225e-01 1.771405500000000077e-01
3.413074137657292062e-01 1.793976600000000143e-01
3.419900285932606643e-01 1.795743499999999937e-01
3.426740086504471705e-01 1.791125625000000166e-01
3.433593566677480835e-01 1.779042250000000269e-01
3.440460753810836159e-01 1.758087375000000063e-01
3.447341675318457699e-01 1.764194899999999844e-01
3.454236358669094398e-01 1.769623750000000051e-01
3.461144831386432363e-01 1.767142375000000099e-01
3.468067121049205337e-01 1.764530750000000148e-01
3.475003255291303494e-01 1.755205499999999974e-01
3.481953261801886135e-01 1.756252199999999708e-01
3.488917168325489926e-01 1.752926999999999957e-01
3.495895002662141038e-01 1.746805624999999973e-01
3.502886792667465610e-01 1.742249750000000041e-01
3.509892566252800217e-01 1.736797500000000216e-01
3.516912351385305668e-01 1.724703999999999959e-01
3.523946176088076365e-01 1.722903749999999956e-01
3.530994068440251876e-01 1.719434874999999918e-01
3.538056056577132402e-01 1.715724124999999933e-01
3.545132168690287022e-01 1.711148000000000113e-01
3.552222433027667492e-01 1.704595899999999942e-01
3.559326877893722596e-01 1.699122000000000132e-01
3.566445531649510281e-01 1.693413874999999957e-01
3.573578422712808678e-01 1.687768875000000002e-01
3.580725579558234339e-01 1.682233599999999885e-01
3.587887030717350489e-01 1.676607500000000250e-01
3.595062804778785814e-01 1.670264375000000134e-01
3.602252930388343266e-01 1.665597249999999918e-01
3.609457436249119411e-01 1.662179249999999886e-01
3.616676351121618227e-01 1.658112600000000159e-01
3.623909703823861017e-01 1.653412125000000010e-01
3.631157523231508533e-01 1.649613374999999993e-01
3.638419838277971996e-01 1.645909999999999873e-01
3.645696677954528009e-01 1.641807249999999996e-01
3.652988071310436791e-01 1.637119400000000002e-01
3.660294047453057642e-01 1.632799749999999939e-01
3.667614635547964408e-01 1.629090625000000070e-01
3.674949864819060386e-01 1.625326500000000007e-01
3.682299764548698229e-01 1.621414250000000057e-01
3.689664364077795966e-01 1.616987199999999902e-01
3.697043692805951354e-01 1.612748250000000105e-01
3.704437780191563445e-01 1.608268749999999803e-01
3.711846655751946944e-01 1.603470375000000114e-01
3.719270349063450443e-01 1.598722499999999935e-01
3.726708889761577437e-01 1.593358100000000221e-01
3.734162307541100123e-01 1.587912125000000008e-01
3.741630632156182079e-01 1.583116999999999996e-01
3.749113893420494836e-01 1.578461499999999906e-01
3.756612121207335564e-01 1.573823749999999910e-01
3.764125345449750304e-01 1.568458300000000194e-01
3.771653596140650544e-01 1.562587374999999945e-01
3.779196903332932012e-01 1.558745500000000006e-01
3.786755297139597909e-01 1.554149499999999962e-01
3.794328807733876596e-01 1.549482124999999877e-01
3.801917465349344827e-01 1.544681299999999813e-01
3.809521300280043210e-01 1.540458749999999988e-01
3.817140342880603332e-01 1.536759124999999837e-01
3.824774623566364884e-01 1.533075000000000132e-01
3.832424172813497787e-01 1.528945600000000127e-01
3.840089021159124316e-01 1.524852999999999903e-01
3.847769199201442891e-01 1.521243624999999988e-01
3.855464737599845759e-01 1.517648125000000126e-01
3.863175667075045561e-01 1.514063500000000229e-01
3.870902018409195788e-01 1.510043100000000027e-01
3.878643822446014022e-01 1.506044750000000154e-01
3.886401110090906830e-01 1.502512500000000029e-01
3.894173912311088559e-01 1.499016250000000106e-01
3.901962260135710681e-01 1.495406499999999972e-01
3.909766184655981691e-01 1.490942100000000048e-01
3.917585717025293679e-01 1.486773624999999932e-01
3.925420888459344448e-01 1.482901249999999949e-01
3.933271730236262975e-01 1.478167375000000172e-01
3.941138273696735417e-01 1.475289000000000184e-01
3.949020550244128902e-01 1.471014200000000105e-01
3.956918591344616987e-01 1.466796750000000094e-01
3.964832428527306218e-01 1.462857000000000185e-01
3.972762093384361037e-01 1.459266500000000188e-01
3.980707617571129786e-01 1.454549625000000068e-01
3.988669032806272385e-01 1.451367749999999957e-01
3.996646370871884679e-01 1.447288012499999832e-01
4.004639663613628331e-01 1.444045999999999941e-01
4.012648942940855168e-01 1.440763912499999910e-01
4.020674240826737078e-01 1.437152162499999997e-01
4.028715589308390355e-01 1.432957759999999858e-01
4.036773020487006702e-01 1.428461950000000091e-01
4.044846566527980913e-01 1.424920062499999973e-01
4.052936259661036877e-01 1.421341250000000000e-01
4.061042132180359143e-01 1.417790025000000009e-01
4.069164216444720039e-01 1.414105840000000058e-01
4.077302544877609569e-01 1.410194312499999936e-01
4.085457149967364754e-01 1.407222800000000051e-01
4.093628064267299527e-01 1.404009562500000141e-01
4.101815320395834075e-01 1.400768350000000106e-01
4.110018951036625845e-01 1.396653330000000026e-01
4.118238988938699441e-01 1.392521124999999693e-01
4.126475466916577073e-01 1.389199275000000122e-01
4.134728417850409565e-01 1.386056962500000211e-01
4.142997874686110693e-01 1.382277960000000139e-01
4.151283870435482637e-01 1.379298537499999977e-01
4.159586438176353651e-01 1.376437199999999972e-01
4.167905611052706849e-01 1.372509962500000069e-01
4.176241422274811765e-01 1.369595512499999779e-01
4.184593905119361468e-01 1.365758599999999934e-01
4.192963092929599678e-01 1.361165087499999760e-01
4.201349019115458994e-01 1.358080237500000065e-01
4.209751717153689676e-01 1.354990387499999949e-01
4.218171220587997317e-01 1.352135024999999990e-01
4.226607563029173287e-01 1.348938359999999892e-01
4.235060778155231298e-01 1.345706249999999993e-01
4.243530899711541737e-01 1.342857837499999984e-01
4.252017961510964894e-01 1.339582450000000036e-01
4.260521997433986963e-01 1.335892012500000114e-01
4.269043041428854934e-01 1.332411159999999928e-01
4.277581127511712600e-01 1.328956937500000157e-01
4.286136289766736551e-01 1.326157875000000264e-01
4.294708562346269964e-01 1.323408512500000023e-01
4.303297979470962487e-01 1.320686387499999948e-01
4.311904575429904574e-01 1.317506290000000080e-01
4.320528384580764047e-01 1.314327812500000192e-01
4.329169441349925429e-01 1.311566574999999957e-01
4.337827780232624830e-01 1.308496737500000062e-01
4.346503435793090397e-01 1.305280099999999999e-01
4.355196442664676648e-01 1.301783009999999963e-01
4.363906835550006025e-01 1.298533487499999861e-01
4.372634649221106007e-01 1.295567850000000076e-01
4.381379918519547889e-01 1.292856200000000177e-01
4.390142678356587225e-01 1.290177574999999965e-01
4.398922963713300383e-01 1.287090759999999778e-01
4.407720809640727211e-01 1.283188012500000030e-01
4.416536251260008150e-01 1.274734574999999981e-01
4.425369323762528007e-01 1.275723700000000183e-01
4.434220062410053065e-01 1.271886440000000174e-01
4.443088502534873196e-01 1.269547812499999817e-01
4.451974679539942858e-01 1.266906312499999909e-01
4.460878628899022647e-01 1.264033562499999874e-01
4.469800386156820293e-01 1.263703150000000108e-01
4.478739986929134442e-01 1.261497540000000028e-01
4.487697466902992316e-01 1.258460662499999994e-01
4.496672861836799040e-01 1.255160349999999980e-01
4.505666207560472536e-01 1.251991524999999938e-01
4.514677539975593401e-01 1.249045337499999908e-01
4.523706895055544797e-01 1.245966149999999939e-01
4.532754308845656221e-01 1.243072912500000071e-01
4.541819817463347286e-01 1.240913425000000070e-01
4.550903457098274263e-01 1.238243637499999855e-01
4.560005264012471082e-01 1.235822437500000148e-01
4.569125274540495885e-01 1.232324240000000071e-01
4.578263525089577013e-01 1.228887062500000071e-01
4.587420052139756232e-01 1.225350887499999930e-01
4.596594892244035835e-01 1.221800724999999865e-01
4.605788082028524077e-01 1.218568774999999882e-01
4.614999658192581178e-01 1.215313670000000013e-01
4.624229657508966418e-01 1.212710600000000138e-01
4.633478116823984694e-01 1.211047499999999971e-01
4.642745073057632510e-01 1.209494199999999881e-01
4.652030563203747304e-01 1.207768837500000081e-01
4.661334624330154552e-01 1.205203999999999998e-01
4.670657293578814873e-01 1.201899375000000103e-01
4.679998608165972795e-01 1.198737500000000011e-01
4.689358605382304424e-01 1.194469087499999971e-01
4.698737322593069532e-01 1.192362024999999992e-01
4.708134797238255342e-01 1.189826840000000052e-01
4.717551066832731399e-01 1.187312112499999961e-01
4.726986168966397228e-01 1.185448000000000057e-01
4.736440141304329998e-01 1.183533787500000156e-01
4.745913021586939395e-01 1.180659574999999850e-01
4.755404847630113063e-01 1.176658189999999909e-01
4.764915657325373699e-01 1.172143824999999917e-01
4.774445488640024493e-01 1.167964675000000008e-01
4.783994379617304560e-01 1.163636175000000161e-01
4.793562368376539373e-01 1.159474990000000094e-01
4.803149493113292312e-01 1.156046037499999929e-01
4.812755792099518981e-01 1.153621687500000076e-01
4.822381303683718201e-01 1.151440199999999858e-01
4.832026066291085775e-01 1.149928537500000125e-01
4.841690118423668254e-01 1.148282300000000034e-01
4.851373498660515038e-01 1.147369662499999887e-01
4.861076245657836026e-01 1.146640062499999918e-01
4.870798398149152053e-01 1.144331362500000115e-01
4.880539994945450322e-01 1.143793900000000113e-01
4.890301074935341497e-01 1.141570329999999911e-01
4.900081677085211806e-01 1.139125287500000194e-01
4.909881840439382916e-01 1.137227412499999951e-01
4.919701604120261251e-01 1.134612837500000027e-01
4.929541007328501756e-01 1.133078049999999976e-01
4.939400089343158884e-01 1.130539490000000008e-01
4.949278889521845359e-01 1.127510025000000027e-01
4.959177447300888719e-01 1.124721399999999982e-01
4.969095802195490075e-01 1.122091399999999989e-01
4.979033993799881208e-01 1.119073600000000113e-01
4.988992061787480559e-01 1.115348540000000027e-01
4.998970045911055315e-01 1.111249925000000055e-01
5.008967986002876849e-01 1.107423525000000020e-01
5.018985921974883357e-01 1.099026037500000080e-01
5.029023893818832525e-01 1.098361075000000020e-01
5.039081941606470272e-01 1.091615769999999958e-01
5.049160105489682859e-01 1.089828350000000001e-01
5.059258425700663420e-01 1.087596612500000004e-01
5.069376942552064058e-01 1.079012699999999936e-01
5.079515696437167938e-01 1.085746462499999898e-01
5.089674727830042489e-01 1.085024020000000256e-01
5.099854077285701504e-01 1.084945199999999971e-01
5.110053785440273888e-01 1.080965574999999956e-01
5.120273893011153543e-01 1.081522187500000010e-01
5.130514440797175890e-01 1.077989120000000106e-01
5.140775469678771081e-01 1.075461974999999959e-01
5.151057020618128313e-01 1.073011862499999997e-01
5.161359134659364578e-01 1.070708875000000032e-01
5.171681852928683432e-01 1.068744562499999995e-01
5.182025216634540410e-01 1.066668340000000159e-01
5.192389267067809566e-01 1.064507200000000126e-01
5.202774045601945563e-01 1.062433624999999937e-01
5.213179593693149094e-01 1.059713087499999928e-01
5.223605952880534531e-01 1.056046349999999884e-01
5.234053164786296453e-01 1.051517419999999925e-01
5.244521271115868410e-01 1.046892212499999919e-01
5.255010313658099452e-01 1.043785187499999823e-01
5.265520334285416215e-01 1.040305450000000020e-01
5.276051374953987239e-01 1.037004237499999926e-01
5.286603477703895049e-01 1.033244030000000091e-01
5.297176684659302692e-01 1.028871600000000053e-01
5.307771038028621380e-01 1.025189549999999949e-01
5.318386580104679240e-01 1.022718625000000048e-01
5.329023353264887852e-01 1.019860862499999965e-01
5.339681399971416553e-01 1.017746620000000018e-01
5.350360762771360079e-01 1.016555937499999951e-01
5.361061484296902879e-01 1.015742662499999893e-01
5.371783607265496752e-01 1.015084975000000028e-01
5.382527174480027377e-01 1.014153099999999946e-01
5.393292228828987511e-01 1.012548419999999977e-01
5.404078813286645744e-01 1.008742787500000043e-01
5.414886970913218578e-01 9.945554625000001259e-02
5.425716744855044738e-01 1.003682812499999966e-01
5.436568178344756141e-01 9.992811499999999791e-02
5.447441314701444437e-01 9.970555200000000284e-02
5.458336197330847517e-01 9.935000750000000380e-02
5.469252869725509392e-01 9.936962250000000441e-02
5.480191375464960046e-01 9.920994625000001399e-02
5.491151758215888634e-01 9.903727000000001057e-02
5.502134061732321113e-01 9.885552375000000724e-02
5.513138329855785669e-01 9.865478874999999981e-02
5.524164606515497011e-01 9.843562124999999385e-02
5.535212935728528461e-01 9.821266124999999958e-02
5.546283361599984030e-01 9.797444899999999124e-02
5.557375928323184944e-01 9.771551500000000279e-02
5.568490680179830621e-01 9.749271624999999997e-02
5.579627661540189631e-01 9.724854750000000436e-02
5.590786916863270672e-01 9.695846624999998609e-02
5.601968490696997982e-01 9.654853599999999036e-02
5.613172427678392307e-01 9.607086250000000660e-02
5.624398772533748536e-01 9.568105625000000725e-02
5.635647570078816671e-01 9.529602500000000642e-02
5.646918865218973904e-01 9.496419999999999861e-02
5.658212702949412254e-01 9.470476999999999368e-02
5.669529128355310643e-01 9.446556250000000265e-02
5.680868186612021420e-01 9.417254875000000136e-02
5.692229922985245771e-01 9.347518750000000098e-02
5.703614382831215801e-01 9.366374750000000526e-02
5.715021611596877715e-01 9.332405800000000140e-02
5.726451654820071679e-01 9.259907124999999795e-02
5.737904558129711674e-01 9.283815750000000422e-02
5.749380367245970902e-01 9.270367999999999664e-02
5.760879127980462755e-01 9.245647124999999134e-02
5.772400886236424000e-01 9.256537599999999089e-02
5.783945688008896857e-01 9.241497499999999643e-02
5.795513579384914404e-01 9.255328875000000399e-02
5.807104606543684877e-01 9.259619125000000117e-02
5.818718815756771523e-01 9.271392375000001018e-02
5.830356253388285781e-01 9.270882799999999313e-02
5.842016965895062697e-01 9.260716624999999758e-02
5.853700999826851881e-01 9.267894999999998218e-02
5.865408401826505136e-01 9.269133374999999342e-02
5.877139218630158535e-01 9.295181750000000576e-02
5.888893497067417826e-01 9.059390100000000445e-02
5.900671284061553834e-01 8.959781625000000360e-02
5.912472626629676764e-01 9.233189250000001236e-02
5.924297571882934932e-01 9.184767874999999471e-02
5.936146167026701281e-01 9.081687700000000418e-02
5.948018459360754351e-01 8.512151249999999614e-02
5.959914496279475893e-01 9.143106499999999193e-02
5.971834325272035171e-01 9.120096625000000123e-02
5.983777993922578808e-01 9.051205375000000164e-02
5.995745549910425076e-01 9.064837000000000589e-02
6.007737041010245971e-01 9.032210625000000603e-02
6.019752515092265943e-01 9.072982374999999378e-02
6.031792020122450637e-01 9.059851499999999058e-02
6.043855604162695627e-01 9.042200374999997958e-02
6.055943315371020708e-01 9.052978599999998710e-02
6.068055202001763071e-01 9.059641000000001609e-02
6.080191312405766046e-01 9.070488375000000658e-02
6.092351695030577829e-01 9.084527249999999055e-02
6.104536398420639109e-01 9.099242125000001069e-02
6.116745471217479579e-01 9.113891699999999985e-02
6.128978962159914445e-01 9.126313499999999523e-02
6.141236920084234274e-01 9.136351249999999369e-02
6.153519393924402614e-01 9.140617500000000617e-02
6.165826432712251393e-01 9.142385000000000095e-02
6.178158085577676317e-01 9.144894499999998982e-02
6.190514401748832274e-01 9.148365249999998450e-02
6.202895430552329836e-01 9.149105250000000300e-02
6.215301221413433996e-01 9.152236625000000070e-02
6.227731823856261784e-01 9.155868000000000340e-02
6.240187287503973224e-01 9.153770999999999436e-02
6.252667662078981170e-01 9.140703000000000022e-02
6.265172997403138933e-01 9.133517875000000952e-02
6.277703343397945668e-01 8.477160000000000251e-02
6.290258750084741779e-01 9.074903749999999047e-02
6.302839267584912086e-01 9.113917300000000388e-02
6.315444946120081227e-01 9.060112749999998938e-02
6.328075836012321265e-01 9.163602999999999332e-02
6.340731987684345983e-01 9.183504249999999147e-02
6.353413451659715161e-01 9.201486199999998894e-02
6.366120278563034418e-01 9.213220625000000108e-02
6.378852519120159492e-01 9.223718499999999931e-02
6.391610224158400522e-01 9.227524249999999317e-02
6.404393444606717445e-01 9.252182749999998679e-02
6.417202231495930942e-01 9.271234600000000103e-02
6.430036635958922275e-01 9.281677250000000545e-02
6.442896709230840901e-01 9.287563000000000069e-02
6.455782502649303201e-01 9.304641249999999475e-02
6.468694067654601199e-01 9.294757624999999690e-02
6.481631455789910179e-01 9.166553900000000421e-02
6.494594718701489633e-01 9.160866374999999950e-02
6.507583908138891982e-01 9.278137999999999663e-02
6.520599075955170187e-01 9.250133624999999638e-02
6.533640274107079815e-01 9.270490625000001039e-02
6.546707554655294414e-01 9.330390799999999096e-02
6.559800969764604250e-01 8.834679874999999682e-02
6.572920571704133907e-01 9.348817874999998390e-02
6.586066412847542129e-01 9.306437374999999845e-02
6.599238545673237200e-01 9.361871500000000512e-02
6.612437022764583450e-01 9.365838399999999730e-02
6.625661896810113305e-01 9.353119749999999621e-02
6.638913220603732679e-01 9.374670749999999830e-02
6.652191047044940797e-01 9.384396500000000141e-02
6.665495429139030037e-01 9.394485874999999875e-02
6.678826419997307973e-01 9.406549499999999897e-02
6.692184072837303876e-01 9.413093124999999395e-02
6.705568440982978551e-01 9.414564500000000002e-02
6.718979577864944153e-01 9.415275000000000727e-02
6.732417537020674025e-01 9.414032999999999429e-02
6.745882372094715862e-01 9.413689599999999769e-02
6.759374136838904867e-01 9.418099624999999586e-02
6.772892885112582473e-01 9.426786874999998345e-02
6.786438670882807278e-01 9.435856749999999016e-02
6.800011548224572655e-01 9.443208000000000157e-02
6.813611571321021021e-01 9.445033375000000397e-02
6.827238794463663663e-01 9.446235249999999917e-02
6.840893272052590568e-01 9.443492250000001809e-02
6.854575058596696913e-01 9.437764374999998984e-02
6.868284208713890671e-01 7.497186014100000462e-02
6.882020777131317990e-01 9.121541500000000802e-02
6.895784818685580797e-01 6.882501313750000183e-02
6.909576388322952178e-01 9.239528749999999235e-02
6.923395541099597317e-01 8.144146362500000180e-02
6.937242332181796645e-01 9.076689200000000179e-02
6.951116816846160118e-01 9.407769750000000153e-02
6.965019050479852591e-01 9.431769125000000198e-02
6.978949088580812532e-01 9.151728874999999486e-02
6.992906986757974064e-01 9.380524125000000435e-02
7.006892800731490123e-01 9.293539200000000555e-02
7.020906586332953392e-01 9.423092874999999813e-02
7.034948399505618344e-01 9.452010124999998819e-02
7.049018296304629949e-01 9.209763000000001365e-02
7.063116332897239058e-01 9.449127125000000849e-02
7.077242565563033327e-01 9.399733100000001729e-02
7.091397050694159265e-01 9.456539624999998894e-02
7.105579844795547606e-01 9.384567625000000968e-02
7.119791004485138686e-01 9.418136250000000431e-02
7.134030586494108928e-01 9.430996375000000320e-02
7.148298647667097327e-01 9.381520999999999610e-02
7.162595244962430829e-01 9.062706249999999408e-02
7.176920435452356362e-01 8.459210912500000901e-02
7.191274276323260661e-01 8.394486750000000608e-02
7.205656824875906752e-01 8.094288574999999875e-02
7.220068138525659318e-01 9.341733099999999235e-02
7.234508274802710082e-01 8.977359875000000267e-02
7.248977291352315389e-01 8.606517700000000659e-02
7.263475245935020475e-01 8.817718749999998995e-02
7.278002196426889281e-01 7.430068985000000403e-02
7.292558200819743153e-01 8.964566899999999727e-02
7.307143317221382883e-01 8.096021022500000941e-02
7.321757603855825192e-01 8.896375249999997903e-02
7.336401119063536980e-01 9.036418999999999702e-02
7.351073921301664038e-01 9.201166300000000742e-02
7.365776069144267524e-01 9.413415249999999845e-02
7.380507621282555997e-01 9.423020875000001628e-02
7.395268636525120787e-01 9.351084625000000150e-02
7.410059173798171361e-01 9.447465250000000592e-02
7.424879292145767362e-01 9.447058899999999371e-02
7.439729050730057303e-01 9.271131999999999984e-02
7.454608508831517266e-01 9.345585375000001194e-02
7.469517725849180723e-01 9.434621874999998825e-02
7.484456761300879446e-01 9.428809750000000101e-02
7.499425674823481103e-01 9.408890999999999782e-02
7.514424526173126839e-01 9.430159624999999435e-02
7.529453375225474421e-01 9.430483750000000220e-02
7.544512281975925827e-01 9.441124124999999978e-02
7.559601306539878163e-01 9.444753999999999650e-02
7.574720509152956804e-01 9.445831300000000208e-02
7.589869950171262980e-01 8.974426500000000362e-02
7.605049690071605806e-01 5.623733337500000373e-02
7.620259789451748755e-01 5.250699475000000782e-02
7.635500309030651689e-01 6.666040662500000158e-02
7.650771309648712881e-01 7.917905629999999473e-02
7.666072852268009941e-01 8.247934787499999754e-02
7.681404997972545168e-01 8.794951450000000615e-02
7.696767807968490915e-01 9.376197125000000632e-02
7.712161343584428286e-01 9.430594374999999585e-02
7.727585666271596931e-01 9.425911499999999055e-02
7.743040837604140414e-01 9.387842249999998889e-02
7.758526919279349343e-01 9.413052750000000524e-02
7.774043973117907846e-01 9.402632499999999394e-02
7.789592061064143369e-01 9.392679375000000108e-02
7.805171245186270923e-01 9.378632299999999089e-02
7.820781587676643998e-01 9.391209625000000727e-02
7.836423150851996589e-01 9.388041625000000112e-02
7.852095997153700768e-01 9.389161125000000663e-02
7.867800189148008716e-01 9.312870800000000449e-02
7.883535789526303628e-01 9.384320125000000790e-02
7.899302861105357287e-01 9.121127625000000072e-02
7.915101466827567656e-01 9.334835500000000785e-02
7.930931669761223102e-01 9.394283000000000494e-02
7.946793533100744433e-01 9.405627799999999317e-02
7.962687120166946908e-01 9.225972000000000339e-02
7.978612494407281153e-01 9.320538624999999411e-02
7.994569719396096286e-01 9.287149624999999076e-02
8.010558858834887497e-01 9.317164125000000630e-02
8.026579976552556950e-01 8.757079839999999671e-02
8.042633136505661362e-01 9.118182375000000173e-02
8.058718402778672907e-01 9.348349124999999482e-02
8.074835839584230124e-01 9.332340499999999817e-02
8.090985511263398822e-01 9.312187500000000673e-02
8.107167482285926319e-01 9.270675700000000075e-02
8.123381817250497905e-01 9.308662000000000880e-02
8.139628580884998854e-01 8.680626375000000117e-02
8.155907838046769776e-01 9.032334000000000196e-02
8.172219653722863075e-01 9.073913999999999591e-02
8.188564093030309410e-01 7.511842115000000319e-02
8.204941221216369707e-01 8.491025087500000956e-02
8.221351103658802728e-01 9.015043625000000727e-02
8.237793805866120422e-01 9.047766749999999747e-02
8.254269393477852157e-01 7.563822733749998861e-02
8.270777932264807841e-01 8.986158899999999172e-02
8.287319488129337719e-01 8.324720174999999944e-02
8.303894127105596601e-01 9.098201875000000438e-02
8.320501915359808098e-01 9.112578125000000973e-02
8.337142919190527746e-01 9.042486500000000704e-02
8.353817205028908344e-01 9.284251800000001276e-02
8.370524839438966413e-01 9.268416000000000154e-02
8.387265889117843098e-01 9.316232624999999656e-02
8.404040420896079500e-01 9.265958874999999373e-02
8.420848501737872027e-01 9.329711749999999859e-02
8.437690198741347736e-01 9.310358499999998871e-02
8.454565579138830778e-01 9.360855124999999111e-02
8.471474710297107746e-01 9.356620000000001602e-02
8.488417659717701902e-01 9.341556125000000099e-02
8.505394495037137403e-01 9.320794699999999933e-02
8.522405284027212424e-01 9.253605624999999835e-02
8.539450094595266716e-01 9.292530000000000234e-02
8.556528994784455833e-01 9.321776500000000798e-02
8.573642052774025357e-01 9.337151125000001106e-02
8.590789336879574023e-01 9.338289299999998072e-02
8.607970915553332381e-01 9.345192374999999885e-02
8.625186857384439243e-01 9.342965500000000034e-02
8.642437231099207029e-01 9.350218500000000155e-02
8.659722105561405980e-01 9.346230499999999553e-02
8.677041549772528395e-01 9.345568599999999615e-02
8.694395632872073953e-01 9.339815624999998900e-02
8.711784424137818394e-01 9.326788125000000373e-02
8.729207992986094400e-01 9.346141374999999973e-02
8.746666408972065820e-01 9.347495374999999218e-02
8.764159741790010782e-01 9.343175699999999029e-02
8.781688061273591472e-01 9.351082750000000443e-02
8.799251437396138353e-01 9.297819749999999828e-02
8.816849940270929942e-01 9.178973749999999598e-02
8.834483640151471473e-01 9.297255000000000102e-02
8.852152607431775788e-01 9.311396300000000792e-02
8.869856912646638669e-01 9.266776625000000545e-02
8.887596626471931938e-01 9.272769375000000647e-02
8.905371819724876570e-01 9.306548250000000466e-02
8.923182563364325803e-01 9.274811499999999209e-02
8.941028928491054906e-01 8.001584948999999891e-02
8.958910986348036509e-01 8.988395124999999652e-02
8.976828808320732600e-01 8.750507624999999401e-02
8.994782465937374294e-01 8.806111124999999040e-02
9.012772030869248274e-01 8.998162749999999432e-02
9.030797574930986560e-01 9.030405600000000754e-02
9.048859170080848502e-01 9.176976374999999686e-02
9.066956888421009442e-01 8.999798999999999993e-02
9.085090802197851589e-01 8.750488049999999296e-02
9.103260983802247130e-01 7.415748199000000984e-02
9.121467505769851325e-01 8.545342337500000385e-02
9.139710440781392276e-01 8.163579699999999606e-02
9.157989861662954034e-01 6.829737949125000429e-02
9.176305841386280804e-01 8.144719624999999241e-02
9.194658453069053383e-01 8.820139700000000083e-02
9.213047769975191148e-01 8.556786987500000774e-02
9.231473865515140709e-01 9.200126124999999377e-02
9.249936813246171230e-01 8.043816462499998876e-02
9.268436686872664199e-01 8.967076000000000213e-02
9.286973560246409853e-01 7.674048349999999796e-02
9.305547507366902504e-01 8.146125212499999435e-02
9.324158602381635852e-01 7.508386137499999113e-02
9.342806919586399417e-01 6.850367394999999637e-02
9.361492533425572748e-01 8.010435324999999607e-02
9.380215518492422966e-01 3.913753033000000325e-02
9.398975949529408958e-01 7.462049599999999450e-02
9.417773901428466710e-01 6.194300238750000132e-02
9.436609449231323499e-01 5.434915507500000242e-02
9.455482668129786550e-01 7.242085971250000753e-02
9.474393633466045017e-01 7.917810150000000047e-02
9.493342420732977516e-01 5.694581851250000298e-02
9.512329105574443000e-01 7.132208591249999952e-02
9.531353763785591626e-01 8.074676537500000140e-02
9.550416471313163402e-01 5.819108786249999749e-02
9.569517304255790169e-01 6.179598121999999027e-02
9.588656338864300910e-01 7.342375362499999059e-02
9.607833651542030395e-01 8.238227387500000887e-02
9.627049318845114501e-01 7.787865406250001066e-02
9.646303417482804399e-01 8.608240250000000204e-02
9.665596024317769652e-01 8.178740800000000588e-02
9.684927216366405744e-01 8.006971150000000148e-02
9.704297070799138281e-01 8.468836374999999528e-02
9.723705664940736071e-01 8.861399875000000592e-02
9.743153076270618662e-01 8.264687855000001082e-02
9.762639382423159429e-01 8.119796174999999172e-02
9.782164661188006427e-01 8.452716625000000761e-02
9.801728990510382156e-01 8.935623125000000111e-02
9.821332448491403300e-01 8.977827624999999701e-02
9.840975113388386042e-01 9.138786200000000026e-02
9.860657063615162476e-01 8.915013125000000038e-02
9.880378377742392582e-01 9.190171375000000253e-02
9.900139134497877302e-01 9.035094250000000327e-02
9.919939412766873854e-01 8.986773124999999918e-02
9.939779291592407695e-01 9.202586999999999573e-02
9.959658850175592271e-01 9.226488750000000350e-02
9.979578167875942096e-01 9.237013125000000102e-02
9.999537324211694722e-01 9.223781124999998193e-02
1.001953639886011826e+00 9.207055000000000100e-02
1.003957547165783781e+00 9.116482400000000541e-02
1.005965462260115295e+00 9.233666374999999205e-02
1.007977393184635417e+00 9.233145499999999284e-02
1.009993347971004818e+00 9.196623249999999472e-02
1.012013334666946873e+00 9.238520999999999539e-02
1.014037361336280751e+00 9.243904700000001029e-02
1.016065436058953164e+00 9.249475625000000423e-02
1.018097566931071229e+00 9.253991500000000037e-02
1.020133762064933336e+00 9.113332500000001501e-02
1.022174029589063338e+00 9.210475499999999649e-02
1.024218377648241418e+00 9.268079199999999795e-02
1.026266814403537841e+00 9.274898374999999973e-02
1.028319348032344926e+00 9.261430375000000159e-02
1.030375986728409687e+00 9.273904249999999350e-02
1.032436738701866474e+00 9.281764750000001674e-02
1.034501612179270502e+00 9.283334800000000997e-02
1.036570615403628937e+00 9.283111874999999680e-02
1.038643756634436199e+00 9.281589249999999680e-02
1.040721044147705054e+00 9.277396875000001875e-02
1.042802486236000359e+00 9.274545500000000442e-02
1.044888091208472591e+00 9.275938999999998325e-02
1.046977867390889383e+00 9.275047125000000781e-02
1.049071823125671266e+00 9.273422250000000477e-02
1.051169966771922537e+00 9.273327500000000390e-02
1.053272306705466566e+00 9.270678399999998653e-02
1.055378851318877320e+00 9.262408625000000117e-02
1.057489609021515342e+00 9.253537124999999808e-02
1.059604588239558165e+00 9.239955125000000324e-02
1.061723797416037396e+00 9.240222875000000946e-02
1.063847245010869358e+00 9.241384799999999289e-02
1.065974939500891061e+00 9.136010499999999701e-02
1.068106889379893065e+00 9.236336874999999391e-02
1.070243103158652787e+00 9.222985125000000839e-02
1.072383589364970025e+00 9.258813250000000328e-02
1.074528356543700047e+00 9.264463399999998960e-02
1.076677413256787563e+00 9.250984499999999333e-02
1.078830768083300917e+00 9.287707749999998819e-02
1.080988429619467617e+00 9.214195749999999629e-02
1.083150406478706529e+00 9.289465874999999762e-02
1.085316707291664073e+00 9.044423999999999519e-02
1.087487340706247529e+00 9.291725500000000415e-02
1.089662315387660119e+00 9.214320125000000083e-02
1.091841640018435422e+00 8.975369125000000337e-02
1.094025323298472241e+00 9.229449750000001673e-02
1.096213373945069236e+00 9.185071100000000155e-02
1.098405800692959566e+00 9.202287375000001157e-02
1.100602612294345528e+00 9.089013249999999822e-02
1.102803817518934082e+00 8.771691999999998990e-02
1.105009425153971936e+00 8.833499000000000212e-02
1.107219444004279962e+00 8.253675020000000861e-02
1.109433882892288503e+00 7.656936302500000346e-02
1.111652750658073119e+00 8.590753300000000814e-02
1.113876056159389227e+00 7.131024845500000264e-02
1.116103808271708075e+00 5.462872937187499695e-02
1.118336015888251378e+00 6.880560780999998849e-02
1.120572687920027732e+00 5.514437950593749360e-02
1.122813833295867925e+00 5.724609776249999643e-02
1.125059460962459568e+00 6.297438330250000604e-02
1.127309579884384405e+00 4.522672684199999238e-02
1.129564199044153394e+00 6.529041023749999895e-02
1.131823327442241567e+00 8.355104750000000302e-02
1.134086974097126221e+00 3.635220682862499303e-02
1.136355148045320451e+00 7.454693348750000836e-02
1.138627858341410892e+00 7.702280279999999812e-02
1.140905114058093694e+00 7.512806958749999875e-02
1.143186924286210049e+00 7.722335999999999090e-02
1.145473298134782603e+00 7.777001262500000955e-02
1.147764244731052097e+00 7.539699618750000942e-02
1.150059773220514225e+00 7.477099286000001011e-02
1.152359892766955163e+00 7.338224910000000489e-02
1.154664612552489089e+00 6.107102468625000280e-02
1.156973941777594161e+00 7.719054162499998373e-02
1.159287889661149373e+00 8.600324499999999206e-02
1.161606465440471636e+00 8.543217729999999510e-02
1.163929678371352416e+00 5.524009707250000095e-02
1.166257537728095262e+00 8.527688375000000431e-02
1.168590052803551327e+00 8.091416162500000842e-02
1.170927232909158455e+00 8.285447549999999661e-02
1.173269087374976705e+00 8.857586499999998975e-02
1.175615625549726762e+00 8.670124875000000120e-02
1.177966856800826134e+00 8.443114524999999204e-02
1.180322790514427789e+00 9.050081875000001719e-02
1.182683436095456564e+00 8.192451411250001314e-02
1.185048802967647585e+00 8.457613889999998635e-02
1.187418900573582903e+00 8.236517999999999617e-02
1.189793738374729903e+00 8.919231750000000680e-02
1.192173325851479504e+00 8.879304624999999340e-02
1.194557672503182344e+00 8.259826581249998800e-02
1.196946787848188531e+00 8.007396579999999375e-02
1.199340681423884947e+00 8.254258474999999484e-02
1.201739362786732546e+00 8.546715124999999802e-02
1.204142841512306106e+00 8.129145686250000002e-02
1.206551127195330864e+00 8.970055875000000623e-02
1.208964229449721373e+00 9.029845500000001357e-02
1.211382157908620805e+00 8.843778874999999595e-02
1.213804922224438254e+00 8.949867874999999084e-02
1.216232532068886929e+00 8.982346874999999620e-02
1.218664997133024785e+00 8.894157399999999547e-02
1.221102327127290721e+00 8.351798874999999400e-02
1.223544531781545430e+00 8.807750500000000038e-02
1.225991620845108487e+00 9.080758625000000250e-02
1.228443604086798757e+00 9.089727499999999960e-02
1.230900491294972365e+00 9.016786400000001422e-02
1.233362292277562222e+00 9.054272500000000445e-02
1.235829016862117324e+00 9.131550999999998863e-02
1.238300674895841613e+00 9.132448375000000451e-02
1.240777276245633054e+00 9.117830500000000116e-02
1.243258830798124492e+00 9.136923899999999099e-02
1.245745348459720736e+00 9.132930250000000083e-02
1.248236839156640077e+00 9.121209125000000195e-02
1.250733312834953370e+00 9.122754125000000214e-02
1.253234779460623338e+00 9.108967249999999627e-02
1.255741249019544536e+00 9.093514399999999553e-02
1.258252731517583545e+00 9.072170250000000102e-02
1.260769236980618713e+00 8.920611125000001140e-02
1.263290775454580128e+00 8.956857625000000378e-02
1.265817357005489141e+00 8.838844124999999108e-02
1.268348991719500107e+00 6.496053702000000041e-02
1.270885689702939025e+00 7.787750050000001589e-02
1.273427461082345058e+00 8.924322124999999051e-02
1.275974316004509834e+00 9.066017125000000454e-02
1.278526264636518750e+00 9.061739875000000832e-02
1.281083317165791824e+00 8.988804300000000080e-02
1.283645483800123444e+00 9.138344249999999502e-02
1.286212774767723666e+00 9.145703125000000100e-02
1.288785200317259072e+00 9.112406124999999912e-02
1.291362770717893405e+00 9.085482999999999754e-02
1.293945496259329087e+00 9.000473600000000185e-02
1.296533387251847858e+00 8.766493624999999179e-02
1.299126454026351407e+00 8.996854749999999568e-02
1.301724706934404230e+00 8.589201587499999124e-02
1.304328156348272927e+00 8.918728900000000293e-02
1.306936812660969505e+00 7.652205718750000607e-02
1.309550686286291565e+00 7.708191250000001604e-02
1.312169787658864273e+00 8.836321749999999364e-02
1.314794127234181875e+00 6.199812574650000185e-02
1.317423715488650338e+00 8.426254799999999268e-02
1.320058562919627532e+00 7.931683362499999945e-02
1.322698680045466757e+00 8.267116474999998410e-02
1.325344077405557819e+00 8.268221349999999026e-02
1.327994765560368773e+00 7.769484731249999554e-02
1.330650755091489668e+00 6.409171829000000209e-02
1.333312056601672513e+00 6.414465313500000709e-02
1.335978680714875910e+00 7.983960750000000661e-02
1.338650638076305466e+00 8.055978787500001070e-02
1.341327939352458198e+00 7.284661456250000888e-02
1.344010595231163174e+00 5.168423043740000278e-02
1.346698616421625472e+00 3.858790643000000603e-02
1.349392013654468592e+00 3.279959203576250648e-02
1.352090797681777534e+00 5.753521862499999528e-02
1.354794979277141209e+00 4.115739470625000285e-02
1.357504569235695513e+00 3.857937811900000180e-02
1.360219578374167071e+00 3.082270646612499804e-02
1.362940017530915426e+00 3.427999806749999767e-02
1.365665897565977005e+00 3.770818378874999516e-02
1.368397229361109080e+00 1.582480830599999888e-02
1.371134023819831294e+00 1.911576099569999715e-02
1.373876291867470956e+00 2.703395896394999998e-02
1.376624044451205897e+00 3.895160797474999520e-02
1.379377292540108435e+00 2.755055598999999952e-02
1.382136047125188671e+00 2.585568555000000018e-02
1.384900319219438902e+00 3.258244939200000828e-02
1.387670119857877804e+00 3.672304018313750362e-02
1.390445460097593511e+00 4.767228230750000101e-02
1.393226351017788911e+00 3.710606382750000071e-02
1.396012803719824280e+00 3.055816782700000386e-02
1.398804829327263910e+00 2.000022987349999587e-02
1.401602438985918520e+00 1.917438943787500016e-02
1.404405643863890329e+00 3.047144811375000067e-02
1.407214455151617916e+00 3.208002506787500235e-02
1.410028884061921284e+00 3.783135871499999914e-02
1.412848941830045169e+00 2.865949630818749594e-02
1.415674639713705218e+00 2.640444952441249951e-02
1.418505988993132627e+00 2.218518228500000050e-02
1.421343000971118986e+00 3.724010706750000010e-02
1.424185686973061138e+00 3.476607093299999979e-02
1.427034058347007139e+00 3.429975924250000530e-02
1.429888126463701337e+00 4.058920872249999895e-02
1.432747902716628552e+00 2.154081375758750208e-02
1.435613398522062045e+00 3.338163026000000311e-02
1.438484625319106147e+00 3.290835459099999971e-02
1.441361594569744220e+00 3.984241821875000172e-02
1.444244317758883733e+00 4.317335970124999700e-02
1.447132806394401561e+00 4.391420609999999863e-02
1.450027072007190387e+00 3.669671470750000136e-02
1.452927126151204895e+00 3.633209680399999975e-02
1.455832980403507282e+00 3.770894523250000602e-02
1.458744646364314335e+00 3.731925772000000557e-02
1.461662135657042949e+00 3.382763392124999574e-02
1.464585459928356981e+00 4.143968879999999910e-02
1.467514630848213653e+00 4.443207352499999735e-02
1.470449660109910184e+00 3.761225593999999867e-02
1.473390559430129976e+00 3.446786795500000194e-02
1.476337340548990129e+00 4.995577485000000234e-02
1.479290015230088073e+00 4.267416535375000153e-02
1.482248595260548196e+00 5.088975499999999486e-02
1.485213092451069361e+00 5.233749925000000247e-02
1.488183518635971314e+00 5.559720337500000109e-02
1.491159885673243313e+00 4.986744106750000405e-02
1.494142205444589644e+00 5.314020507499999518e-02
1.497130489855478697e+00 6.309030399999999983e-02
1.500124750835189813e+00 6.263691562499999754e-02
1.503125000336860140e+00 6.063156028750000398e-02
1.506131250337534144e+00 6.736621375000000078e-02
1.509143512838209134e+00 6.818874099999999716e-02
1.512161799863885658e+00 6.268459422500000100e-02
1.515186123463613477e+00 6.753685237499999772e-02
1.518216495710540626e+00 7.167748250000000043e-02
1.521252928701961604e+00 7.208138000000000045e-02
1.524295434559365781e+00 7.130781599999999609e-02
1.527344025428484464e+00 7.314286374999999507e-02
1.530398713479341533e+00 7.485358124999998142e-02
1.533459510906300283e+00 7.443950750000000172e-02
1.536526429928112947e+00 7.545177875000000367e-02
1.539599482787969098e+00 7.534279800000001637e-02
1.542678681753545167e+00 7.639835500000000112e-02
1.545764039117052402e+00 7.691906625000000108e-02
1.548855567195286387e+00 7.767327375000000755e-02
1.551953278329677000e+00 7.731000374999999480e-02
1.555057184886336374e+00 7.849112199999998263e-02
1.558167299256108862e+00 7.878879124999998984e-02
1.561283633854621211e+00 7.919400125000000679e-02
1.564406201122330309e+00 7.965930624999999210e-02
1.567535013524575138e+00 7.930847999999998676e-02
1.570670083551624074e+00 7.559641310000000947e-02
1.573811423718727287e+00 7.408684999999999576e-02
1.576959046566164702e+00 7.700385500000000993e-02
1.580112964659297070e+00 8.012513750000001267e-02
1.583273190588615709e+00 8.111055125000000976e-02
1.586439736969792680e+00 7.989696299999998752e-02
1.589612616443732307e+00 8.158414999999999417e-02
1.592791841676620024e+00 8.048747750000000145e-02
1.595977425359973001e+00 8.222052500000000264e-02
1.599169380210692992e+00 8.192636500000000099e-02
1.602367718971114297e+00 7.922456899999999469e-02
1.605572454409056604e+00 8.080616000000000188e-02
1.608783599317874735e+00 8.160191750000000965e-02
1.612001166516510375e+00 8.244903499999998997e-02
1.615225168849543369e+00 8.363296300000000461e-02
1.618455619187242345e+00 8.386929249999999780e-02
1.621692530425617118e+00 8.411529000000000922e-02
1.624935915486468208e+00 8.411242374999999827e-02
1.628185787317441235e+00 8.447433249999999894e-02
1.631442158892076222e+00 8.322707799999999601e-02
1.634705043209860431e+00 8.416104124999999880e-02
1.637974453296279886e+00 8.304340374999999441e-02
1.641250402202872660e+00 8.082617875000000507e-02
1.644532903007278390e+00 8.157077875000000311e-02
1.647821968813293125e+00 8.431656399999998275e-02
1.651117612750919506e+00 7.565906124999999260e-02
1.654419847976421387e+00 8.375858875000000148e-02
1.657728687672374246e+00 8.471489999999999576e-02
1.661044145047719134e+00 8.517257750000001293e-02
1.664366233337814638e+00 7.871733940000000262e-02
1.667694965804490170e+00 8.497642500000000820e-02
1.671030355736099260e+00 8.556211874999999911e-02
1.674372416447571510e+00 8.079418125000001338e-02
1.677721161280466333e+00 8.520873625000000007e-02
1.681076603603027353e+00 8.519111200000001327e-02
1.684438756810233473e+00 8.535647499999998722e-02
1.687807634323853945e+00 8.540997999999999646e-02
1.691183249592501658e+00 8.260329999999999062e-02
1.694565616091686655e+00 8.552310499999998816e-02
1.697954747323870084e+00 8.465135999999999494e-02
1.701350656818517715e+00 8.385157999999999501e-02
1.704753358132154784e+00 8.388904875000000039e-02
1.708162864848419282e+00 8.164149499999999449e-02
1.711579190578115917e+00 8.501586499999999602e-02
1.715002348959272283e+00 8.426931799999999584e-02
1.718432353657190825e+00 8.319474625000000678e-02
1.721869218364505016e+00 7.806729376249998964e-02
1.725312956801233977e+00 8.330966250000000628e-02
1.728763582714836655e+00 7.941687375000000548e-02
1.732221109880266230e+00 8.225998799999999223e-02
1.735685552100026730e+00 8.224622125000000117e-02
1.739156923204226768e+00 8.237546625000000122e-02
1.742635237050635277e+00 7.868452974999999572e-02
1.746120507524736576e+00 7.729975869999999860e-02
1.749612748539786100e+00 8.194549124999998824e-02
1.753111974036865472e+00 8.207299625000000209e-02
1.756618197984939123e+00 7.804873625000000037e-02
1.760131434380908910e+00 8.069831874999999766e-02
1.763651697249670747e+00 7.842296300000001219e-02
1.767179000644169884e+00 7.763358637499999382e-02
1.770713358645458202e+00 7.941928624999999853e-02
1.774254785362749054e+00 7.523880887500000725e-02
1.777803294933474554e+00 5.482665591362499702e-02
1.781358901523341753e+00 7.542402335999999485e-02
1.784921619326388376e+00 6.231207489500000668e-02
1.788491462565041212e+00 7.658486700000000091e-02
1.792068445490171413e+00 6.569265462499999930e-02
1.795652582381151552e+00 7.027305999999999830e-02
1.799243887545913800e+00 6.315545938599999298e-02
1.802842375321005663e+00 5.913554259875000024e-02
1.806448060071647710e+00 5.943111269499999627e-02
1.810060956191791082e+00 4.218324205937500071e-02
1.813681078104174560e+00 3.720451629887500805e-02
1.817308440260382962e+00 3.470785878565999655e-02
1.820943057140903765e+00 2.533069184812499972e-02
1.824584943255185721e+00 5.942738515375000502e-02
1.828234113141696149e+00 5.228337038374999968e-02
1.831890581367979554e+00 2.192741216925000319e-02
1.835554362530715355e+00 3.358857589200000410e-02
1.839225471255776734e+00 2.966858500224999959e-02
1.842903922198288136e+00 2.184083663087500043e-02
1.846589730042684785e+00 3.224419459049999992e-02
1.850282909502769968e+00 2.535473386612499894e-02
1.853983475321775654e+00 3.147289560574000056e-02
1.857691442272419113e+00 2.862295187900000190e-02
1.861406825156963984e+00 2.456930445078750122e-02
1.865129638807277779e+00 2.311640967377500203e-02
1.868859898084892279e+00 1.319988004040000169e-02
1.872597617881062160e+00 1.767901038999999952e-02
1.876342813116824271e+00 2.138688930574999744e-02
1.880095498743057814e+00 1.997164345112499920e-02
1.883855689740544070e+00 2.619632044937499765e-02
1.887623401120025246e+00 2.551979772899999957e-02
1.891398647922265308e+00 8.744355282499999618e-03
1.895181445218109717e+00 1.743588471449999955e-02
1.898971808108545822e+00 1.597679763874999825e-02
1.902769751724763037e+00 1.901299222287499910e-02
1.906575291228212565e+00 1.554980132270700199e-02
1.910388441810669136e+00 1.851446398875000038e-02
1.914209218694290282e+00 1.480462637375000272e-02
1.918037637131678963e+00 1.942900823875000002e-02
1.921873712405942403e+00 1.720041693249999698e-02
1.925717459830754041e+00 1.591090214700000005e-02
1.929568894750415708e+00 7.997745994674999165e-03
1.933428032539916241e+00 1.639173347387500035e-02
1.937294888604996324e+00 1.761223990250000010e-02
1.941169478382206215e+00 2.017598484750000171e-02
1.945051817338970590e+00 1.898914951300000042e-02
1.948941920973648489e+00 2.015060499999999852e-02
1.952839804815595715e+00 1.712232941749999848e-02
1.956745484425226778e+00 1.202019367912500122e-02
1.960658975394077297e+00 2.056238254624999720e-02
1.964580293344865503e+00 1.790953572299999741e-02
1.968509453931555075e+00 1.226715750324999972e-02
1.972446472839417986e+00 2.501271918125000035e-02
1.976391365785096887e+00 3.099413150000000089e-02
1.980344148516667069e+00 2.836996686000000170e-02
1.984304836813700401e+00 3.268737685000000504e-02
1.988273446487327956e+00 3.108902182375000017e-02
1.992249993380302620e+00 3.610587850000000071e-02
1.996234493367063045e+00 3.269347387500000368e-02
2.000226962353797155e+00 2.498670523700000090e-02
