2.002000000000000168e-01 2.016530500000000142e-02
2.006004000000000120e-01 2.753407874999999963e-02
2.010016008000000132e-01 2.124498500000000095e-02
2.014036040016000118e-01 2.971543499999999838e-02
2.018064112096032425e-01 2.904506800000000027e-02
2.022100240320224285e-01 3.173123625000000281e-02
2.026144440800864976e-01 3.343210250000000494e-02
2.030196729682466894e-01 3.267758749999999379e-02
2.034257123141831602e-01 3.176950875000000146e-02
2.038325637388115341e-01 3.078020900000000282e-02
2.042402288662891752e-01 2.983244999999999994e-02
2.046487093240217381e-01 2.902485125000000069e-02
2.050580067426697739e-01 2.838427375000000114e-02
2.054681227561551138e-01 2.825479124999999772e-02
2.058790590016674471e-01 2.813702900000000090e-02
2.062908171196707885e-01 2.789798375000000080e-02
2.067033987539101392e-01 2.763752750000000175e-02
2.071168055514179263e-01 2.741758375000000192e-02
2.075310391625207751e-01 2.724773500000000209e-02
2.079461012408458098e-01 2.703427699999999892e-02
2.083619934433275089e-01 2.681342500000000184e-02
2.087787174302141446e-01 2.661639625000000037e-02
2.091962748650745829e-01 2.641560874999999975e-02
2.096146674148047229e-01 2.618047625000000100e-02
2.100338967496343523e-01 2.588705000000000173e-02
2.104539645431336148e-01 2.568684125000000179e-02
2.108748724722198931e-01 2.552043500000000104e-02
2.112966222171643316e-01 2.529643999999999990e-02
2.117192154615986643e-01 2.503197000000000061e-02
2.121426538925218486e-01 2.465450500000000017e-02
2.125669392003068925e-01 2.425358999999999848e-02
2.129920730787074890e-01 2.390367750000000138e-02
2.134180572248648988e-01 2.356691375000000144e-02
2.138448933393146401e-01 2.323394749999999759e-02
2.142725831259932878e-01 2.277002799999999771e-02
2.147011282922452469e-01 2.227445374999999922e-02
2.151305305488297459e-01 2.187883874999999728e-02
2.155607916099274157e-01 2.155611375000000135e-02
2.159919131931472558e-01 2.119832199999999861e-02
2.164238970195335454e-01 2.077836500000000003e-02
2.168567448135726161e-01 2.036847124999999897e-02
2.172904583031997627e-01 1.998468875000000006e-02
2.177250392198061546e-01 1.961741250000000047e-02
2.181604892982457744e-01 1.921102700000000205e-02
2.185968102768422461e-01 1.879424000000000025e-02
2.190340038973959125e-01 1.836297875000000163e-02
2.194720719051907187e-01 1.790863125000000111e-02
2.199110160490010957e-01 1.746729375000000140e-02
2.203508380810991207e-01 1.699877500000000069e-02
2.207915397572613181e-01 1.655025750000000198e-02
2.212331228367758196e-01 1.610937875000000019e-02
2.216755890824493869e-01 1.564659250000000057e-02
2.221189402606142949e-01 1.520671999999999996e-02
2.225631781411355203e-01 1.474524900000000020e-02
2.230083044974177642e-01 1.430492750000000000e-02
2.234543211064126123e-01 1.392944500000000037e-02
2.239012297486254466e-01 1.352619124999999978e-02
2.243490322081226895e-01 1.313249874999999900e-02
2.247977302725389648e-01 1.270957900000000036e-02
2.252473257330840362e-01 1.231014999999999887e-02
2.256978203845501907e-01 1.197344750000000138e-02
2.261492160253192885e-01 1.163324750000000081e-02
2.266015144573699513e-01 1.127594000000000166e-02
2.270547174862846962e-01 1.089137399999999881e-02
2.275088269212572623e-01 1.052048499999999956e-02
2.279638445750997722e-01 1.020430124999999882e-02
2.284197722642499762e-01 9.888171500000000891e-03
2.288766118087784962e-01 9.557631000000000460e-03
2.293343650323960425e-01 9.197008700000000245e-03
2.297930337624608521e-01 8.860888250000000660e-03
2.302526198299857663e-01 8.592003874999998639e-03
2.307131250696457525e-01 8.344366375000000433e-03
2.311745513197850377e-01 8.069309250000000072e-03
2.316369004224245742e-01 7.810814900000000865e-03
2.321001742232694509e-01 7.567730249999999811e-03
2.325643745717159705e-01 7.310246124999999345e-03
2.330295033208594213e-01 7.073358249999999944e-03
2.334955623275011272e-01 6.855271099999999188e-03
2.339625534521561634e-01 6.649472999999999495e-03
2.344304785590604623e-01 6.427915250000000059e-03
2.348993395161785847e-01 6.221869750000000136e-03
2.353691381952109363e-01 6.089512374999999852e-03
2.358398764716013452e-01 5.881151200000000329e-03
2.363115562245445278e-01 5.662389375000000113e-03
2.367841793369936387e-01 5.524305374999999990e-03
2.372577476956675979e-01 5.358158999999999492e-03
2.377322631910589457e-01 5.214651625000000373e-03
2.382077277174410590e-01 5.042924399999999981e-03
2.386841431728759511e-01 4.898512500000000436e-03
2.391615114592217095e-01 4.782372874999999551e-03
2.396398344821401571e-01 4.611383999999999622e-03
2.401191141511044291e-01 4.477518499999999513e-03
2.405993523794066058e-01 4.393763999999999656e-03
2.410805510841654287e-01 4.263945749999999493e-03
2.415627121863337390e-01 4.135888250000000627e-03
2.420458376107064158e-01 4.048797374999999615e-03
2.425299292859278144e-01 3.982962124999999548e-03
2.430149891444997046e-01 3.894487499999999599e-03
2.435010191227887089e-01 3.782016750000000063e-03
2.439880211610342686e-01 3.699951125000000302e-03
2.444759972033563322e-01 3.656394500000000047e-03
2.449649491977630433e-01 3.598860624999999838e-03
2.454548790961585680e-01 3.459348300000000213e-03
2.459457888543508663e-01 3.374831749999999617e-03
2.464376804320595749e-01 3.342156875000000180e-03
2.469305557929236949e-01 3.292562750000000218e-03
2.474244169045095587e-01 3.204111875000000345e-03
2.479192657383185727e-01 3.140542300000000175e-03
2.484151042697951839e-01 3.100273374999999547e-03
2.489119344783347898e-01 3.003446624999999998e-03
2.494097583472914548e-01 2.957983874999999940e-03
2.499085778639860422e-01 2.907842600000000097e-03
2.504083950197140140e-01 2.891218875000000060e-03
2.509092118097534518e-01 2.871970624999999836e-03
2.514110302333729119e-01 2.802787749999999765e-03
2.519138522938396685e-01 2.721286124999999778e-03
2.524176799984273467e-01 2.725512299999999916e-03
2.529225153584241936e-01 2.710957624999999621e-03
2.534283603891410719e-01 2.663274000000000197e-03
2.539352171099192867e-01 2.621943124999999777e-03
2.544430875441391349e-01 2.624538624999999716e-03
2.549519737192273983e-01 2.589180599999999725e-03
2.554618776666658375e-01 2.520021249999999761e-03
2.559728014219991854e-01 2.532976624999999822e-03
2.564847470248432515e-01 2.559709375000000092e-03
2.569977165188929158e-01 2.544636624999999965e-03
2.575117119519306774e-01 2.525029600000000020e-03
2.580267353758345372e-01 2.515421375000000126e-03
2.585427888465862134e-01 2.444276750000000040e-03
2.590598744242793572e-01 2.432237500000000024e-03
2.595779941731279905e-01 2.516338874999999881e-03
2.600971501614742221e-01 2.522062900000000135e-03
2.606173444617971846e-01 2.440221375000000033e-03
2.611385791507207510e-01 2.473335499999999854e-03
2.616608563090221939e-01 2.523052625000000125e-03
2.621841780216402351e-01 2.498470124999999965e-03
2.627085463776834828e-01 2.487728999999999722e-03
2.632339634704388698e-01 2.573147750000000060e-03
2.637604313973797576e-01 2.582560125000000172e-03
2.642879522601745412e-01 2.536139374999999557e-03
2.648165281646948088e-01 2.553615124999999899e-03
2.653461612210242238e-01 2.607190700000000354e-03
2.658768535434662961e-01 2.603647250000000034e-03
2.664086072505532643e-01 2.654647375000000233e-03
2.669414244650543111e-01 2.729539375000000247e-03
2.674753073139844450e-01 2.730719700000000180e-03
2.680102579286124387e-01 2.747424999999999520e-03
2.685462784444696549e-01 2.843723624999999929e-03
2.690833710013585955e-01 2.912824250000000358e-03
2.696215377433612836e-01 2.884740999999999694e-03
2.701607808188479787e-01 2.929246499999999670e-03
2.707011023804857253e-01 3.045064249999999972e-03
2.712425045852466798e-01 3.102675999999999958e-03
2.717849895944172145e-01 3.127152750000000269e-03
2.723285595736060216e-01 3.195406375000000264e-03
2.728732166927532177e-01 3.288546299999999933e-03
2.734189631261387810e-01 3.377088999999999785e-03
2.739658010523910447e-01 3.519847750000000032e-03
2.745137326544958567e-01 3.623811874999999759e-03
2.750627601198047945e-01 3.640912875000000028e-03
2.756128856400444360e-01 3.791949099999999788e-03
2.761641114113245199e-01 3.904258249999999729e-03
2.767164396341471599e-01 4.025881874999999790e-03
2.772698725134154496e-01 4.114485875000000598e-03
2.778244122584422882e-01 4.259687124999999783e-03
2.783800610829592070e-01 4.443483599999999145e-03
2.789368212051250850e-01 4.622961749999999689e-03
2.794946948475353632e-01 4.778214999999999719e-03
2.800536842372304269e-01 4.915171750000000769e-03
2.806137916057048765e-01 5.195132374999999678e-03
2.811750191889162975e-01 5.391183000000000780e-03
2.817373692272941987e-01 5.776383124999999452e-03
2.823008439657487822e-01 5.950032375000000734e-03
2.828654456536803252e-01 6.185672500000000303e-03
2.834311765449876730e-01 6.256265375000000240e-03
2.839980388980776205e-01 6.705784200000000292e-03
2.845660349758737939e-01 7.089396750000000018e-03
2.851351670458255327e-01 7.446793874999999702e-03
2.857054373799171598e-01 7.821535000000000987e-03
2.862768482546770299e-01 8.090977125000000866e-03
2.868494019511863558e-01 8.548116000000001435e-03
2.874231007550887562e-01 8.983181499999999542e-03
2.879979469565989714e-01 9.685629875000000694e-03
2.885739428505121884e-01 1.018555374999999957e-02
2.891510907362132010e-01 1.076676899999999895e-02
2.897293929176856242e-01 1.146633249999999896e-02
2.903088517035209426e-01 1.199663875000000005e-02
2.908894694069280029e-01 1.258011874999999911e-02
2.914712483457418957e-01 1.345033874999999879e-02
2.920541908424333366e-01 1.452888900000000316e-02
2.926382992241182146e-01 1.523080249999999962e-02
2.932235758225664735e-01 1.620482250000000041e-02
2.938100229742116043e-01 1.746317499999999745e-02
2.943976430201600269e-01 1.831220624999999741e-02
2.949864383062003048e-01 1.953891099999999909e-02
2.955764111828127483e-01 2.128794249999999694e-02
2.961675640051783520e-01 2.280774750000000295e-02
2.967598991331887315e-01 2.405392875000000180e-02
2.973534189314551157e-01 2.581843124999999919e-02
2.979481257693180618e-01 2.812124300000000063e-02
2.985440220208566697e-01 3.003358750000000021e-02
2.991411100648984078e-01 3.190186124999999651e-02
2.997393922850282166e-01 3.471148500000000026e-02
3.003388710695982233e-01 3.668062625000000077e-02
3.009395488117374562e-01 3.960079999999999850e-02
3.015414279093609484e-01 4.323194125000000276e-02
3.021445107651796746e-01 4.521023375000000205e-02
3.027487997867099878e-01 4.865010374999999970e-02
3.033542973862833891e-01 5.271082250000000413e-02
3.039610059810559650e-01 5.528252399999999955e-02
3.045689279930180460e-01 5.905740125000000229e-02
3.051780658490040876e-01 6.462435375000000204e-02
3.057884219807021076e-01 6.807885749999999236e-02
3.063999988246635664e-01 7.029001999999999473e-02
3.070127988223129156e-01 7.617408800000000091e-02
3.076268244199575896e-01 8.312253999999999476e-02
3.082420780687974982e-01 8.555168124999999735e-02
3.088585622249351292e-01 8.860631500000000493e-02
3.094762793493849307e-01 9.611836999999999465e-02
3.100952319080837460e-01 1.025391125000000014e-01
3.107154223718998631e-01 1.066954274999999952e-01
3.113368532166437275e-01 1.096786700000000059e-01
3.119595269230769907e-01 1.186738499999999974e-01
3.125834459769231133e-01 1.282991800000000127e-01
3.132086128688770232e-01 1.317157250000000057e-01
3.138350300946147753e-01 1.330326625000000096e-01
3.144627001548039313e-01 1.466171749999999885e-01
3.150916255551135525e-01 1.529502875000000039e-01
3.157218088062238026e-01 1.508895499999999834e-01
3.163532524238362176e-01 1.649233875000000182e-01
3.169859589286838641e-01 1.699872000000000050e-01
3.176199308465412763e-01 1.677285125000000099e-01
3.182551707082343917e-01 1.782352500000000117e-01
3.188916810496508214e-01 1.945917899999999867e-01
3.195294644117501193e-01 1.876547875000000032e-01
3.201685233405736630e-01 1.873821250000000105e-01
3.208088603872547573e-01 2.073596125000000123e-01
3.214504781080292917e-01 2.186536499999999772e-01
3.220933790642453443e-01 2.059871000000000063e-01
3.227375658223737842e-01 2.044331624999999875e-01
3.233830409540185413e-01 2.271285250000000255e-01
3.240298070359265425e-01 2.384195874999999742e-01
3.246778666499984256e-01 2.279347750000000061e-01
3.253272223832984200e-01 2.215741999999999989e-01
3.259778768280650052e-01 2.373493500000000145e-01
3.266298325817211246e-01 2.504042375000000153e-01
3.272830922468845660e-01 2.450015249999999978e-01
3.279376584313783427e-01 2.334315000000000140e-01
3.285935337482410734e-01 2.427915800000000068e-01
3.292507208157375853e-01 2.582360000000000211e-01
3.299092222573690725e-01 2.595731749999999893e-01
3.305690407018838095e-01 2.482887624999999820e-01
3.312301787832875322e-01 2.436611999999999945e-01
3.318926391408540955e-01 2.555332200000000054e-01
3.325564244191357988e-01 2.635167999999999955e-01
3.332215372679740994e-01 2.600530125000000137e-01
3.338879803425100490e-01 2.496857875000000060e-01
3.345557563031950621e-01 2.579041699999999881e-01
3.352248678158014084e-01 2.640292874999999873e-01
3.358953175514330369e-01 2.645014875000000210e-01
3.365671081865359016e-01 2.597137750000000356e-01
3.372402424029089518e-01 2.542452499999999782e-01
3.379147228877147358e-01 2.573477400000000470e-01
3.385905523334902245e-01 2.619588124999999712e-01
3.392677334381571930e-01 2.613335875000000197e-01
3.399462689050334330e-01 2.582495500000000499e-01
3.406261614428435225e-01 2.567902374999999626e-01
3.413074137657292062e-01 2.599267699999999737e-01
3.419900285932606643e-01 2.599605249999999979e-01
3.426740086504471705e-01 2.590371125000000552e-01
3.433593566677480835e-01 2.570989999999999664e-01
3.440460753810836159e-01 2.540765375000000326e-01
3.447341675318457699e-01 2.546828399999999659e-01
3.454236358669094398e-01 2.551339499999999982e-01
3.461144831386432363e-01 2.545235249999999727e-01
3.468067121049205337e-01 2.540359249999999958e-01
3.475003255291303494e-01 2.526051125000000064e-01
3.481953261801886135e-01 2.525189399999999695e-01
3.488917168325489926e-01 2.517804750000000036e-01
3.495895002662141038e-01 2.506267125000000151e-01
3.502886792667465610e-01 2.497890375000000052e-01
3.509892566252800217e-01 2.488576250000000267e-01
3.516912351385305668e-01 2.469254300000000013e-01
3.523946176088076365e-01 2.463765375000000202e-01
3.530994068440251876e-01 2.456542875000000126e-01
3.538056056577132402e-01 2.449437375000000361e-01
3.545132168690287022e-01 2.441087499999999855e-01
3.552222433027667492e-01 2.429442900000000072e-01
3.559326877893722596e-01 2.419144625000000381e-01
3.566445531649510281e-01 2.408604874999999979e-01
3.573578422712808678e-01 2.398233375000000112e-01
3.580725579558234339e-01 2.388060499999999919e-01
3.587887030717350489e-01 2.377829999999999944e-01
3.595062804778785814e-01 2.366787375000000138e-01
3.602252930388343266e-01 2.357885374999999784e-01
3.609457436249119411e-01 2.350891499999999967e-01
3.616676351121618227e-01 2.342803099999999916e-01
3.623909703823861017e-01 2.333639375000000071e-01
3.631157523231508533e-01 2.326187874999999794e-01
3.638419838277971996e-01 2.318933625000000054e-01
3.645696677954528009e-01 2.310926875000000047e-01
3.652988071310436791e-01 2.301785299999999923e-01
3.660294047453057642e-01 2.293299000000000032e-01
3.667614635547964408e-01 2.286000874999999932e-01
3.674949864819060386e-01 2.278613374999999830e-01
3.682299764548698229e-01 2.270979999999999943e-01
3.689664364077795966e-01 2.262322599999999628e-01
3.697043692805951354e-01 2.253947374999999975e-01
3.704437780191563445e-01 2.245466875000000084e-01
3.711846655751946944e-01 2.236553250000000159e-01
3.719270349063450443e-01 2.227732500000000060e-01
3.726708889761577437e-01 2.217765999999999904e-01
3.734162307541100123e-01 2.207655125000000107e-01
3.741630632156182079e-01 2.198739375000000051e-01
3.749113893420494836e-01 2.190060125000000135e-01
3.756612121207335564e-01 2.181418374999999910e-01
3.764125345449750304e-01 2.171457299999999813e-01
3.771653596140650544e-01 2.160617000000000232e-01
3.779196903332932012e-01 2.153305125000000153e-01
3.786755297139597909e-01 2.144717624999999961e-01
3.794328807733876596e-01 2.136009249999999970e-01
3.801917465349344827e-01 2.126919899999999974e-01
3.809521300280043210e-01 2.118635249999999970e-01
3.817140342880603332e-01 2.111349874999999821e-01
3.824774623566364884e-01 2.104087749999999923e-01
3.832424172813497787e-01 2.095938900000000049e-01
3.840089021159124316e-01 2.087850374999999925e-01
3.847769199201442891e-01 2.080710625000000147e-01
3.855464737599845759e-01 2.073595874999999977e-01
3.863175667075045561e-01 2.066501749999999915e-01
3.870902018409195788e-01 2.058542199999999767e-01
3.878643822446014022e-01 2.050615749999999959e-01
3.886401110090906830e-01 2.043606500000000326e-01
3.894173912311088559e-01 2.036658624999999889e-01
3.901962260135710681e-01 2.029548500000000200e-01
3.909766184655981691e-01 2.020961900000000089e-01
3.917585717025293679e-01 2.012872250000000141e-01
3.925420888459344448e-01 2.005405499999999841e-01
3.933271730236262975e-01 1.996331874999999756e-01
3.941138273696735417e-01 1.990702249999999895e-01
3.949020550244128902e-01 1.982446200000000103e-01
3.956918591344616987e-01 1.974279624999999982e-01
3.964832428527306218e-01 1.966639124999999821e-01
3.972762093384361037e-01 1.959708250000000151e-01
3.980707617571129786e-01 1.950744500000000103e-01
3.988669032806272385e-01 1.944397600000000170e-01
3.996646370871884679e-01 1.936418874999999984e-01
4.004639663613628331e-01 1.929808999999999830e-01
4.012648942940855168e-01 1.922966249999999988e-01
4.020674240826737078e-01 1.915588375000000232e-01
4.028715589308390355e-01 1.907848600000000283e-01
4.036773020487006702e-01 1.899519125000000142e-01
4.044846566527980913e-01 1.892922874999999894e-01
4.052936259661036877e-01 1.886087375000000121e-01
4.061042132180359143e-01 1.879249875000000014e-01
4.069164216444720039e-01 1.871719700000000208e-01
4.077302544877609569e-01 1.863737999999999784e-01
4.085457149967364754e-01 1.857573624999999951e-01
4.093628064267299527e-01 1.850989375000000048e-01
4.101815320395834075e-01 1.844426499999999858e-01
4.110018951036625845e-01 1.836754500000000179e-01
4.118238988938699441e-01 1.829118000000000133e-01
4.126475466916577073e-01 1.822629250000000201e-01
4.134728417850409565e-01 1.816278000000000059e-01
4.142997874686110693e-01 1.808607499999999868e-01
4.151283870435482637e-01 1.802107500000000029e-01
4.159586438176353651e-01 1.795915875000000106e-01
4.167905611052706849e-01 1.788190625000000145e-01
4.176241422274811765e-01 1.782699749999999972e-01
4.184593905119361468e-01 1.775477300000000147e-01
4.192963092929599678e-01 1.767089374999999962e-01
4.201349019115458994e-01 1.761504624999999935e-01
4.209751717153689676e-01 1.755346000000000128e-01
4.218171220587997317e-01 1.749295625000000243e-01
4.226607563029173287e-01 1.742546199999999990e-01
4.235060778155231298e-01 1.735641374999999931e-01
4.243530899711541737e-01 1.729534125000000144e-01
4.252017961510964894e-01 1.723194624999999924e-01
4.260521997433986963e-01 1.716394250000000121e-01
4.269043041428854934e-01 1.709865299999999977e-01
4.277581127511712600e-01 1.703148875000000118e-01
4.286136289766736551e-01 1.697594000000000047e-01
4.294708562346269964e-01 1.691901624999999632e-01
4.303297979470962487e-01 1.686139125000000183e-01
4.311904575429904574e-01 1.679500800000000016e-01
4.320528384580764047e-01 1.672898250000000031e-01
4.329169441349925429e-01 1.667116499999999890e-01
4.337827780232624830e-01 1.661172750000000087e-01
4.346503435793090397e-01 1.655184249999999690e-01
4.355196442664676648e-01 1.648588500000000012e-01
4.363906835550006025e-01 1.642209625000000117e-01
4.372634649221106007e-01 1.636430624999999917e-01
4.381379918519547889e-01 1.630714875000000008e-01
4.390142678356587225e-01 1.624801375000000103e-01
4.398922963713300383e-01 1.618337499999999984e-01
4.407720809640727211e-01 1.611157749999999889e-01
4.416536251260008150e-01 1.595636249999999867e-01
4.425369323762528007e-01 1.597588500000000078e-01
4.434220062410053065e-01 1.590629199999999965e-01
4.443088502534873196e-01 1.585929749999999971e-01
4.451974679539942858e-01 1.580141124999999980e-01
4.460878628899022647e-01 1.573559374999999871e-01
4.469800386156820293e-01 1.571960625000000111e-01
4.478739986929134442e-01 1.566783999999999955e-01
4.487697466902992316e-01 1.560438749999999986e-01
4.496672861836799040e-01 1.554414749999999956e-01
4.505666207560472536e-01 1.548620374999999938e-01
4.514677539975593401e-01 1.543104875000000098e-01
4.523706895055544797e-01 1.537384800000000107e-01
4.532754308845656221e-01 1.531731500000000079e-01
4.541819817463347286e-01 1.526953624999999870e-01
4.550903457098274263e-01 1.521353000000000011e-01
4.560005264012471082e-01 1.516360999999999959e-01
4.569125274540495885e-01 1.509484600000000065e-01
4.578263525089577013e-01 1.502934249999999805e-01
4.587420052139756232e-01 1.496586874999999983e-01
4.596594892244035835e-01 1.490210374999999809e-01
4.605788082028524077e-01 1.484283249999999998e-01
4.614999658192581178e-01 1.478071600000000207e-01
4.624229657508966418e-01 1.472662874999999816e-01
4.633478116823984694e-01 1.468552625000000000e-01
4.642745073057632510e-01 1.464558000000000249e-01
4.652030563203747304e-01 1.460601625000000070e-01
4.661334624330154552e-01 1.455390199999999912e-01
4.670657293578814873e-01 1.449142749999999813e-01
4.679998608165972795e-01 1.443550499999999848e-01
4.689358605382304424e-01 1.435995374999999852e-01
4.698737322593069532e-01 1.431980749999999802e-01
4.708134797238255342e-01 1.426832600000000062e-01
4.717551066832731399e-01 1.421516875000000124e-01
4.726986168966397228e-01 1.416980499999999921e-01
4.736440141304329998e-01 1.412422624999999932e-01
4.745913021586939395e-01 1.406973625000000061e-01
4.755404847630113063e-01 1.400122699999999942e-01
4.764915657325373699e-01 1.392592500000000011e-01
4.774445488640024493e-01 1.385756499999999947e-01
4.783994379617304560e-01 1.378715249999999948e-01
4.793562368376539373e-01 1.371308199999999866e-01
4.803149493113292312e-01 1.364709875000000017e-01
4.812755792099518981e-01 1.359795374999999973e-01
4.822381303683718201e-01 1.355325874999999958e-01
4.832026066291085775e-01 1.351752374999999895e-01
4.841690118423668254e-01 1.347683699999999984e-01
4.851373498660515038e-01 1.345041249999999744e-01
4.861076245657836026e-01 1.342767874999999944e-01
4.870798398149152053e-01 1.337900249999999791e-01
4.880539994945450322e-01 1.336448499999999817e-01
4.890301074935341497e-01 1.331784300000000143e-01
4.900081677085211806e-01 1.326667125000000058e-01
4.909881840439382916e-01 1.322726124999999975e-01
4.919701604120261251e-01 1.317396250000000268e-01
4.929541007328501756e-01 1.313979375000000061e-01
4.939400089343158884e-01 1.309321900000000038e-01
4.949278889521845359e-01 1.304138249999999832e-01
4.959177447300888719e-01 1.299296374999999726e-01
4.969095802195490075e-01 1.294415125000000222e-01
4.979033993799881208e-01 1.289024624999999813e-01
4.988992061787480559e-01 1.282360499999999903e-01
4.998970045911055315e-01 1.275100750000000005e-01
5.008967986002876849e-01 1.268568500000000210e-01
5.018985921974883357e-01 1.254441562499999940e-01
5.029023893818832525e-01 1.253784374999999951e-01
5.039081941606470272e-01 1.242717350000000082e-01
5.049160105489682859e-01 1.239836062500000169e-01
5.059258425700663420e-01 1.235931724999999870e-01
5.069376942552064058e-01 1.219846962499999965e-01
5.079515696437167938e-01 1.230116187499999958e-01
5.089674727830042489e-01 1.227325489999999963e-01
5.099854077285701504e-01 1.225773462499999966e-01
5.110053785440273888e-01 1.217507487499999985e-01
5.120273893011153543e-01 1.219132200000000027e-01
5.130514440797175890e-01 1.213110729999999915e-01
5.140775469678771081e-01 1.208796125000000110e-01
5.151057020618128313e-01 1.204456324999999967e-01
5.161359134659364578e-01 1.200184762500000057e-01
5.171681852928683432e-01 1.196158287500000000e-01
5.182025216634540410e-01 1.191852820000000035e-01
5.192389267067809566e-01 1.187399425000000008e-01
5.202774045601945563e-01 1.183255699999999910e-01
5.213179593693149094e-01 1.178442887499999980e-01
5.223605952880534531e-01 1.172802337500000042e-01
5.234053164786296453e-01 1.165897929999999971e-01
5.244521271115868410e-01 1.158444587499999900e-01
5.255010313658099452e-01 1.153248350000000005e-01
5.265520334285416215e-01 1.147433012499999988e-01
5.276051374953987239e-01 1.141809687500000003e-01
5.286603477703895049e-01 1.135409230000000019e-01
5.297176684659302692e-01 1.128355400000000119e-01
5.307771038028621380e-01 1.122359150000000055e-01
5.318386580104679240e-01 1.118487337499999845e-01
5.329023353264887852e-01 1.113824562499999976e-01
5.339681399971416553e-01 1.110180270000000052e-01
5.350360762771360079e-01 1.107250537499999965e-01
5.361061484296902879e-01 1.104768899999999943e-01
5.371783607265496752e-01 1.102603775000000064e-01
5.382527174480027377e-01 1.099895024999999887e-01
5.393292228828987511e-01 1.096098409999999856e-01
5.404078813286645744e-01 1.089991737499999835e-01
5.414886970913218578e-01 1.065485562500000094e-01
5.425716744855044738e-01 1.082197699999999929e-01
5.436568178344756141e-01 1.075260450000000007e-01
5.447441314701444437e-01 1.071290960000000070e-01
5.458336197330847517e-01 1.064808337500000035e-01
5.469252869725509392e-01 1.065108074999999987e-01
5.480191375464960046e-01 1.061928700000000086e-01
5.491151758215888634e-01 1.058418929999999925e-01
5.502134061732321113e-01 1.054826062499999995e-01
5.513138329855785669e-01 1.051295699999999916e-01
5.524164606515497011e-01 1.047558474999999989e-01
5.535212935728528461e-01 1.043754350000000025e-01
5.546283361599984030e-01 1.039585839999999928e-01
5.557375928323184944e-01 1.035147212499999969e-01
5.568490680179830621e-01 1.031151412499999864e-01
5.579627661540189631e-01 1.026858025000000063e-01
5.590786916863270672e-01 1.022089462500000018e-01
5.601968490696997982e-01 1.015919119999999926e-01
5.613172427678392307e-01 1.008797475000000055e-01
5.624398772533748536e-01 1.003159175000000181e-01
5.635647570078816671e-01 9.976225625000001429e-02
5.646918865218973904e-01 9.925633000000000372e-02
5.658212702949412254e-01 9.879532500000001716e-02
5.669529128355310643e-01 9.836377999999999788e-02
5.680868186612021420e-01 9.786592500000000638e-02
5.692229922985245771e-01 9.666138249999998988e-02
5.703614382831215801e-01 9.702262874999999231e-02
5.715021611596877715e-01 9.651363599999998599e-02
5.726451654820071679e-01 9.541104750000001244e-02
5.737904558129711674e-01 9.574019250000000147e-02
5.749380367245970902e-01 9.548859874999998665e-02
5.760879127980462755e-01 9.502915124999999907e-02
5.772400886236424000e-01 9.509476999999999514e-02
5.783945688008896857e-01 9.465636125000000123e-02
5.795513579384914404e-01 9.484694124999999698e-02
5.807104606543684877e-01 9.478320499999999538e-02
5.818718815756771523e-01 9.484339499999999701e-02
5.830356253388285781e-01 9.475911700000000382e-02
5.842016965895062697e-01 9.451942124999999917e-02
5.853700999826851881e-01 9.452629874999998738e-02
5.865408401826505136e-01 9.438579125000001735e-02
5.877139218630158535e-01 9.471641124999999328e-02
5.888893497067417826e-01 9.043315500000000118e-02
5.900671284061553834e-01 8.924255500000000119e-02
5.912472626629676764e-01 9.352182750000000155e-02
5.924297571882934932e-01 9.274339000000000888e-02
5.936146167026701281e-01 9.128519200000000111e-02
5.948018459360754351e-01 8.168265999999999027e-02
5.959914496279475893e-01 9.222905124999999926e-02
5.971834325272035171e-01 9.191106999999999749e-02
5.983777993922578808e-01 9.063394375000000114e-02
5.995745549910425076e-01 9.089934299999999356e-02
6.007737041010245971e-01 9.018795000000000284e-02
6.019752515092265943e-01 9.100063375000000399e-02
6.031792020122450637e-01 9.075813624999998219e-02
6.043855604162695627e-01 9.038262250000000941e-02
6.055943315371020708e-01 9.053894199999999726e-02
6.068055202001763071e-01 9.051842749999999826e-02
6.080191312405766046e-01 9.056920999999999722e-02
6.092351695030577829e-01 9.063497125000000154e-02
6.104536398420639109e-01 9.070400000000000684e-02
6.116745471217479579e-01 9.076076899999999115e-02
6.128978962159914445e-01 9.079058125000000201e-02
6.141236920084234274e-01 9.081054999999998989e-02
6.153519393924402614e-01 9.078954000000000191e-02
6.165826432712251393e-01 9.074503750000000035e-02
6.178158085577676317e-01 9.069495399999999430e-02
6.190514401748832274e-01 9.064592000000000482e-02
6.202895430552329836e-01 9.056943249999999113e-02
6.215301221413433996e-01 9.049090499999999648e-02
6.227731823856261784e-01 9.041119000000000239e-02
6.240187287503973224e-01 9.026926899999999920e-02
6.252667662078981170e-01 9.001523499999999900e-02
6.265172997403138933e-01 8.987157125000000413e-02
6.277703343397945668e-01 8.171860000000000235e-02
6.290258750084741779e-01 8.892770124999999082e-02
6.302839267584912086e-01 8.940535299999999297e-02
6.315444946120081227e-01 8.843671000000000171e-02
6.328075836012321265e-01 8.977828749999999802e-02
6.340731987684345983e-01 8.993250499999999592e-02
6.353413451659715161e-01 9.003326400000000174e-02
6.366120278563034418e-01 9.006683625000000415e-02
6.378852519120159492e-01 9.015406000000000808e-02
6.391610224158400522e-01 9.012771124999999217e-02
6.404393444606717445e-01 9.037739749999999794e-02
6.417202231495930942e-01 9.052565799999999496e-02
6.430036635958922275e-01 9.051787749999999633e-02
6.442896709230840901e-01 9.047783375000000017e-02
6.455782502649303201e-01 9.059676750000000833e-02
6.468694067654601199e-01 9.036940625000000615e-02
6.481631455789910179e-01 8.838195399999999868e-02
6.494594718701489633e-01 8.803057875000000476e-02
6.507583908138891982e-01 8.996002250000000033e-02
6.520599075955170187e-01 8.941134249999999062e-02
6.533640274107079815e-01 8.964244250000000247e-02
6.546707554655294414e-01 9.041012600000000732e-02
6.559800969764604250e-01 8.187175750000000307e-02
6.572920571704133907e-01 9.046707500000000790e-02
6.586066412847542129e-01 8.965106375000000960e-02
6.599238545673237200e-01 9.049367125000000456e-02
6.612437022764583450e-01 9.047131299999999765e-02
6.625661896810113305e-01 9.012570000000000303e-02
6.638913220603732679e-01 9.041052500000000547e-02
6.652191047044940797e-01 9.045435500000000018e-02
6.665495429139030037e-01 9.048738875000000847e-02
6.678826419997307973e-01 9.053003099999998304e-02
6.692184072837303876e-01 9.051996249999999522e-02
6.705568440982978551e-01 9.047849125000000103e-02
6.718979577864944153e-01 9.042755250000000800e-02
6.732417537020674025e-01 9.036019124999999930e-02
6.745882372094715862e-01 9.031067899999999093e-02
6.759374136838904867e-01 9.029183874999999193e-02
6.772892885112582473e-01 9.030631249999999943e-02
6.786438670882807278e-01 9.033088875000000462e-02
6.800011548224572655e-01 9.033037000000000705e-02
6.813611571321021021e-01 9.024789500000000853e-02
6.827238794463663663e-01 9.019932999999999423e-02
6.840893272052590568e-01 9.010103125000001878e-02
6.854575058596696913e-01 8.996714750000001093e-02
6.868284208713890671e-01 7.125987799999999872e-02
6.882020777131317990e-01 8.599537499999999890e-02
6.895784818685580797e-01 6.502455823750000197e-02
6.909576388322952178e-01 8.732041500000001233e-02
6.923395541099597317e-01 7.583802762499999850e-02
6.937242332181796645e-01 8.384655700000000211e-02
6.951116816846160118e-01 8.891781249999999859e-02
6.965019050479852591e-01 8.926723500000000033e-02
6.978949088580812532e-01 8.453339875000000225e-02
6.992906986757974064e-01 8.840610124999999375e-02
7.006892800731490123e-01 8.716107399999999117e-02
7.020906586332953392e-01 8.883821249999999947e-02
7.034948399505618344e-01 8.916171375000001009e-02
7.049018296304629949e-01 8.515042000000000444e-02
7.063116332897239058e-01 8.893555250000001466e-02
7.077242565563033327e-01 8.810083099999999057e-02
7.091397050694159265e-01 8.900894250000000729e-02
7.105579844795547606e-01 8.783604374999999520e-02
7.119791004485138686e-01 8.835821374999999755e-02
7.134030586494108928e-01 8.850423749999999923e-02
7.148298647667097327e-01 8.771084300000001055e-02
7.162595244962430829e-01 8.169291874999999592e-02
7.176920435452356362e-01 7.332378575000000898e-02
7.191274276323260661e-01 7.304835749999999406e-02
7.205656824875906752e-01 6.911740874999999784e-02
7.220068138525659318e-01 8.682937799999998485e-02
7.234508274802710082e-01 8.159162374999999467e-02
7.248977291352315389e-01 7.606199499999999336e-02
7.263475245935020475e-01 7.804042375000000420e-02
7.278002196426889281e-01 6.040092924999999890e-02
7.292558200819743153e-01 8.101757700000000728e-02
7.307143317221382883e-01 6.796725475000001127e-02
7.321757603855825192e-01 7.897276500000000032e-02
7.336401119063536980e-01 8.181353249999999411e-02
7.351073921301664038e-01 8.412760599999999367e-02
7.365776069144267524e-01 8.729969499999999660e-02
7.380507621282555997e-01 8.744648250000000567e-02
7.395268636525120787e-01 8.631076249999999894e-02
7.410059173798171361e-01 8.770782124999999818e-02
7.424879292145767362e-01 8.763479300000000249e-02
7.439729050730057303e-01 8.426697625000000025e-02
7.454608508831517266e-01 8.560823874999999583e-02
7.469517725849180723e-01 8.735068499999999736e-02
7.484456761300879446e-01 8.722943750000000662e-02
7.499425674823481103e-01 8.686694899999999886e-02
7.514424526173126839e-01 8.713296624999999906e-02
7.529453375225474421e-01 8.705406875000000488e-02
7.544512281975925827e-01 8.714176125000000495e-02
7.559601306539878163e-01 8.711912249999999303e-02
7.574720509152956804e-01 8.705975200000000414e-02
7.589869950171262980e-01 8.052093999999998530e-02
7.605049690071605806e-01 4.836534374999999775e-02
7.620259789451748755e-01 4.831427899999999470e-02
7.635500309030651689e-01 5.852108250000000178e-02
7.650771309648712881e-01 6.922004299999999499e-02
7.666072852268009941e-01 7.247614462499998855e-02
7.681404997972545168e-01 7.826342000000000021e-02
7.696767807968490915e-01 8.566666124999999798e-02
7.712161343584428286e-01 8.650781250000000311e-02
7.727585666271596931e-01 8.636528300000000102e-02
7.743040837604140414e-01 8.577547125000001271e-02
7.758526919279349343e-01 8.618071250000000627e-02
7.774043973117907846e-01 8.603458124999999179e-02
7.789592061064143369e-01 8.589740999999999349e-02
7.805171245186270923e-01 8.566684100000000746e-02
7.820781587676643998e-01 8.578643249999999554e-02
7.836423150851996589e-01 8.566539125000000032e-02
7.852095997153700768e-01 8.559080250000000722e-02
7.867800189148008716e-01 8.435026500000000760e-02
7.883535789526303628e-01 8.540856125000000076e-02
7.899302861105357287e-01 8.161960374999999157e-02
7.915101466827567656e-01 8.450016500000000208e-02
7.930931669761223102e-01 8.542686624999999701e-02
7.946793533100744433e-01 8.554356500000000196e-02
7.962687120166946908e-01 8.282452375000000366e-02
7.978612494407281153e-01 8.426912375000000788e-02
7.994569719396096286e-01 8.373652875000001106e-02
8.010558858834887497e-01 8.411115750000000557e-02
8.026579976552556950e-01 7.512131720000000956e-02
8.042633136505661362e-01 8.058261750000000889e-02
8.058718402778672907e-01 8.439570750000000010e-02
8.074835839584230124e-01 8.417589375000000818e-02
8.090985511263398822e-01 8.387577124999999467e-02
8.107167482285926319e-01 8.323956299999998865e-02
8.123381817250497905e-01 8.372634500000000757e-02
8.139628580884998854e-01 7.359507500000000979e-02
8.155907838046769776e-01 7.916470624999999428e-02
8.172219653722863075e-01 8.044730374999999045e-02
8.188564093030309410e-01 6.074544855999999826e-02
8.204941221216369707e-01 7.227702874999999971e-02
8.221351103658802728e-01 7.952603750000000749e-02
8.237793805866120422e-01 7.984169625000001047e-02
8.254269393477852157e-01 6.046521587499999878e-02
8.270777932264807841e-01 7.913357700000001049e-02
8.287319488129337719e-01 7.070567237500000046e-02
8.303894127105596601e-01 8.022527249999999999e-02
8.320501915359808098e-01 8.041092499999999421e-02
8.337142919190527746e-01 7.895827750000000700e-02
8.353817205028908344e-01 8.279125599999999363e-02
8.370524839438966413e-01 8.252241875000000670e-02
8.387265889117843098e-01 8.324737999999999583e-02
8.404040420896079500e-01 8.239167375000000515e-02
8.420848501737872027e-01 8.348052250000000118e-02
8.437690198741347736e-01 8.320627700000000904e-02
8.454565579138830778e-01 8.380922500000000108e-02
8.471474710297107746e-01 8.372226624999999645e-02
8.488417659717701902e-01 8.350523125000000602e-02
8.505394495037137403e-01 8.316707700000000592e-02
8.522405284027212424e-01 8.223673749999999005e-02
8.539450094595266716e-01 8.274370749999999941e-02
8.556528994784455833e-01 8.315650374999999928e-02
8.573642052774025357e-01 8.337056249999999502e-02
8.590789336879574023e-01 8.332527099999999243e-02
8.607970915553332381e-01 8.335568125000000772e-02
8.625186857384439243e-01 8.325829499999999606e-02
8.642437231099207029e-01 8.335156624999999486e-02
8.659722105561405980e-01 8.327115749999999816e-02
8.677041549772528395e-01 8.323791099999999776e-02
8.694395632872073953e-01 8.311229249999999014e-02
8.711784424137818394e-01 8.284108249999999618e-02
8.729207992986094400e-01 8.316251375000000001e-02
8.746666408972065820e-01 8.314239749999999263e-02
8.764159741790010782e-01 8.299709900000000473e-02
8.781688061273591472e-01 8.307607250000000054e-02
8.799251437396138353e-01 8.223035749999998978e-02
8.816849940270929942e-01 8.018153249999999954e-02
8.834483640151471473e-01 8.232560249999999746e-02
8.852152607431775788e-01 8.255410500000000262e-02
8.869856912646638669e-01 8.192249749999999664e-02
8.887596626471931938e-01 8.193518499999999372e-02
8.905371819724876570e-01 8.238205500000000958e-02
8.923182563364325803e-01 8.185942000000000218e-02
8.941028928491054906e-01 6.266956009999999355e-02
8.958910986348036509e-01 7.764766000000000723e-02
8.976828808320732600e-01 7.412995875000000234e-02
8.994782465937374294e-01 7.489414249999999662e-02
9.012772030869248274e-01 7.804334375000000767e-02
9.030797574930986560e-01 7.849753199999999487e-02
9.048859170080848502e-01 8.047256499999999591e-02
9.066956888421009442e-01 7.801253249999999528e-02
9.085090802197851589e-01 7.450179249999999698e-02
9.103260983802247130e-01 5.751646075000000496e-02
9.121467505769851325e-01 7.071331374999999253e-02
9.139710440781392276e-01 6.593720224999999324e-02
9.157989861662954034e-01 5.546636330000000170e-02
9.176305841386280804e-01 6.355244125000000799e-02
9.194658453069053383e-01 7.463436400000000859e-02
9.213047769975191148e-01 7.087443499999999952e-02
9.231473865515140709e-01 8.035810624999999152e-02
9.249936813246171230e-01 6.263917624999999767e-02
9.268436686872664199e-01 7.677948625000000082e-02
9.286973560246409853e-01 5.652024819999999783e-02
9.305547507366902504e-01 6.420644312500001227e-02
9.324158602381635852e-01 5.669691287499999816e-02
9.342806919586399417e-01 4.929974749999999767e-02
9.361492533425572748e-01 6.384904862500000167e-02
9.380215518492422966e-01 2.392911389999999999e-02
9.398975949529408958e-01 5.664150650000000092e-02
9.417773901428466710e-01 4.203404504999999625e-02
9.436609449231323499e-01 4.077774087500000283e-02
9.455482668129786550e-01 5.387788962500000139e-02
9.474393633466045017e-01 6.258910119999999688e-02
9.493342420732977516e-01 3.914970601250000043e-02
9.512329105574443000e-01 5.451331187499999786e-02
9.531353763785591626e-01 6.453311750000000069e-02
9.550416471313163402e-01 4.242434201250000481e-02
9.569517304255790169e-01 4.192533251000001016e-02
9.588656338864300910e-01 5.364023387499999851e-02
9.607833651542030395e-01 6.640778250000001215e-02
9.627049318845114501e-01 6.207839974999999899e-02
9.646303417482804399e-01 7.194116750000000005e-02
9.665596024317769652e-01 6.612522469999999875e-02
9.684927216366405744e-01 6.204868949999999689e-02
9.704297070799138281e-01 6.943252125000000385e-02
9.723705664940736071e-01 7.517688000000000148e-02
9.743153076270618662e-01 6.831418329999998373e-02
9.762639382423159429e-01 6.380844724999999718e-02
9.782164661188006427e-01 6.964636500000000174e-02
9.801728990510382156e-01 7.661599874999999726e-02
9.821332448491403300e-01 7.700656749999999773e-02
9.840975113388386042e-01 7.932119699999999607e-02
9.860657063615162476e-01 7.523265125000000442e-02
9.880378377742392582e-01 8.017022374999999146e-02
9.900139134497877302e-01 7.749464999999999826e-02
9.919939412766873854e-01 7.615485874999999849e-02
9.939779291592407695e-01 8.014574100000000645e-02
9.959658850175592271e-01 8.048329499999999637e-02
9.979578167875942096e-01 8.059601249999999439e-02
9.999537324211694722e-01 8.035940375000000246e-02
1.001953639886011826e+00 8.006345499999999171e-02
1.003957547165783781e+00 7.877147200000000904e-02
1.005965462260115295e+00 8.042983624999999748e-02
1.007977393184635417e+00 8.038045750000000211e-02
1.009993347971004818e+00 7.982894500000001226e-02
1.012013334666946873e+00 8.038636874999999238e-02
1.014037361336280751e+00 8.040070099999999109e-02
1.016065436058953164e+00 8.040960249999999643e-02
1.018097566931071229e+00 8.040737124999999819e-02
1.020133762064933336e+00 7.829184749999999748e-02
1.022174029589063338e+00 7.959523374999999401e-02
1.024218377648241418e+00 8.044003199999999465e-02
1.026266814403537841e+00 8.048222750000000314e-02
1.028319348032344926e+00 8.025243875000000193e-02
1.030375986728409687e+00 8.038215999999999417e-02
1.032436738701866474e+00 8.046820500000000098e-02
1.034501612179270502e+00 8.044684399999998958e-02
1.036570615403628937e+00 8.040404249999999475e-02
1.038643756634436199e+00 8.036537374999999650e-02
1.040721044147705054e+00 8.029775000000000107e-02
1.042802486236000359e+00 8.022788749999999747e-02
1.044888091208472591e+00 8.021616399999999258e-02
1.046977867390889383e+00 8.016863000000000461e-02
1.049071823125671266e+00 8.010598250000000586e-02
1.051169966771922537e+00 8.004979749999999172e-02
1.053272306705466566e+00 7.995315700000001080e-02
1.055378851318877320e+00 7.980283874999999361e-02
1.057489609021515342e+00 7.964658249999999329e-02
1.059604588239558165e+00 7.942426999999999127e-02
1.061723797416037396e+00 7.942195875000000738e-02
1.063847245010869358e+00 7.942961700000000791e-02
1.065974939500891061e+00 7.850230874999999942e-02
1.068106889379893065e+00 7.924601874999999407e-02
1.070243103158652787e+00 7.917063374999999681e-02
1.072383589364970025e+00 7.955397499999999900e-02
1.074528356543700047e+00 7.959494400000000081e-02
1.076677413256787563e+00 7.942526874999999986e-02
1.078830768083300917e+00 8.000268500000000393e-02
1.080988429619467617e+00 7.884939000000000531e-02
1.083150406478706529e+00 7.998586750000000190e-02
1.085316707291664073e+00 7.617912300000000136e-02
1.087487340706247529e+00 7.999441749999999796e-02
1.089662315387660119e+00 7.895387375000000041e-02
1.091841640018435422e+00 7.572893499999999722e-02
1.094025323298472241e+00 7.886305625000000763e-02
1.096213373945069236e+00 7.823910500000000323e-02
1.098405800692959566e+00 7.871490624999999408e-02
1.100602612294345528e+00 7.708155499999999605e-02
1.102803817518934082e+00 7.248613125000000212e-02
1.105009425153971936e+00 7.313835750000000080e-02
1.107219444004279962e+00 6.420882299999999820e-02
1.109433882892288503e+00 5.953121423749999086e-02
1.111652750658073119e+00 6.922709787500000433e-02
1.113876056159389227e+00 5.643527114999999372e-02
1.116103808271708075e+00 4.069650369374999688e-02
1.118336015888251378e+00 4.863643663999999561e-02
1.120572687920027732e+00 3.933586727262500249e-02
1.122813833295867925e+00 4.075884358749999603e-02
1.125059460962459568e+00 4.947617171250000279e-02
1.127309579884384405e+00 3.001254341999999922e-02
1.129564199044153394e+00 4.833893541249999898e-02
1.131823327442241567e+00 6.707153875000000653e-02
1.134086974097126221e+00 2.511305430999999713e-02
1.136355148045320451e+00 5.655724532499999818e-02
1.138627858341410892e+00 5.886155810000000960e-02
1.140905114058093694e+00 5.831008892500000318e-02
1.143186924286210049e+00 5.805847487500000181e-02
1.145473298134782603e+00 5.870579300000000611e-02
1.147764244731052097e+00 6.002543896250000371e-02
1.150059773220514225e+00 5.620213840000000405e-02
1.152359892766955163e+00 5.403988424999999624e-02
1.154664612552489089e+00 4.391171156249999707e-02
1.156973941777594161e+00 5.819701875000000274e-02
1.159287889661149373e+00 7.082078999999999458e-02
1.161606465440471636e+00 7.015027199999999963e-02
1.163929678371352416e+00 3.643543550875000259e-02
1.166257537728095262e+00 6.996858250000000112e-02
1.168590052803551327e+00 6.289851337500000639e-02
1.170927232909158455e+00 6.582276874999999638e-02
1.173269087374976705e+00 7.523499000000000159e-02
1.175615625549726762e+00 7.198567000000000160e-02
1.177966856800826134e+00 6.951478774999998722e-02
1.180322790514427789e+00 7.792683875000000482e-02
1.182683436095456564e+00 6.694154323749999802e-02
1.185048802967647585e+00 7.008043320000000020e-02
1.187418900573582903e+00 6.664815849999999875e-02
1.189793738374729903e+00 7.603524250000000262e-02
1.192173325851479504e+00 7.561251750000000382e-02
1.194557672503182344e+00 6.773336802500000420e-02
1.196946787848188531e+00 6.275613859999998323e-02
1.199340681423884947e+00 6.640304337499999821e-02
1.201739362786732546e+00 7.109777625000000822e-02
1.204142841512306106e+00 6.646774306250000097e-02
1.206551127195330864e+00 7.675426374999999579e-02
1.208964229449721373e+00 7.750009600000000443e-02
1.211382157908620805e+00 7.486866999999999828e-02
1.213804922224438254e+00 7.640961625000000645e-02
1.216232532068886929e+00 7.680192624999999940e-02
1.218664997133024785e+00 7.538095000000000212e-02
1.221102327127290721e+00 7.195760625000000021e-02
1.223544531781545430e+00 7.344778500000000154e-02
1.225991620845108487e+00 7.782724874999999432e-02
1.228443604086798757e+00 7.801865374999999991e-02
1.230900491294972365e+00 7.660935600000000345e-02
1.233362292277562222e+00 7.728932374999999966e-02
1.235829016862117324e+00 7.857584624999999767e-02
1.238300674895841613e+00 7.852009625000000437e-02
1.240777276245633054e+00 7.816578875000000648e-02
1.243258830798124492e+00 7.848881699999998851e-02
1.245745348459720736e+00 7.838669000000000886e-02
1.248236839156640077e+00 7.815946625000000370e-02
1.250733312834953370e+00 7.819433750000000238e-02
1.253234779460623338e+00 7.797683499999999435e-02
1.255741249019544536e+00 7.776547999999999794e-02
1.258252731517583545e+00 7.743015875000000547e-02
1.260769236980618713e+00 7.548628500000000019e-02
1.263290775454580128e+00 7.603970375000000670e-02
1.265817357005489141e+00 7.483380000000000587e-02
1.268348991719500107e+00 5.376864557600000150e-02
1.270885689702939025e+00 6.393322499999999631e-02
1.273427461082345058e+00 7.571386999999998868e-02
1.275974316004509834e+00 7.727971999999999619e-02
1.278526264636518750e+00 7.729993124999999521e-02
1.281083317165791824e+00 7.657026200000000005e-02
1.283645483800123444e+00 7.840365624999999505e-02
1.286212774767723666e+00 7.851602374999999689e-02
1.288785200317259072e+00 7.804547500000000304e-02
1.291362770717893405e+00 7.752312625000000457e-02
1.293945496259329087e+00 7.615291100000000368e-02
1.296533387251847858e+00 7.286189250000001116e-02
1.299126454026351407e+00 7.638466874999999545e-02
1.301724706934404230e+00 7.001351637500000114e-02
1.304328156348272927e+00 7.554227299999999312e-02
1.306936812660969505e+00 5.981078313750000375e-02
1.309550686286291565e+00 5.971633975000000677e-02
1.312169787658864273e+00 7.436297499999999783e-02
1.314794127234181875e+00 4.988832210912499954e-02
1.317423715488650338e+00 6.865617160000000996e-02
1.320058562919627532e+00 6.246512583750001013e-02
1.322698680045466757e+00 6.644134124999999391e-02
1.325344077405557819e+00 6.704609875000000496e-02
1.327994765560368773e+00 6.089694600000000041e-02
1.330650755091489668e+00 4.448070551999999678e-02
1.333312056601672513e+00 4.966989891000000296e-02
1.335978680714875910e+00 6.471242299999999115e-02
1.338650638076305466e+00 6.583952125000000488e-02
1.341327939352458198e+00 5.465374886250000397e-02
1.344010595231163174e+00 3.824774337240000044e-02
1.346698616421625472e+00 2.418018437750000041e-02
1.349392013654468592e+00 1.911917706262500002e-02
1.352090797681777534e+00 3.944595973749999429e-02
1.354794979277141209e+00 2.671117651250000044e-02
1.357504569235695513e+00 2.466001708599999814e-02
1.360219578374167071e+00 2.101929132774999973e-02
1.362940017530915426e+00 2.246571209874999656e-02
1.365665897565977005e+00 2.599715160125000077e-02
1.368397229361109080e+00 9.122315520000000288e-03
1.371134023819831294e+00 1.562912528800000297e-02
1.373876291867470956e+00 1.936169196419999794e-02
1.376624044451205897e+00 2.476748095956249687e-02
1.379377292540108435e+00 1.602890532249999847e-02
1.382136047125188671e+00 1.679015913250000297e-02
1.384900319219438902e+00 2.244048877399999753e-02
1.387670119857877804e+00 2.341592057050000120e-02
1.390445460097593511e+00 3.317415095500000216e-02
1.393226351017788911e+00 2.770695044500000315e-02
1.396012803719824280e+00 2.183140579000000109e-02
1.398804829327263910e+00 1.168124102799999835e-02
1.401602438985918520e+00 1.415628455737499847e-02
1.404405643863890329e+00 2.099122697500000259e-02
1.407214455151617916e+00 2.597473121749999808e-02
1.410028884061921284e+00 2.765581812000000167e-02
1.412848941830045169e+00 2.160198941043749848e-02
1.415674639713705218e+00 1.977008813812499918e-02
1.418505988993132627e+00 1.153205179875000166e-02
1.421343000971118986e+00 2.751928680000000071e-02
1.424185686973061138e+00 2.575202309000000286e-02
1.427034058347007139e+00 2.826216843400000331e-02
1.429888126463701337e+00 3.573495235000000159e-02
1.432747902716628552e+00 1.742255589837500215e-02
1.435613398522062045e+00 2.921314249624999693e-02
1.438484625319106147e+00 2.763757705899999584e-02
1.441361594569744220e+00 3.373498382500000198e-02
1.444244317758883733e+00 3.654852397999999725e-02
1.447132806394401561e+00 3.864831200000000411e-02
1.450027072007190387e+00 3.007146442499999961e-02
1.452927126151204895e+00 3.311459934500000230e-02
1.455832980403507282e+00 2.563214695000000029e-02
1.458744646364314335e+00 3.027082907624999847e-02
1.461662135657042949e+00 2.403523317249999999e-02
1.464585459928356981e+00 3.754636407499999801e-02
1.467514630848213653e+00 3.834978879999999951e-02
1.470449660109910184e+00 3.087058506250000070e-02
1.473390559430129976e+00 3.136027508875000036e-02
1.476337340548990129e+00 4.618915788749999862e-02
1.479290015230088073e+00 3.473651298875000265e-02
1.482248595260548196e+00 4.549111870000000640e-02
1.485213092451069361e+00 4.618931290000000134e-02
1.488183518635971314e+00 5.107847374999999884e-02
1.491159885673243313e+00 4.165703308749999639e-02
1.494142205444589644e+00 4.682766833750000302e-02
1.497130489855478697e+00 6.050245099999999876e-02
1.500124750835189813e+00 5.833918124999999677e-02
1.503125000336860140e+00 5.561330278749999911e-02
1.506131250337534144e+00 6.467275124999999347e-02
1.509143512838209134e+00 6.513586599999998672e-02
1.512161799863885658e+00 5.503317287499999433e-02
1.515186123463613477e+00 6.191033862500000540e-02
1.518216495710540626e+00 6.842918250000000480e-02
1.521252928701961604e+00 6.827016999999999114e-02
1.524295434559365781e+00 6.645870199999999450e-02
1.527344025428484464e+00 6.878066624999999712e-02
1.530398713479341533e+00 7.112939249999999936e-02
1.533459510906300283e+00 7.018452249999999892e-02
1.536526429928112947e+00 7.098031874999999324e-02
1.539599482787969098e+00 7.071416699999999445e-02
1.542678681753545167e+00 7.146040374999999834e-02
1.545764039117052402e+00 7.184126000000000400e-02
1.548855567195286387e+00 7.261822625000000087e-02
1.551953278329677000e+00 7.120681125000000167e-02
1.555057184886336374e+00 7.298108999999999846e-02
1.558167299256108862e+00 7.298259499999999733e-02
1.561283633854621211e+00 7.318644250000000406e-02
1.564406201122330309e+00 7.362957500000000266e-02
1.567535013524575138e+00 7.290075125000000655e-02
1.570670083551624074e+00 6.833423399999999370e-02
1.573811423718727287e+00 6.662384624999999339e-02
1.576959046566164702e+00 6.963630625000000185e-02
1.580112964659297070e+00 7.301012000000001168e-02
1.583273190588615709e+00 7.401362499999999955e-02
1.586439736969792680e+00 7.208813400000001204e-02
1.589612616443732307e+00 7.416138375000000393e-02
1.592791841676620024e+00 7.195207624999999663e-02
1.595977425359973001e+00 7.459858750000000760e-02
1.599169380210692992e+00 7.396727125000000791e-02
1.602367718971114297e+00 7.059952800000000861e-02
1.605572454409056604e+00 7.243256250000000562e-02
1.608783599317874735e+00 7.310202500000000103e-02
1.612001166516510375e+00 7.400422750000000549e-02
1.615225168849543369e+00 7.534154800000000818e-02
1.618455619187242345e+00 7.547197249999999802e-02
1.621692530425617118e+00 7.564481250000000545e-02
1.624935915486468208e+00 7.557080000000000741e-02
1.628185787317441235e+00 7.591612999999999833e-02
1.631442158892076222e+00 7.440431799999999707e-02
1.634705043209860431e+00 7.529066874999999770e-02
1.637974453296279886e+00 7.378566749999999896e-02
1.641250402202872660e+00 7.196588999999999070e-02
1.644532903007278390e+00 7.208467749999999952e-02
1.647821968813293125e+00 7.519456900000000277e-02
1.651117612750919506e+00 6.687005875000000266e-02
1.654419847976421387e+00 7.459977749999999186e-02
1.657728687672374246e+00 7.540399999999999880e-02
1.661044145047719134e+00 7.578486250000000812e-02
1.664366233337814638e+00 6.963768909999999701e-02
1.667694965804490170e+00 7.557793124999999390e-02
1.671030355736099260e+00 7.631848124999998650e-02
1.674372416447571510e+00 6.787648749999999898e-02
1.677721161280466333e+00 7.596431499999999060e-02
1.681076603603027353e+00 7.596198199999999734e-02
1.684438756810233473e+00 7.581823375000000531e-02
1.687807634323853945e+00 7.615848249999999930e-02
1.691183249592501658e+00 7.264871249999999003e-02
1.694565616091686655e+00 7.625323624999999494e-02
1.697954747323870084e+00 7.475413300000000039e-02
1.701350656818517715e+00 7.455461750000000332e-02
1.704753358132154784e+00 7.426468875000000192e-02
1.708162864848419282e+00 7.099531000000000591e-02
1.711579190578115917e+00 7.604146999999999990e-02
1.715002348959272283e+00 7.515721699999998451e-02
1.718432353657190825e+00 7.445113624999999402e-02
1.721869218364505016e+00 6.600427700000000009e-02
1.725312956801233977e+00 7.399463250000000436e-02
1.728763582714836655e+00 6.959024499999999502e-02
1.732221109880266230e+00 7.258463600000000793e-02
1.735685552100026730e+00 7.298346625000000365e-02
1.739156923204226768e+00 7.349443499999999685e-02
1.742635237050635277e+00 6.804659099999998961e-02
1.746120507524736576e+00 6.614284630000000220e-02
1.749612748539786100e+00 7.306260375000001028e-02
1.753111974036865472e+00 7.390948999999999436e-02
1.756618197984939123e+00 6.728072499999999956e-02
1.760131434380908910e+00 7.208470124999999395e-02
1.763651697249670747e+00 6.870872399999999880e-02
1.767179000644169884e+00 6.789829499999999740e-02
1.770713358645458202e+00 7.073909625000000811e-02
1.774254785362749054e+00 6.441235624999999687e-02
1.777803294933474554e+00 4.515008224625000066e-02
1.781358901523341753e+00 6.615928933999999650e-02
1.784921619326388376e+00 5.026970219625000180e-02
1.788491462565041212e+00 6.755362199999999373e-02
1.792068445490171413e+00 5.278498924999999731e-02
1.795652582381151552e+00 5.679011724999999400e-02
1.799243887545913800e+00 4.864821970500000925e-02
1.802842375321005663e+00 4.446236136250000109e-02
1.806448060071647710e+00 4.524464085749999726e-02
1.810060956191791082e+00 2.850404623749999700e-02
1.813681078104174560e+00 2.627465912037500045e-02
1.817308440260382962e+00 2.648619642428000007e-02
1.820943057140903765e+00 1.675632995874999989e-02
1.824584943255185721e+00 4.778394261374999813e-02
1.828234113141696149e+00 3.783033280749999866e-02
1.831890581367979554e+00 1.369051641874999975e-02
1.835554362530715355e+00 2.296596416699999907e-02
1.839225471255776734e+00 2.401973603700000015e-02
1.842903922198288136e+00 1.317719858025000017e-02
1.846589730042684785e+00 2.212410104125000360e-02
1.850282909502769968e+00 1.536389691712500109e-02
1.853983475321775654e+00 2.371772418939999821e-02
1.857691442272419113e+00 2.238614968749999892e-02
1.861406825156963984e+00 2.016440652843750139e-02
1.865129638807277779e+00 1.407459331423750043e-02
1.868859898084892279e+00 6.409028935999999503e-03
1.872597617881062160e+00 1.448833700124999881e-02
1.876342813116824271e+00 1.669458309374999977e-02
1.880095498743057814e+00 1.554938887075000067e-02
1.883855689740544070e+00 2.535085383487499858e-02
1.887623401120025246e+00 2.317956932700000056e-02
1.891398647922265308e+00 4.318615556500000202e-03
1.895181445218109717e+00 1.617308901624999948e-02
1.898971808108545822e+00 1.262338559124999947e-02
1.902769751724763037e+00 1.911580124725000343e-02
1.906575291228212565e+00 1.565890807031000004e-02
1.910388441810669136e+00 1.605672981750000047e-02
1.914209218694290282e+00 1.352223391874999951e-02
1.918037637131678963e+00 1.963082055125000072e-02
1.921873712405942403e+00 1.789872933625000218e-02
1.925717459830754041e+00 1.586465887000000283e-02
1.929568894750415708e+00 7.341606751087500007e-03
1.933428032539916241e+00 1.756697507624999793e-02
1.937294888604996324e+00 1.834619940625000292e-02
1.941169478382206215e+00 2.164438292125000010e-02
1.945051817338970590e+00 1.962027556999999811e-02
1.948941920973648489e+00 2.167247374999999726e-02
1.952839804815595715e+00 1.646415574750000055e-02
1.956745484425226778e+00 1.101071599875000015e-02
1.960658975394077297e+00 2.295204480750000220e-02
1.964580293344865503e+00 1.994552145170000110e-02
1.968509453931555075e+00 1.420525977412500154e-02
1.972446472839417986e+00 2.763613950500000069e-02
1.976391365785096887e+00 3.754724624999999927e-02
1.980344148516667069e+00 3.154568189749999696e-02
1.984304836813700401e+00 3.908973940000000369e-02
1.988273446487327956e+00 3.469143232500000035e-02
1.992249993380302620e+00 4.268335874999999724e-02
1.996234493367063045e+00 3.591970750000000184e-02
2.000226962353797155e+00 2.636699755000000006e-02
