2.002000000000000168e-01 9.864552900000000263e-03
2.006004000000000120e-01 1.351262375000000099e-02
2.010016008000000132e-01 1.037801612500000026e-02
2.014036040016000118e-01 1.460854375000000122e-02
2.018064112096032425e-01 1.427453100000000003e-02
2.022100240320224285e-01 1.562517000000000073e-02
2.026144440800864976e-01 1.648404624999999860e-02
2.030196729682466894e-01 1.610239500000000198e-02
2.034257123141831602e-01 1.564363250000000080e-02
2.038325637388115341e-01 1.514457499999999866e-02
2.042402288662891752e-01 1.466715499999999943e-02
2.046487093240217381e-01 1.426089750000000128e-02
2.050580067426697739e-01 1.393900000000000000e-02
2.054681227561551138e-01 1.387396750000000067e-02
2.058790590016674471e-01 1.381483199999999911e-02
2.062908171196707885e-01 1.369483999999999979e-02
2.067033987539101392e-01 1.356414875000000117e-02
2.071168055514179263e-01 1.345382500000000085e-02
2.075310391625207751e-01 1.336865500000000012e-02
2.079461012408458098e-01 1.326164999999999983e-02
2.083619934433275089e-01 1.315097625000000159e-02
2.087787174302141446e-01 1.305227249999999992e-02
2.091962748650745829e-01 1.295171499999999906e-02
2.096146674148047229e-01 1.283400124999999926e-02
2.100338967496343523e-01 1.268716400000000077e-02
2.104539645431336148e-01 1.258701000000000091e-02
2.108748724722198931e-01 1.250378875000000140e-02
2.112966222171643316e-01 1.239180624999999987e-02
2.117192154615986643e-01 1.225963874999999939e-02
2.121426538925218486e-01 1.207110299999999969e-02
2.125669392003068925e-01 1.187096875000000044e-02
2.129920730787074890e-01 1.169640125000000197e-02
2.134180572248648988e-01 1.152848624999999912e-02
2.138448933393146401e-01 1.136254750000000036e-02
2.142725831259932878e-01 1.113149899999999956e-02
2.147011282922452469e-01 1.088486125000000075e-02
2.151305305488297459e-01 1.068811250000000108e-02
2.155607916099274157e-01 1.052770249999999963e-02
2.159919131931472558e-01 1.034996300000000022e-02
2.164238970195335454e-01 1.014146750000000097e-02
2.168567448135726161e-01 9.938099625000000256e-03
2.172904583031997627e-01 9.747807375000000496e-03
2.177250392198061546e-01 9.565807874999998628e-03
2.181604892982457744e-01 9.364554799999999166e-03
2.185968102768422461e-01 9.158281875000000294e-03
2.190340038973959125e-01 8.944991749999998965e-03
2.194720719051907187e-01 8.720440749999999047e-03
2.199110160490010957e-01 8.502476750000001471e-03
2.203508380810991207e-01 8.271259300000000092e-03
2.207915397572613181e-01 8.050066750000001159e-03
2.212331228367758196e-01 7.832803374999999096e-03
2.216755890824493869e-01 7.604906374999999621e-03
2.221189402606142949e-01 7.388449250000000794e-03
2.225631781411355203e-01 7.161532099999999568e-03
2.230083044974177642e-01 6.945165124999999606e-03
2.234543211064126123e-01 6.760784000000000585e-03
2.239012297486254466e-01 6.562888625000000767e-03
2.243490322081226895e-01 6.369810374999999858e-03
2.247977302725389648e-01 6.162537100000000517e-03
2.252473257330840362e-01 5.966902875000000030e-03
2.256978203845501907e-01 5.802089374999999660e-03
2.261492160253192885e-01 5.635658124999999921e-03
2.266015144573699513e-01 5.460954000000000502e-03
2.270547174862846962e-01 5.273038799999999263e-03
2.275088269212572623e-01 5.091914250000000204e-03
2.279638445750997722e-01 4.937593249999999538e-03
2.284197722642499762e-01 4.783377624999999786e-03
2.288766118087784962e-01 4.622217999999999119e-03
2.293343650323960425e-01 4.446491500000000069e-03
2.297930337624608521e-01 4.282794125000000292e-03
2.302526198299857663e-01 4.111217125000000278e-03
2.307131250696457525e-01 4.012960999999999785e-03
2.311745513197850377e-01 3.877610374999999887e-03
2.316369004224245742e-01 3.758437499999999626e-03
2.321001742232694509e-01 3.641844374999999787e-03
2.325643745717159705e-01 3.522044624999999887e-03
2.330295033208594213e-01 3.405809125000000027e-03
2.334955623275011272e-01 3.299148800000000284e-03
2.339625534521561634e-01 3.206065499999999867e-03
2.344304785590604623e-01 3.097347000000000294e-03
2.348993395161785847e-01 3.001091625000000106e-03
2.353691381952109363e-01 2.937187374999999760e-03
2.358398764716013452e-01 2.835797900000000017e-03
2.363115562245445278e-01 2.728353249999999636e-03
2.367841793369936387e-01 2.662292875000000104e-03
2.372577476956675979e-01 2.581638875000000222e-03
2.377322631910589457e-01 2.512783125000000138e-03
2.382077277174410590e-01 2.428867399999999621e-03
2.386841431728759511e-01 2.358893000000000361e-03
2.391615114592217095e-01 2.303773125000000213e-03
2.396398344821401571e-01 2.220344624999999635e-03
2.401191141511044291e-01 2.155747375000000195e-03
2.405993523794066058e-01 2.115117199999999760e-03
2.410805510841654287e-01 2.052459125000000335e-03
2.415627121863337390e-01 1.990180124999999748e-03
2.420458376107064158e-01 1.948205749999999768e-03
2.425299292859278144e-01 1.916272999999999805e-03
2.430149891444997046e-01 1.873600799999999844e-03
2.435010191227887089e-01 1.819216749999999841e-03
2.439880211610342686e-01 1.779487499999999906e-03
2.444759972033563322e-01 1.758735999999999893e-03
2.449649491977630433e-01 1.731104375000000039e-03
2.454548790961585680e-01 1.662893800000000196e-03
2.459457888543508663e-01 1.622559124999999915e-03
2.464376804320595749e-01 1.607327250000000060e-03
2.469305557929236949e-01 1.583371750000000123e-03
2.474244169045095587e-01 1.540288500000000071e-03
2.479192657383185727e-01 1.509903700000000178e-03
2.484151042697951839e-01 1.490621875000000107e-03
2.489119344783347898e-01 1.443370124999999960e-03
2.494097583472914548e-01 1.421966499999999939e-03
2.499085778639860422e-01 1.397620400000000162e-03
2.504083950197140140e-01 1.390088749999999866e-03
2.509092118097534518e-01 1.380846625000000131e-03
2.514110302333729119e-01 1.346808874999999876e-03
2.519138522938396685e-01 1.307427500000000065e-03
2.524176799984273467e-01 1.310227699999999985e-03
2.529225153584241936e-01 1.303058624999999839e-03
2.534283603891410719e-01 1.279908250000000042e-03
2.539352171099192867e-01 1.259849249999999820e-03
2.544430875441391349e-01 1.261488749999999884e-03
2.549519737192273983e-01 1.244199699999999891e-03
2.554618776666658375e-01 1.210641250000000016e-03
2.559728014219991854e-01 1.217437625000000138e-03
2.564847470248432515e-01 1.230731499999999836e-03
2.569977165188929158e-01 1.223011625000000081e-03
2.575117119519306774e-01 1.213407200000000182e-03
2.580267353758345372e-01 1.208777125000000006e-03
2.585427888465862134e-01 1.173900375000000093e-03
2.590598744242793572e-01 1.168656499999999859e-03
2.595779941731279905e-01 1.210373375000000067e-03
2.600971501614742221e-01 1.212471599999999892e-03
2.606173444617971846e-01 1.171964499999999902e-03
2.611385791507207510e-01 1.188887625000000121e-03
2.616608563090221939e-01 1.213328249999999931e-03
2.621841780216402351e-01 1.200658124999999998e-03
2.627085463776834828e-01 1.195721800000000123e-03
2.632339634704388698e-01 1.237928500000000072e-03
2.637604313973797576e-01 1.241808625000000166e-03
2.642879522601745412e-01 1.218492749999999878e-03
2.648165281646948088e-01 1.227788000000000056e-03
2.653461612210242238e-01 1.253932499999999874e-03
2.658768535434662961e-01 1.251830125000000151e-03
2.664086072505532643e-01 1.276855749999999956e-03
2.669414244650543111e-01 1.313420875000000012e-03
2.674753073139844450e-01 1.313094700000000132e-03
2.680102579286124387e-01 1.321467624999999885e-03
2.685462784444696549e-01 1.368538999999999997e-03
2.690833710013585955e-01 1.401714749999999907e-03
2.696215377433612836e-01 1.386870875000000090e-03
2.701607808188479787e-01 1.408846100000000091e-03
2.707011023804857253e-01 1.465279624999999992e-03
2.712425045852466798e-01 1.492577625000000028e-03
2.717849895944172145e-01 1.504046875000000175e-03
2.723285595736060216e-01 1.537733125000000046e-03
2.728732166927532177e-01 1.582908899999999931e-03
2.734189631261387810e-01 1.626085124999999921e-03
2.739658010523910447e-01 1.696318875000000018e-03
2.745137326544958567e-01 1.746836500000000045e-03
2.750627601198047945e-01 1.754651375000000103e-03
2.756128856400444360e-01 1.828708899999999943e-03
2.761641114113245199e-01 1.883202750000000092e-03
2.767164396341471599e-01 1.942695500000000096e-03
2.772698725134154496e-01 1.985667749999999593e-03
2.778244122584422882e-01 2.057193750000000168e-03
2.783800610829592070e-01 2.147090600000000141e-03
2.789368212051250850e-01 2.233781499999999958e-03
2.794946948475353632e-01 2.307560499999999903e-03
2.800536842372304269e-01 2.372378500000000244e-03
2.806137916057048765e-01 2.507944499999999969e-03
2.811750191889162975e-01 2.602757899999999687e-03
2.817373692272941987e-01 2.793089250000000204e-03
2.823008439657487822e-01 2.878520750000000336e-03
2.828654456536803252e-01 2.995837375000000129e-03
2.834311765449876730e-01 3.029011750000000329e-03
2.839980388980776205e-01 3.255648899999999749e-03
2.845660349758737939e-01 3.441847750000000088e-03
2.851351670458255327e-01 3.618568874999999931e-03
2.857054373799171598e-01 3.800887625000000294e-03
2.862768482546770299e-01 3.931822249999999616e-03
2.868494019511863558e-01 4.156080700000000169e-03
2.874231007550887562e-01 4.365706125000000382e-03
2.879979469565989714e-01 4.710887999999999881e-03
2.885739428505121884e-01 4.955023124999999307e-03
2.891510907362132010e-01 5.239317900000000153e-03
2.897293929176856242e-01 5.583661374999999982e-03
2.903088517035209426e-01 5.842331499999999823e-03
2.908894694069280029e-01 6.129262625000000443e-03
2.914712483457418957e-01 6.565050750000000698e-03
2.920541908424333366e-01 7.100049100000000238e-03
2.926382992241182146e-01 7.436555750000000548e-03
2.932235758225664735e-01 7.916002125000000042e-03
2.938100229742116043e-01 8.535894374999998535e-03
2.943976430201600269e-01 8.941701124999999750e-03
2.949864383062003048e-01 9.539610099999998316e-03
2.955764111828127483e-01 1.039946874999999986e-02
2.961675640051783520e-01 1.113660124999999931e-02
2.967598991331887315e-01 1.173025500000000020e-02
2.973534189314551157e-01 1.258933999999999921e-02
2.979481257693180618e-01 1.372249899999999911e-02
2.985440220208566697e-01 1.465427124999999983e-02
2.991411100648984078e-01 1.558621875000000025e-02
2.997393922850282166e-01 1.703533624999999802e-02
3.003388710695982233e-01 1.804138000000000269e-02
3.009395488117374562e-01 1.959383399999999747e-02
3.015414279093609484e-01 2.157510124999999918e-02
3.021445107651796746e-01 2.266478624999999913e-02
3.027487997867099878e-01 2.468621000000000010e-02
3.033542973862833891e-01 2.712635874999999933e-02
3.039610059810559650e-01 2.865388199999999858e-02
3.045689279930180460e-01 3.108531999999999962e-02
3.051780658490040876e-01 3.483298500000000381e-02
3.057884219807021076e-01 3.714658374999999652e-02
3.063999988246635664e-01 3.862521000000000010e-02
3.070127988223129156e-01 4.296767900000000168e-02
3.076268244199575896e-01 4.818467249999999757e-02
3.082420780687974982e-01 4.991442875000000334e-02
3.088585622249351292e-01 5.232787124999999789e-02
3.094762793493849307e-01 5.838281299999999868e-02
3.100952319080837460e-01 6.354964500000001570e-02
3.107154223718998631e-01 6.683332124999999402e-02
3.113368532166437275e-01 6.933607249999999833e-02
3.119595269230769907e-01 7.816712750000000265e-02
3.125834459769231133e-01 8.683448900000001469e-02
3.132086128688770232e-01 8.924239875000000710e-02
3.138350300946147753e-01 9.020344750000000578e-02
3.144627001548039313e-01 1.025112874999999923e-01
3.150916255551135525e-01 1.074096712500000050e-01
3.157218088062238026e-01 1.048906880000000097e-01
3.163532524238362176e-01 1.174339762500000023e-01
3.169859589286838641e-01 1.213599637499999939e-01
3.176199308465412763e-01 1.186304987500000074e-01
3.182551707082343917e-01 1.279584662500000136e-01
3.188916810496508214e-01 1.420273900000000034e-01
3.195294644117501193e-01 1.349640112500000155e-01
3.201685233405736630e-01 1.345212249999999943e-01
3.208088603872547573e-01 1.520431875000000099e-01
3.214504781080292917e-01 1.609995874999999854e-01
3.220933790642453443e-01 1.492824799999999952e-01
3.227375658223737842e-01 1.481840499999999838e-01
3.233830409540185413e-01 1.678734500000000074e-01
3.240298070359265425e-01 1.764631624999999926e-01
3.246778666499984256e-01 1.668417250000000240e-01
3.253272223832984200e-01 1.617046100000000264e-01
3.259778768280650052e-01 1.752242125000000317e-01
3.266298325817211246e-01 1.856330124999999998e-01
3.272830922468845660e-01 1.803071125000000052e-01
3.279376584313783427e-01 1.706670750000000014e-01
3.285935337482410734e-01 1.794855499999999937e-01
3.292507208157375853e-01 1.916945749999999782e-01
3.299092222573690725e-01 1.919710625000000115e-01
3.305690407018838095e-01 1.828321374999999915e-01
3.312301787832875322e-01 1.795203249999999806e-01
3.318926391408540955e-01 1.894447800000000071e-01
3.325564244191357988e-01 1.953512500000000041e-01
3.332215372679740994e-01 1.927641875000000171e-01
3.338879803425100490e-01 1.846716625000000001e-01
3.345557563031950621e-01 1.915835599999999861e-01
3.352248678158014084e-01 1.960582124999999953e-01
3.358953175514330369e-01 1.965231749999999944e-01
3.365671081865359016e-01 1.930003375000000077e-01
3.372402424029089518e-01 1.888022750000000194e-01
3.379147228877147358e-01 1.914893099999999959e-01
3.385905523334902245e-01 1.952772999999999870e-01
3.392677334381571930e-01 1.951577374999999837e-01
3.399462689050334330e-01 1.929484124999999994e-01
3.406261614428435225e-01 1.918303124999999887e-01
3.413074137657292062e-01 1.943727100000000041e-01
3.419900285932606643e-01 1.946707125000000094e-01
3.426740086504471705e-01 1.942968999999999946e-01
3.433593566677480835e-01 1.930254624999999946e-01
3.440460753810836159e-01 1.905720375000000133e-01
3.447341675318457699e-01 1.914091099999999934e-01
3.454236358669094398e-01 1.922231500000000093e-01
3.461144831386432363e-01 1.920850124999999853e-01
3.468067121049205337e-01 1.917992124999999826e-01
3.475003255291303494e-01 1.907343625000000042e-01
3.481953261801886135e-01 1.909666700000000050e-01
3.488917168325489926e-01 1.907272250000000002e-01
3.495895002662141038e-01 1.901962375000000038e-01
3.502886792667465610e-01 1.897556499999999979e-01
3.509892566252800217e-01 1.891791250000000035e-01
3.516912351385305668e-01 1.878818999999999906e-01
3.523946176088076365e-01 1.878399249999999909e-01
3.530994068440251876e-01 1.875588999999999729e-01
3.538056056577132402e-01 1.872067500000000051e-01
3.545132168690287022e-01 1.867564875000000124e-01
3.552222433027667492e-01 1.861126499999999906e-01
3.559326877893722596e-01 1.856100250000000118e-01
3.566445531649510281e-01 1.850843624999999881e-01
3.573578422712808678e-01 1.845583749999999967e-01
3.580725579558234339e-01 1.840283299999999900e-01
3.587887030717350489e-01 1.834810374999999993e-01
3.595062804778785814e-01 1.828439874999999992e-01
3.602252930388343266e-01 1.824240374999999970e-01
3.609457436249119411e-01 1.821385875000000043e-01
3.616676351121618227e-01 1.817831099999999700e-01
3.623909703823861017e-01 1.813680125000000087e-01
3.631157523231508533e-01 1.810319125000000029e-01
3.638419838277971996e-01 1.807016499999999914e-01
3.645696677954528009e-01 1.803411125000000115e-01
3.652988071310436791e-01 1.799300699999999975e-01
3.660294047453057642e-01 1.795488625000000171e-01
3.667614635547964408e-01 1.792192625000000039e-01
3.674949864819060386e-01 1.788843999999999990e-01
3.682299764548698229e-01 1.785358874999999901e-01
3.689664364077795966e-01 1.781440300000000088e-01
3.697043692805951354e-01 1.777722749999999796e-01
3.704437780191563445e-01 1.773594125000000077e-01
3.711846655751946944e-01 1.769064499999999929e-01
3.719270349063450443e-01 1.764571249999999925e-01
3.726708889761577437e-01 1.759498899999999977e-01
3.734162307541100123e-01 1.754361000000000115e-01
3.741630632156182079e-01 1.749839499999999992e-01
3.749113893420494836e-01 1.745440875000000003e-01
3.756612121207335564e-01 1.741050875000000053e-01
3.764125345449750304e-01 1.735971300000000161e-01
3.771653596140650544e-01 1.730418625000000044e-01
3.779196903332932012e-01 1.726796500000000179e-01
3.786755297139597909e-01 1.722458500000000059e-01
3.794328807733876596e-01 1.718054999999999999e-01
3.801917465349344827e-01 1.713571300000000242e-01
3.809521300280043210e-01 1.709797499999999859e-01
3.817140342880603332e-01 1.706505749999999988e-01
3.824774623566364884e-01 1.703230374999999963e-01
3.832424172813497787e-01 1.699564599999999759e-01
3.840089021159124316e-01 1.695933500000000038e-01
3.847769199201442891e-01 1.692730249999999936e-01
3.855464737599845759e-01 1.689537750000000005e-01
3.863175667075045561e-01 1.686352999999999880e-01
3.870902018409195788e-01 1.682782400000000234e-01
3.878643822446014022e-01 1.679235624999999843e-01
3.886401110090906830e-01 1.676103250000000044e-01
3.894173912311088559e-01 1.673003875000000085e-01
3.901962260135710681e-01 1.669768624999999895e-01
3.909766184655981691e-01 1.665660399999999985e-01
3.917585717025293679e-01 1.661826124999999932e-01
3.925420888459344448e-01 1.658258750000000115e-01
3.933271730236262975e-01 1.653920999999999863e-01
3.941138273696735417e-01 1.651240750000000090e-01
3.949020550244128902e-01 1.647297600000000029e-01
3.956918591344616987e-01 1.643414500000000000e-01
3.964832428527306218e-01 1.639814500000000008e-01
3.972762093384361037e-01 1.636483499999999980e-01
3.980707617571129786e-01 1.632107499999999878e-01
3.988669032806272385e-01 1.629214079999999898e-01
3.996646370871884679e-01 1.625483912500000072e-01
4.004639663613628331e-01 1.622598512499999757e-01
4.012648942940855168e-01 1.619760187500000059e-01
4.020674240826737078e-01 1.616614137499999826e-01
4.028715589308390355e-01 1.612687469999999901e-01
4.036773020487006702e-01 1.608537475000000050e-01
4.044846566527980913e-01 1.605132300000000067e-01
4.052936259661036877e-01 1.601707900000000073e-01
4.061042132180359143e-01 1.598332937499999939e-01
4.069164216444720039e-01 1.595013559999999830e-01
4.077302544877609569e-01 1.591498424999999994e-01
4.085457149967364754e-01 1.588841037500000053e-01
4.093628064267299527e-01 1.585956587500000070e-01
4.101815320395834075e-01 1.583032212499999869e-01
4.110018951036625845e-01 1.579184560000000126e-01
4.118238988938699441e-01 1.575310225000000064e-01
4.126475466916577073e-01 1.572220524999999869e-01
4.134728417850409565e-01 1.569308237500000036e-01
4.142997874686110693e-01 1.565842640000000008e-01
4.151283870435482637e-01 1.563226987499999887e-01
4.159586438176353651e-01 1.560716912500000053e-01
4.167905611052706849e-01 1.557195962500000086e-01
4.176241422274811765e-01 1.554475562500000074e-01
4.184593905119361468e-01 1.550930360000000174e-01
4.192963092929599678e-01 1.546602575000000090e-01
4.201349019115458994e-01 1.543614687500000082e-01
4.209751717153689676e-01 1.540691049999999840e-01
4.218171220587997317e-01 1.538006337500000265e-01
4.226607563029173287e-01 1.535025319999999971e-01
4.235060778155231298e-01 1.532208537499999967e-01
4.243530899711541737e-01 1.529752362499999796e-01
4.252017961510964894e-01 1.526762449999999882e-01
4.260521997433986963e-01 1.523333674999999832e-01
4.269043041428854934e-01 1.520067140000000150e-01
4.277581127511712600e-01 1.516750625000000130e-01
4.286136289766736551e-01 1.514056049999999987e-01
4.294708562346269964e-01 1.511557862500000071e-01
4.303297979470962487e-01 1.509158837500000072e-01
4.311904575429904574e-01 1.506304340000000075e-01
4.320528384580764047e-01 1.503390549999999992e-01
4.329169441349925429e-01 1.500876174999999924e-01
4.337827780232624830e-01 1.498052699999999904e-01
4.346503435793090397e-01 1.495085124999999959e-01
4.355196442664676648e-01 1.491840360000000199e-01
4.363906835550006025e-01 1.488734200000000063e-01
4.372634649221106007e-01 1.485855199999999987e-01
4.381379918519547889e-01 1.483346737499999790e-01
4.390142678356587225e-01 1.480964562500000081e-01
4.398922963713300383e-01 1.478119459999999996e-01
4.407720809640727211e-01 1.474390037499999917e-01
4.416536251260008150e-01 1.466662087499999989e-01
4.425369323762528007e-01 1.467264812500000126e-01
4.434220062410053065e-01 1.463530450000000149e-01
4.443088502534873196e-01 1.461319875000000046e-01
4.451974679539942858e-01 1.459019750000000171e-01
4.460878628899022647e-01 1.456596800000000136e-01
4.469800386156820293e-01 1.456388112499999998e-01
4.478739986929134442e-01 1.454537410000000253e-01
4.487697466902992316e-01 1.451807974999999862e-01
4.496672861836799040e-01 1.448594400000000060e-01
4.505666207560472536e-01 1.445530462500000113e-01
4.514677539975593401e-01 1.442708474999999935e-01
4.523706895055544797e-01 1.439698640000000029e-01
4.532754308845656221e-01 1.436939612500000019e-01
4.541819817463347286e-01 1.434966924999999949e-01
4.550903457098274263e-01 1.432456000000000007e-01
4.560005264012471082e-01 1.430164312500000201e-01
4.569125274540495885e-01 1.426855089999999882e-01
4.578263525089577013e-01 1.423521249999999960e-01
4.587420052139756232e-01 1.420035500000000062e-01
4.596594892244035835e-01 1.416547862499999977e-01
4.605788082028524077e-01 1.413271174999999880e-01
4.614999658192581178e-01 1.409986899999999821e-01
4.624229657508966418e-01 1.407539512500000090e-01
4.633478116823984694e-01 1.406254237500000059e-01
4.642745073057632510e-01 1.405120625000000067e-01
4.652030563203747304e-01 1.403742737500000004e-01
4.661334624330154552e-01 1.401480910000000024e-01
4.670657293578814873e-01 1.398341787499999822e-01
4.679998608165972795e-01 1.395071024999999798e-01
4.689358605382304424e-01 1.390779825000000025e-01
4.698737322593069532e-01 1.388566224999999987e-01
4.708134797238255342e-01 1.386028760000000137e-01
4.717551066832731399e-01 1.383664387499999870e-01
4.726986168966397228e-01 1.382205212500000058e-01
4.736440141304329998e-01 1.380646612499999981e-01
4.745913021586939395e-01 1.377888937500000022e-01
4.755404847630113063e-01 1.373786310000000011e-01
4.764915657325373699e-01 1.369035912500000118e-01
4.774445488640024493e-01 1.364481562500000078e-01
4.783994379617304560e-01 1.359751012500000078e-01
4.793562368376539373e-01 1.355290700000000015e-01
4.803149493113292312e-01 1.351703324999999900e-01
4.812755792099518981e-01 1.349295275000000072e-01
4.822381303683718201e-01 1.347325787499999983e-01
4.832026066291085775e-01 1.346179662499999985e-01
4.841690118423668254e-01 1.345103890000000080e-01
4.851373498660515038e-01 1.344680174999999811e-01
4.861076245657836026e-01 1.344329912499999946e-01
4.870798398149152053e-01 1.342300062500000057e-01
4.880539994945450322e-01 1.341685675000000022e-01
4.890301074935341497e-01 1.339519819999999972e-01
4.900081677085211806e-01 1.337141437500000141e-01
4.909881840439382916e-01 1.335245237500000126e-01
4.919701604120261251e-01 1.332895125000000125e-01
4.929541007328501756e-01 1.331548349999999992e-01
4.939400089343158884e-01 1.329052109999999953e-01
4.949278889521845359e-01 1.325959174999999934e-01
4.959177447300888719e-01 1.323036075000000034e-01
4.969095802195490075e-01 1.320192687500000017e-01
4.979033993799881208e-01 1.316862337499999924e-01
4.988992061787480559e-01 1.312903259999999850e-01
4.998970045911055315e-01 1.308612487499999921e-01
5.008967986002876849e-01 1.304523062499999830e-01
5.018985921974883357e-01 1.296105975000000077e-01
5.029023893818832525e-01 1.294882525000000117e-01
5.039081941606470272e-01 1.287985660000000032e-01
5.049160105489682859e-01 1.285852775000000114e-01
5.059258425700663420e-01 1.283455487500000103e-01
5.069376942552064058e-01 1.275769099999999878e-01
5.079515696437167938e-01 1.282098225000000147e-01
5.089674727830042489e-01 1.281829889999999972e-01
5.099854077285701504e-01 1.282277812499999781e-01
5.110053785440273888e-01 1.279088837500000075e-01
5.120273893011153543e-01 1.279115000000000113e-01
5.130514440797175890e-01 1.275601429999999870e-01
5.140775469678771081e-01 1.272777125000000009e-01
5.151057020618128313e-01 1.270093612499999802e-01
5.161359134659364578e-01 1.267655274999999748e-01
5.171681852928683432e-01 1.265710300000000010e-01
5.182025216634540410e-01 1.263650560000000034e-01
5.192389267067809566e-01 1.261522949999999976e-01
5.202774045601945563e-01 1.259429524999999828e-01
5.213179593693149094e-01 1.256553250000000121e-01
5.223605952880534531e-01 1.252522787500000012e-01
5.234053164786296453e-01 1.247516959999999953e-01
5.244521271115868410e-01 1.242434212499999996e-01
5.255010313658099452e-01 1.238893087500000101e-01
5.265520334285416215e-01 1.234978874999999865e-01
5.276051374953987239e-01 1.231208612500000049e-01
5.286603477703895049e-01 1.226968140000000013e-01
5.297176684659302692e-01 1.222278337499999867e-01
5.307771038028621380e-01 1.218505287499999923e-01
5.318386580104679240e-01 1.215783912500000008e-01
5.329023353264887852e-01 1.212740999999999958e-01
5.339681399971416553e-01 1.210506550000000070e-01
5.350360762771360079e-01 1.209440650000000034e-01
5.361061484296902879e-01 1.208831225000000092e-01
5.371783607265496752e-01 1.208338850000000020e-01
5.382527174480027377e-01 1.207675850000000106e-01
5.393292228828987511e-01 1.206285649999999932e-01
5.404078813286645744e-01 1.202268599999999910e-01
5.414886970913218578e-01 1.188992687499999812e-01
5.425716744855044738e-01 1.196551462499999968e-01
5.436568178344756141e-01 1.191863749999999833e-01
5.447441314701444437e-01 1.189423390000000080e-01
5.458336197330847517e-01 1.185845387499999959e-01
5.469252869725509392e-01 1.185571462500000089e-01
5.480191375464960046e-01 1.183913712500000021e-01
5.491151758215888634e-01 1.182250629999999914e-01
5.502134061732321113e-01 1.180484662500000115e-01
5.513138329855785669e-01 1.178423524999999972e-01
5.524164606515497011e-01 1.176145999999999997e-01
5.535212935728528461e-01 1.173771837500000026e-01
5.546283361599984030e-01 1.171108089999999963e-01
5.557375928323184944e-01 1.168178012499999918e-01
5.568490680179830621e-01 1.165641500000000053e-01
5.579627661540189631e-01 1.162837374999999979e-01
5.590786916863270672e-01 1.159529250000000122e-01
5.601968490696997982e-01 1.154927780000000181e-01
5.613172427678392307e-01 1.149578300000000108e-01
5.624398772533748536e-01 1.145072374999999976e-01
5.635647570078816671e-01 1.140636924999999940e-01
5.646918865218973904e-01 1.136786662500000183e-01
5.658212702949412254e-01 1.133619949999999932e-01
5.669529128355310643e-01 1.130698037500000031e-01
5.680868186612021420e-01 1.127552237499999943e-01
5.692229922985245771e-01 1.120825700000000064e-01
5.703614382831215801e-01 1.121973937500000129e-01
5.715021611596877715e-01 1.118126359999999930e-01
5.726451654820071679e-01 1.110534425000000019e-01
5.737904558129711674e-01 1.112664787500000085e-01
5.749380367245970902e-01 1.111184712500000032e-01
5.760879127980462755e-01 1.108848412499999908e-01
5.772400886236424000e-01 1.109998670000000021e-01
5.783945688008896857e-01 1.109228725000000054e-01
5.795513579384914404e-01 1.110438924999999910e-01
5.807104606543684877e-01 1.111470362499999975e-01
5.818718815756771523e-01 1.113322762500000007e-01
5.830356253388285781e-01 1.113825969999999999e-01
5.842016965895062697e-01 1.113381750000000114e-01
5.853700999826851881e-01 1.114500237500000157e-01
5.865408401826505136e-01 1.115366349999999951e-01
5.877139218630158535e-01 1.117975724999999976e-01
5.888893497067417826e-01 1.098264040000000025e-01
5.900671284061553834e-01 1.086169000000000023e-01
5.912472626629676764e-01 1.112488100000000035e-01
5.924297571882934932e-01 1.107744099999999898e-01
5.936146167026701281e-01 1.096676629999999986e-01
5.948018459360754351e-01 1.045840662499999962e-01
5.959914496279475893e-01 1.101904875000000034e-01
5.971834325272035171e-01 1.098792887499999982e-01
5.983777993922578808e-01 1.092571600000000059e-01
5.995745549910425076e-01 1.092843220000000171e-01
6.007737041010245971e-01 1.090385524999999967e-01
6.019752515092265943e-01 1.093017937500000009e-01
6.031792020122450637e-01 1.091916425000000052e-01
6.043855604162695627e-01 1.090806862500000030e-01
6.055943315371020708e-01 1.091829209999999883e-01
6.068055202001763071e-01 1.092951249999999930e-01
6.080191312405766046e-01 1.094483162500000106e-01
6.092351695030577829e-01 1.096509562500000007e-01
6.104536398420639109e-01 1.098629575000000108e-01
6.116745471217479579e-01 1.100834829999999820e-01
6.128978962159914445e-01 1.102881062499999898e-01
6.141236920084234274e-01 1.104531750000000145e-01
6.153519393924402614e-01 1.105347724999999892e-01
6.165826432712251393e-01 1.105826737499999990e-01
6.178158085577676317e-01 1.106415570000000015e-01
6.190514401748832274e-01 1.107109350000000103e-01
6.202895430552329836e-01 1.107434999999999947e-01
6.215301221413433996e-01 1.108051987500000002e-01
6.227731823856261784e-01 1.108746962500000155e-01
6.240187287503973224e-01 1.108828839999999871e-01
6.252667662078981170e-01 1.107758462500000041e-01
6.265172997403138933e-01 1.107133837500000051e-01
6.277703343397945668e-01 1.024958312500000024e-01
6.290258750084741779e-01 1.101018837499999903e-01
6.302839267584912086e-01 1.105302579999999923e-01
6.315444946120081227e-01 1.100165487499999845e-01
6.328075836012321265e-01 1.112204500000000124e-01
6.340731987684345983e-01 1.115029800000000015e-01
6.353413451659715161e-01 1.117883739999999959e-01
6.366120278563034418e-01 1.120044837499999946e-01
6.378852519120159492e-01 1.121701525000000088e-01
6.391610224158400522e-01 1.122712112499999887e-01
6.404393444606717445e-01 1.125821800000000039e-01
6.417202231495930942e-01 1.128250859999999911e-01
6.430036635958922275e-01 1.130000250000000039e-01
6.442896709230840901e-01 1.131060974999999885e-01
6.455782502649303201e-01 1.133295537500000061e-01
6.468694067654601199e-01 1.132884575000000088e-01
6.481631455789910179e-01 1.120841320000000030e-01
6.494594718701489633e-01 1.121684462499999979e-01
6.507583908138891982e-01 1.132133849999999858e-01
6.520599075955170187e-01 1.130161899999999886e-01
6.533640274107079815e-01 1.132085374999999977e-01
6.546707554655294414e-01 1.138348799999999994e-01
6.559800969764604250e-01 1.096587037499999889e-01
6.572920571704133907e-01 1.141122062499999867e-01
6.586066412847542129e-01 1.138199424999999931e-01
6.599238545673237200e-01 1.143261024999999986e-01
6.612437022764583450e-01 1.144065180000000126e-01
6.625661896810113305e-01 1.143699624999999914e-01
6.638913220603732679e-01 1.145634575000000072e-01
6.652191047044940797e-01 1.146921987500000018e-01
6.665495429139030037e-01 1.148359537499999972e-01
6.678826419997307973e-01 1.150071440000000056e-01
6.692184072837303876e-01 1.151252212499999927e-01
6.705568440982978551e-01 1.151844087499999947e-01
6.718979577864944153e-01 1.152340662500000029e-01
6.732417537020674025e-01 1.152473574999999806e-01
6.745882372094715862e-01 1.152661629999999909e-01
6.759374136838904867e-01 1.153329912500000026e-01
6.772892885112582473e-01 1.154429762499999956e-01
6.786438670882807278e-01 1.155578800000000017e-01
6.800011548224572655e-01 1.156734170000000006e-01
6.813611571321021021e-01 1.157401762499999931e-01
6.827238794463663663e-01 1.157789150000000100e-01
6.840893272052590568e-01 1.157797625000000080e-01
6.854575058596696913e-01 1.157470037499999937e-01
6.868284208713890671e-01 9.193457509999999888e-02
6.882020777131317990e-01 1.115006437499999892e-01
6.895784818685580797e-01 8.418411211250000081e-02
6.909576388322952178e-01 1.132748350000000043e-01
6.923395541099597317e-01 9.887975000000001624e-02
6.937242332181796645e-01 1.125842309999999930e-01
6.951116816846160118e-01 1.156979174999999971e-01
6.965019050479852591e-01 1.159158487499999945e-01
6.978949088580812532e-01 1.135122487500000166e-01
6.992906986757974064e-01 1.154563899999999921e-01
7.006892800731490123e-01 1.145532699999999848e-01
7.020906586332953392e-01 1.159383687499999926e-01
7.034948399505618344e-01 1.162508937500000006e-01
7.049018296304629949e-01 1.141626212499999987e-01
7.063116332897239058e-01 1.162725500000000023e-01
7.077242565563033327e-01 1.158723779999999981e-01
7.091397050694159265e-01 1.163594424999999932e-01
7.105579844795547606e-01 1.157450737499999965e-01
7.119791004485138686e-01 1.160182487499999970e-01
7.134030586494108928e-01 1.161427362499999894e-01
7.148298647667097327e-01 1.156737140000000108e-01
7.162595244962430829e-01 1.134919812499999986e-01
7.176920435452356362e-01 1.071490852499999979e-01
7.191274276323260661e-01 1.058158922500000015e-01
7.205656824875906752e-01 1.023342000000000002e-01
7.220068138525659318e-01 1.153539960000000142e-01
7.234508274802710082e-01 1.117080450000000058e-01
7.248977291352315389e-01 1.079720173750000067e-01
7.263475245935020475e-01 1.108795337499999950e-01
7.278002196426889281e-01 9.665612188749998779e-02
7.292558200819743153e-01 1.117205960000000053e-01
7.307143317221382883e-01 1.048415172499999881e-01
7.321757603855825192e-01 1.117302375000000098e-01
7.336401119063536980e-01 1.125510687499999968e-01
7.351073921301664038e-01 1.142827430000000061e-01
7.365776069144267524e-01 1.162274887500000103e-01
7.380507621282555997e-01 1.162935962499999920e-01
7.395268636525120787e-01 1.156386899999999884e-01
7.410059173798171361e-01 1.165219300000000097e-01
7.424879292145767362e-01 1.165207230000000205e-01
7.439729050730057303e-01 1.153042375000000036e-01
7.454608508831517266e-01 1.158422600000000025e-01
7.469517725849180723e-01 1.164039862500000078e-01
7.484456761300879446e-01 1.163596825000000057e-01
7.499425674823481103e-01 1.161930259999999909e-01
7.514424526173126839e-01 1.164188262499999960e-01
7.529453375225474421e-01 1.164561337499999960e-01
7.544512281975925827e-01 1.165801674999999982e-01
7.559601306539878163e-01 1.166312050000000017e-01
7.574720509152956804e-01 1.166609069999999942e-01
7.589869950171262980e-01 1.118706662499999865e-01
7.605049690071605806e-01 6.212197587499999896e-02
7.620259789451748755e-01 5.356987287500000056e-02
7.635500309030651689e-01 7.470413837499999266e-02
7.650771309648712881e-01 9.641584199999998772e-02
7.666072852268009941e-01 9.984057862500000935e-02
7.681404997972545168e-01 1.093177050000000011e-01
7.696767807968490915e-01 1.161109649999999827e-01
7.712161343584428286e-01 1.165526337499999954e-01
7.727585666271596931e-01 1.165132110000000054e-01
7.743040837604140414e-01 1.161936312499999985e-01
7.758526919279349343e-01 1.163769350000000008e-01
7.774043973117907846e-01 1.162635375000000137e-01
7.789592061064143369e-01 1.161493937499999962e-01
7.805171245186270923e-01 1.160172720000000046e-01
7.820781587676643998e-01 1.161404650000000122e-01
7.836423150851996589e-01 1.161273000000000027e-01
7.852095997153700768e-01 1.161824487500000141e-01
7.867800189148008716e-01 1.155475869999999933e-01
7.883535789526303628e-01 1.161886174999999938e-01
7.899302861105357287e-01 1.136211849999999995e-01
7.915101466827567656e-01 1.158169662500000002e-01
7.930931669761223102e-01 1.163282500000000080e-01
7.946793533100744433e-01 1.164402489999999957e-01
7.962687120166946908e-01 1.147701899999999942e-01
7.978612494407281153e-01 1.156001274999999967e-01
7.994569719396096286e-01 1.152879725000000022e-01
8.010558858834887497e-01 1.156063425000000006e-01
8.026579976552556950e-01 1.110102406000000042e-01
8.042633136505661362e-01 1.141080200000000044e-01
8.058718402778672907e-01 1.159971850000000027e-01
8.074835839584230124e-01 1.158240662500000101e-01
8.090985511263398822e-01 1.156047987500000013e-01
8.107167482285926319e-01 1.151951110000000028e-01
8.123381817250497905e-01 1.155533887500000134e-01
8.139628580884998854e-01 1.104093150000000079e-01
8.155907838046769776e-01 1.132211537499999837e-01
8.172219653722863075e-01 1.131684112500000033e-01
8.188564093030309410e-01 9.829132791000000369e-02
8.204941221216369707e-01 1.069967457500000108e-01
8.221351103658802728e-01 1.126670762499999978e-01
8.237793805866120422e-01 1.130906637500000006e-01
8.254269393477852157e-01 9.720937061250001232e-02
8.270777932264807841e-01 1.122849659999999999e-01
8.287319488129337719e-01 1.046725213749999939e-01
8.303894127105596601e-01 1.137314750000000124e-01
8.320501915359808098e-01 1.138637774999999991e-01
8.337142919190527746e-01 1.134967537499999984e-01
8.353817205028908344e-01 1.155260290000000023e-01
8.370524839438966413e-01 1.154010687500000160e-01
8.387265889117843098e-01 1.157854950000000160e-01
8.404040420896079500e-01 1.153829512499999904e-01
8.420848501737872027e-01 1.158337887499999996e-01
8.437690198741347736e-01 1.156031099999999950e-01
8.454565579138830778e-01 1.161381549999999929e-01
8.471474710297107746e-01 1.161166387500000008e-01
8.488417659717701902e-01 1.159730687500000051e-01
8.505394495037137403e-01 1.157784949999999952e-01
8.522405284027212424e-01 1.150973737499999955e-01
8.539450094595266716e-01 1.154833675000000032e-01
8.556528994784455833e-01 1.157399900000000148e-01
8.573642052774025357e-01 1.158671262499999938e-01
8.590789336879574023e-01 1.158987759999999950e-01
8.607970915553332381e-01 1.159893437500000013e-01
8.625186857384439243e-01 1.160033812499999956e-01
8.642437231099207029e-01 1.160783700000000002e-01
8.659722105561405980e-01 1.160582399999999931e-01
8.677041549772528395e-01 1.160618370000000010e-01
8.694395632872073953e-01 1.160180512500000038e-01
8.711784424137818394e-01 1.159340875000000048e-01
8.729207992986094400e-01 1.160718649999999963e-01
8.746666408972065820e-01 1.160892749999999918e-01
8.764159741790010782e-01 1.160762180000000088e-01
8.781688061273591472e-01 1.161489250000000001e-01
8.799251437396138353e-01 1.156891849999999999e-01
8.816849940270929942e-01 1.148055237499999992e-01
8.834483640151471473e-01 1.155690000000000051e-01
8.852152607431775788e-01 1.156872709999999943e-01
8.869856912646638669e-01 1.152190487500000110e-01
8.887596626471931938e-01 1.153151587499999936e-01
8.905371819724876570e-01 1.156458525000000070e-01
8.923182563364325803e-01 1.153762637499999855e-01
8.941028928491054906e-01 1.051304222999999982e-01
8.958910986348036509e-01 1.127734787500000030e-01
8.976828808320732600e-01 1.104823262499999986e-01
8.994782465937374294e-01 1.110288087499999993e-01
9.012772030869248274e-01 1.126035299999999933e-01
9.030797574930986560e-01 1.128608610000000068e-01
9.048859170080848502e-01 1.143561037499999933e-01
9.066956888421009442e-01 1.126121987499999894e-01
9.085090802197851589e-01 1.098863378749999897e-01
9.103260983802247130e-01 9.707459520000000230e-02
9.121467505769851325e-01 1.085760273749999949e-01
9.139710440781392276e-01 1.043299050000000006e-01
9.157989861662954034e-01 9.153284970125000197e-02
9.176305841386280804e-01 1.061014333749999983e-01
9.194658453069053383e-01 1.114488829999999986e-01
9.213047769975191148e-01 1.087096706250000044e-01
9.231473865515140709e-01 1.147590549999999987e-01
9.249936813246171230e-01 1.045286510000000141e-01
9.268436686872664199e-01 1.126653550000000087e-01
9.286973560246409853e-01 1.020682145999999985e-01
9.305547507366902504e-01 1.052727818749999988e-01
9.324158602381635852e-01 9.746848925000001218e-02
9.342806919586399417e-01 8.876549535000000102e-02
9.361492533425572748e-01 1.025197576249999853e-01
9.380215518492422966e-01 5.489562661600000393e-02
9.398975949529408958e-01 9.635806150000000847e-02
9.417773901428466710e-01 8.120646582499999044e-02
9.436609449231323499e-01 7.021917910874998781e-02
9.455482668129786550e-01 9.419880396249999399e-02
9.474393633466045017e-01 1.011818405999999892e-01
9.493342420732977516e-01 7.764902205000000224e-02
9.512329105574443000e-01 9.255859182500000837e-02
9.531353763785591626e-01 1.033815737499999970e-01
9.550416471313163402e-01 7.768492022499998151e-02
9.569517304255790169e-01 8.172481446999999011e-02
9.588656338864300910e-01 9.616382325000000231e-02
9.607833651542030395e-01 1.054096762500000006e-01
9.627049318845114501e-01 9.826805749999997786e-02
9.646303417482804399e-01 1.088164012500000138e-01
9.665596024317769652e-01 1.040202050000000045e-01
9.684927216366405744e-01 1.040631496250000038e-01
9.704297070799138281e-01 1.078295024999999935e-01
9.723705664940736071e-01 1.113794474999999923e-01
9.743153076270618662e-01 1.044742803900000072e-01
9.762639382423159429e-01 1.050932760000000132e-01
9.782164661188006427e-01 1.071735988749999979e-01
9.801728990510382156e-01 1.117738199999999960e-01
9.821332448491403300e-01 1.123186024999999894e-01
9.840975113388386042e-01 1.138262590000000130e-01
9.860657063615162476e-01 1.123327774999999945e-01
9.880378377742392582e-01 1.141771937499999889e-01
9.900139134497877302e-01 1.130946724999999931e-01
9.919939412766873854e-01 1.130080837499999880e-01
9.939779291592407695e-01 1.143675910000000046e-01
9.959658850175592271e-01 1.145626687499999991e-01
9.979578167875942096e-01 1.146856987499999952e-01
9.999537324211694722e-01 1.146047662500000175e-01
1.001953639886011826e+00 1.144988475000000006e-01
1.003957547165783781e+00 1.136583849999999868e-01
1.005965462260115295e+00 1.147539012499999983e-01
1.007977393184635417e+00 1.147608537499999887e-01
1.009993347971004818e+00 1.144196125000000036e-01
1.012013334666946873e+00 1.148140412499999985e-01
1.014037361336280751e+00 1.148993720000000135e-01
1.016065436058953164e+00 1.149935412499999976e-01
1.018097566931071229e+00 1.150805200000000056e-01
1.020133762064933336e+00 1.138468549999999968e-01
1.022174029589063338e+00 1.148008650000000019e-01
1.024218377648241418e+00 1.153029169999999909e-01
1.026266814403537841e+00 1.153866549999999908e-01
1.028319348032344926e+00 1.152718199999999971e-01
1.030375986728409687e+00 1.154026437499999919e-01
1.032436738701866474e+00 1.154804062500000006e-01
1.034501612179270502e+00 1.155352210000000074e-01
1.036570615403628937e+00 1.155708349999999829e-01
1.038643756634436199e+00 1.155643075000000047e-01
1.040721044147705054e+00 1.155225937499999855e-01
1.042802486236000359e+00 1.155115275000000025e-01
1.044888091208472591e+00 1.155298550000000146e-01
1.046977867390889383e+00 1.155291175000000004e-01
1.049071823125671266e+00 1.155215587500000030e-01
1.051169966771922537e+00 1.155486587500000190e-01
1.053272306705466566e+00 1.155641290000000015e-01
1.055378851318877320e+00 1.155150500000000080e-01
1.057489609021515342e+00 1.154584674999999949e-01
1.059604588239558165e+00 1.153512674999999932e-01
1.061723797416037396e+00 1.153573925000000028e-01
1.063847245010869358e+00 1.153569439999999890e-01
1.065974939500891061e+00 1.138417662500000038e-01
1.068106889379893065e+00 1.153406612500000039e-01
1.070243103158652787e+00 1.151012399999999936e-01
1.072383589364970025e+00 1.155348862499999824e-01
1.074528356543700047e+00 1.156014040000000048e-01
1.076677413256787563e+00 1.154570199999999935e-01
1.078830768083300917e+00 1.157388262499999959e-01
1.080988429619467617e+00 1.151357699999999984e-01
1.083150406478706529e+00 1.157574350000000057e-01
1.085316707291664073e+00 1.136919410000000047e-01
1.087487340706247529e+00 1.157627324999999929e-01
1.089662315387660119e+00 1.149929362500000107e-01
1.091841640018435422e+00 1.125461462499999926e-01
1.094025323298472241e+00 1.153454437499999985e-01
1.096213373945069236e+00 1.149560460000000062e-01
1.098405800692959566e+00 1.149116087500000188e-01
1.100602612294345528e+00 1.138578274999999945e-01
1.102803817518934082e+00 1.109770537499999987e-01
1.105009425153971936e+00 1.117315662499999973e-01
1.107219444004279962e+00 1.069546620000000059e-01
1.109433882892288503e+00 9.953725265000000488e-02
1.111652750658073119e+00 1.097967590000000077e-01
1.113876056159389227e+00 9.316633953625000353e-02
1.116103808271708075e+00 7.330883181662499470e-02
1.118336015888251378e+00 9.034781261999999535e-02
1.120572687920027732e+00 7.252437046121250341e-02
1.122813833295867925e+00 7.208834091249999299e-02
1.125059460962459568e+00 8.128737712124999015e-02
1.127309579884384405e+00 5.737016772800000719e-02
1.129564199044153394e+00 8.331022563749999887e-02
1.131823327442241567e+00 1.063750112499999984e-01
1.134086974097126221e+00 5.154100016924999944e-02
1.136355148045320451e+00 9.528209729999999322e-02
1.138627858341410892e+00 9.855382290000000434e-02
1.140905114058093694e+00 9.487042028750000688e-02
1.143186924286210049e+00 9.991437300000001465e-02
1.145473298134782603e+00 1.009920193749999917e-01
1.147764244731052097e+00 9.415771058749999867e-02
1.150059773220514225e+00 9.627995071000000626e-02
1.152359892766955163e+00 9.545496212500000077e-02
1.154664612552489089e+00 8.197700734624999153e-02
1.156973941777594161e+00 1.001171751249999853e-01
1.159287889661149373e+00 1.085067550000000103e-01
1.161606465440471636e+00 1.077432929999999900e-01
1.163929678371352416e+00 8.215393273375000416e-02
1.166257537728095262e+00 1.075639600000000140e-01
1.168590052803551327e+00 1.044139781249999871e-01
1.170927232909158455e+00 1.056588522500000044e-01
1.173269087374976705e+00 1.101935950000000053e-01
1.175615625549726762e+00 1.089086562499999855e-01
1.177966856800826134e+00 1.057456439999999998e-01
1.180322790514427789e+00 1.119905150000000127e-01
1.182683436095456564e+00 1.024598935624999874e-01
1.185048802967647585e+00 1.056499555999999979e-01
1.187418900573582903e+00 1.039393704999999890e-01
1.189793738374729903e+00 1.108089725000000053e-01
1.192173325851479504e+00 1.102796949999999970e-01
1.194557672503182344e+00 1.032459711250000023e-01
1.196946787848188531e+00 1.026133251999999801e-01
1.199340681423884947e+00 1.044625978750000073e-01
1.201739362786732546e+00 1.069306224999999888e-01
1.204142841512306106e+00 1.011827041125000076e-01
1.206551127195330864e+00 1.111817237500000166e-01
1.208964229449721373e+00 1.118324460000000020e-01
1.211382157908620805e+00 1.100836937500000029e-01
1.213804922224438254e+00 1.110345987500000048e-01
1.216232532068886929e+00 1.113952950000000053e-01
1.218664997133024785e+00 1.106122019999999928e-01
1.221102327127290721e+00 1.022068600000000105e-01
1.223544531781545430e+00 1.102349737500000065e-01
1.225991620845108487e+00 1.125282050000000061e-01
1.228443604086798757e+00 1.125483512500000116e-01
1.230900491294972365e+00 1.121331349999999949e-01
1.233362292277562222e+00 1.123687862500000051e-01
1.235829016862117324e+00 1.129604287500000082e-01
1.238300674895841613e+00 1.130023212499999957e-01
1.240777276245633054e+00 1.129475875000000018e-01
1.243258830798124492e+00 1.130948070000000055e-01
1.245745348459720736e+00 1.130913162499999902e-01
1.248236839156640077e+00 1.130356287500000056e-01
1.250733312834953370e+00 1.130439687500000012e-01
1.253234779460623338e+00 1.129419137499999976e-01
1.255741249019544536e+00 1.127773469999999861e-01
1.258252731517583545e+00 1.126040012499999882e-01
1.260769236980618713e+00 1.108181550000000015e-01
1.263290775454580128e+00 1.110592262500000038e-01
1.265817357005489141e+00 1.092439500000000063e-01
1.268348991719500107e+00 7.875872292499999650e-02
1.270885689702939025e+00 9.832676800000000883e-02
1.273427461082345058e+00 1.104783587500000053e-01
1.275974316004509834e+00 1.125121937499999891e-01
1.278526264636518750e+00 1.123481250000000070e-01
1.281083317165791824e+00 1.112461309999999842e-01
1.283645483800123444e+00 1.130932787499999981e-01
1.286212774767723666e+00 1.131319875000000030e-01
1.288785200317259072e+00 1.127966174999999877e-01
1.291362770717893405e+00 1.126434424999999961e-01
1.293945496259329087e+00 1.120019660000000083e-01
1.296533387251847858e+00 1.098227862499999985e-01
1.299126454026351407e+00 1.117216925000000111e-01
1.301724706934404230e+00 1.083758905000000022e-01
1.304328156348272927e+00 1.107642450000000112e-01
1.306936812660969505e+00 9.782686821249998721e-02
1.309550686286291565e+00 9.905051702500000665e-02
1.312169787658864273e+00 1.099951975000000026e-01
1.314794127234181875e+00 7.992227624437499289e-02
1.317423715488650338e+00 1.059978360999999925e-01
1.320058562919627532e+00 1.009231606874999992e-01
1.322698680045466757e+00 1.044764087499999855e-01
1.325344077405557819e+00 1.039005427500000051e-01
1.327994765560368773e+00 9.807061532499999901e-02
1.330650755091489668e+00 8.282415326999999217e-02
1.333312056601672513e+00 8.308225020624999957e-02
1.335978680714875910e+00 9.964346400000000104e-02
1.338650638076305466e+00 1.003900738750000132e-01
1.341327939352458198e+00 9.330558996250000459e-02
1.344010595231163174e+00 6.996124292159999758e-02
1.346698616421625472e+00 5.332336147249999714e-02
1.349392013654468592e+00 4.641244780075000353e-02
1.352090797681777534e+00 7.327375322499998789e-02
1.354794979277141209e+00 5.162806104375000649e-02
1.357504569235695513e+00 5.052371627200000215e-02
1.360219578374167071e+00 3.883641690174999966e-02
1.362940017530915426e+00 4.382451238124999982e-02
1.365665897565977005e+00 4.792862157499999665e-02
1.368397229361109080e+00 2.332265496750000194e-02
1.371134023819831294e+00 2.231779816020000237e-02
1.373876291867470956e+00 3.250261116116250071e-02
1.376624044451205897e+00 5.064592465181249475e-02
1.379377292540108435e+00 3.739621774874999499e-02
1.382136047125188671e+00 3.323796593750000250e-02
1.384900319219438902e+00 4.058792951299999840e-02
1.387670119857877804e+00 4.856116036042500139e-02
1.390445460097593511e+00 5.893851373875000355e-02
1.393226351017788911e+00 4.296553019625000414e-02
1.396012803719824280e+00 3.514904175400000719e-02
1.398804829327263910e+00 2.753972620025000109e-02
1.401602438985918520e+00 2.679425766112500037e-02
1.404405643863890329e+00 3.822910889375000232e-02
1.407214455151617916e+00 3.753030529212499772e-02
1.410028884061921284e+00 4.553866697700000715e-02
1.412848941830045169e+00 3.715673337554999817e-02
1.415674639713705218e+00 3.262664527543750193e-02
1.418505988993132627e+00 3.267597061999999442e-02
1.421343000971118986e+00 4.493388122499999970e-02
1.424185686973061138e+00 4.197757275999999121e-02
1.427034058347007139e+00 4.273315480650000109e-02
1.429888126463701337e+00 4.663514883375000086e-02
1.432747902716628552e+00 2.597716599039999463e-02
1.435613398522062045e+00 3.865051996000000434e-02
1.438484625319106147e+00 3.853576731100000208e-02
1.441361594569744220e+00 4.544297388749999472e-02
1.444244317758883733e+00 5.040251499625000159e-02
1.447132806394401561e+00 4.952065050000000607e-02
1.450027072007190387e+00 4.165794099999999694e-02
1.452927126151204895e+00 4.179626601699999722e-02
1.455832980403507282e+00 4.702784654000000120e-02
1.458744646364314335e+00 4.402004225375000246e-02
1.461662135657042949e+00 4.359210392124999306e-02
1.464585459928356981e+00 4.544486702499999503e-02
1.467514630848213653e+00 5.116103807199999520e-02
1.470449660109910184e+00 4.307672461249999890e-02
1.473390559430129976e+00 3.925240986625000428e-02
1.476337340548990129e+00 5.614846931249999756e-02
1.479290015230088073e+00 5.072262825249999885e-02
1.482248595260548196e+00 5.807705529000000561e-02
1.485213092451069361e+00 6.028200398749999911e-02
1.488183518635971314e+00 6.335099262499999107e-02
1.491159885673243313e+00 5.923216370375000012e-02
1.494142205444589644e+00 6.172742880374999797e-02
1.497130489855478697e+00 7.153016199999999436e-02
1.500124750835189813e+00 7.191886362499999574e-02
1.503125000336860140e+00 6.969022031249999527e-02
1.506131250337534144e+00 7.663357625000000173e-02
1.509143512838209134e+00 7.775381499999999002e-02
1.512161799863885658e+00 7.464739200000000685e-02
1.515186123463613477e+00 7.842934299999999859e-02
1.518216495710540626e+00 8.197084875000000548e-02
1.521252928701961604e+00 8.280006750000000471e-02
1.524295434559365781e+00 8.239905399999999935e-02
1.527344025428484464e+00 8.434654125000000391e-02
1.530398713479341533e+00 8.596274249999999451e-02
1.533459510906300283e+00 8.565173624999999902e-02
1.536526429928112947e+00 8.709924125000000072e-02
1.539599482787969098e+00 8.688959200000000160e-02
1.542678681753545167e+00 8.849538625000000214e-02
1.545764039117052402e+00 8.921410500000001575e-02
1.548855567195286387e+00 9.009107750000000525e-02
1.551953278329677000e+00 9.027229624999999480e-02
1.555057184886336374e+00 9.132207599999998815e-02
1.558167299256108862e+00 9.185096249999999407e-02
1.561283633854621211e+00 9.245697750000000936e-02
1.564406201122330309e+00 9.302297374999998758e-02
1.567535013524575138e+00 9.294742624999999259e-02
1.570670083551624074e+00 8.815185620000000333e-02
1.573811423718727287e+00 8.597232624999999462e-02
1.576959046566164702e+00 8.983028124999999087e-02
1.580112964659297070e+00 9.409325999999999801e-02
1.583273190588615709e+00 9.541181875000000201e-02
1.586439736969792680e+00 9.450427000000000133e-02
1.589612616443732307e+00 9.624824000000001267e-02
1.592791841676620024e+00 9.556962625000001155e-02
1.595977425359973001e+00 9.709805749999998736e-02
1.599169380210692992e+00 9.688510375000000674e-02
1.602367718971114297e+00 9.341032200000000396e-02
1.605572454409056604e+00 9.537017624999999388e-02
1.608783599317874735e+00 9.661732375000001150e-02
1.612001166516510375e+00 9.772068000000000421e-02
1.615225168849543369e+00 9.921669299999999470e-02
1.618455619187242345e+00 9.957937249999999907e-02
1.621692530425617118e+00 9.991109624999999772e-02
1.624935915486468208e+00 9.996214375000000985e-02
1.628185787317441235e+00 1.004097762499999991e-01
1.631442158892076222e+00 9.907516299999999387e-02
1.634705043209860431e+00 1.001669250000000039e-01
1.637974453296279886e+00 9.888769499999999768e-02
1.641250402202872660e+00 9.609590875000000032e-02
1.644532903007278390e+00 9.677697374999999491e-02
1.647821968813293125e+00 1.004595120000000008e-01
1.651117612750919506e+00 8.922824375000000530e-02
1.654419847976421387e+00 9.993778625000000748e-02
1.657728687672374246e+00 1.010973862500000042e-01
1.661044145047719134e+00 1.018111799999999872e-01
1.664366233337814638e+00 9.275820570000001264e-02
1.667694965804490170e+00 1.014981737499999898e-01
1.671030355736099260e+00 1.021765525000000036e-01
1.674372416447571510e+00 9.882703125000000255e-02
1.677721161280466333e+00 1.017056125000000144e-01
1.681076603603027353e+00 1.016516839999999922e-01
1.684438756810233473e+00 1.020899787500000044e-01
1.687807634323853945e+00 1.019335324999999931e-01
1.691183249592501658e+00 9.882745125000000352e-02
1.694565616091686655e+00 1.020730762500000055e-01
1.697954747323870084e+00 1.015032650000000092e-01
1.701350656818517715e+00 9.988865374999998659e-02
1.704753358132154784e+00 1.003112887500000050e-01
1.708162864848419282e+00 9.810144249999999677e-02
1.711579190578115917e+00 1.012042487499999893e-01
1.715002348959272283e+00 1.003939549999999931e-01
1.718432353657190825e+00 9.869302124999999870e-02
1.721869218364505016e+00 9.453953037499999990e-02
1.725312956801233977e+00 9.929098374999999199e-02
1.728763582714836655e+00 9.478203249999998803e-02
1.732221109880266230e+00 9.833196599999999288e-02
1.735685552100026730e+00 9.805104249999999078e-02
1.739156923204226768e+00 9.788270125000000932e-02
1.742635237050635277e+00 9.433205749999999667e-02
1.746120507524736576e+00 9.298871449999999983e-02
1.749612748539786100e+00 9.737444750000000260e-02
1.753111974036865472e+00 9.705744500000000607e-02
1.756618197984939123e+00 9.388510250000001167e-02
1.760131434380908910e+00 9.565849750000000873e-02
1.763651697249670747e+00 9.368842900000000362e-02
1.767179000644169884e+00 9.261794800000000549e-02
1.770713358645458202e+00 9.419815875000001060e-02
1.774254785362749054e+00 9.032636725000001143e-02
1.777803294933474554e+00 6.781205052625000063e-02
1.781358901523341753e+00 8.926902775999999429e-02
1.784921619326388376e+00 7.606423651875000858e-02
1.788491462565041212e+00 9.098349062499999640e-02
1.792068445490171413e+00 7.941089399999999576e-02
1.795652582381151552e+00 8.632639462499999694e-02
1.799243887545913800e+00 7.803322337000001552e-02
1.802842375321005663e+00 7.310941144124999402e-02
1.806448060071647710e+00 7.312085468750000039e-02
1.810060956191791082e+00 5.536029612000000627e-02
1.813681078104174560e+00 4.763107960549999714e-02
1.817308440260382962e+00 4.336685003607999855e-02
1.820943057140903765e+00 3.418871240099999320e-02
1.824584943255185721e+00 7.079120771124999822e-02
1.828234113141696149e+00 6.365922428375000997e-02
1.831890581367979554e+00 2.873103267737499994e-02
1.835554362530715355e+00 4.117771553499999931e-02
1.839225471255776734e+00 3.327613091612500323e-02
1.842903922198288136e+00 2.929973266362500064e-02
1.846589730042684785e+00 3.957908887625000149e-02
1.850282909502769968e+00 3.189444552199999922e-02
1.853983475321775654e+00 3.736787889142999947e-02
1.857691442272419113e+00 3.404588050237499636e-02
1.861406825156963984e+00 2.866862171186250127e-02
1.865129638807277779e+00 3.144231557072500044e-02
1.868859898084892279e+00 1.741775710899999899e-02
1.872597617881062160e+00 1.879170927874999897e-02
1.876342813116824271e+00 2.486505953899999927e-02
1.880095498743057814e+00 2.549428475537500113e-02
1.883855689740544070e+00 2.831166186087499814e-02
1.887623401120025246e+00 2.873806429899999904e-02
1.891398647922265308e+00 1.206773276462499989e-02
1.895181445218109717e+00 1.953794099687500285e-02
1.898971808108545822e+00 1.793468260874999873e-02
1.902769751724763037e+00 2.028118700312499939e-02
1.906575291228212565e+00 1.699902571032100088e-02
1.910388441810669136e+00 2.083116951250000431e-02
1.914209218694290282e+00 1.604121273499999750e-02
1.918037637131678963e+00 2.148741992624999750e-02
1.921873712405942403e+00 1.850766851249999873e-02
1.925717459830754041e+00 1.783713096369999793e-02
1.929568894750415708e+00 1.002966066366250096e-02
1.933428032539916241e+00 1.791077109249999619e-02
1.937294888604996324e+00 1.893781054375000272e-02
1.941169478382206215e+00 2.157529249125000187e-02
1.945051817338970590e+00 2.045071221000000286e-02
1.948941920973648489e+00 2.145564937500000005e-02
1.952839804815595715e+00 1.921429675000000184e-02
1.956745484425226778e+00 1.245362194412500019e-02
1.960658975394077297e+00 2.074641741499999928e-02
1.964580293344865503e+00 1.922388489949999890e-02
1.968509453931555075e+00 1.296411609249999847e-02
1.972446472839417986e+00 2.666466644875000250e-02
1.976391365785096887e+00 3.222865775000000044e-02
1.980344148516667069e+00 3.032855877000000325e-02
1.984304836813700401e+00 3.406777429999999218e-02
1.988273446487327956e+00 3.307814871249999816e-02
1.992249993380302620e+00 3.786633225000000241e-02
1.996234493367063045e+00 3.490560787500000123e-02
2.000226962353797155e+00 2.393792238599999969e-02
