2.002000000000000168e-01 1.898995200000000091e-02
2.006004000000000120e-01 2.593581249999999880e-02
2.010016008000000132e-01 2.000447249999999857e-02
2.014036040016000118e-01 2.799446250000000094e-02
2.018064112096032425e-01 2.736226200000000525e-02
2.022100240320224285e-01 2.989747750000000190e-02
2.026144440800864976e-01 3.150333000000000300e-02
2.030196729682466894e-01 3.079089000000000131e-02
2.034257123141831602e-01 2.993353499999999723e-02
2.038325637388115341e-01 2.899960800000000311e-02
2.042402288662891752e-01 2.810500250000000019e-02
2.046487093240217381e-01 2.734278000000000056e-02
2.050580067426697739e-01 2.673825499999999897e-02
2.054681227561551138e-01 2.661607749999999814e-02
2.058790590016674471e-01 2.650496400000000238e-02
2.062908171196707885e-01 2.627940000000000137e-02
2.067033987539101392e-01 2.603364000000000372e-02
2.071168055514179263e-01 2.582611750000000234e-02
2.075310391625207751e-01 2.566586499999999604e-02
2.079461012408458098e-01 2.546446800000000052e-02
2.083619934433275089e-01 2.525610250000000223e-02
2.087787174302141446e-01 2.507022000000000070e-02
2.091962748650745829e-01 2.488079250000000200e-02
2.096146674148047229e-01 2.465896750000000359e-02
2.100338967496343523e-01 2.438215399999999963e-02
2.104539645431336148e-01 2.419329250000000139e-02
2.108748724722198931e-01 2.403631999999999991e-02
2.112966222171643316e-01 2.382502249999999752e-02
2.117192154615986643e-01 2.357555750000000019e-02
2.121426538925218486e-01 2.321950799999999981e-02
2.125669392003068925e-01 2.284135999999999805e-02
2.129920730787074890e-01 2.251133500000000037e-02
2.134180572248648988e-01 2.219372750000000311e-02
2.138448933393146401e-01 2.187970749999999798e-02
2.142725831259932878e-01 2.144221200000000216e-02
2.147011282922452469e-01 2.097488499999999867e-02
2.151305305488297459e-01 2.060184500000000057e-02
2.155607916099274157e-01 2.029755000000000101e-02
2.159919131931472558e-01 1.996020999999999906e-02
2.164238970195335454e-01 1.956426749999999951e-02
2.168567448135726161e-01 1.917783250000000203e-02
2.172904583031997627e-01 1.881603750000000047e-02
2.177250392198061546e-01 1.846981749999999922e-02
2.181604892982457744e-01 1.808674800000000318e-02
2.185968102768422461e-01 1.769389500000000115e-02
2.190340038973959125e-01 1.728741500000000042e-02
2.194720719051907187e-01 1.685919749999999911e-02
2.199110160490010957e-01 1.644327249999999810e-02
2.203508380810991207e-01 1.600175399999999998e-02
2.207915397572613181e-01 1.557910499999999934e-02
2.212331228367758196e-01 1.516367749999999841e-02
2.216755890824493869e-01 1.472763250000000065e-02
2.221189402606142949e-01 1.431320250000000030e-02
2.225631781411355203e-01 1.387844799999999809e-02
2.230083044974177642e-01 1.346364250000000110e-02
2.234543211064126123e-01 1.310993499999999964e-02
2.239012297486254466e-01 1.273008249999999994e-02
2.243490322081226895e-01 1.235925750000000170e-02
2.247977302725389648e-01 1.196092600000000020e-02
2.252473257330840362e-01 1.158473749999999920e-02
2.256978203845501907e-01 1.126763750000000022e-02
2.261492160253192885e-01 1.094726499999999943e-02
2.266015144573699513e-01 1.061078749999999973e-02
2.270547174862846962e-01 1.024865999999999971e-02
2.275088269212572623e-01 9.899429000000001255e-03
2.279638445750997722e-01 9.601723249999999377e-03
2.284197722642499762e-01 9.304078749999999953e-03
2.288766118087784962e-01 8.992877749999999420e-03
2.293343650323960425e-01 8.653370800000000779e-03
2.297930337624608521e-01 8.336943999999998911e-03
2.302526198299857663e-01 8.104110500000000911e-03
2.307131250696457525e-01 7.859863249999999787e-03
2.311745513197850377e-01 7.601740249999999928e-03
2.316369004224245742e-01 7.355188399999999620e-03
2.321001742232694509e-01 7.125628749999999775e-03
2.325643745717159705e-01 6.880661999999999195e-03
2.330295033208594213e-01 6.658310250000000485e-03
2.334955623275011272e-01 6.453454200000000029e-03
2.339625534521561634e-01 6.256419499999999780e-03
2.344304785590604623e-01 6.048528249999999933e-03
2.348993395161785847e-01 5.852817499999999479e-03
2.353691381952109363e-01 5.728135250000000386e-03
2.358398764716013452e-01 5.532267199999999635e-03
2.363115562245445278e-01 5.327134250000000598e-03
2.367841793369936387e-01 5.196796000000000054e-03
2.372577476956675979e-01 5.040561500000000431e-03
2.377322631910589457e-01 4.905226250000000246e-03
2.382077277174410590e-01 4.744044799999999618e-03
2.386841431728759511e-01 4.608218500000000467e-03
2.391615114592217095e-01 4.498420250000000238e-03
2.396398344821401571e-01 4.337906499999999617e-03
2.401191141511044291e-01 4.211896499999999433e-03
2.405993523794066058e-01 4.133168799999999837e-03
2.410805510841654287e-01 4.010990750000000341e-03
2.415627121863337390e-01 3.890710999999999822e-03
2.420458376107064158e-01 3.808726000000000125e-03
2.425299292859278144e-01 3.746853999999999983e-03
2.430149891444997046e-01 3.663589400000000218e-03
2.435010191227887089e-01 3.557814250000000157e-03
2.439880211610342686e-01 3.480662500000000423e-03
2.444759972033563322e-01 3.439549750000000117e-03
2.449649491977630433e-01 3.385354750000000180e-03
2.454548790961585680e-01 3.254543599999999703e-03
2.459457888543508663e-01 3.174812500000000551e-03
2.464376804320595749e-01 3.143809999999999921e-03
2.469305557929236949e-01 3.097169749999999916e-03
2.474244169045095587e-01 3.014167500000000059e-03
2.479192657383185727e-01 2.954229399999999759e-03
2.484151042697951839e-01 2.916278999999999920e-03
2.489119344783347898e-01 2.825470749999999670e-03
2.494097583472914548e-01 2.782447500000000129e-03
2.499085778639860422e-01 2.735365000000000019e-03
2.504083950197140140e-01 2.719487999999999940e-03
2.509092118097534518e-01 2.701363499999999765e-03
2.514110302333729119e-01 2.636626499999999724e-03
2.519138522938396685e-01 2.560008250000000204e-03
2.524176799984273467e-01 2.563604799999999982e-03
2.529225153584241936e-01 2.549991250000000018e-03
2.534283603891410719e-01 2.505221250000000052e-03
2.539352171099192867e-01 2.466413499999999936e-03
2.544430875441391349e-01 2.468662249999999808e-03
2.549519737192273983e-01 2.435528000000000172e-03
2.554618776666658375e-01 2.370590499999999847e-03
2.559728014219991854e-01 2.382501249999999845e-03
2.564847470248432515e-01 2.407443750000000035e-03
2.569977165188929158e-01 2.393493249999999878e-03
2.575117119519306774e-01 2.375128800000000061e-03
2.580267353758345372e-01 2.366091749999999893e-03
2.585427888465862134e-01 2.299469250000000034e-03
2.590598744242793572e-01 2.287868250000000062e-03
2.595779941731279905e-01 2.366383500000000285e-03
2.600971501614742221e-01 2.372096600000000392e-03
2.606173444617971846e-01 2.295648249999999828e-03
2.611385791507207510e-01 2.326315750000000279e-03
2.616608563090221939e-01 2.372841000000000099e-03
2.621841780216402351e-01 2.350128500000000110e-03
2.627085463776834828e-01 2.339907000000000011e-03
2.632339634704388698e-01 2.419736750000000061e-03
2.637604313973797576e-01 2.428916499999999885e-03
2.642879522601745412e-01 2.385722249999999711e-03
2.648165281646948088e-01 2.401726749999999900e-03
2.653461612210242238e-01 2.451961200000000399e-03
2.658768535434662961e-01 2.448824750000000092e-03
2.664086072505532643e-01 2.496577250000000126e-03
2.669414244650543111e-01 2.566794749999999885e-03
2.674753073139844450e-01 2.568349799999999992e-03
2.680102579286124387e-01 2.583905749999999661e-03
2.685462784444696549e-01 2.674170999999999493e-03
2.690833710013585955e-01 2.739243499999999883e-03
2.696215377433612836e-01 2.713473500000000271e-03
2.701607808188479787e-01 2.755084199999999726e-03
2.707011023804857253e-01 2.863745750000000045e-03
2.712425045852466798e-01 2.918184500000000053e-03
2.717849895944172145e-01 2.941377750000000266e-03
2.723285595736060216e-01 3.005208250000000400e-03
2.728732166927532177e-01 3.092708999999999910e-03
2.734189631261387810e-01 3.175781499999999653e-03
2.739658010523910447e-01 3.309422000000000232e-03
2.745137326544958567e-01 3.407063749999999711e-03
2.750627601198047945e-01 3.423371000000000140e-03
2.756128856400444360e-01 3.564905799999999562e-03
2.761641114113245199e-01 3.670440249999999942e-03
2.767164396341471599e-01 3.784499500000000367e-03
2.772698725134154496e-01 3.867779499999999746e-03
2.778244122584422882e-01 4.003721999999999490e-03
2.783800610829592070e-01 4.176128199999999506e-03
2.789368212051250850e-01 4.345039250000000061e-03
2.794946948475353632e-01 4.491759499999999419e-03
2.800536842372304269e-01 4.621332249999999565e-03
2.806137916057048765e-01 4.884715000000000411e-03
2.811750191889162975e-01 5.069242399999999114e-03
2.817373692272941987e-01 5.429865499999999602e-03
2.823008439657487822e-01 5.592642499999999836e-03
2.828654456536803252e-01 5.812876999999999281e-03
2.834311765449876730e-01 5.879823499999999904e-03
2.839980388980776205e-01 6.298670200000000205e-03
2.845660349758737939e-01 6.659673499999999371e-03
2.851351670458255327e-01 6.994482500000000387e-03
2.857054373799171598e-01 7.347013249999999329e-03
2.862768482546770299e-01 7.600565749999999704e-03
2.868494019511863558e-01 8.029724400000000373e-03
2.874231007550887562e-01 8.439952500000000302e-03
2.879979469565989714e-01 9.098898500000000833e-03
2.885739428505121884e-01 9.568310999999999483e-03
2.891510907362132010e-01 1.011334879999999971e-02
2.897293929176856242e-01 1.076755000000000073e-02
2.903088517035209426e-01 1.126365500000000089e-02
2.908894694069280029e-01 1.180729499999999890e-02
2.914712483457418957e-01 1.261229749999999948e-02
2.920541908424333366e-01 1.360803799999999938e-02
2.926382992241182146e-01 1.425737499999999922e-02
2.932235758225664735e-01 1.514828999999999828e-02
2.938100229742116043e-01 1.629136249999999994e-02
2.943976430201600269e-01 1.706038749999999951e-02
2.949864383062003048e-01 1.815734800000000024e-02
2.955764111828127483e-01 1.970422000000000146e-02
2.961675640051783520e-01 2.103517000000000234e-02
2.967598991331887315e-01 2.211807500000000093e-02
2.973534189314551157e-01 2.363187749999999879e-02
2.979481257693180618e-01 2.558300200000000399e-02
2.985440220208566697e-01 2.718703000000000092e-02
2.991411100648984078e-01 2.873446500000000070e-02
2.997393922850282166e-01 3.104309250000000103e-02
3.003388710695982233e-01 3.264951250000000527e-02
3.009395488117374562e-01 3.501681799999999817e-02
3.015414279093609484e-01 3.795560250000000468e-02
3.021445107651796746e-01 3.954300499999999913e-02
3.027487997867099878e-01 4.230359499999999939e-02
3.033542973862833891e-01 4.558146250000000288e-02
3.039610059810559650e-01 4.766143399999998864e-02
3.045689279930180460e-01 5.070943249999999847e-02
3.051780658490040876e-01 5.525451999999999447e-02
3.057884219807021076e-01 5.810456499999999691e-02
3.063999988246635664e-01 5.993513250000000181e-02
3.070127988223129156e-01 6.482767599999998687e-02
3.076268244199575896e-01 7.070160500000000070e-02
3.082420780687974982e-01 7.279581749999999851e-02
3.088585622249351292e-01 7.539246250000000704e-02
3.094762793493849307e-01 8.191202399999999995e-02
3.100952319080837460e-01 8.756084000000000089e-02
3.107154223718998631e-01 9.129081999999999475e-02
3.113368532166437275e-01 9.394129249999999542e-02
3.119595269230769907e-01 1.017272900000000119e-01
3.125834459769231133e-01 1.103962999999999750e-01
3.132086128688770232e-01 1.136857750000000028e-01
3.138350300946147753e-01 1.149540999999999896e-01
3.144627001548039313e-01 1.274527000000000021e-01
3.150916255551135525e-01 1.335671250000000088e-01
3.157218088062238026e-01 1.318532800000000171e-01
3.163532524238362176e-01 1.450112000000000068e-01
3.169859589286838641e-01 1.499682250000000105e-01
3.176199308465412763e-01 1.480685499999999932e-01
3.182551707082343917e-01 1.580269499999999994e-01
3.188916810496508214e-01 1.737092799999999659e-01
3.195294644117501193e-01 1.674240250000000041e-01
3.201685233405736630e-01 1.672556500000000057e-01
3.208088603872547573e-01 1.863491750000000058e-01
3.214504781080292917e-01 1.974625999999999881e-01
3.220933790642453443e-01 1.855940799999999946e-01
3.227375658223737842e-01 1.840664999999999940e-01
3.233830409540185413e-01 2.058595500000000023e-01
3.240298070359265425e-01 2.170983750000000101e-01
3.246778666499984256e-01 2.072640749999999921e-01
3.253272223832984200e-01 2.010934400000000122e-01
3.259778768280650052e-01 2.163200500000000137e-01
3.266298325817211246e-01 2.291654499999999928e-01
3.272830922468845660e-01 2.242504750000000047e-01
3.279376584313783427e-01 2.130788499999999863e-01
3.285935337482410734e-01 2.218811599999999939e-01
3.292507208157375853e-01 2.371207499999999913e-01
3.299092222573690725e-01 2.387453999999999965e-01
3.305690407018838095e-01 2.277794249999999798e-01
3.312301787832875322e-01 2.231613749999999952e-01
3.318926391408540955e-01 2.347291600000000200e-01
3.325564244191357988e-01 2.427792999999999757e-01
3.332215372679740994e-01 2.393816500000000014e-01
3.338879803425100490e-01 2.291958249999999919e-01
3.345557563031950621e-01 2.372184400000000026e-01
3.352248678158014084e-01 2.434397000000000089e-01
3.358953175514330369e-01 2.439355749999999878e-01
3.365671081865359016e-01 2.391919499999999865e-01
3.372402424029089518e-01 2.338154249999999656e-01
3.379147228877147358e-01 2.368663200000000191e-01
3.385905523334902245e-01 2.414379500000000123e-01
3.392677334381571930e-01 2.407573249999999943e-01
3.399462689050334330e-01 2.376966249999999947e-01
3.406261614428435225e-01 2.363044250000000124e-01
3.413074137657292062e-01 2.394546599999999859e-01
3.419900285932606643e-01 2.394678499999999821e-01
3.426740086504471705e-01 2.384976750000000201e-01
3.433593566677480835e-01 2.365543499999999966e-01
3.440460753810836159e-01 2.336440499999999920e-01
3.447341675318457699e-01 2.341950800000000277e-01
3.454236358669094398e-01 2.345593750000000144e-01
3.461144831386432363e-01 2.339006250000000009e-01
3.468067121049205337e-01 2.334465749999999895e-01
3.475003255291303494e-01 2.320665749999999972e-01
3.481953261801886135e-01 2.319511400000000001e-01
3.488917168325489926e-01 2.311722249999999812e-01
3.495895002662141038e-01 2.299590749999999850e-01
3.502886792667465610e-01 2.291147000000000045e-01
3.509892566252800217e-01 2.281985250000000132e-01
3.516912351385305668e-01 2.262679600000000180e-01
3.523946176088076365e-01 2.256614000000000120e-01
3.530994068440251876e-01 2.249079750000000100e-01
3.538056056577132402e-01 2.241929250000000151e-01
3.545132168690287022e-01 2.233531250000000135e-01
3.552222433027667492e-01 2.221681999999999824e-01
3.559326877893722596e-01 2.211055499999999840e-01
3.566445531649510281e-01 2.200111499999999887e-01
3.573578422712808678e-01 2.189374250000000188e-01
3.580725579558234339e-01 2.178976800000000102e-01
3.587887030717350489e-01 2.168553249999999877e-01
3.595062804778785814e-01 2.157312000000000118e-01
3.602252930388343266e-01 2.148041750000000139e-01
3.609457436249119411e-01 2.140710000000000113e-01
3.616676351121618227e-01 2.132293600000000067e-01
3.623909703823861017e-01 2.122706500000000052e-01
3.631157523231508533e-01 2.114946000000000048e-01
3.638419838277971996e-01 2.107409249999999956e-01
3.645696677954528009e-01 2.099014000000000157e-01
3.652988071310436791e-01 2.089411199999999802e-01
3.660294047453057642e-01 2.080536749999999935e-01
3.667614635547964408e-01 2.072924499999999892e-01
3.674949864819060386e-01 2.065211249999999998e-01
3.682299764548698229e-01 2.057224500000000011e-01
3.689664364077795966e-01 2.048143200000000219e-01
3.697043692805951354e-01 2.039348249999999863e-01
3.704437780191563445e-01 2.030498000000000025e-01
3.711846655751946944e-01 2.021232749999999911e-01
3.719270349063450443e-01 2.012067000000000161e-01
3.726708889761577437e-01 2.001698000000000088e-01
3.734162307541100123e-01 1.991159250000000269e-01
3.741630632156182079e-01 1.981859249999999850e-01
3.749113893420494836e-01 1.972808250000000208e-01
3.756612121207335564e-01 1.963798999999999961e-01
3.764125345449750304e-01 1.953408199999999983e-01
3.771653596140650544e-01 1.942047499999999816e-01
3.779196903332932012e-01 1.934433750000000007e-01
3.786755297139597909e-01 1.925444500000000336e-01
3.794328807733876596e-01 1.916320499999999982e-01
3.801917465349344827e-01 1.906784199999999874e-01
3.809521300280043210e-01 1.898023500000000086e-01
3.817140342880603332e-01 1.890310000000000046e-01
3.824774623566364884e-01 1.882614499999999969e-01
3.832424172813497787e-01 1.873971399999999898e-01
3.840089021159124316e-01 1.865387750000000178e-01
3.847769199201442891e-01 1.857807999999999959e-01
3.855464737599845759e-01 1.850251499999999716e-01
3.863175667075045561e-01 1.842713249999999858e-01
3.870902018409195788e-01 1.834249199999999913e-01
3.878643822446014022e-01 1.825813000000000019e-01
3.886401110090906830e-01 1.818348750000000069e-01
3.894173912311088559e-01 1.810946750000000383e-01
3.901962260135710681e-01 1.803380499999999997e-01
3.909766184655981691e-01 1.794271000000000060e-01
3.917585717025293679e-01 1.785688249999999866e-01
3.925420888459344448e-01 1.777759250000000013e-01
3.933271730236262975e-01 1.767984250000000090e-01
3.941138273696735417e-01 1.762134999999999951e-01
3.949020550244128902e-01 1.753354199999999918e-01
3.956918591344616987e-01 1.744660499999999836e-01
3.964832428527306218e-01 1.736477750000000042e-01
3.972762093384361037e-01 1.729139499999999829e-01
3.980707617571129786e-01 1.719513999999999765e-01
3.988669032806272385e-01 1.712808400000000175e-01
3.996646370871884679e-01 1.704259000000000190e-01
4.004639663613628331e-01 1.697084749999999975e-01
4.012648942940855168e-01 1.689556000000000113e-01
4.020674240826737078e-01 1.681458249999999988e-01
4.028715589308390355e-01 1.673516200000000065e-01
4.036773020487006702e-01 1.664877000000000162e-01
4.044846566527980913e-01 1.658007999999999982e-01
4.052936259661036877e-01 1.650694999999999801e-01
4.061042132180359143e-01 1.643345999999999973e-01
4.069164216444720039e-01 1.635049199999999980e-01
4.077302544877609569e-01 1.626216249999999919e-01
4.085457149967364754e-01 1.619419250000000143e-01
4.093628064267299527e-01 1.612158499999999939e-01
4.101815320395834075e-01 1.604974999999999874e-01
4.110018951036625845e-01 1.596976599999999913e-01
4.118238988938699441e-01 1.589067000000000118e-01
4.126475466916577073e-01 1.582080999999999904e-01
4.134728417850409565e-01 1.575075999999999976e-01
4.142997874686110693e-01 1.566542999999999963e-01
4.151283870435482637e-01 1.559176749999999778e-01
4.159586438176353651e-01 1.552135749999999925e-01
4.167905611052706849e-01 1.543675749999999791e-01
4.176241422274811765e-01 1.538056750000000028e-01
4.184593905119361468e-01 1.530515400000000137e-01
4.192963092929599678e-01 1.521742749999999977e-01
4.201349019115458994e-01 1.516103249999999902e-01
4.209751717153689676e-01 1.509311500000000139e-01
4.218171220587997317e-01 1.502350249999999943e-01
4.226607563029173287e-01 1.494631999999999905e-01
4.235060778155231298e-01 1.486823999999999923e-01
4.243530899711541737e-01 1.479920999999999875e-01
4.252017961510964894e-01 1.473141749999999917e-01
4.260521997433986963e-01 1.466052750000000071e-01
4.269043041428854934e-01 1.459258400000000289e-01
4.277581127511712600e-01 1.451933750000000134e-01
4.286136289766736551e-01 1.445829750000000025e-01
4.294708562346269964e-01 1.439481999999999984e-01
4.303297979470962487e-01 1.433002250000000033e-01
4.311904575429904574e-01 1.425537199999999949e-01
4.320528384580764047e-01 1.418079250000000013e-01
4.329169441349925429e-01 1.411528249999999818e-01
4.337827780232624830e-01 1.405154249999999994e-01
4.346503435793090397e-01 1.398936000000000068e-01
4.355196442664676648e-01 1.392003400000000057e-01
4.363906835550006025e-01 1.385002750000000060e-01
4.372634649221106007e-01 1.378635750000000160e-01
4.381379918519547889e-01 1.372071249999999853e-01
4.390142678356587225e-01 1.365100249999999793e-01
4.398922963713300383e-01 1.357702199999999970e-01
4.407720809640727211e-01 1.350096000000000074e-01
4.416536251260008150e-01 1.332887999999999851e-01
4.425369323762528007e-01 1.335734000000000088e-01
4.434220062410053065e-01 1.328414800000000118e-01
4.443088502534873196e-01 1.323386249999999875e-01
4.451974679539942858e-01 1.316587250000000042e-01
4.460878628899022647e-01 1.308701250000000038e-01
4.469800386156820293e-01 1.306733500000000214e-01
4.478739986929134442e-01 1.300650600000000101e-01
4.487697466902992316e-01 1.293421250000000022e-01
4.496672861836799040e-01 1.287034250000000102e-01
4.505666207560472536e-01 1.280917500000000042e-01
4.514677539975593401e-01 1.275029249999999892e-01
4.523706895055544797e-01 1.268980399999999897e-01
4.532754308845656221e-01 1.262807249999999826e-01
4.541819817463347286e-01 1.257196999999999898e-01
4.550903457098274263e-01 1.250670999999999866e-01
4.560005264012471082e-01 1.244973749999999935e-01
4.569125274540495885e-01 1.237230199999999891e-01
4.578263525089577013e-01 1.229988749999999936e-01
4.587420052139756232e-01 1.223208500000000087e-01
4.596594892244035835e-01 1.216391749999999883e-01
4.605788082028524077e-01 1.209885999999999878e-01
4.614999658192581178e-01 1.202900000000000080e-01
4.624229657508966418e-01 1.196693500000000077e-01
4.633478116823984694e-01 1.191788749999999897e-01
4.642745073057632510e-01 1.186984999999999985e-01
4.652030563203747304e-01 1.182508250000000039e-01
4.661334624330154552e-01 1.176822400000000074e-01
4.670657293578814873e-01 1.170023000000000035e-01
4.679998608165972795e-01 1.164035750000000091e-01
4.689358605382304424e-01 1.155819250000000020e-01
4.698737322593069532e-01 1.151342499999999935e-01
4.708134797238255342e-01 1.145398600000000072e-01
4.717551066832731399e-01 1.139184749999999913e-01
4.726986168966397228e-01 1.133683750000000073e-01
4.736440141304329998e-01 1.128179500000000002e-01
4.745913021586939395e-01 1.122181750000000033e-01
4.755404847630113063e-01 1.114984799999999970e-01
4.764915657325373699e-01 1.107052999999999926e-01
4.774445488640024493e-01 1.099809499999999940e-01
4.783994379617304560e-01 1.092342249999999904e-01
4.793562368376539373e-01 1.083949999999999914e-01
4.803149493113292312e-01 1.076156499999999933e-01
4.812755792099518981e-01 1.070357749999999997e-01
4.822381303683718201e-01 1.065295750000000014e-01
4.832026066291085775e-01 1.061167750000000104e-01
4.841690118423668254e-01 1.056499800000000044e-01
4.851373498660515038e-01 1.053541499999999936e-01
4.861076245657836026e-01 1.050928750000000023e-01
4.870798398149152053e-01 1.045326750000000054e-01
4.880539994945450322e-01 1.043685749999999912e-01
4.890301074935341497e-01 1.038198800000000033e-01
4.900081677085211806e-01 1.032104000000000077e-01
4.909881840439382916e-01 1.027473500000000012e-01
4.919701604120261251e-01 1.021320249999999874e-01
4.929541007328501756e-01 1.017357750000000005e-01
4.939400089343158884e-01 1.012413800000000058e-01
4.949278889521845359e-01 1.007077749999999994e-01
4.959177447300888719e-01 1.001902075000000031e-01
4.969095802195490075e-01 9.962560500000000596e-02
4.979033993799881208e-01 9.900696750000000101e-02
4.988992061787480559e-01 9.824806599999999501e-02
4.998970045911055315e-01 9.742585499999999177e-02
5.008967986002876849e-01 9.670177000000000633e-02
5.018985921974883357e-01 9.516389000000000098e-02
5.029023893818832525e-01 9.511894500000001029e-02
5.039081941606470272e-01 9.392154999999999254e-02
5.049160105489682859e-01 9.363827999999999041e-02
5.059258425700663420e-01 9.321644500000000888e-02
5.069376942552064058e-01 9.133352499999999874e-02
5.079515696437167938e-01 9.241617249999999062e-02
5.089674727830042489e-01 9.205773600000001500e-02
5.099854077285701504e-01 9.183974749999999909e-02
5.110053785440273888e-01 9.088408250000000466e-02
5.120273893011153543e-01 9.113701250000000309e-02
5.130514440797175890e-01 9.050808800000001431e-02
5.140775469678771081e-01 9.004208499999999393e-02
5.151057020618128313e-01 8.955403500000000405e-02
5.161359134659364578e-01 8.906312999999999036e-02
5.171681852928683432e-01 8.858061500000000144e-02
5.182025216634540410e-01 8.806297799999998621e-02
5.192389267067809566e-01 8.752810249999999626e-02
5.202774045601945563e-01 8.703413999999999595e-02
5.213179593693149094e-01 8.649404500000000551e-02
5.223605952880534531e-01 8.592083500000000096e-02
5.234053164786296453e-01 8.521517399999999076e-02
5.244521271115868410e-01 8.440011749999999646e-02
5.255010313658099452e-01 8.381547249999998783e-02
5.265520334285416215e-01 8.315559250000001401e-02
5.276051374953987239e-01 8.250290000000000401e-02
5.286603477703895049e-01 8.176269599999999582e-02
5.297176684659302692e-01 8.100700250000000824e-02
5.307771038028621380e-01 8.037616749999999810e-02
5.318386580104679240e-01 7.998692500000000039e-02
5.329023353264887852e-01 7.949651750000000239e-02
5.339681399971416553e-01 7.910962800000001516e-02
5.350360762771360079e-01 7.873914749999999518e-02
5.361061484296902879e-01 7.840136999999999801e-02
5.371783607265496752e-01 7.810459749999999757e-02
5.382527174480027377e-01 7.774502499999999539e-02
5.393292228828987511e-01 7.726498000000001087e-02
5.404078813286645744e-01 7.661909249999999949e-02
5.414886970913218578e-01 7.399012250000000512e-02
5.425716744855044738e-01 7.583650249999999982e-02
5.436568178344756141e-01 7.509198499999999998e-02
5.447441314701444437e-01 7.466379000000000765e-02
5.458336197330847517e-01 7.392088500000000562e-02
5.469252869725509392e-01 7.392466999999999788e-02
5.480191375464960046e-01 7.354165999999999481e-02
5.491151758215888634e-01 7.313191199999999337e-02
5.502134061732321113e-01 7.271593500000000931e-02
5.513138329855785669e-01 7.233290000000000552e-02
5.524164606515497011e-01 7.193335249999999181e-02
5.535212935728528461e-01 7.151785500000000517e-02
5.546283361599984030e-01 7.103874800000001266e-02
5.557375928323184944e-01 7.052975250000000085e-02
5.568490680179830621e-01 7.005059249999999460e-02
5.579627661540189631e-01 6.953670750000000289e-02
5.590786916863270672e-01 6.899607250000000525e-02
5.601968490696997982e-01 6.835848799999999503e-02
5.613172427678392307e-01 6.762212500000000515e-02
5.624398772533748536e-01 6.705271749999999753e-02
5.635647570078816671e-01 6.649661500000000891e-02
5.646918865218973904e-01 6.595494250000000225e-02
5.658212702949412254e-01 6.537750400000000295e-02
5.669529128355310643e-01 6.483414499999999581e-02
5.680868186612021420e-01 6.426898250000000201e-02
5.692229922985245771e-01 6.297950250000000638e-02
5.703614382831215801e-01 6.334444000000000186e-02
5.715021611596877715e-01 6.282600800000001651e-02
5.726451654820071679e-01 6.166783750000000286e-02
5.737904558129711674e-01 6.200719500000000106e-02
5.749380367245970902e-01 6.171757249999999806e-02
5.760879127980462755e-01 6.118018499999999804e-02
5.772400886236424000e-01 6.119336200000000808e-02
5.783945688008896857e-01 6.063057000000000168e-02
5.795513579384914404e-01 6.080598999999999726e-02
5.807104606543684877e-01 6.068119499999999333e-02
5.818718815756771523e-01 6.070520249999999951e-02
5.830356253388285781e-01 6.061875800000000869e-02
5.842016965895062697e-01 6.036313999999999569e-02
5.853700999826851881e-01 6.031957500000000028e-02
5.865408401826505136e-01 6.007071750000000238e-02
5.877139218630158535e-01 6.038893249999999213e-02
5.888893497067417826e-01 5.581077400000000743e-02
5.900671284061553834e-01 5.442555250000000178e-02
5.912472626629676764e-01 5.898349499999999690e-02
5.924297571882934932e-01 5.817844249999999662e-02
5.936146167026701281e-01 5.670276799999999368e-02
5.948018459360754351e-01 4.757049500000000430e-02
5.959914496279475893e-01 5.775997250000000638e-02
5.971834325272035171e-01 5.739360999999999768e-02
5.983777993922578808e-01 5.592602500000000421e-02
5.995745549910425076e-01 5.620389599999999625e-02
6.007737041010245971e-01 5.536130000000000217e-02
6.019752515092265943e-01 5.624824750000000095e-02
6.031792020122450637e-01 5.599688499999999625e-02
6.043855604162695627e-01 5.559454250000001041e-02
6.055943315371020708e-01 5.577386399999999245e-02
6.068055202001763071e-01 5.569011249999999968e-02
6.080191312405766046e-01 5.568501500000000437e-02
6.092351695030577829e-01 5.567285749999999894e-02
6.104536398420639109e-01 5.565861999999999893e-02
6.116745471217479579e-01 5.563231800000000005e-02
6.128978962159914445e-01 5.559380249999999746e-02
6.141236920084234274e-01 5.555778000000000105e-02
6.153519393924402614e-01 5.550828000000000706e-02
6.165826432712251393e-01 5.544202249999999332e-02
6.178158085577676317e-01 5.535695399999999988e-02
6.190514401748832274e-01 5.525617499999999765e-02
6.202895430552329836e-01 5.512902000000000080e-02
6.215301221413433996e-01 5.496026999999999857e-02
6.227731823856261784e-01 5.478133500000000045e-02
6.240187287503973224e-01 5.456893000000000160e-02
6.252667662078981170e-01 5.430013000000000201e-02
6.265172997403138933e-01 5.415639250000000432e-02
6.277703343397945668e-01 4.608554000000000123e-02
6.290258750084741779e-01 5.312604500000000368e-02
6.302839267584912086e-01 5.358877799999998970e-02
6.315444946120081227e-01 5.238856499999999805e-02
6.328075836012321265e-01 5.376793749999999456e-02
6.340731987684345983e-01 5.386146749999999594e-02
6.353413451659715161e-01 5.389429399999999537e-02
6.366120278563034418e-01 5.388553750000000392e-02
6.378852519120159492e-01 5.398402499999999798e-02
6.391610224158400522e-01 5.397052750000000398e-02
6.404393444606717445e-01 5.415593999999999963e-02
6.417202231495930942e-01 5.423415999999999654e-02
6.430036635958922275e-01 5.412377499999999897e-02
6.442896709230840901e-01 5.399378999999999984e-02
6.455782502649303201e-01 5.403959750000000145e-02
6.468694067654601199e-01 5.377466999999999664e-02
6.481631455789910179e-01 5.168161799999999861e-02
6.494594718701489633e-01 5.129401249999999968e-02
6.507583908138891982e-01 5.335054750000000484e-02
6.520599075955170187e-01 5.269019750000000085e-02
6.533640274107079815e-01 5.290689750000000802e-02
6.546707554655294414e-01 5.362482400000000149e-02
6.559800969764604250e-01 4.530000749999999604e-02
6.572920571704133907e-01 5.358115749999999705e-02
6.586066412847542129e-01 5.261140749999999866e-02
6.599238545673237200e-01 5.355774249999999820e-02
6.612437022764583450e-01 5.351503400000000299e-02
6.625661896810113305e-01 5.305757000000000528e-02
6.638913220603732679e-01 5.333998749999999817e-02
6.652191047044940797e-01 5.332247000000000375e-02
6.665495429139030037e-01 5.328072749999999969e-02
6.678826419997307973e-01 5.323615000000000291e-02
6.692184072837303876e-01 5.317925999999999903e-02
6.705568440982978551e-01 5.313760750000000310e-02
6.718979577864944153e-01 5.308566750000000278e-02
6.732417537020674025e-01 5.301655000000000256e-02
6.745882372094715862e-01 5.296634000000000064e-02
6.759374136838904867e-01 5.289456750000000318e-02
6.772892885112582473e-01 5.281198999999999616e-02
6.786438670882807278e-01 5.274365749999999908e-02
6.800011548224572655e-01 5.267887400000000747e-02
6.813611571321021021e-01 5.253349000000000213e-02
6.827238794463663663e-01 5.245455250000000125e-02
6.840893272052590568e-01 5.233767000000000280e-02
6.854575058596696913e-01 5.218571500000000057e-02
6.868284208713890671e-01 4.096743079999999593e-02
6.882020777131317990e-01 4.807463250000000576e-02
6.895784818685580797e-01 3.642957230000000435e-02
6.909576388322952178e-01 4.935040999999999733e-02
6.923395541099597317e-01 3.966425999999999980e-02
6.937242332181796645e-01 4.525336199999999837e-02
6.951116816846160118e-01 5.071741999999999917e-02
6.965019050479852591e-01 5.109692749999999312e-02
6.978949088580812532e-01 4.666095249999999833e-02
6.992906986757974064e-01 5.010720250000000320e-02
7.006892800731490123e-01 4.878886799999999913e-02
7.020906586332953392e-01 5.047858000000000206e-02
7.034948399505618344e-01 5.077005999999999880e-02
7.049018296304629949e-01 4.653911749999999764e-02
7.063116332897239058e-01 5.038068499999999450e-02
7.077242565563033327e-01 4.943886599999999798e-02
7.091397050694159265e-01 5.049515000000000253e-02
7.105579844795547606e-01 4.916739499999999569e-02
7.119791004485138686e-01 4.977551250000000066e-02
7.134030586494108928e-01 4.992483999999999811e-02
7.148298647667097327e-01 4.899333599999999844e-02
7.162595244962430829e-01 4.226746750000000274e-02
7.176920435452356362e-01 3.436018700000000037e-02
7.191274276323260661e-01 3.332282249999999474e-02
7.205656824875906752e-01 2.941647499999999749e-02
7.220068138525659318e-01 4.782228800000000446e-02
7.234508274802710082e-01 4.230691999999999786e-02
7.248977291352315389e-01 3.662374000000000185e-02
7.263475245935020475e-01 3.940436749999999544e-02
7.278002196426889281e-01 2.667798149999999965e-02
7.292558200819743153e-01 4.150348999999999705e-02
7.307143317221382883e-01 3.380584774999999959e-02
7.321757603855825192e-01 3.956934499999999882e-02
7.336401119063536980e-01 4.244603250000000133e-02
7.351073921301664038e-01 4.459909199999999990e-02
7.365776069144267524e-01 4.806737499999999552e-02
7.380507621282555997e-01 4.822413749999999999e-02
7.395268636525120787e-01 4.693498000000000114e-02
7.410059173798171361e-01 4.841677499999999523e-02
7.424879292145767362e-01 4.828002399999999777e-02
7.439729050730057303e-01 4.476451499999999778e-02
7.454608508831517266e-01 4.603445750000000058e-02
7.469517725849180723e-01 4.792549000000000115e-02
7.484456761300879446e-01 4.779010999999999676e-02
7.499425674823481103e-01 4.742123999999999645e-02
7.514424526173126839e-01 4.762345999999999246e-02
7.529453375225474421e-01 4.749723750000000438e-02
7.544512281975925827e-01 4.751740499999999867e-02
7.559601306539878163e-01 4.741847750000000028e-02
7.574720509152956804e-01 4.728979400000000305e-02
7.589869950171262980e-01 4.036937000000000164e-02
7.605049690071605806e-01 1.433388450000000133e-02
7.620259789451748755e-01 1.477149475000000267e-02
7.635500309030651689e-01 2.125009400000000062e-02
7.650771309648712881e-01 3.012266200000000144e-02
7.666072852268009941e-01 3.182134475000000101e-02
7.681404997972545168e-01 3.799691250000000048e-02
7.696767807968490915e-01 4.558883999999999853e-02
7.712161343584428286e-01 4.653439499999999923e-02
7.727585666271596931e-01 4.630162599999999851e-02
7.743040837604140414e-01 4.566308500000000603e-02
7.758526919279349343e-01 4.617357749999999317e-02
7.774043973117907846e-01 4.604368000000000349e-02
7.789592061064143369e-01 4.591732999999999926e-02
7.805171245186270923e-01 4.566637600000000158e-02
7.820781587676643998e-01 4.572597999999999940e-02
7.836423150851996589e-01 4.551652000000000475e-02
7.852095997153700768e-01 4.537202749999999507e-02
7.867800189148008716e-01 4.397250200000000359e-02
7.883535789526303628e-01 4.512066750000000293e-02
7.899302861105357287e-01 4.113950499999999982e-02
7.915101466827567656e-01 4.412569750000000512e-02
7.930931669761223102e-01 4.508338750000000228e-02
7.946793533100744433e-01 4.516901400000000039e-02
7.962687120166946908e-01 4.233292999999999778e-02
7.978612494407281153e-01 4.373034500000000380e-02
7.994569719396096286e-01 4.311429999999999430e-02
8.010558858834887497e-01 4.347296000000000493e-02
8.026579976552556950e-01 3.652374180000000220e-02
8.042633136505661362e-01 4.014321249999999730e-02
8.058718402778672907e-01 4.379607500000000375e-02
8.074835839584230124e-01 4.354997249999999903e-02
8.090985511263398822e-01 4.320817500000000144e-02
8.107167482285926319e-01 4.244368800000000025e-02
8.123381817250497905e-01 4.291741749999999911e-02
8.139628580884998854e-01 3.249359500000000012e-02
8.155907838046769776e-01 3.826229999999999909e-02
8.172219653722863075e-01 3.945499499999999965e-02
8.188564093030309410e-01 2.636971115999999643e-02
8.204941221216369707e-01 3.106443250000000267e-02
8.221351103658802728e-01 3.852821000000000023e-02
8.237793805866120422e-01 3.881082249999999456e-02
8.254269393477852157e-01 2.342422874999999793e-02
8.270777932264807841e-01 3.804093999999999531e-02
8.287319488129337719e-01 3.163483999999999741e-02
8.303894127105596601e-01 3.892517250000000067e-02
8.320501915359808098e-01 3.911884999999999668e-02
8.337142919190527746e-01 3.759081499999999965e-02
8.353817205028908344e-01 4.162757400000000052e-02
8.370524839438966413e-01 4.126626249999999774e-02
8.387265889117843098e-01 4.210343000000000419e-02
8.404040420896079500e-01 4.116733000000000198e-02
8.420848501737872027e-01 4.230704249999999583e-02
8.437690198741347736e-01 4.195547599999999849e-02
8.454565579138830778e-01 4.251754499999999687e-02
8.471474710297107746e-01 4.243266750000000698e-02
8.488417659717701902e-01 4.222514250000000691e-02
8.505394495037137403e-01 4.188426800000000227e-02
8.522405284027212424e-01 4.086754750000000380e-02
8.539450094595266716e-01 4.136532750000000008e-02
8.556528994784455833e-01 4.179359750000000151e-02
8.573642052774025357e-01 4.200636499999999690e-02
8.590789336879574023e-01 4.190346999999999822e-02
8.607970915553332381e-01 4.187467999999999746e-02
8.625186857384439243e-01 4.172225749999999844e-02
8.642437231099207029e-01 4.183931750000000060e-02
8.659722105561405980e-01 4.176788499999999765e-02
8.677041549772528395e-01 4.172309600000000118e-02
8.694395632872073953e-01 4.158060749999999833e-02
8.711784424137818394e-01 4.127103000000000022e-02
8.729207992986094400e-01 4.157407250000000332e-02
8.746666408972065820e-01 4.151152500000000051e-02
8.764159741790010782e-01 4.129647400000000662e-02
8.781688061273591472e-01 4.131732500000000197e-02
8.799251437396138353e-01 4.037340250000000241e-02
8.816849940270929942e-01 3.826446999999999488e-02
8.834483640151471473e-01 4.062603249999999916e-02
8.852152607431775788e-01 4.081925799999999716e-02
8.869856912646638669e-01 4.011630249999999925e-02
8.887596626471931938e-01 4.007246500000000156e-02
8.905371819724876570e-01 4.052516999999999925e-02
8.923182563364325803e-01 3.994737500000000024e-02
8.941028928491054906e-01 2.500760900000000356e-02
8.958910986348036509e-01 3.532333999999999474e-02
8.976828808320732600e-01 3.159173750000000142e-02
8.994782465937374294e-01 3.258735999999999577e-02
9.012772030869248274e-01 3.591980250000000041e-02
9.030797574930986560e-01 3.669597799999999715e-02
9.048859170080848502e-01 3.842068000000000566e-02
9.066956888421009442e-01 3.585821000000000147e-02
9.085090802197851589e-01 3.221641749999999693e-02
9.103260983802247130e-01 2.273301873999999945e-02
9.121467505769851325e-01 2.856430249999999949e-02
9.139710440781392276e-01 2.344653125000000296e-02
9.157989861662954034e-01 2.406498103749999881e-02
9.176305841386280804e-01 2.293718275000000001e-02
9.194658453069053383e-01 3.202228000000000019e-02
9.213047769975191148e-01 2.879195500000000102e-02
9.231473865515140709e-01 3.802353999999999457e-02
9.249936813246171230e-01 2.110162999999999969e-02
9.268436686872664199e-01 3.430109249999999804e-02
9.286973560246409853e-01 1.557037659999999969e-02
9.305547507366902504e-01 2.148001975000000258e-02
9.324158602381635852e-01 1.346016950000000073e-02
9.342806919586399417e-01 8.095159249999999210e-03
9.361492533425572748e-01 2.111985275000000106e-02
9.380215518492422966e-01 2.769840119999999930e-03
9.398975949529408958e-01 1.596060574999999884e-02
9.417773901428466710e-01 5.071882150000000047e-03
9.436609449231323499e-01 1.005469489999999931e-02
9.455482668129786550e-01 1.340117274999999900e-02
9.474393633466045017e-01 1.957681160000000059e-02
9.493342420732977516e-01 9.142848474999999697e-03
9.512329105574443000e-01 1.852635855000000012e-02
9.531353763785591626e-01 2.152474999999999875e-02
9.550416471313163402e-01 1.061470614999999833e-02
9.569517304255790169e-01 5.467248679999999958e-03
9.588656338864300910e-01 1.098039800000000059e-02
9.607833651542030395e-01 2.331640249999999970e-02
9.627049318845114501e-01 1.987405450000000184e-02
9.646303417482804399e-01 2.880426250000000382e-02
9.665596024317769652e-01 2.313224360000000132e-02
9.684927216366405744e-01 2.150820374999999965e-02
9.704297070799138281e-01 2.727425999999999809e-02
9.723705664940736071e-01 3.284076999999999830e-02
9.743153076270618662e-01 2.812394660000000490e-02
9.762639382423159429e-01 2.377398149999999932e-02
9.782164661188006427e-01 2.627935249999999862e-02
9.801728990510382156e-01 3.374631250000000027e-02
9.821332448491403300e-01 3.415076250000000091e-02
9.840975113388386042e-01 3.647499600000000258e-02
9.860657063615162476e-01 3.289125000000000382e-02
9.880378377742392582e-01 3.747433000000000014e-02
9.900139134497877302e-01 3.451430249999999644e-02
9.919939412766873854e-01 3.367165750000000041e-02
9.939779291592407695e-01 3.727220199999999733e-02
9.959658850175592271e-01 3.755744499999999486e-02
9.979578167875942096e-01 3.766430999999999946e-02
9.999537324211694722e-01 3.740665249999999831e-02
1.001953639886011826e+00 3.708474999999999966e-02
1.003957547165783781e+00 3.576986799999999633e-02
1.005965462260115295e+00 3.751212749999999901e-02
1.007977393184635417e+00 3.741701999999999528e-02
1.009993347971004818e+00 3.678995999999999655e-02
1.012013334666946873e+00 3.732822499999999960e-02
1.014037361336280751e+00 3.730122800000000571e-02
1.016065436058953164e+00 3.726795249999999976e-02
1.018097566931071229e+00 3.722775000000000389e-02
1.020133762064933336e+00 3.509017999999999859e-02
1.022174029589063338e+00 3.631825749999999936e-02
1.024218377648241418e+00 3.713815599999999162e-02
1.026266814403537841e+00 3.712746000000000102e-02
1.028319348032344926e+00 3.683694249999999726e-02
1.030375986728409687e+00 3.692894249999999906e-02
1.032436738701866474e+00 3.699684250000000174e-02
1.034501612179270502e+00 3.697648800000000180e-02
1.036570615403628937e+00 3.693317749999999733e-02
1.038643756634436199e+00 3.688923749999999807e-02
1.040721044147705054e+00 3.681401999999999591e-02
1.042802486236000359e+00 3.672025999999999762e-02
1.044888091208472591e+00 3.667026399999999409e-02
1.046977867390889383e+00 3.657877499999999393e-02
1.049071823125671266e+00 3.646468499999999668e-02
1.051169966771922537e+00 3.634971499999999772e-02
1.053272306705466566e+00 3.619791200000000569e-02
1.055378851318877320e+00 3.602491499999999763e-02
1.057489609021515342e+00 3.584750250000000305e-02
1.059604588239558165e+00 3.561847749999999535e-02
1.061723797416037396e+00 3.559567249999999461e-02
1.063847245010869358e+00 3.558995799999999793e-02
1.065974939500891061e+00 3.492370500000000627e-02
1.068106889379893065e+00 3.530764749999999730e-02
1.070243103158652787e+00 3.523845500000000186e-02
1.072383589364970025e+00 3.556368499999999766e-02
1.074528356543700047e+00 3.558471800000000129e-02
1.076677413256787563e+00 3.541912500000000269e-02
1.078830768083300917e+00 3.608155749999999995e-02
1.080988429619467617e+00 3.481570750000000103e-02
1.083150406478706529e+00 3.601136750000000220e-02
1.085316707291664073e+00 3.226637000000000255e-02
1.087487340706247529e+00 3.598347000000000351e-02
1.089662315387660119e+00 3.489466000000000789e-02
1.091841640018435422e+00 3.169841749999999930e-02
1.094025323298472241e+00 3.478624000000000299e-02
1.096213373945069236e+00 3.404856800000000128e-02
1.098405800692959566e+00 3.460906999999999872e-02
1.100602612294345528e+00 3.286004750000000307e-02
1.102803817518934082e+00 2.801866999999999899e-02
1.105009425153971936e+00 2.870361500000000177e-02
1.107219444004279962e+00 1.948081000000000118e-02
1.109433882892288503e+00 2.204721755000000130e-02
1.111652750658073119e+00 2.440665950000000042e-02
1.113876056159389227e+00 2.187731877500000144e-02
1.116103808271708075e+00 1.112326393075000093e-02
1.118336015888251378e+00 9.134555520000000456e-03
1.120572687920027732e+00 7.559889689500000690e-03
1.122813833295867925e+00 5.555292500000000473e-03
1.125059460962459568e+00 1.635227795000000067e-02
1.127309579884384405e+00 8.237025800000000089e-04
1.129564199044153394e+00 1.070337684999999976e-02
1.131823327442241567e+00 2.285488249999999971e-02
1.134086974097126221e+00 2.638730717250000000e-03
1.136355148045320451e+00 1.479902137499999881e-02
1.138627858341410892e+00 1.506174540000000152e-02
1.140905114058093694e+00 1.616202812499999836e-02
1.143186924286210049e+00 1.602382750000000064e-02
1.145473298134782603e+00 1.732256750000000026e-02
1.147764244731052097e+00 1.691186537499999795e-02
1.150059773220514225e+00 1.249054240000000045e-02
1.152359892766955163e+00 1.265478875000000149e-02
1.154664612552489089e+00 1.092901182500000123e-02
1.156973941777594161e+00 1.384407400000000135e-02
1.159287889661149373e+00 2.643277500000000210e-02
1.161606465440471636e+00 2.604859600000000025e-02
1.163929678371352416e+00 1.003872517999999936e-02
1.166257537728095262e+00 2.607401000000000163e-02
1.168590052803551327e+00 1.879702524999999833e-02
1.170927232909158455e+00 2.325121175000000040e-02
1.173269087374976705e+00 3.117785800000000274e-02
1.175615625549726762e+00 2.769479249999999906e-02
1.177966856800826134e+00 2.558463899999999930e-02
1.180322790514427789e+00 3.398227499999999929e-02
1.182683436095456564e+00 2.428088115000000269e-02
1.185048802967647585e+00 2.635579700000000372e-02
1.187418900573582903e+00 2.440568699999999883e-02
1.189793738374729903e+00 3.196667000000000258e-02
1.192173325851479504e+00 3.176796500000000217e-02
1.194557672503182344e+00 2.526816407499999501e-02
1.196946787848188531e+00 2.216645999999999894e-02
1.199340681423884947e+00 2.197369525000000129e-02
1.201739362786732546e+00 2.695397999999999891e-02
1.204142841512306106e+00 2.396155029999999519e-02
1.206551127195330864e+00 3.263250499999999915e-02
1.208964229449721373e+00 3.339335200000000115e-02
1.211382157908620805e+00 3.066602999999999690e-02
1.213804922224438254e+00 3.229162749999999610e-02
1.216232532068886929e+00 3.260943499999999912e-02
1.218664997133024785e+00 3.101262599999999800e-02
1.221102327127290721e+00 3.017283250000000333e-02
1.223544531781545430e+00 2.994670499999999708e-02
1.225991620845108487e+00 3.337145999999999862e-02
1.228443604086798757e+00 3.358843000000000245e-02
1.230900491294972365e+00 3.233338799999999763e-02
1.233362292277562222e+00 3.297160999999999842e-02
1.235829016862117324e+00 3.418985499999999816e-02
1.238300674895841613e+00 3.406421250000000317e-02
1.240777276245633054e+00 3.367663249999999775e-02
1.243258830798124492e+00 3.394280200000000802e-02
1.245745348459720736e+00 3.380599000000000104e-02
1.248236839156640077e+00 3.353942750000000333e-02
1.250733312834953370e+00 3.359253250000000107e-02
1.253234779460623338e+00 3.336601999999999624e-02
1.255741249019544536e+00 3.313623400000000052e-02
1.258252731517583545e+00 3.276681250000000600e-02
1.260769236980618713e+00 3.078352749999999777e-02
1.263290775454580128e+00 3.130743750000000020e-02
1.265817357005489141e+00 3.022587000000000190e-02
1.268348991719500107e+00 1.844562619199999892e-02
1.270885689702939025e+00 2.260199649999999894e-02
1.273427461082345058e+00 3.096920000000000228e-02
1.275974316004509834e+00 3.260765499999999928e-02
1.278526264636518750e+00 3.255519750000000073e-02
1.281083317165791824e+00 3.190145800000000753e-02
1.283645483800123444e+00 3.372450500000000184e-02
1.286212774767723666e+00 3.381705749999999733e-02
1.288785200317259072e+00 3.329228249999999917e-02
1.291362770717893405e+00 3.261239500000000235e-02
1.293945496259329087e+00 3.111296800000000126e-02
1.296533387251847858e+00 2.775611500000000481e-02
1.299126454026351407e+00 3.143183249999999956e-02
1.301724706934404230e+00 2.602169124999999944e-02
1.304328156348272927e+00 3.068667199999999817e-02
1.306936812660969505e+00 2.027867954999999778e-02
1.309550686286291565e+00 2.006958057499999906e-02
1.312169787658864273e+00 2.937303750000000088e-02
1.314794127234181875e+00 1.594671064074999756e-02
1.317423715488650338e+00 2.432775179999999843e-02
1.320058562919627532e+00 2.086696187499999938e-02
1.322698680045466757e+00 2.172926999999999845e-02
1.325344077405557819e+00 2.210729000000000166e-02
1.327994765560368773e+00 1.638488825000000010e-02
1.330650755091489668e+00 5.749211599999999936e-03
1.333312056601672513e+00 1.541243164250000013e-02
1.335978680714875910e+00 2.040807299999999880e-02
1.338650638076305466e+00 2.165447000000000205e-02
1.341327939352458198e+00 1.048180305000000027e-02
1.344010595231163174e+00 9.622922176600001015e-03
1.346698616421625472e+00 3.025951100000000065e-04
1.349392013654468592e+00 2.686499220750000055e-03
1.352090797681777534e+00 8.293352750000000401e-04
1.354794979277141209e+00 2.171598499999999906e-04
1.357504569235695513e+00 2.643285900000000082e-04
1.360219578374167071e+00 2.128412629999999967e-04
1.362940017530915426e+00 8.021350774999999513e-04
1.365665897565977005e+00 3.900478127499999899e-03
1.368397229361109080e+00 9.379744500000000739e-05
1.371134023819831294e+00 1.540870419999999851e-04
1.373876291867470956e+00 1.654119007325000100e-03
1.376624044451205897e+00 1.546098376949999950e-03
1.379377292540108435e+00 7.846999399999999604e-04
1.382136047125188671e+00 4.590934950000000181e-04
1.384900319219438902e+00 2.461823200000000313e-04
1.387670119857877804e+00 1.670108694175000043e-03
1.390445460097593511e+00 8.992554774999999981e-04
1.393226351017788911e+00 4.026631099999999843e-04
1.396012803719824280e+00 1.739650799999999976e-04
1.398804829327263910e+00 2.251063227499999666e-04
1.401602438985918520e+00 1.983074947499999989e-04
1.404405643863890329e+00 4.031206650000000290e-04
1.407214455151617916e+00 2.154350670000000113e-03
1.410028884061921284e+00 3.254589199999999966e-04
1.412848941830045169e+00 3.902433662750000136e-03
1.415674639713705218e+00 5.363968867499999994e-04
1.418505988993132627e+00 1.138994975000000060e-04
1.421343000971118986e+00 2.330604499999999854e-04
1.424185686973061138e+00 5.252795600000000628e-04
1.427034058347007139e+00 4.750948571499999731e-03
1.429888126463701337e+00 8.308488325000000160e-03
1.432747902716628552e+00 1.305842659249999843e-03
1.435613398522062045e+00 4.837838577499999765e-03
1.438484625319106147e+00 4.709175038000000188e-03
1.441361594569744220e+00 6.100608649999999557e-03
1.444244317758883733e+00 1.127394573499999886e-02
1.447132806394401561e+00 5.183504499999999973e-03
1.450027072007190387e+00 5.904701750000000086e-04
1.452927126151204895e+00 9.213020952000000249e-03
1.455832980403507282e+00 1.972502949999999783e-03
1.458744646364314335e+00 3.454540034999999728e-03
1.461662135657042949e+00 2.569793769999999863e-03
1.464585459928356981e+00 5.087176724999999816e-03
1.467514630848213653e+00 9.177130440000000333e-03
1.470449660109910184e+00 2.984311199999999976e-03
1.473390559430129976e+00 9.567646659999999928e-03
1.476337340548990129e+00 1.317367997499999978e-02
1.479290015230088073e+00 7.202139269999998684e-03
1.482248595260548196e+00 1.059722559999999938e-02
1.485213092451069361e+00 1.165157929999999752e-02
1.488183518635971314e+00 1.618889525000000162e-02
1.491159885673243313e+00 1.062922812500000092e-02
1.494142205444589644e+00 1.580028290000000044e-02
1.497130489855478697e+00 2.547813600000000192e-02
1.500124750835189813e+00 2.220758000000000107e-02
1.503125000336860140e+00 2.140783995000000023e-02
1.506131250337534144e+00 2.857295249999999842e-02
1.509143512838209134e+00 2.868551200000000329e-02
1.512161799863885658e+00 2.359709470000000142e-02
1.515186123463613477e+00 2.447848749999999990e-02
1.518216495710540626e+00 3.135928249999999501e-02
1.521252928701961604e+00 3.069659749999999881e-02
1.524295434559365781e+00 2.854023399999999766e-02
1.527344025428484464e+00 3.049746999999999875e-02
1.530398713479341533e+00 3.305071750000000003e-02
1.533459510906300283e+00 3.183201000000000780e-02
1.536526429928112947e+00 3.230327749999999803e-02
1.539599482787969098e+00 3.195094200000000301e-02
1.542678681753545167e+00 3.235587250000000054e-02
1.545764039117052402e+00 3.258913999999999561e-02
1.548855567195286387e+00 3.321818500000000424e-02
1.551953278329677000e+00 3.153760750000000196e-02
1.555057184886336374e+00 3.310433599999999810e-02
1.558167299256108862e+00 3.283677499999999860e-02
1.561283633854621211e+00 3.283025249999999701e-02
1.564406201122330309e+00 3.321631750000000188e-02
1.567535013524575138e+00 3.244585750000000129e-02
1.570670083551624074e+00 2.786182599999999926e-02
1.573811423718727287e+00 2.630314749999999868e-02
1.576959046566164702e+00 2.872927249999999988e-02
1.580112964659297070e+00 3.181861249999999586e-02
1.583273190588615709e+00 3.273767250000000212e-02
1.586439736969792680e+00 3.073820600000000056e-02
1.589612616443732307e+00 3.260699499999999973e-02
1.592791841676620024e+00 3.033989749999999735e-02
1.595977425359973001e+00 3.276454999999999645e-02
1.599169380210692992e+00 3.194412500000000377e-02
1.602367718971114297e+00 2.862196799999999763e-02
1.605572454409056604e+00 3.029710749999999994e-02
1.608783599317874735e+00 3.074498250000000030e-02
1.612001166516510375e+00 3.153695749999999715e-02
1.615225168849543369e+00 3.281364999999999976e-02
1.618455619187242345e+00 3.282209499999999558e-02
1.621692530425617118e+00 3.289412499999999628e-02
1.624935915486468208e+00 3.279489000000000709e-02
1.628185787317441235e+00 3.308995249999999860e-02
1.631442158892076222e+00 3.175027400000000194e-02
1.634705043209860431e+00 3.233026500000000386e-02
1.637974453296279886e+00 3.073601749999999716e-02
1.641250402202872660e+00 2.992891249999999823e-02
1.644532903007278390e+00 2.902120749999999999e-02
1.647821968813293125e+00 3.206521799999999256e-02
1.651117612750919506e+00 2.618469749999999957e-02
1.654419847976421387e+00 3.162902499999999811e-02
1.657728687672374246e+00 3.200979999999999798e-02
1.661044145047719134e+00 3.232408999999999977e-02
1.664366233337814638e+00 2.759192840000000008e-02
1.667694965804490170e+00 3.213970250000000584e-02
1.671030355736099260e+00 3.289062499999999972e-02
1.674372416447571510e+00 2.524730499999999767e-02
1.677721161280466333e+00 3.259424000000000349e-02
1.681076603603027353e+00 3.255232599999999948e-02
1.684438756810233473e+00 3.213689750000000428e-02
1.687807634323853945e+00 3.265660000000000091e-02
1.691183249592501658e+00 2.920368500000000006e-02
1.694565616091686655e+00 3.270667499999999756e-02
1.697954747323870084e+00 3.100446200000000346e-02
1.701350656818517715e+00 3.128144000000000063e-02
1.704753358132154784e+00 3.077988499999999988e-02
1.708162864848419282e+00 2.727016499999999899e-02
1.711579190578115917e+00 3.269697000000000575e-02
1.715002348959272283e+00 3.184384999999999993e-02
1.718432353657190825e+00 3.158708000000000349e-02
1.721869218364505016e+00 2.306228147499999812e-02
1.725312956801233977e+00 3.060987499999999820e-02
1.728763582714836655e+00 2.694159000000000137e-02
1.732221109880266230e+00 2.926759999999999778e-02
1.735685552100026730e+00 2.986822499999999825e-02
1.739156923204226768e+00 3.053679249999999637e-02
1.742635237050635277e+00 2.492957825000000072e-02
1.746120507524736576e+00 2.266566080000000094e-02
1.749612748539786100e+00 3.024777250000000237e-02
1.753111974036865472e+00 3.125326750000000098e-02
1.756618197984939123e+00 2.390427249999999698e-02
1.760131434380908910e+00 2.935254499999999725e-02
1.763651697249670747e+00 2.586869800000000247e-02
1.767179000644169884e+00 2.505841749999999923e-02
1.770713358645458202e+00 2.816814999999999944e-02
1.774254785362749054e+00 2.180092000000000141e-02
1.777803294933474554e+00 1.262854726250000129e-02
1.781358901523341753e+00 2.371756280000000133e-02
1.784921619326388376e+00 1.337592670499999914e-02
1.788491462565041212e+00 2.508913399999999558e-02
1.792068445490171413e+00 1.131118424999999830e-02
1.795652582381151552e+00 1.284983024999999945e-02
1.799243887545913800e+00 7.906677582000001120e-03
1.802842375321005663e+00 4.862054827500000148e-03
1.806448060071647710e+00 4.905700255000000100e-03
1.810060956191791082e+00 3.170394125000000358e-03
1.813681078104174560e+00 1.283351876749999924e-03
1.817308440260382962e+00 2.921997797319999916e-03
1.820943057140903765e+00 7.395920999999998878e-05
1.824584943255185721e+00 1.115483293500000098e-02
1.828234113141696149e+00 5.151120249999999786e-04
1.831890581367979554e+00 4.035865000000000025e-05
1.835554362530715355e+00 5.153887380000000658e-04
1.839225471255776734e+00 7.495507649999999565e-05
1.842903922198288136e+00 3.867955399999999555e-05
1.846589730042684785e+00 2.955371867500000260e-03
1.850282909502769968e+00 4.338602850000000232e-05
1.853983475321775654e+00 1.447229056000000065e-04
1.857691442272419113e+00 5.099579827499999864e-03
1.861406825156963984e+00 3.422668284675000391e-03
1.865129638807277779e+00 3.114921492249999972e-04
1.868859898084892279e+00 2.654294399999999996e-05
1.872597617881062160e+00 4.680112500000000331e-05
1.876342813116824271e+00 6.973722374999999493e-04
1.880095498743057814e+00 8.133173999999999525e-05
1.883855689740544070e+00 4.349966801999999647e-03
1.887623401120025246e+00 4.783323762000000340e-03
1.891398647922265308e+00 2.520709225000000177e-05
1.895181445218109717e+00 4.431991975000000475e-04
1.898971808108545822e+00 4.755062999999999369e-05
1.902769751724763037e+00 1.453544682000000067e-03
1.906575291228212565e+00 5.598918937709999530e-03
1.910388441810669136e+00 6.382884750000000112e-05
1.914209218694290282e+00 6.988722499999999900e-05
1.918037637131678963e+00 7.493788170000000547e-03
1.921873712405942403e+00 3.895564360000000528e-03
1.925717459830754041e+00 2.082612990000000126e-03
1.929568894750415708e+00 1.607097525349999870e-03
1.933428032539916241e+00 4.345204052500000087e-03
1.937294888604996324e+00 5.513512200000000429e-04
1.941169478382206215e+00 6.812008477500000082e-03
1.945051817338970590e+00 2.018928619999999820e-03
1.948941920973648489e+00 2.490221449999999864e-03
1.952839804815595715e+00 3.661616832499999842e-03
1.956745484425226778e+00 1.375210764999999790e-04
1.960658975394077297e+00 6.295033457499999915e-03
1.964580293344865503e+00 4.746285256000000105e-03
1.968509453931555075e+00 5.448219574999999676e-03
1.972446472839417986e+00 1.016328678749999978e-02
1.976391365785096887e+00 2.068034749999999797e-02
1.980344148516667069e+00 1.420851437000000134e-02
1.984304836813700401e+00 2.184541260000000262e-02
1.988273446487327956e+00 1.393950177500000165e-02
1.992249993380302620e+00 2.366423700000000116e-02
1.996234493367063045e+00 1.316938850000000036e-02
2.000226962353797155e+00 2.769876713999999858e-03
