# Extracted from file: pickles_uk_53.fits
#SIMPLETrueFits standard
#BITPIX16Bits per pixel
#NAXIS0Number of axes
#EXTENDTrueFile may contain extensions
#DATE2007-01-11T21:02:21Date FITS file was generated
#IRAF-TLM16:02:37 (11/01/2007)Time of last modification
#COMMENT  FITS (Flexible Image Transport System) format is defined in 'Astronomy
#COMMENT  and Astrophysics', volume 376, page 359; bibcode: 2001A&A...376..359H
#ORIGINSTScI-STSDAS/TABLESTables version 2002-02-22
#FILENAMEpickles_uk_53.fitsname of file
#NEXTEND1number of extensions in file
#COMMENT1spectral type: G0IV
#COMMENT2metallicity: solar
#COMMENT3original filename: ukg0iv.dat
#HISTORY  File created by F.R.Boffi.
#HISTORY  SEDs from Pickles UVKLIB Library (1998, PASP 110, 863).
#HISTORY  Wavelength is in Angstrom.
#HISTORY  Fluxes are tabulated in units of erg/s/cm^2/A
#HISTORY  and were calculated by normalizing the original fluxes
#HISTORY  in the Pickles V band to a 0 magnitude in vegamag.
#HISTORY  In the vegamag system, Vega has magnitude zero in all passbands.
#HISTORY  Please refer to the SYNPHOT manual for further information.
#
#
#
#
#
#
#
#
#
#
#
#
#
#  
#Columns WAVELENGTH FLUX
#Units  angstroms flam
1150.0  0.0
1155.0  0.0
1160.0  0.0
1165.0  0.0
1170.0  0.0
1175.0  0.0
1180.0  0.0
1185.0  0.0
1190.0  0.0
1195.0  0.0
1200.0  0.0
1205.0  0.0
1210.0  0.0
1215.0  0.0
1220.0  0.0
1225.0  0.0
1230.0  0.0
1235.0  0.0
1240.0  0.0
1245.0  0.0
1250.0  0.0
1255.0  0.0
1260.0  0.0
1265.0  0.0
1270.0  0.0
1275.0  0.0
1280.0  0.0
1285.0  0.0
1290.0  0.0
1295.0  0.0
1300.0  0.0
1305.0  0.0
1310.0  0.0
1315.0  0.0
1320.0  0.0
1325.0  0.0
1330.0  0.0
1335.0  0.0
1340.0  0.0
1345.0  0.0
1350.0  0.0
1355.0  0.0
1360.0  0.0
1365.0  0.0
1370.0  0.0
1375.0  0.0
1380.0  0.0
1385.0  0.0
1390.0  0.0
1395.0  0.0
1400.0  0.0
1405.0  0.0
1410.0  0.0
1415.0  0.0
1420.0  0.0
1425.0  0.0
1430.0  0.0
1435.0  0.0
1440.0  0.0
1445.0  0.0
1450.0  0.0
1455.0  0.0
1460.0  0.0
1465.0  0.0
1470.0  0.0
1475.0  0.0
1480.0  0.0
1485.0  0.0
1490.0  0.0
1495.0  0.0
1500.0  0.0
1505.0  0.0
1510.0  0.0
1515.0  0.0
1520.0  0.0
1525.0  0.0
1530.0  0.0
1535.0  0.0
1540.0  0.0
1545.0  0.0
1550.0  0.0
1555.0  0.0
1560.0  0.0
1565.0  0.0
1570.0  0.0
1575.0  0.0
1580.0  0.0
1585.0  0.0
1590.0  0.0
1595.0  0.0
1600.0  0.0
1605.0  0.0
1610.0  0.0
1615.0  0.0
1620.0  0.0
1625.0  0.0
1630.0  0.0
1635.0  0.0
1640.0  0.0
1645.0  0.0
1650.0  4.5171e-16
1655.0  3.15378e-15
1660.0  4.05447e-15
1665.0  6.75654e-15
1670.0  7.65722e-15
1675.0  1.03593e-14
1680.0  1.08083e-14
1685.0  1.03566e-14
1690.0  7.20287e-15
1695.0  3.60011e-15
1700.0  4.49021e-16
1705.0  0.0
1710.0  0.0
1715.0  0.0
1720.0  0.0
1725.0  0.0
1730.0  0.0
1735.0  0.0
1740.0  0.0
1745.0  0.0
1750.0  3.16143e-15
1755.0  2.61406e-14
1760.0  5.76673e-14
1765.0  8.96405e-14
1770.0  1.18008e-13
1775.0  1.38717e-13
1780.0  1.46364e-13
1785.0  1.41398e-13
1790.0  1.16164e-13
1795.0  6.88615e-14
1800.0  8.98189e-15
1805.0  0.0
1810.0  0.0
1815.0  0.0
1820.0  0.0
1825.0  0.0
1830.0  0.0
1835.0  0.0
1840.0  0.0
1845.0  0.0
1850.0  4.78657e-14
1855.0  3.95245e-13
1860.0  8.80334e-13
1865.0  1.45954e-12
1870.0  2.1243e-12
1875.0  2.86201e-12
1880.0  3.66411e-12
1885.0  4.5207e-12
1890.0  5.42322e-12
1895.0  6.35906e-12
1900.0  7.3201e-12
1905.0  8.30052e-12
1910.0  9.30165e-12
1915.0  1.03217e-11
1920.0  1.13643e-11
1925.0  1.2437e-11
1930.0  1.35372e-11
1935.0  1.46721e-11
1940.0  1.5843e-11
1945.0  1.70509e-11
1950.0  1.83011e-11
1955.0  1.95945e-11
1960.0  2.09307e-11
1965.0  2.2307e-11
1970.0  2.37224e-11
1975.0  2.51744e-11
1980.0  2.66623e-11
1985.0  2.81854e-11
1990.0  2.97387e-11
1995.0  3.1323e-11
2000.0  3.29343e-11
2005.0  3.458e-11
2010.0  3.62796e-11
2015.0  3.80563e-11
2020.0  3.99397e-11
2025.0  4.19537e-11
2030.0  4.41263e-11
2035.0  4.64848e-11
2040.0  4.90506e-11
2045.0  5.18537e-11
2050.0  5.49203e-11
2055.0  5.82515e-11
2060.0  6.18113e-11
2065.0  6.55429e-11
2070.0  6.93839e-11
2075.0  7.32781e-11
2080.0  7.71646e-11
2085.0  8.09806e-11
2090.0  8.46726e-11
2095.0  8.81774e-11
2100.0  9.14365e-11
2105.0  9.44113e-11
2110.0  9.70943e-11
2115.0  9.95017e-11
2120.0  1.01644e-10
2125.0  1.03537e-10
2130.0  1.05195e-10
2135.0  1.06631e-10
2140.0  1.07858e-10
2145.0  1.08893e-10
2150.0  1.09745e-10
2155.0  1.10436e-10
2160.0  1.10987e-10
2165.0  1.11423e-10
2170.0  1.11772e-10
2175.0  1.12055e-10
2180.0  1.12301e-10
2185.0  1.12538e-10
2190.0  1.12789e-10
2195.0  1.13078e-10
2200.0  1.13437e-10
2205.0  1.13877e-10
2210.0  1.14401e-10
2215.0  1.15003e-10
2220.0  1.15675e-10
2225.0  1.16409e-10
2230.0  1.17197e-10
2235.0  1.18032e-10
2240.0  1.18907e-10
2245.0  1.19813e-10
2250.0  1.20745e-10
2255.0  1.21685e-10
2260.0  1.22602e-10
2265.0  1.23458e-10
2270.0  1.2421e-10
2275.0  1.24821e-10
2280.0  1.25251e-10
2285.0  1.25459e-10
2290.0  1.25404e-10
2295.0  1.25049e-10
2300.0  1.24354e-10
2305.0  1.23306e-10
2310.0  1.21934e-10
2315.0  1.20294e-10
2320.0  1.18446e-10
2325.0  1.16446e-10
2330.0  1.14346e-10
2335.0  1.12209e-10
2340.0  1.1009e-10
2345.0  1.08045e-10
2350.0  1.06131e-10
2355.0  1.04402e-10
2360.0  1.02917e-10
2365.0  1.01728e-10
2370.0  1.00888e-10
2375.0  1.00452e-10
2380.0  1.00473e-10
2385.0  1.01003e-10
2390.0  1.02098e-10
2395.0  1.03812e-10
2400.0  1.06196e-10
2405.0  1.0925e-10
2410.0  1.12862e-10
2415.0  1.16877e-10
2420.0  1.2113e-10
2425.0  1.25461e-10
2430.0  1.29707e-10
2435.0  1.33703e-10
2440.0  1.3729e-10
2445.0  1.40305e-10
2450.0  1.42591e-10
2455.0  1.44068e-10
2460.0  1.44832e-10
2465.0  1.45056e-10
2470.0  1.44919e-10
2475.0  1.44596e-10
2480.0  1.44269e-10
2485.0  1.44115e-10
2490.0  1.4431e-10
2495.0  1.45035e-10
2500.0  1.4646e-10
2505.0  1.48685e-10
2510.0  1.51635e-10
2515.0  1.55157e-10
2520.0  1.59101e-10
2525.0  1.63307e-10
2530.0  1.67622e-10
2535.0  1.7189e-10
2540.0  1.75956e-10
2545.0  1.79665e-10
2550.0  1.82874e-10
2555.0  1.8555e-10
2560.0  1.87971e-10
2565.0  1.90524e-10
2570.0  1.93604e-10
2575.0  1.97614e-10
2580.0  2.02953e-10
2585.0  2.10016e-10
2590.0  2.1921e-10
2595.0  2.30927e-10
2600.0  2.45544e-10
2605.0  2.6322e-10
2610.0  2.83521e-10
2615.0  3.05803e-10
2620.0  3.29387e-10
2625.0  3.53604e-10
2630.0  3.77776e-10
2635.0  4.01236e-10
2640.0  4.23309e-10
2645.0  4.43322e-10
2650.0  4.60619e-10
2655.0  4.74747e-10
2660.0  4.85761e-10
2665.0  4.93915e-10
2670.0  4.99481e-10
2675.0  5.02736e-10
2680.0  5.0395e-10
2685.0  5.03396e-10
2690.0  5.01348e-10
2695.0  4.98077e-10
2700.0  4.93854e-10
2705.0  4.88874e-10
2710.0  4.83168e-10
2715.0  4.76692e-10
2720.0  4.69405e-10
2725.0  4.61256e-10
2730.0  4.52201e-10
2735.0  4.42193e-10
2740.0  4.31184e-10
2745.0  4.1913e-10
2750.0  4.06002e-10
2755.0  3.91908e-10
2760.0  3.77351e-10
2765.0  3.62973e-10
2770.0  3.49433e-10
2775.0  3.37386e-10
2780.0  3.27497e-10
2785.0  3.20422e-10
2790.0  3.1682e-10
2795.0  3.17348e-10
2800.0  3.22642e-10
2805.0  3.33122e-10
2810.0  3.48636e-10
2815.0  3.68811e-10
2820.0  3.93256e-10
2825.0  4.21576e-10
2830.0  4.5338e-10
2835.0  4.88276e-10
2840.0  5.2587e-10
2845.0  5.65769e-10
2850.0  6.07578e-10
2855.0  6.50877e-10
2860.0  6.95177e-10
2865.0  7.39968e-10
2870.0  7.84735e-10
2875.0  8.28967e-10
2880.0  8.72146e-10
2885.0  9.13755e-10
2890.0  9.53286e-10
2895.0  9.90218e-10
2900.0  1.02405e-09
2905.0  1.05438e-09
2910.0  1.08104e-09
2915.0  1.10397e-09
2920.0  1.12312e-09
2925.0  1.13843e-09
2930.0  1.14986e-09
2935.0  1.15735e-09
2940.0  1.16086e-09
2945.0  1.16032e-09
2950.0  1.1557e-09
2955.0  1.1472e-09
2960.0  1.13553e-09
2965.0  1.12165e-09
2970.0  1.10651e-09
2975.0  1.09109e-09
2980.0  1.07635e-09
2985.0  1.06325e-09
2990.0  1.05276e-09
2995.0  1.04584e-09
3000.0  1.04343e-09
3005.0  1.0461e-09
3010.0  1.05353e-09
3015.0  1.06504e-09
3020.0  1.07991e-09
3025.0  1.09743e-09
3030.0  1.1169e-09
3035.0  1.13759e-09
3040.0  1.1588e-09
3045.0  1.17981e-09
3050.0  1.19993e-09
3055.0  1.21862e-09
3060.0  1.23577e-09
3065.0  1.25142e-09
3070.0  1.26564e-09
3075.0  1.27849e-09
3080.0  1.29003e-09
3085.0  1.30033e-09
3090.0  1.30945e-09
3095.0  1.31745e-09
3100.0  1.32439e-09
3105.0  1.33038e-09
3110.0  1.33557e-09
3115.0  1.34017e-09
3120.0  1.34437e-09
3125.0  1.34837e-09
3130.0  1.35235e-09
3135.0  1.35654e-09
3140.0  1.36111e-09
3145.0  1.36626e-09
3150.0  1.3722e-09
3155.0  1.37981e-09
3160.0  1.39704e-09
3165.0  1.438e-09
3170.0  1.46466e-09
3175.0  1.46226e-09
3180.0  1.44183e-09
3185.0  1.4241e-09
3190.0  1.43271e-09
3195.0  1.48257e-09
3200.0  1.56649e-09
3205.0  1.58087e-09
3210.0  1.5536e-09
3215.0  1.52663e-09
3220.0  1.49221e-09
3225.0  1.44007e-09
3230.0  1.4028e-09
3235.0  1.41408e-09
3240.0  1.46625e-09
3245.0  1.5387e-09
3250.0  1.61904e-09
3255.0  1.69684e-09
3260.0  1.75769e-09
3265.0  1.79008e-09
3270.0  1.79534e-09
3275.0  1.78705e-09
3280.0  1.79697e-09
3285.0  1.84661e-09
3290.0  1.91264e-09
3295.0  1.95835e-09
3300.0  1.95865e-09
3305.0  1.91353e-09
3310.0  1.87404e-09
3315.0  1.88002e-09
3320.0  1.89304e-09
3325.0  1.87069e-09
3330.0  1.83791e-09
3335.0  1.82774e-09
3340.0  1.82584e-09
3345.0  1.80906e-09
3350.0  1.78039e-09
3355.0  1.75022e-09
3360.0  1.72155e-09
3365.0  1.70083e-09
3370.0  1.71029e-09
3375.0  1.75909e-09
3380.0  1.80753e-09
3385.0  1.8199e-09
3390.0  1.81897e-09
3395.0  1.8325e-09
3400.0  1.8427e-09
3405.0  1.82763e-09
3410.0  1.80151e-09
3415.0  1.789e-09
3420.0  1.80327e-09
3425.0  1.83714e-09
3430.0  1.8446e-09
3435.0  1.7946e-09
3440.0  1.73267e-09
3445.0  1.71453e-09
3450.0  1.74444e-09
3455.0  1.79698e-09
3460.0  1.82411e-09
3465.0  1.7983e-09
3470.0  1.76487e-09
3475.0  1.76808e-09
3480.0  1.77867e-09
3485.0  1.76544e-09
3490.0  1.76558e-09
3495.0  1.81784e-09
3500.0  1.89461e-09
3505.0  1.94281e-09
3510.0  1.91477e-09
3515.0  1.91419e-09
3520.0  1.86026e-09
3525.0  1.81893e-09
3530.0  1.88972e-09
3535.0  1.98447e-09
3540.0  2.06342e-09
3545.0  2.10459e-09
3550.0  2.07365e-09
3555.0  1.99259e-09
3560.0  1.89571e-09
3565.0  1.75547e-09
3570.0  1.66873e-09
3575.0  1.63434e-09
3580.0  1.54362e-09
3585.0  1.55328e-09
3590.0  1.76814e-09
3595.0  1.99032e-09
3600.0  2.03393e-09
3605.0  1.91314e-09
3610.0  1.79272e-09
3615.0  1.7706e-09
3620.0  1.84746e-09
3625.0  2.02039e-09
3630.0  1.99788e-09
3635.0  1.99152e-09
3640.0  2.07292e-09
3645.0  2.02134e-09
3650.0  2.08855e-09
3655.0  2.31496e-09
3660.0  2.43826e-09
3665.0  2.39281e-09
3670.0  2.35043e-09
3675.0  2.32803e-09
3680.0  2.24213e-09
3685.0  2.22695e-09
3690.0  2.31045e-09
3695.0  2.41729e-09
3700.0  2.42245e-09
3705.0  2.28101e-09
3710.0  2.31397e-09
3715.0  2.40275e-09
3720.0  2.22879e-09
3725.0  2.16247e-09
3730.0  2.06433e-09
3735.0  1.91778e-09
3740.0  1.97609e-09
3745.0  1.93268e-09
3750.0  1.97755e-09
3755.0  2.19087e-09
3760.0  2.20969e-09
3765.0  2.2643e-09
3770.0  2.3651e-09
3775.0  2.55598e-09
3780.0  2.69268e-09
3785.0  2.59572e-09
3790.0  2.32974e-09
3795.0  2.19497e-09
3800.0  2.29541e-09
3805.0  2.47994e-09
3810.0  2.44965e-09
3815.0  2.19306e-09
3820.0  1.94525e-09
3825.0  1.71299e-09
3830.0  1.54975e-09
3835.0  1.51496e-09
3840.0  1.67881e-09
3845.0  1.96224e-09
3850.0  2.06483e-09
3855.0  2.01907e-09
3860.0  1.99243e-09
3865.0  2.0613e-09
3870.0  2.02549e-09
3875.0  2.03245e-09
3880.0  2.02088e-09
3885.0  2.08222e-09
3890.0  2.27968e-09
3895.0  2.52451e-09
3900.0  2.61973e-09
3905.0  2.66778e-09
3910.0  2.79689e-09
3915.0  2.76858e-09
3920.0  2.47176e-09
3925.0  1.98114e-09
3930.0  1.40884e-09
3935.0  1.30413e-09
3940.0  1.77066e-09
3945.0  2.28122e-09
3950.0  2.62185e-09
3955.0  2.62077e-09
3960.0  2.20762e-09
3965.0  1.62574e-09
3970.0  1.56121e-09
3975.0  2.18081e-09
3980.0  2.82441e-09
3985.0  3.17449e-09
3990.0  3.36358e-09
3995.0  3.44752e-09
4000.0  3.51774e-09
4005.0  3.54676e-09
4010.0  3.6375e-09
4015.0  3.71625e-09
4020.0  3.71411e-09
4025.0  3.67884e-09
4030.0  3.58285e-09
4035.0  3.60377e-09
4040.0  3.63506e-09
4045.0  3.52591e-09
4050.0  3.5371e-09
4055.0  3.42534e-09
4060.0  3.33053e-09
4065.0  3.34317e-09
4070.0  3.41192e-09
4075.0  3.4385e-09
4080.0  3.55471e-09
4085.0  3.70149e-09
4090.0  3.67689e-09
4095.0  3.39777e-09
4100.0  3.14321e-09
4105.0  3.27156e-09
4110.0  3.54695e-09
4115.0  3.69855e-09
4120.0  3.69773e-09
4125.0  3.64951e-09
4130.0  3.60808e-09
4135.0  3.65125e-09
4140.0  3.69163e-09
4145.0  3.65414e-09
4150.0  3.60263e-09
4155.0  3.59471e-09
4160.0  3.69843e-09
4165.0  3.71648e-09
4170.0  3.56873e-09
4175.0  3.44572e-09
4180.0  3.47074e-09
4185.0  3.53305e-09
4190.0  3.58432e-09
4195.0  3.51624e-09
4200.0  3.47904e-09
4205.0  3.60231e-09
4210.0  3.70327e-09
4215.0  3.70428e-09
4220.0  3.6526e-09
4225.0  3.46368e-09
4230.0  3.51024e-09
4235.0  3.56354e-09
4240.0  3.60934e-09
4245.0  3.63817e-09
4250.0  3.59686e-09
4255.0  3.55883e-09
4260.0  3.54075e-09
4265.0  3.56211e-09
4270.0  3.41127e-09
4275.0  3.38084e-09
4280.0  3.44371e-09
4285.0  3.36651e-09
4290.0  3.21757e-09
4295.0  3.02435e-09
4300.0  2.72553e-09
4305.0  2.59555e-09
4310.0  2.8107e-09
4315.0  3.38582e-09
4320.0  3.65033e-09
4325.0  3.57231e-09
4330.0  3.64902e-09
4335.0  3.53019e-09
4340.0  3.26369e-09
4345.0  3.4225e-09
4350.0  3.61699e-09
4355.0  3.77094e-09
4360.0  3.96379e-09
4365.0  4.04442e-09
4370.0  3.90702e-09
4375.0  3.75623e-09
4380.0  3.60203e-09
4385.0  3.44122e-09
4390.0  3.54839e-09
4395.0  3.70286e-09
4400.0  3.75976e-09
4405.0  3.76793e-09
4410.0  3.89614e-09
4415.0  3.98626e-09
4420.0  4.03879e-09
4425.0  4.05586e-09
4430.0  4.05572e-09
4435.0  4.04601e-09
4440.0  4.10416e-09
4445.0  4.12997e-09
4450.0  4.07281e-09
4455.0  3.89424e-09
4460.0  3.82695e-09
4465.0  3.92794e-09
4470.0  4.08788e-09
4475.0  4.22655e-09
4480.0  4.19456e-09
4485.0  4.1893e-09
4490.0  4.16216e-09
4495.0  4.1929e-09
4500.0  4.31617e-09
4505.0  4.42665e-09
4510.0  4.39821e-09
4515.0  4.32477e-09
4520.0  4.22995e-09
4525.0  4.03485e-09
4530.0  3.90743e-09
4535.0  4.01503e-09
4540.0  4.12688e-09
4545.0  4.09442e-09
4550.0  4.05406e-09
4555.0  4.14858e-09
4560.0  4.2235e-09
4565.0  4.2235e-09
4570.0  4.2733e-09
4575.0  4.2659e-09
4580.0  4.11988e-09
4585.0  4.07735e-09
4590.0  4.09378e-09
4595.0  4.06127e-09
4600.0  4.07175e-09
4605.0  4.16517e-09
4610.0  4.24501e-09
4615.0  4.24305e-09
4620.0  4.28468e-09
4625.0  4.29658e-09
4630.0  4.24226e-09
4635.0  4.15125e-09
4640.0  4.07927e-09
4645.0  3.9868e-09
4650.0  4.01034e-09
4655.0  4.09047e-09
4660.0  4.06901e-09
4665.0  3.87764e-09
4670.0  3.89565e-09
4675.0  4.03471e-09
4680.0  4.00174e-09
4685.0  4.02014e-09
4690.0  4.04557e-09
4695.0  4.01922e-09
4700.0  3.89154e-09
4705.0  3.85576e-09
4710.0  3.91376e-09
4715.0  4.03902e-09
4720.0  4.18076e-09
4725.0  4.13893e-09
4730.0  3.98415e-09
4735.0  4.00177e-09
4740.0  4.11293e-09
4745.0  4.21217e-09
4750.0  4.16793e-09
4755.0  4.08787e-09
4760.0  4.04767e-09
4765.0  3.9905e-09
4770.0  4.08169e-09
4775.0  4.20931e-09
4780.0  4.23088e-09
4785.0  4.13491e-09
4790.0  4.13785e-09
4795.0  4.24308e-09
4800.0  4.22177e-09
4805.0  4.15249e-09
4810.0  4.17173e-09
4815.0  4.23876e-09
4820.0  4.22514e-09
4825.0  4.1429e-09
4830.0  4.10562e-09
4835.0  4.09042e-09
4840.0  4.02656e-09
4845.0  3.99936e-09
4850.0  3.86774e-09
4855.0  3.51171e-09
4860.0  3.14364e-09
4865.0  3.26807e-09
4870.0  3.56179e-09
4875.0  3.73345e-09
4880.0  3.89059e-09
4885.0  3.84787e-09
4890.0  3.84951e-09
4895.0  4.0488e-09
4900.0  4.11977e-09
4905.0  4.07927e-09
4910.0  3.96797e-09
4915.0  3.90863e-09
4920.0  3.74727e-09
4925.0  3.86487e-09
4930.0  4.00354e-09
4935.0  3.92096e-09
4940.0  3.92424e-09
4945.0  4.08054e-09
4950.0  4.10288e-09
4955.0  4.00956e-09
4960.0  3.9993e-09
4965.0  4.03619e-09
4970.0  4.01017e-09
4975.0  4.00767e-09
4980.0  3.83569e-09
4985.0  3.7789e-09
4990.0  3.92009e-09
4995.0  3.94404e-09
5000.0  3.83216e-09
5005.0  3.71447e-09
5010.0  3.70827e-09
5015.0  3.6164e-09
5020.0  3.63467e-09
5025.0  3.7455e-09
5030.0  3.84132e-09
5035.0  3.81986e-09
5040.0  3.69474e-09
5045.0  3.77972e-09
5050.0  3.84094e-09
5055.0  3.91197e-09
5060.0  4.00622e-09
5065.0  3.9276e-09
5070.0  3.85372e-09
5075.0  3.81279e-09
5080.0  3.71307e-09
5085.0  3.78751e-09
5090.0  3.9146e-09
5095.0  3.88018e-09
5100.0  3.77072e-09
5105.0  3.81596e-09
5110.0  3.84633e-09
5115.0  3.93473e-09
5120.0  3.88809e-09
5125.0  3.73195e-09
5130.0  3.71992e-09
5135.0  3.73096e-09
5140.0  3.67938e-09
5145.0  3.6759e-09
5150.0  3.70262e-09
5155.0  3.73175e-09
5160.0  3.6627e-09
5165.0  3.35329e-09
5170.0  3.21006e-09
5175.0  3.46642e-09
5180.0  3.56557e-09
5185.0  3.43915e-09
5190.0  3.5729e-09
5195.0  3.66371e-09
5200.0  3.73488e-09
5205.0  3.7182e-09
5210.0  3.7452e-09
5215.0  3.76991e-09
5220.0  3.74233e-09
5225.0  3.61622e-09
5230.0  3.59745e-09
5235.0  3.72212e-09
5240.0  3.81832e-09
5245.0  3.81985e-09
5250.0  3.76193e-09
5255.0  3.74979e-09
5260.0  3.64499e-09
5265.0  3.36823e-09
5270.0  3.35662e-09
5275.0  3.53268e-09
5280.0  3.695e-09
5285.0  3.77896e-09
5290.0  3.88492e-09
5295.0  3.80216e-09
5300.0  3.75692e-09
5305.0  3.86044e-09
5310.0  3.8946e-09
5315.0  3.84965e-09
5320.0  3.74867e-09
5325.0  3.61163e-09
5330.0  3.61557e-09
5335.0  3.71741e-09
5340.0  3.70978e-09
5345.0  3.72379e-09
5350.0  3.78661e-09
5355.0  3.89442e-09
5360.0  3.87442e-09
5365.0  3.7307e-09
5370.0  3.65772e-09
5375.0  3.74025e-09
5380.0  3.76854e-09
5385.0  3.76018e-09
5390.0  3.7058e-09
5395.0  3.62893e-09
5400.0  3.57793e-09
5405.0  3.54019e-09
5410.0  3.58739e-09
5415.0  3.6807e-09
5420.0  3.70313e-09
5425.0  3.69124e-09
5430.0  3.66467e-09
5435.0  3.68663e-09
5440.0  3.78848e-09
5445.0  3.75917e-09
5450.0  3.76579e-09
5455.0  3.75387e-09
5460.0  3.75803e-09
5465.0  3.70736e-09
5470.0  3.69243e-09
5475.0  3.60888e-09
5480.0  3.57611e-09
5485.0  3.64419e-09
5490.0  3.66384e-09
5495.0  3.67667e-09
5500.0  3.66535e-09
5505.0  3.63338e-09
5510.0  3.61329e-09
5515.0  3.64932e-09
5520.0  3.7024e-09
5525.0  3.64392e-09
5530.0  3.60602e-09
5535.0  3.62985e-09
5540.0  3.66814e-09
5545.0  3.68881e-09
5550.0  3.72247e-09
5555.0  3.67703e-09
5560.0  3.61946e-09
5565.0  3.58458e-09
5570.0  3.57359e-09
5575.0  3.59086e-09
5580.0  3.59092e-09
5585.0  3.48521e-09
5590.0  3.43019e-09
5595.0  3.47974e-09
5600.0  3.48721e-09
5605.0  3.58493e-09
5610.0  3.66146e-09
5615.0  3.55056e-09
5620.0  3.53881e-09
5625.0  3.5539e-09
5630.0  3.59023e-09
5635.0  3.57257e-09
5640.0  3.54326e-09
5645.0  3.55669e-09
5650.0  3.55172e-09
5655.0  3.47547e-09
5660.0  3.42954e-09
5665.0  3.47827e-09
5670.0  3.55425e-09
5675.0  3.59483e-09
5680.0  3.53666e-09
5685.0  3.46371e-09
5690.0  3.49644e-09
5695.0  3.55145e-09
5700.0  3.51062e-09
5705.0  3.4316e-09
5710.0  3.38592e-09
5715.0  3.47599e-09
5720.0  3.57577e-09
5725.0  3.62843e-09
5730.0  3.61906e-09
5735.0  3.60834e-09
5740.0  3.60507e-09
5745.0  3.56917e-09
5750.0  3.51377e-09
5755.0  3.47906e-09
5760.0  3.49036e-09
5765.0  3.53035e-09
5770.0  3.55258e-09
5775.0  3.51796e-09
5780.0  3.43254e-09
5785.0  3.40198e-09
5790.0  3.45573e-09
5795.0  3.49735e-09
5800.0  3.51579e-09
5805.0  3.51454e-09
5810.0  3.52884e-09
5815.0  3.54227e-09
5820.0  3.58728e-09
5825.0  3.6165e-09
5830.0  3.61224e-09
5835.0  3.59029e-09
5840.0  3.58496e-09
5845.0  3.56297e-09
5850.0  3.50138e-09
5855.0  3.4259e-09
5860.0  3.44208e-09
5865.0  3.50738e-09
5870.0  3.54464e-09
5875.0  3.5314e-09
5880.0  3.48426e-09
5885.0  3.35102e-09
5890.0  3.15153e-09
5895.0  3.17794e-09
5900.0  3.35415e-09
5905.0  3.46338e-09
5910.0  3.47509e-09
5915.0  3.45922e-09
5920.0  3.46871e-09
5925.0  3.44578e-09
5930.0  3.41191e-09
5935.0  3.44024e-09
5940.0  3.4704e-09
5945.0  3.44282e-09
5950.0  3.38856e-09
5955.0  3.39195e-09
5960.0  3.43546e-09
5965.0  3.44222e-09
5970.0  3.42866e-09
5975.0  3.39365e-09
5980.0  3.36528e-09
5985.0  3.3372e-09
5990.0  3.36456e-09
5995.0  3.38785e-09
6000.0  3.36296e-09
6005.0  3.32124e-09
6010.0  3.29406e-09
6015.0  3.28324e-09
6020.0  3.27338e-09
6025.0  3.28513e-09
6030.0  3.33468e-09
6035.0  3.36874e-09
6040.0  3.36738e-09
6045.0  3.37469e-09
6050.0  3.37345e-09
6055.0  3.35012e-09
6060.0  3.35909e-09
6065.0  3.35433e-09
6070.0  3.37093e-09
6075.0  3.33813e-09
6080.0  3.2825e-09
6085.0  3.27037e-09
6090.0  3.27073e-09
6095.0  3.27162e-09
6100.0  3.23652e-09
6105.0  3.23411e-09
6110.0  3.27339e-09
6115.0  3.27208e-09
6120.0  3.23549e-09
6125.0  3.22985e-09
6130.0  3.21549e-09
6135.0  3.15697e-09
6140.0  3.16705e-09
6145.0  3.21886e-09
6150.0  3.21038e-09
6155.0  3.16871e-09
6160.0  3.09801e-09
6165.0  3.06363e-09
6170.0  3.11286e-09
6175.0  3.17448e-09
6180.0  3.22219e-09
6185.0  3.22176e-09
6190.0  3.18587e-09
6195.0  3.21008e-09
6200.0  3.24531e-09
6205.0  3.26303e-09
6210.0  3.2507e-09
6215.0  3.19394e-09
6220.0  3.18054e-09
6225.0  3.18949e-09
6230.0  3.1481e-09
6235.0  3.13091e-09
6240.0  3.10716e-09
6245.0  3.08823e-09
6250.0  3.09326e-09
6255.0  3.05405e-09
6260.0  3.07519e-09
6265.0  3.11561e-09
6270.0  3.14694e-09
6275.0  3.12157e-09
6280.0  3.08223e-09
6285.0  3.12475e-09
6290.0  3.14871e-09
6295.0  3.11789e-09
6300.0  3.06792e-09
6305.0  3.09915e-09
6310.0  3.10292e-09
6315.0  3.04032e-09
6320.0  3.03431e-09
6325.0  3.10535e-09
6330.0  3.12792e-09
6335.0  3.0906e-09
6340.0  3.06543e-09
6345.0  3.0913e-09
6350.0  3.12189e-09
6355.0  3.10022e-09
6360.0  3.04719e-09
6365.0  3.05924e-09
6370.0  3.10942e-09
6375.0  3.12483e-09
6380.0  3.11883e-09
6385.0  3.12964e-09
6390.0  3.12898e-09
6395.0  3.087e-09
6400.0  3.05556e-09
6405.0  3.04737e-09
6410.0  3.0202e-09
6415.0  3.01781e-09
6420.0  3.03003e-09
6425.0  3.07008e-09
6430.0  3.05809e-09
6435.0  3.04252e-09
6440.0  3.04816e-09
6445.0  3.05754e-09
6450.0  3.02343e-09
6455.0  3.01253e-09
6460.0  3.00734e-09
6465.0  3.01234e-09
6470.0  3.02088e-09
6475.0  3.02759e-09
6480.0  3.03768e-09
6485.0  3.03765e-09
6490.0  2.9744e-09
6495.0  2.87763e-09
6500.0  2.95453e-09
6505.0  3.05702e-09
6510.0  3.07629e-09
6515.0  3.04001e-09
6520.0  3.02781e-09
6525.0  3.03178e-09
6530.0  3.0188e-09
6535.0  3.03103e-09
6540.0  3.02429e-09
6545.0  2.96659e-09
6550.0  2.88721e-09
6555.0  2.7135e-09
6560.0  2.3942e-09
6565.0  2.43149e-09
6570.0  2.69796e-09
6575.0  2.86387e-09
6580.0  2.93416e-09
6585.0  2.94022e-09
6590.0  2.93091e-09
6595.0  2.92741e-09
6600.0  2.96543e-09
6605.0  2.97194e-09
6610.0  2.97053e-09
6615.0  2.99522e-09
6620.0  3.01117e-09
6625.0  2.99454e-09
6630.0  2.9388e-09
6635.0  2.90488e-09
6640.0  2.90535e-09
6645.0  2.91694e-09
6650.0  2.94313e-09
6655.0  2.93994e-09
6660.0  2.90545e-09
6665.0  2.88281e-09
6670.0  2.89527e-09
6675.0  2.89352e-09
6680.0  2.88665e-09
6685.0  2.91525e-09
6690.0  2.91835e-09
6695.0  2.89417e-09
6700.0  2.88015e-09
6705.0  2.86279e-09
6710.0  2.8366e-09
6715.0  2.81328e-09
6720.0  2.82347e-09
6725.0  2.85378e-09
6730.0  2.85621e-09
6735.0  2.846e-09
6740.0  2.83277e-09
6745.0  2.81561e-09
6750.0  2.80632e-09
6755.0  2.81815e-09
6760.0  2.83334e-09
6765.0  2.83811e-09
6770.0  2.83303e-09
6775.0  2.839e-09
6780.0  2.83082e-09
6785.0  2.81413e-09
6790.0  2.81951e-09
6795.0  2.81145e-09
6800.0  2.81818e-09
6805.0  2.82109e-09
6810.0  2.81959e-09
6815.0  2.82447e-09
6820.0  2.82603e-09
6825.0  2.82034e-09
6830.0  2.81239e-09
6835.0  2.78513e-09
6840.0  2.71603e-09
6845.0  2.73509e-09
6850.0  2.76387e-09
6855.0  2.74231e-09
6860.0  2.73385e-09
6865.0  2.74273e-09
6870.0  2.7508e-09
6875.0  2.75014e-09
6880.0  2.72728e-09
6885.0  2.72466e-09
6890.0  2.75265e-09
6895.0  2.74665e-09
6900.0  2.73382e-09
6905.0  2.73593e-09
6910.0  2.73726e-09
6915.0  2.70669e-09
6920.0  2.71883e-09
6925.0  2.73453e-09
6930.0  2.75841e-09
6935.0  2.76444e-09
6940.0  2.78493e-09
6945.0  2.75912e-09
6950.0  2.75456e-09
6955.0  2.74085e-09
6960.0  2.74749e-09
6965.0  2.73137e-09
6970.0  2.70931e-09
6975.0  2.67553e-09
6980.0  2.66653e-09
6985.0  2.71403e-09
6990.0  2.73244e-09
6995.0  2.72222e-09
7000.0  2.68104e-09
7005.0  2.64083e-09
7010.0  2.64183e-09
7015.0  2.63051e-09
7020.0  2.638e-09
7025.0  2.64101e-09
7030.0  2.65709e-09
7035.0  2.65551e-09
7040.0  2.67642e-09
7045.0  2.7026e-09
7050.0  2.70306e-09
7055.0  2.68311e-09
7060.0  2.6773e-09
7065.0  2.67744e-09
7070.0  2.67633e-09
7075.0  2.6813e-09
7080.0  2.67098e-09
7085.0  2.62987e-09
7090.0  2.622e-09
7095.0  2.63724e-09
7100.0  2.65245e-09
7105.0  2.65453e-09
7110.0  2.62695e-09
7115.0  2.61055e-09
7120.0  2.61027e-09
7125.0  2.61505e-09
7130.0  2.61698e-09
7135.0  2.63101e-09
7140.0  2.65555e-09
7145.0  2.61843e-09
7150.0  2.60633e-09
7155.0  2.63742e-09
7160.0  2.6339e-09
7165.0  2.59874e-09
7170.0  2.64373e-09
7175.0  2.66588e-09
7180.0  2.60938e-09
7185.0  2.57335e-09
7190.0  2.56569e-09
7195.0  2.55871e-09
7200.0  2.5813e-09
7205.0  2.56525e-09
7210.0  2.52439e-09
7215.0  2.54193e-09
7220.0  2.53094e-09
7225.0  2.53186e-09
7230.0  2.58919e-09
7235.0  2.62894e-09
7240.0  2.60333e-09
7245.0  2.59188e-09
7250.0  2.58778e-09
7255.0  2.58176e-09
7260.0  2.57069e-09
7265.0  2.57342e-09
7270.0  2.58333e-09
7275.0  2.57906e-09
7280.0  2.55222e-09
7285.0  2.48145e-09
7290.0  2.4395e-09
7295.0  2.47838e-09
7300.0  2.5333e-09
7305.0  2.53073e-09
7310.0  2.50301e-09
7315.0  2.5209e-09
7320.0  2.52993e-09
7325.0  2.4985e-09
7330.0  2.48842e-09
7335.0  2.51475e-09
7340.0  2.53888e-09
7345.0  2.5124e-09
7350.0  2.48191e-09
7355.0  2.46236e-09
7360.0  2.46589e-09
7365.0  2.46953e-09
7370.0  2.47999e-09
7375.0  2.47331e-09
7380.0  2.46851e-09
7385.0  2.41537e-09
7390.0  2.3868e-09
7395.0  2.4312e-09
7400.0  2.45117e-09
7405.0  2.42764e-09
7410.0  2.39387e-09
7415.0  2.38474e-09
7420.0  2.38754e-09
7425.0  2.42147e-09
7430.0  2.45026e-09
7435.0  2.45358e-09
7440.0  2.43368e-09
7445.0  2.40678e-09
7450.0  2.42289e-09
7455.0  2.44878e-09
7460.0  2.43944e-09
7465.0  2.42871e-09
7470.0  2.43867e-09
7475.0  2.43241e-09
7480.0  2.42498e-09
7485.0  2.42526e-09
7490.0  2.41119e-09
7495.0  2.38636e-09
7500.0  2.40394e-09
7505.0  2.40237e-09
7510.0  2.37713e-09
7515.0  2.38624e-09
7520.0  2.3947e-09
7525.0  2.37997e-09
7530.0  2.37667e-09
7535.0  2.39528e-09
7540.0  2.40627e-09
7545.0  2.39595e-09
7550.0  2.38837e-09
7555.0  2.372e-09
7560.0  2.37364e-09
7565.0  2.38025e-09
7570.0  2.37649e-09
7575.0  2.38692e-09
7580.0  2.39143e-09
7585.0  2.37337e-09
7590.0  2.40882e-09
7595.0  2.41777e-09
7600.0  2.39696e-09
7605.0  2.34011e-09
7610.0  2.21891e-09
7615.0  2.19962e-09
7620.0  2.27442e-09
7625.0  2.27563e-09
7630.0  2.24837e-09
7635.0  2.26814e-09
7640.0  2.29336e-09
7645.0  2.3057e-09
7650.0  2.29332e-09
7655.0  2.24971e-09
7660.0  2.21422e-09
7665.0  2.25103e-09
7670.0  2.31352e-09
7675.0  2.35164e-09
7680.0  2.36003e-09
7685.0  2.34615e-09
7690.0  2.31328e-09
7695.0  2.31014e-09
7700.0  2.32189e-09
7705.0  2.33254e-09
7710.0  2.29376e-09
7715.0  2.2629e-09
7720.0  2.28735e-09
7725.0  2.28178e-09
7730.0  2.28256e-09
7735.0  2.29321e-09
7740.0  2.28251e-09
7745.0  2.23846e-09
7750.0  2.23436e-09
7755.0  2.26926e-09
7760.0  2.2824e-09
7765.0  2.283e-09
7770.0  2.25884e-09
7775.0  2.22691e-09
7780.0  2.23695e-09
7785.0  2.26037e-09
7790.0  2.26306e-09
7795.0  2.25139e-09
7800.0  2.23057e-09
7805.0  2.23335e-09
7810.0  2.22721e-09
7815.0  2.24745e-09
7820.0  2.2641e-09
7825.0  2.25825e-09
7830.0  2.22473e-09
7835.0  2.19611e-09
7840.0  2.21161e-09
7845.0  2.22577e-09
7850.0  2.22123e-09
7855.0  2.22402e-09
7860.0  2.23102e-09
7865.0  2.23488e-09
7870.0  2.22866e-09
7875.0  2.21663e-09
7880.0  2.20667e-09
7885.0  2.21294e-09
7890.0  2.21486e-09
7895.0  2.20484e-09
7900.0  2.20517e-09
7905.0  2.20483e-09
7910.0  2.18461e-09
7915.0  2.16184e-09
7920.0  2.15434e-09
7925.0  2.15698e-09
7930.0  2.12642e-09
7935.0  2.10941e-09
7940.0  2.12015e-09
7945.0  2.12564e-09
7950.0  2.15332e-09
7955.0  2.16944e-09
7960.0  2.16518e-09
7965.0  2.17034e-09
7970.0  2.1721e-09
7975.0  2.17763e-09
7980.0  2.18028e-09
7985.0  2.17616e-09
7990.0  2.1681e-09
7995.0  2.14095e-09
8000.0  2.12365e-09
8005.0  2.14267e-09
8010.0  2.14419e-09
8015.0  2.14921e-09
8020.0  2.14692e-09
8025.0  2.12471e-09
8030.0  2.12125e-09
8035.0  2.13807e-09
8040.0  2.13352e-09
8045.0  2.09793e-09
8050.0  2.09113e-09
8055.0  2.11398e-09
8060.0  2.13227e-09
8065.0  2.13514e-09
8070.0  2.11525e-09
8075.0  2.11001e-09
8080.0  2.10594e-09
8085.0  2.09619e-09
8090.0  2.09143e-09
8095.0  2.06855e-09
8100.0  2.08236e-09
8105.0  2.11882e-09
8110.0  2.12094e-09
8115.0  2.12128e-09
8120.0  2.11825e-09
8125.0  2.11202e-09
8130.0  2.09707e-09
8135.0  2.09595e-09
8140.0  2.09271e-09
8145.0  2.08018e-09
8150.0  2.07736e-09
8155.0  2.0806e-09
8160.0  2.07787e-09
8165.0  2.07604e-09
8170.0  2.06785e-09
8175.0  2.05803e-09
8180.0  2.03426e-09
8185.0  2.01712e-09
8190.0  2.02601e-09
8195.0  2.0003e-09
8200.0  2.02307e-09
8205.0  2.05478e-09
8210.0  2.04012e-09
8215.0  2.03158e-09
8220.0  2.01987e-09
8225.0  2.0098e-09
8230.0  2.0114e-09
8235.0  2.03799e-09
8240.0  2.05537e-09
8245.0  2.06509e-09
8250.0  2.03776e-09
8255.0  2.04086e-09
8260.0  2.05327e-09
8265.0  2.05286e-09
8270.0  2.04168e-09
8275.0  2.0297e-09
8280.0  2.04103e-09
8285.0  2.0334e-09
8290.0  2.01166e-09
8295.0  2.0107e-09
8300.0  2.01173e-09
8305.0  1.99932e-09
8310.0  1.98358e-09
8315.0  1.99551e-09
8320.0  2.00014e-09
8325.0  1.96839e-09
8330.0  1.94885e-09
8335.0  1.94475e-09
8340.0  1.94557e-09
8345.0  1.95482e-09
8350.0  1.98523e-09
8355.0  1.99583e-09
8360.0  1.99309e-09
8365.0  1.99553e-09
8370.0  2.00286e-09
8375.0  2.002e-09
8380.0  1.99273e-09
8385.0  1.96953e-09
8390.0  1.97823e-09
8395.0  1.99515e-09
8400.0  1.99178e-09
8405.0  1.98623e-09
8410.0  1.99012e-09
8415.0  1.98422e-09
8420.0  1.97303e-09
8425.0  1.96591e-09
8430.0  1.97531e-09
8435.0  1.95698e-09
8440.0  1.94032e-09
8445.0  1.93267e-09
8450.0  1.94453e-09
8455.0  1.96352e-09
8460.0  1.96166e-09
8465.0  1.94055e-09
8470.0  1.93376e-09
8475.0  1.95104e-09
8480.0  1.95424e-09
8485.0  1.94731e-09
8490.0  1.91199e-09
8495.0  1.77972e-09
8500.0  1.72516e-09
8505.0  1.83928e-09
8510.0  1.88769e-09
8515.0  1.87497e-09
8520.0  1.88871e-09
8525.0  1.89132e-09
8530.0  1.8593e-09
8535.0  1.73434e-09
8540.0  1.50135e-09
8545.0  1.49051e-09
8550.0  1.74466e-09
8555.0  1.84967e-09
8560.0  1.87288e-09
8565.0  1.89023e-09
8570.0  1.88113e-09
8575.0  1.87822e-09
8580.0  1.87345e-09
8585.0  1.87092e-09
8590.0  1.87026e-09
8595.0  1.85024e-09
8600.0  1.85148e-09
8605.0  1.86536e-09
8610.0  1.8589e-09
8615.0  1.85942e-09
8620.0  1.86643e-09
8625.0  1.87217e-09
8630.0  1.87514e-09
8635.0  1.87379e-09
8640.0  1.87074e-09
8645.0  1.84484e-09
8650.0  1.81296e-09
8655.0  1.72944e-09
8660.0  1.51451e-09
8665.0  1.52997e-09
8670.0  1.70709e-09
8675.0  1.7786e-09
8680.0  1.79563e-09
8685.0  1.80088e-09
8690.0  1.79832e-09
8695.0  1.82109e-09
8700.0  1.83052e-09
8705.0  1.83139e-09
8710.0  1.81481e-09
8715.0  1.81054e-09
8720.0  1.82465e-09
8725.0  1.82474e-09
8730.0  1.80639e-09
8735.0  1.78534e-09
8740.0  1.76804e-09
8745.0  1.76191e-09
8750.0  1.74238e-09
8755.0  1.75518e-09
8760.0  1.78401e-09
8765.0  1.78947e-09
8770.0  1.7881e-09
8775.0  1.78864e-09
8780.0  1.80011e-09
8785.0  1.7965e-09
8790.0  1.77466e-09
8795.0  1.77503e-09
8800.0  1.77616e-09
8805.0  1.72983e-09
8810.0  1.73837e-09
8815.0  1.78825e-09
8820.0  1.78624e-09
8825.0  1.78482e-09
8830.0  1.79195e-09
8835.0  1.77566e-09
8840.0  1.77051e-09
8845.0  1.77318e-09
8850.0  1.76999e-09
8855.0  1.74253e-09
8860.0  1.69976e-09
8865.0  1.68947e-09
8870.0  1.73252e-09
8875.0  1.756e-09
8880.0  1.76641e-09
8885.0  1.78849e-09
8890.0  1.79001e-09
8895.0  1.77807e-09
8900.0  1.77798e-09
8905.0  1.75993e-09
8910.0  1.7527e-09
8915.0  1.75186e-09
8920.0  1.74723e-09
8925.0  1.72577e-09
8930.0  1.71258e-09
8935.0  1.70798e-09
8940.0  1.70473e-09
8945.0  1.70163e-09
8950.0  1.69884e-09
8955.0  1.6966e-09
8960.0  1.69518e-09
8965.0  1.69474e-09
8970.0  1.69531e-09
8975.0  1.69687e-09
8980.0  1.69936e-09
8985.0  1.70275e-09
8990.0  1.70703e-09
8995.0  1.7122e-09
9000.0  1.71824e-09
9005.0  1.72502e-09
9010.0  1.73203e-09
9015.0  1.73865e-09
9020.0  1.74419e-09
9025.0  1.74757e-09
9030.0  1.74662e-09
9035.0  1.7388e-09
9040.0  1.72174e-09
9045.0  1.69523e-09
9050.0  1.66478e-09
9055.0  1.63805e-09
9060.0  1.62262e-09
9065.0  1.6228e-09
9070.0  1.63444e-09
9075.0  1.65014e-09
9080.0  1.66242e-09
9085.0  1.66662e-09
9090.0  1.6652e-09
9095.0  1.66346e-09
9100.0  1.66666e-09
9105.0  1.67765e-09
9110.0  1.69293e-09
9115.0  1.70652e-09
9120.0  1.71252e-09
9125.0  1.70768e-09
9130.0  1.69576e-09
9135.0  1.68322e-09
9140.0  1.67653e-09
9145.0  1.67935e-09
9150.0  1.68816e-09
9155.0  1.69666e-09
9160.0  1.69858e-09
9165.0  1.6906e-09
9170.0  1.67711e-09
9175.0  1.66548e-09
9180.0  1.66301e-09
9185.0  1.67348e-09
9190.0  1.69151e-09
9195.0  1.7082e-09
9200.0  1.70963e-09
9205.0  1.67153e-09
9210.0  1.65519e-09
9215.0  1.64321e-09
9220.0  1.63427e-09
9225.0  1.63094e-09
9230.0  1.63154e-09
9235.0  1.63274e-09
9240.0  1.63118e-09
9245.0  1.6246e-09
9250.0  1.61373e-09
9255.0  1.60041e-09
9260.0  1.58657e-09
9265.0  1.57366e-09
9270.0  1.56184e-09
9275.0  1.55078e-09
9280.0  1.54011e-09
9285.0  1.52952e-09
9290.0  1.51894e-09
9295.0  1.50839e-09
9300.0  1.49791e-09
9305.0  1.48819e-09
9310.0  1.4814e-09
9315.0  1.48029e-09
9320.0  1.48752e-09
9325.0  1.50393e-09
9330.0  1.52566e-09
9335.0  1.54704e-09
9340.0  1.56248e-09
9345.0  1.56861e-09
9350.0  1.56794e-09
9355.0  1.56521e-09
9360.0  1.5652e-09
9365.0  1.57089e-09
9370.0  1.5807e-09
9375.0  1.59122e-09
9380.0  1.59897e-09
9385.0  1.60112e-09
9390.0  1.59653e-09
9395.0  1.58473e-09
9400.0  1.56544e-09
9405.0  1.53977e-09
9410.0  1.51234e-09
9415.0  1.4892e-09
9420.0  1.47623e-09
9425.0  1.47691e-09
9430.0  1.48837e-09
9435.0  1.5053e-09
9440.0  1.52228e-09
9445.0  1.53507e-09
9450.0  1.5425e-09
9455.0  1.5446e-09
9460.0  1.5416e-09
9465.0  1.53388e-09
9470.0  1.52246e-09
9475.0  1.50855e-09
9480.0  1.49338e-09
9485.0  1.47827e-09
9490.0  1.46468e-09
9495.0  1.45416e-09
9500.0  1.44818e-09
9505.0  1.44756e-09
9510.0  1.45137e-09
9515.0  1.45805e-09
9520.0  1.46594e-09
9525.0  1.47353e-09
9530.0  1.4796e-09
9535.0  1.48304e-09
9540.0  1.48286e-09
9545.0  1.47905e-09
9550.0  1.47407e-09
9555.0  1.4714e-09
9560.0  1.47451e-09
9565.0  1.48503e-09
9570.0  1.49987e-09
9575.0  1.51414e-09
9580.0  1.5229e-09
9585.0  1.52306e-09
9590.0  1.51623e-09
9595.0  1.50586e-09
9600.0  1.49545e-09
9605.0  1.4875e-09
9610.0  1.48189e-09
9615.0  1.47749e-09
9620.0  1.47311e-09
9625.0  1.46821e-09
9630.0  1.46379e-09
9635.0  1.4615e-09
9640.0  1.46294e-09
9645.0  1.46891e-09
9650.0  1.47806e-09
9655.0  1.48819e-09
9660.0  1.49705e-09
9665.0  1.50299e-09
9670.0  1.50595e-09
9675.0  1.50654e-09
9680.0  1.5054e-09
9685.0  1.50303e-09
9690.0  1.49956e-09
9695.0  1.495e-09
9700.0  1.48933e-09
9705.0  1.48258e-09
9710.0  1.47481e-09
9715.0  1.46612e-09
9720.0  1.45665e-09
9725.0  1.44674e-09
9730.0  1.4373e-09
9735.0  1.42948e-09
9740.0  1.4244e-09
9745.0  1.42266e-09
9750.0  1.42358e-09
9755.0  1.42596e-09
9760.0  1.42857e-09
9765.0  1.43047e-09
9770.0  1.43143e-09
9775.0  1.43151e-09
9780.0  1.43082e-09
9785.0  1.4296e-09
9790.0  1.42843e-09
9795.0  1.42806e-09
9800.0  1.42917e-09
9805.0  1.43211e-09
9810.0  1.43625e-09
9815.0  1.44059e-09
9820.0  1.44411e-09
9825.0  1.44604e-09
9830.0  1.44626e-09
9835.0  1.44488e-09
9840.0  1.44202e-09
9845.0  1.43773e-09
9850.0  1.43184e-09
9855.0  1.42406e-09
9860.0  1.41423e-09
9865.0  1.40284e-09
9870.0  1.39212e-09
9875.0  1.38497e-09
9880.0  1.38418e-09
9885.0  1.39091e-09
9890.0  1.40196e-09
9895.0  1.41248e-09
9900.0  1.41764e-09
9905.0  1.41445e-09
9910.0  1.40478e-09
9915.0  1.39232e-09
9920.0  1.38087e-09
9925.0  1.37311e-09
9930.0  1.36891e-09
9935.0  1.36702e-09
9940.0  1.36616e-09
9945.0  1.36543e-09
9950.0  1.365e-09
9955.0  1.36544e-09
9960.0  1.36733e-09
9965.0  1.37082e-09
9970.0  1.37498e-09
9975.0  1.37844e-09
9980.0  1.37987e-09
9985.0  1.37846e-09
9990.0  1.37486e-09
9995.0  1.37022e-09
10000.0  1.36573e-09
10005.0  1.36205e-09
10010.0  1.35856e-09
10015.0  1.35414e-09
10020.0  1.34771e-09
10025.0  1.33917e-09
10030.0  1.33093e-09
10035.0  1.32638e-09
10040.0  1.3288e-09
10045.0  1.33967e-09
10050.0  1.3557e-09
10055.0  1.37179e-09
10060.0  1.38279e-09
10065.0  1.38547e-09
10070.0  1.38149e-09
10075.0  1.37439e-09
10080.0  1.36781e-09
10085.0  1.3644e-09
10090.0  1.36425e-09
10095.0  1.36647e-09
10100.0  1.37006e-09
10105.0  1.37381e-09
10110.0  1.37611e-09
10115.0  1.37517e-09
10120.0  1.36926e-09
10125.0  1.3579e-09
10130.0  1.34368e-09
10135.0  1.33041e-09
10140.0  1.32184e-09
10145.0  1.32015e-09
10150.0  1.32337e-09
10155.0  1.32794e-09
10160.0  1.33028e-09
10165.0  1.32825e-09
10170.0  1.32344e-09
10175.0  1.31891e-09
10180.0  1.3177e-09
10185.0  1.32146e-09
10190.0  1.32816e-09
10195.0  1.33437e-09
10200.0  1.33664e-09
10205.0  1.33277e-09
10210.0  1.32387e-09
10215.0  1.31228e-09
10220.0  1.30046e-09
10225.0  1.29041e-09
10230.0  1.28312e-09
10235.0  1.27914e-09
10240.0  1.27892e-09
10245.0  1.28249e-09
10250.0  1.28866e-09
10255.0  1.29581e-09
10260.0  1.30228e-09
10265.0  1.3068e-09
10270.0  1.30898e-09
10275.0  1.30878e-09
10280.0  1.30622e-09
10285.0  1.30146e-09
10290.0  1.29502e-09
10295.0  1.2876e-09
10300.0  1.28084e-09
10305.0  1.27953e-09
10310.0  1.27653e-09
10315.0  1.27427e-09
10320.0  1.27383e-09
10325.0  1.27529e-09
10330.0  1.27763e-09
10335.0  1.27941e-09
10340.0  1.27921e-09
10345.0  1.27619e-09
10350.0  1.2711e-09
10355.0  1.26525e-09
10360.0  1.26e-09
10365.0  1.25638e-09
10370.0  1.25453e-09
10375.0  1.25426e-09
10380.0  1.25534e-09
10385.0  1.25742e-09
10390.0  1.25983e-09
10395.0  1.26182e-09
10400.0  1.26264e-09
10405.0  1.26194e-09
10410.0  1.26036e-09
10415.0  1.25891e-09
10420.0  1.2586e-09
10425.0  1.25985e-09
10430.0  1.2616e-09
10435.0  1.26219e-09
10440.0  1.25999e-09
10445.0  1.25432e-09
10450.0  1.2469e-09
10455.0  1.24036e-09
10460.0  1.23733e-09
10465.0  1.23921e-09
10470.0  1.24425e-09
10475.0  1.24949e-09
10480.0  1.25197e-09
10485.0  1.24997e-09
10490.0  1.24498e-09
10495.0  1.23975e-09
10500.0  1.23704e-09
10505.0  1.23837e-09
10510.0  1.24212e-09
10515.0  1.24545e-09
10520.0  1.24554e-09
10525.0  1.24083e-09
10530.0  1.23302e-09
10535.0  1.22512e-09
10540.0  1.22013e-09
10545.0  1.2199e-09
10550.0  1.22328e-09
10555.0  1.22799e-09
10560.0  1.23168e-09
10565.0  1.23265e-09
10570.0  1.23083e-09
10575.0  1.22683e-09
10580.0  1.22129e-09
10585.0  1.21482e-09
10590.0  1.20803e-09
10595.0  1.20147e-09
10600.0  1.19569e-09
10605.0  1.19104e-09
10610.0  1.1874e-09
10615.0  1.18444e-09
10620.0  1.18385e-09
10625.0  1.19356e-09
10630.0  1.19403e-09
10635.0  1.19262e-09
10640.0  1.19121e-09
10645.0  1.1898e-09
10650.0  1.1884e-09
10655.0  1.18699e-09
10660.0  1.18558e-09
10665.0  1.18418e-09
10670.0  1.18277e-09
10675.0  1.18137e-09
10680.0  1.17997e-09
10685.0  1.17857e-09
10690.0  1.17717e-09
10695.0  1.17577e-09
10700.0  1.17437e-09
10705.0  1.17297e-09
10710.0  1.17158e-09
10715.0  1.17018e-09
10720.0  1.16879e-09
10725.0  1.16739e-09
10730.0  1.166e-09
10735.0  1.16461e-09
10740.0  1.16322e-09
10745.0  1.16183e-09
10750.0  1.16044e-09
10755.0  1.15905e-09
10760.0  1.15767e-09
10765.0  1.15628e-09
10770.0  1.1549e-09
10775.0  1.15351e-09
10780.0  1.15213e-09
10785.0  1.15075e-09
10790.0  1.14937e-09
10795.0  1.14799e-09
10800.0  1.14661e-09
10805.0  1.14523e-09
10810.0  1.14385e-09
10815.0  1.14248e-09
10820.0  1.1411e-09
10825.0  1.13973e-09
10830.0  1.13835e-09
10835.0  1.13699e-09
10840.0  1.13561e-09
10845.0  1.13424e-09
10850.0  1.13288e-09
10855.0  1.13151e-09
10860.0  1.13014e-09
10865.0  1.12878e-09
10870.0  1.12741e-09
10875.0  1.12605e-09
10880.0  1.12468e-09
10885.0  1.12332e-09
10890.0  1.12196e-09
10895.0  1.1206e-09
10900.0  1.11925e-09
10905.0  1.11789e-09
10910.0  1.11653e-09
10915.0  1.11518e-09
10920.0  1.11382e-09
10925.0  1.11247e-09
10930.0  1.11112e-09
10935.0  1.10977e-09
10940.0  1.10842e-09
10945.0  1.10707e-09
10950.0  1.10573e-09
10955.0  1.10438e-09
10960.0  1.10303e-09
10965.0  1.10169e-09
10970.0  1.10034e-09
10975.0  1.099e-09
10980.0  1.09766e-09
10985.0  1.09632e-09
10990.0  1.09498e-09
10995.0  1.09364e-09
11000.0  1.09231e-09
11005.0  1.09098e-09
11010.0  1.08964e-09
11015.0  1.08831e-09
11020.0  1.08698e-09
11025.0  1.08565e-09
11030.0  1.08432e-09
11035.0  1.08299e-09
11040.0  1.08166e-09
11045.0  1.08033e-09
11050.0  1.07901e-09
11055.0  1.07768e-09
11060.0  1.07636e-09
11065.0  1.07504e-09
11070.0  1.07372e-09
11075.0  1.0724e-09
11080.0  1.07108e-09
11085.0  1.06977e-09
11090.0  1.06845e-09
11095.0  1.06714e-09
11100.0  1.06582e-09
11105.0  1.06451e-09
11110.0  1.0632e-09
11115.0  1.06189e-09
11120.0  1.06058e-09
11125.0  1.05927e-09
11130.0  1.05797e-09
11135.0  1.05666e-09
11140.0  1.05536e-09
11145.0  1.05406e-09
11150.0  1.05276e-09
11155.0  1.05146e-09
11160.0  1.05016e-09
11165.0  1.04886e-09
11170.0  1.04756e-09
11175.0  1.04627e-09
11180.0  1.04497e-09
11185.0  1.04368e-09
11190.0  1.04239e-09
11195.0  1.0411e-09
11200.0  1.03981e-09
11205.0  1.03853e-09
11210.0  1.03724e-09
11215.0  1.03595e-09
11220.0  1.03467e-09
11225.0  1.03339e-09
11230.0  1.03211e-09
11235.0  1.03083e-09
11240.0  1.02955e-09
11245.0  1.02827e-09
11250.0  1.02699e-09
11255.0  1.02572e-09
11260.0  1.02444e-09
11265.0  1.02317e-09
11270.0  1.0219e-09
11275.0  1.02063e-09
11280.0  1.01936e-09
11285.0  1.0181e-09
11290.0  1.01683e-09
11295.0  1.01557e-09
11300.0  1.0143e-09
11305.0  1.01304e-09
11310.0  1.01178e-09
11315.0  1.01052e-09
11320.0  1.00926e-09
11325.0  1.008e-09
11330.0  1.00675e-09
11335.0  1.0055e-09
11340.0  1.00424e-09
11345.0  1.00299e-09
11350.0  1.00174e-09
11355.0  1.00049e-09
11360.0  9.99245e-10
11365.0  9.97998e-10
11370.0  9.96756e-10
11375.0  9.95512e-10
11380.0  9.94269e-10
11385.0  9.93027e-10
11390.0  9.9179e-10
11395.0  9.90552e-10
11400.0  9.89316e-10
11405.0  9.88079e-10
11410.0  9.86844e-10
11415.0  9.85613e-10
11420.0  9.84383e-10
11425.0  9.83151e-10
11430.0  9.81924e-10
11435.0  9.80698e-10
11440.0  9.79474e-10
11445.0  9.78248e-10
11450.0  9.77027e-10
11455.0  9.75806e-10
11460.0  9.74585e-10
11465.0  9.73368e-10
11470.0  9.72148e-10
11475.0  9.70934e-10
11480.0  9.69721e-10
11485.0  9.68507e-10
11490.0  9.67296e-10
11495.0  9.66086e-10
11500.0  9.64879e-10
11505.0  9.63672e-10
11510.0  9.62466e-10
11515.0  9.6126e-10
11520.0  9.60057e-10
11525.0  9.58858e-10
11530.0  9.57659e-10
11535.0  9.5646e-10
11540.0  9.55264e-10
11545.0  9.54066e-10
11550.0  9.52873e-10
11555.0  9.51678e-10
11560.0  9.50489e-10
11565.0  9.493e-10
11570.0  9.48113e-10
11575.0  9.46927e-10
11580.0  9.45741e-10
11585.0  9.44554e-10
11590.0  9.43374e-10
11595.0  9.42191e-10
11600.0  9.41014e-10
11605.0  9.39835e-10
11610.0  9.38661e-10
11615.0  9.37486e-10
11620.0  9.36312e-10
11625.0  9.35141e-10
11630.0  9.3397e-10
11635.0  9.328e-10
11640.0  9.31635e-10
11645.0  9.30467e-10
11650.0  9.29306e-10
11655.0  9.28142e-10
11660.0  9.26981e-10
11665.0  9.25821e-10
11670.0  9.24664e-10
11675.0  9.23507e-10
11680.0  9.22351e-10
11685.0  9.21199e-10
11690.0  9.20045e-10
11695.0  9.18895e-10
11700.0  9.17748e-10
11705.0  9.16602e-10
11710.0  9.15456e-10
11715.0  9.1431e-10
11720.0  9.13168e-10
11725.0  9.12029e-10
11730.0  9.10888e-10
11735.0  9.09753e-10
11740.0  9.08614e-10
11745.0  9.07481e-10
11750.0  9.06348e-10
11755.0  9.05215e-10
11760.0  9.04086e-10
11765.0  9.02958e-10
11770.0  9.01832e-10
11775.0  9.00706e-10
11780.0  8.99582e-10
11785.0  8.9846e-10
11790.0  8.97342e-10
11795.0  8.96224e-10
11800.0  8.95108e-10
11805.0  8.93992e-10
11810.0  8.92876e-10
11815.0  8.91764e-10
11820.0  8.90655e-10
11825.0  8.89544e-10
11830.0  8.88437e-10
11835.0  8.87332e-10
11840.0  8.8623e-10
11845.0  8.85129e-10
11850.0  8.84024e-10
11855.0  8.82928e-10
11860.0  8.8183e-10
11865.0  8.80736e-10
11870.0  8.79641e-10
11875.0  8.78549e-10
11880.0  8.77459e-10
11885.0  8.76368e-10
11890.0  8.75281e-10
11895.0  8.74196e-10
11900.0  8.73111e-10
11905.0  8.72027e-10
11910.0  8.70948e-10
11915.0  8.69871e-10
11920.0  8.68793e-10
11925.0  8.67716e-10
11930.0  8.66641e-10
11935.0  8.65572e-10
11940.0  8.64501e-10
11945.0  8.63432e-10
11950.0  8.62365e-10
11955.0  8.61299e-10
11960.0  8.60236e-10
11965.0  8.59173e-10
11970.0  8.58113e-10
11975.0  8.57055e-10
11980.0  8.55999e-10
11985.0  8.54943e-10
11990.0  8.53892e-10
11995.0  8.5284e-10
12000.0  8.5179e-10
12005.0  8.50742e-10
12010.0  8.49695e-10
12015.0  8.4865e-10
12020.0  8.47607e-10
12025.0  8.46568e-10
12030.0  8.45531e-10
12035.0  8.44492e-10
12040.0  8.43454e-10
12045.0  8.42421e-10
12050.0  8.41391e-10
12055.0  8.40359e-10
12060.0  8.3933e-10
12065.0  8.38302e-10
12070.0  8.37279e-10
12075.0  8.36256e-10
12080.0  8.35234e-10
12085.0  8.34214e-10
12090.0  8.33193e-10
12095.0  8.32178e-10
12100.0  8.31166e-10
12105.0  8.30152e-10
12110.0  8.29142e-10
12115.0  8.28132e-10
12120.0  8.27127e-10
12125.0  8.26123e-10
12130.0  8.25118e-10
12135.0  8.24115e-10
12140.0  8.23116e-10
12145.0  8.22119e-10
12150.0  8.21121e-10
12155.0  8.20126e-10
12160.0  8.19136e-10
12165.0  8.18144e-10
12170.0  8.17155e-10
12175.0  8.16169e-10
12180.0  8.15184e-10
12185.0  8.14202e-10
12190.0  8.1322e-10
12195.0  8.1224e-10
12200.0  8.11265e-10
12205.0  8.10287e-10
12210.0  8.09312e-10
12215.0  8.08341e-10
12220.0  8.0737e-10
12225.0  8.06404e-10
12230.0  8.05435e-10
12235.0  8.04472e-10
12240.0  8.03508e-10
12245.0  8.02548e-10
12250.0  8.01591e-10
12255.0  8.00633e-10
12260.0  7.99678e-10
12265.0  7.98724e-10
12270.0  7.97772e-10
12275.0  7.9682e-10
12280.0  7.95872e-10
12285.0  7.94929e-10
12290.0  7.93985e-10
12295.0  7.93041e-10
12300.0  7.921e-10
12305.0  7.91162e-10
12310.0  7.90225e-10
12315.0  7.89289e-10
12320.0  7.88358e-10
12325.0  7.87424e-10
12330.0  7.86495e-10
12335.0  7.85569e-10
12340.0  7.84642e-10
12345.0  7.83716e-10
12350.0  7.82795e-10
12355.0  7.81876e-10
12360.0  7.80956e-10
12365.0  7.80039e-10
12370.0  7.79124e-10
12375.0  7.78213e-10
12380.0  7.773e-10
12385.0  7.7639e-10
12390.0  7.75481e-10
12395.0  7.74577e-10
12400.0  7.73672e-10
12405.0  7.7277e-10
12410.0  7.71867e-10
12415.0  7.70971e-10
12420.0  7.70071e-10
12425.0  7.69176e-10
12430.0  7.68282e-10
12435.0  7.6739e-10
12440.0  7.665e-10
12445.0  7.65612e-10
12450.0  7.64724e-10
12455.0  7.6384e-10
12460.0  7.62959e-10
12465.0  7.62076e-10
12470.0  7.61197e-10
12475.0  7.60317e-10
12480.0  7.59442e-10
12485.0  7.58566e-10
12490.0  7.57694e-10
12495.0  7.56821e-10
12500.0  7.55955e-10
12505.0  7.55086e-10
12510.0  7.54222e-10
12515.0  7.53357e-10
12520.0  7.52495e-10
12525.0  7.51636e-10
12530.0  7.50776e-10
12535.0  7.49919e-10
12540.0  7.49061e-10
12545.0  7.48208e-10
12550.0  7.47357e-10
12555.0  7.46508e-10
12560.0  7.45657e-10
12565.0  7.44811e-10
12570.0  7.43966e-10
12575.0  7.43121e-10
12580.0  7.42281e-10
12585.0  7.41443e-10
12590.0  7.40604e-10
12595.0  7.39767e-10
12600.0  7.38932e-10
12605.0  7.38098e-10
12610.0  7.37267e-10
12615.0  7.36435e-10
12620.0  7.35608e-10
12625.0  7.34781e-10
12630.0  7.33957e-10
12635.0  7.33134e-10
12640.0  7.32313e-10
12645.0  7.31491e-10
12650.0  7.30674e-10
12655.0  7.29856e-10
12660.0  7.29042e-10
12665.0  7.28227e-10
12670.0  7.27417e-10
12675.0  7.26605e-10
12680.0  7.25799e-10
12685.0  7.24992e-10
12690.0  7.24189e-10
12695.0  7.23386e-10
12700.0  7.22583e-10
12705.0  7.21782e-10
12710.0  7.20983e-10
12715.0  7.20186e-10
12720.0  7.1939e-10
12725.0  7.18597e-10
12730.0  7.17805e-10
12735.0  7.17016e-10
12740.0  7.16228e-10
12745.0  7.15441e-10
12750.0  7.14656e-10
12755.0  7.1387e-10
12760.0  7.13089e-10
12765.0  7.12308e-10
12770.0  7.1153e-10
12775.0  7.10751e-10
12780.0  7.09975e-10
12785.0  7.09201e-10
12790.0  7.08426e-10
12795.0  7.07656e-10
12800.0  7.06889e-10
12805.0  7.0612e-10
12810.0  7.05354e-10
12815.0  7.0459e-10
12820.0  7.03826e-10
12825.0  7.03065e-10
12830.0  7.02305e-10
12835.0  7.01545e-10
12840.0  7.00788e-10
12845.0  7.00036e-10
12850.0  6.9928e-10
12855.0  6.98529e-10
12860.0  6.97776e-10
12865.0  6.97028e-10
12870.0  6.96282e-10
12875.0  6.95536e-10
12880.0  6.94791e-10
12885.0  6.94048e-10
12890.0  6.93305e-10
12895.0  6.92568e-10
12900.0  6.91829e-10
12905.0  6.91093e-10
12910.0  6.90358e-10
12915.0  6.89623e-10
12920.0  6.88892e-10
12925.0  6.88161e-10
12930.0  6.87432e-10
12935.0  6.86706e-10
12940.0  6.8598e-10
12945.0  6.85257e-10
12950.0  6.84533e-10
12955.0  6.83811e-10
12960.0  6.83092e-10
12965.0  6.82375e-10
12970.0  6.81658e-10
12975.0  6.80941e-10
12980.0  6.80226e-10
12985.0  6.79515e-10
12990.0  6.78804e-10
12995.0  6.78094e-10
13000.0  6.77389e-10
13005.0  6.76682e-10
13010.0  6.75978e-10
13015.0  6.75274e-10
13020.0  6.74571e-10
13025.0  6.73872e-10
13030.0  6.73174e-10
13035.0  6.72476e-10
13040.0  6.71779e-10
13045.0  6.71087e-10
13050.0  6.70391e-10
13055.0  6.697e-10
13060.0  6.69012e-10
13065.0  6.68323e-10
13070.0  6.67636e-10
13075.0  6.66952e-10
13080.0  6.66267e-10
13085.0  6.65582e-10
13090.0  6.64902e-10
13095.0  6.64223e-10
13100.0  6.63543e-10
13105.0  6.62869e-10
13110.0  6.62193e-10
13115.0  6.61517e-10
13120.0  6.60846e-10
13125.0  6.60174e-10
13130.0  6.59504e-10
13135.0  6.58838e-10
13140.0  6.58172e-10
13145.0  6.57505e-10
13150.0  6.56842e-10
13155.0  6.56179e-10
13160.0  6.55517e-10
13165.0  6.54857e-10
13170.0  6.542e-10
13175.0  6.53543e-10
13180.0  6.52887e-10
13185.0  6.52235e-10
13190.0  6.51582e-10
13195.0  6.5093e-10
13200.0  6.50281e-10
13205.0  6.49632e-10
13210.0  6.48985e-10
13215.0  6.4834e-10
13220.0  6.47695e-10
13225.0  6.4705e-10
13230.0  6.46408e-10
13235.0  6.4577e-10
13240.0  6.45131e-10
13245.0  6.44496e-10
13250.0  6.43858e-10
13255.0  6.43223e-10
13260.0  6.4259e-10
13265.0  6.41959e-10
13270.0  6.41328e-10
13275.0  6.40699e-10
13280.0  6.4007e-10
13285.0  6.39445e-10
13290.0  6.38821e-10
13295.0  6.38198e-10
13300.0  6.37574e-10
13305.0  6.36951e-10
13310.0  6.36331e-10
13315.0  6.35715e-10
13320.0  6.35099e-10
13325.0  6.34484e-10
13330.0  6.33868e-10
13335.0  6.33254e-10
13340.0  6.32642e-10
13345.0  6.32033e-10
13350.0  6.31425e-10
13355.0  6.30816e-10
13360.0  6.30211e-10
13365.0  6.29606e-10
13370.0  6.29003e-10
13375.0  6.284e-10
13380.0  6.278e-10
13385.0  6.27199e-10
13390.0  6.266e-10
13395.0  6.26002e-10
13400.0  6.25408e-10
13405.0  6.24813e-10
13410.0  6.2422e-10
13415.0  6.23629e-10
13420.0  6.23038e-10
13425.0  6.22449e-10
13430.0  6.21859e-10
13435.0  6.21276e-10
13440.0  6.20689e-10
13445.0  6.20103e-10
13450.0  6.19522e-10
13455.0  6.1894e-10
13460.0  6.1836e-10
13465.0  6.17781e-10
13470.0  6.17204e-10
13475.0  6.16627e-10
13480.0  6.16052e-10
13485.0  6.15478e-10
13490.0  6.14906e-10
13495.0  6.14333e-10
13500.0  6.13764e-10
13505.0  6.13195e-10
13510.0  6.12626e-10
13515.0  6.12059e-10
13520.0  6.11495e-10
13525.0  6.10931e-10
13530.0  6.1037e-10
13535.0  6.09807e-10
13540.0  6.09246e-10
13545.0  6.08687e-10
13550.0  6.08129e-10
13555.0  6.07575e-10
13560.0  6.07018e-10
13565.0  6.06466e-10
13570.0  6.05913e-10
13575.0  6.05361e-10
13580.0  6.04811e-10
13585.0  6.0426e-10
13590.0  6.03712e-10
13595.0  6.03165e-10
13600.0  6.02621e-10
13605.0  6.02077e-10
13610.0  6.01532e-10
13615.0  6.00992e-10
13620.0  6.0045e-10
13625.0  5.99912e-10
13630.0  5.99374e-10
13635.0  5.98835e-10
13640.0  5.983e-10
13645.0  5.97764e-10
13650.0  5.9723e-10
13655.0  5.96697e-10
13660.0  5.96169e-10
13665.0  5.95637e-10
13670.0  5.95109e-10
13675.0  5.94582e-10
13680.0  5.94057e-10
13685.0  5.9353e-10
13690.0  5.93004e-10
13695.0  5.92483e-10
13700.0  5.9196e-10
13705.0  5.91441e-10
13710.0  5.9092e-10
13715.0  5.90403e-10
13720.0  5.89885e-10
13725.0  5.89368e-10
13730.0  5.88853e-10
13735.0  5.88339e-10
13740.0  5.87828e-10
13745.0  5.87316e-10
13750.0  5.86805e-10
13755.0  5.86297e-10
13760.0  5.85788e-10
13765.0  5.85281e-10
13770.0  5.84776e-10
13775.0  5.84272e-10
13780.0  5.83768e-10
13785.0  5.83264e-10
13790.0  5.82762e-10
13795.0  5.82261e-10
13800.0  5.81763e-10
13805.0  5.81266e-10
13810.0  5.80769e-10
13815.0  5.80273e-10
13820.0  5.79779e-10
13825.0  5.79285e-10
13830.0  5.78792e-10
13835.0  5.78301e-10
13840.0  5.77812e-10
13845.0  5.77321e-10
13850.0  5.76831e-10
13855.0  5.76346e-10
13860.0  5.75859e-10
13865.0  5.75376e-10
13870.0  5.7489e-10
13875.0  5.74407e-10
13880.0  5.73927e-10
13885.0  5.73445e-10
13890.0  5.72967e-10
13895.0  5.72487e-10
13900.0  5.72011e-10
13905.0  5.71535e-10
13910.0  5.71059e-10
13915.0  5.70584e-10
13920.0  5.70112e-10
13925.0  5.6964e-10
13930.0  5.6917e-10
13935.0  5.687e-10
13940.0  5.68231e-10
13945.0  5.67763e-10
13950.0  5.67296e-10
13955.0  5.66831e-10
13960.0  5.66365e-10
13965.0  5.65902e-10
13970.0  5.65439e-10
13975.0  5.64979e-10
13980.0  5.64517e-10
13985.0  5.64057e-10
13990.0  5.63599e-10
13995.0  5.63141e-10
14000.0  5.62684e-10
14005.0  5.62229e-10
14010.0  5.61773e-10
14015.0  5.61321e-10
14020.0  5.60869e-10
14025.0  5.60417e-10
14030.0  5.59967e-10
14035.0  5.59517e-10
14040.0  5.59066e-10
14045.0  5.5862e-10
14050.0  5.58173e-10
14055.0  5.57729e-10
14060.0  5.57283e-10
14065.0  5.56839e-10
14070.0  5.56397e-10
14075.0  5.55957e-10
14080.0  5.55514e-10
14085.0  5.55074e-10
14090.0  5.54638e-10
14095.0  5.54199e-10
14100.0  5.53763e-10
14105.0  5.53327e-10
14110.0  5.52892e-10
14115.0  5.52459e-10
14120.0  5.52027e-10
14125.0  5.51595e-10
14130.0  5.51161e-10
14135.0  5.50733e-10
14140.0  5.50304e-10
14145.0  5.49876e-10
14150.0  5.49448e-10
14155.0  5.49022e-10
14160.0  5.48596e-10
14165.0  5.48173e-10
14170.0  5.4775e-10
14175.0  5.47325e-10
14180.0  5.46904e-10
14185.0  5.46485e-10
14190.0  5.46065e-10
14195.0  5.45646e-10
14200.0  5.45228e-10
14205.0  5.4481e-10
14210.0  5.44396e-10
14215.0  5.43982e-10
14220.0  5.43567e-10
14225.0  5.43153e-10
14230.0  5.42739e-10
14235.0  5.42329e-10
14240.0  5.41917e-10
14245.0  5.4151e-10
14250.0  5.41101e-10
14255.0  5.40692e-10
14260.0  5.40285e-10
14265.0  5.39879e-10
14270.0  5.39474e-10
14275.0  5.39071e-10
14280.0  5.38667e-10
14285.0  5.38264e-10
14290.0  5.37861e-10
14295.0  5.37461e-10
14300.0  5.3706e-10
14305.0  5.36661e-10
14310.0  5.36265e-10
14315.0  5.35868e-10
14320.0  5.35472e-10
14325.0  5.35075e-10
14330.0  5.34679e-10
14335.0  5.34287e-10
14340.0  5.33894e-10
14345.0  5.33502e-10
14350.0  5.33109e-10
14355.0  5.3272e-10
14360.0  5.32331e-10
14365.0  5.31941e-10
14370.0  5.31553e-10
14375.0  5.31166e-10
14380.0  5.30782e-10
14385.0  5.30395e-10
14390.0  5.30011e-10
14395.0  5.29624e-10
14400.0  5.29242e-10
14405.0  5.28861e-10
14410.0  5.28479e-10
14415.0  5.281e-10
14420.0  5.27719e-10
14425.0  5.2734e-10
14430.0  5.26962e-10
14435.0  5.26584e-10
14440.0  5.26209e-10
14445.0  5.25834e-10
14450.0  5.2546e-10
14455.0  5.25086e-10
14460.0  5.24711e-10
14465.0  5.2434e-10
14470.0  5.23968e-10
14475.0  5.23597e-10
14480.0  5.23226e-10
14485.0  5.22858e-10
14490.0  5.22488e-10
14495.0  5.2212e-10
14500.0  5.21753e-10
14505.0  5.21388e-10
14510.0  5.21022e-10
14515.0  5.20657e-10
14520.0  5.20294e-10
14525.0  5.1993e-10
14530.0  5.19569e-10
14535.0  5.19205e-10
14540.0  5.18844e-10
14545.0  5.18485e-10
14550.0  5.18127e-10
14555.0  5.17768e-10
14560.0  5.17411e-10
14565.0  5.17054e-10
14570.0  5.16698e-10
14575.0  5.16342e-10
14580.0  5.15988e-10
14585.0  5.15633e-10
14590.0  5.15279e-10
14595.0  5.14926e-10
14600.0  5.14576e-10
14605.0  5.14223e-10
14610.0  5.13873e-10
14615.0  5.13524e-10
14620.0  5.13174e-10
14625.0  5.12826e-10
14630.0  5.12479e-10
14635.0  5.12133e-10
14640.0  5.11787e-10
14645.0  5.11441e-10
14650.0  5.11095e-10
14655.0  5.10754e-10
14660.0  5.10407e-10
14665.0  5.10065e-10
14670.0  5.09723e-10
14675.0  5.09383e-10
14680.0  5.09042e-10
14685.0  5.08703e-10
14690.0  5.08364e-10
14695.0  5.08025e-10
14700.0  5.07688e-10
14705.0  5.07349e-10
14710.0  5.07013e-10
14715.0  5.06678e-10
14720.0  5.06344e-10
14725.0  5.06009e-10
14730.0  5.05673e-10
14735.0  5.05343e-10
14740.0  5.05011e-10
14745.0  5.04679e-10
14750.0  5.04348e-10
14755.0  5.04016e-10
14760.0  5.03686e-10
14765.0  5.03357e-10
14770.0  5.03029e-10
14775.0  5.02701e-10
14780.0  5.02373e-10
14785.0  5.02046e-10
14790.0  5.01721e-10
14795.0  5.01397e-10
14800.0  5.01073e-10
14805.0  5.00749e-10
14810.0  5.00424e-10
14815.0  5.00101e-10
14820.0  4.9978e-10
14825.0  4.99459e-10
14830.0  4.99138e-10
14835.0  4.98817e-10
14840.0  4.98497e-10
14845.0  4.98177e-10
14850.0  4.97859e-10
14855.0  4.97541e-10
14860.0  4.97225e-10
14865.0  4.96908e-10
14870.0  4.96591e-10
14875.0  4.96277e-10
14880.0  4.95961e-10
14885.0  4.95647e-10
14890.0  4.95333e-10
14895.0  4.9502e-10
14900.0  4.94707e-10
14905.0  4.94396e-10
14910.0  4.94083e-10
14915.0  4.93774e-10
14920.0  4.93463e-10
14925.0  4.93154e-10
14930.0  4.92844e-10
14935.0  4.92537e-10
14940.0  4.92228e-10
14945.0  4.91922e-10
14950.0  4.91615e-10
14955.0  4.91308e-10
14960.0  4.91003e-10
14965.0  4.90697e-10
14970.0  4.90394e-10
14975.0  4.90088e-10
14980.0  4.89785e-10
14985.0  4.89482e-10
14990.0  4.8918e-10
14995.0  4.88878e-10
15000.0  4.88577e-10
15005.0  4.88276e-10
15010.0  4.87976e-10
15015.0  4.87677e-10
15020.0  4.87379e-10
15025.0  4.8708e-10
15030.0  4.86781e-10
15035.0  4.86485e-10
15040.0  4.86187e-10
15045.0  4.85891e-10
15050.0  4.85595e-10
15055.0  4.853e-10
15060.0  4.85004e-10
15065.0  4.84709e-10
15070.0  4.84416e-10
15075.0  4.84122e-10
15080.0  4.8383e-10
15085.0  4.83538e-10
15090.0  4.83247e-10
15095.0  4.82955e-10
15100.0  4.82662e-10
15105.0  4.8237e-10
15110.0  4.82082e-10
15115.0  4.81791e-10
15120.0  4.81502e-10
15125.0  4.81214e-10
15130.0  4.80926e-10
15135.0  4.80638e-10
15140.0  4.80352e-10
15145.0  4.80065e-10
15150.0  4.79779e-10
15155.0  4.79493e-10
15160.0  4.79208e-10
15165.0  4.78923e-10
15170.0  4.78638e-10
15175.0  4.78354e-10
15180.0  4.78072e-10
15185.0  4.77789e-10
15190.0  4.77507e-10
15195.0  4.77223e-10
15200.0  4.76942e-10
15205.0  4.76661e-10
15210.0  4.7638e-10
15215.0  4.76099e-10
15220.0  4.75821e-10
15225.0  4.75541e-10
15230.0  4.75262e-10
15235.0  4.74982e-10
15240.0  4.74703e-10
15245.0  4.74427e-10
15250.0  4.74149e-10
15255.0  4.73872e-10
15260.0  4.73595e-10
15265.0  4.73319e-10
15270.0  4.73044e-10
15275.0  4.72768e-10
15280.0  4.72493e-10
15285.0  4.72219e-10
15290.0  4.71944e-10
15295.0  4.7167e-10
15300.0  4.71397e-10
15305.0  4.71123e-10
15310.0  4.70852e-10
15315.0  4.70579e-10
15320.0  4.70308e-10
15325.0  4.70036e-10
15330.0  4.69764e-10
15335.0  4.69495e-10
15340.0  4.69225e-10
15345.0  4.68954e-10
15350.0  4.68684e-10
15355.0  4.68416e-10
15360.0  4.68147e-10
15365.0  4.67877e-10
15370.0  4.6761e-10
15375.0  4.67344e-10
15380.0  4.67077e-10
15385.0  4.66807e-10
15390.0  4.66541e-10
15395.0  4.66277e-10
15400.0  4.6601e-10
15405.0  4.65744e-10
15410.0  4.65478e-10
15415.0  4.65214e-10
15420.0  4.64949e-10
15425.0  4.64685e-10
15430.0  4.64422e-10
15435.0  4.64158e-10
15440.0  4.63895e-10
15445.0  4.63632e-10
15450.0  4.6337e-10
15455.0  4.63106e-10
15460.0  4.62844e-10
15465.0  4.62582e-10
15470.0  4.62321e-10
15475.0  4.62058e-10
15480.0  4.61799e-10
15485.0  4.61539e-10
15490.0  4.61279e-10
15495.0  4.61018e-10
15500.0  4.60758e-10
15505.0  4.60502e-10
15510.0  4.60243e-10
15515.0  4.59983e-10
15520.0  4.59724e-10
15525.0  4.59468e-10
15530.0  4.59209e-10
15535.0  4.5895e-10
15540.0  4.58693e-10
15545.0  4.58438e-10
15550.0  4.58181e-10
15555.0  4.57923e-10
15560.0  4.57667e-10
15565.0  4.57411e-10
15570.0  4.57155e-10
15575.0  4.56899e-10
15580.0  4.56646e-10
15585.0  4.56391e-10
15590.0  4.56136e-10
15595.0  4.55883e-10
15600.0  4.55628e-10
15605.0  4.55374e-10
15610.0  4.5512e-10
15615.0  4.54867e-10
15620.0  4.54615e-10
15625.0  4.54362e-10
15630.0  4.54107e-10
15635.0  4.53855e-10
15640.0  4.53603e-10
15645.0  4.53351e-10
15650.0  4.53101e-10
15655.0  4.5285e-10
15660.0  4.52597e-10
15665.0  4.52346e-10
15670.0  4.52095e-10
15675.0  4.51844e-10
15680.0  4.51596e-10
15685.0  4.51345e-10
15690.0  4.51095e-10
15695.0  4.50845e-10
15700.0  4.50595e-10
15705.0  4.50346e-10
15710.0  4.50097e-10
15715.0  4.49849e-10
15720.0  4.496e-10
15725.0  4.49351e-10
15730.0  4.49103e-10
15735.0  4.48854e-10
15740.0  4.48605e-10
15745.0  4.48357e-10
15750.0  4.48111e-10
15755.0  4.47864e-10
15760.0  4.47615e-10
15765.0  4.47369e-10
15770.0  4.47121e-10
15775.0  4.46876e-10
15780.0  4.46627e-10
15785.0  4.46383e-10
15790.0  4.46134e-10
15795.0  4.45889e-10
15800.0  4.45644e-10
15805.0  4.45398e-10
15810.0  4.45151e-10
15815.0  4.44905e-10
15820.0  4.4466e-10
15825.0  4.44416e-10
15830.0  4.44171e-10
15835.0  4.43925e-10
15840.0  4.4368e-10
15845.0  4.43436e-10
15850.0  4.43192e-10
15855.0  4.42946e-10
15860.0  4.42704e-10
15865.0  4.42459e-10
15870.0  4.42214e-10
15875.0  4.4197e-10
15880.0  4.41727e-10
15885.0  4.41483e-10
15890.0  4.41238e-10
15895.0  4.40996e-10
15900.0  4.40752e-10
15905.0  4.4051e-10
15910.0  4.40266e-10
15915.0  4.40023e-10
15920.0  4.3978e-10
15925.0  4.39538e-10
15930.0  4.39293e-10
15935.0  4.39051e-10
15940.0  4.38809e-10
15945.0  4.38565e-10
15950.0  4.38323e-10
15955.0  4.38082e-10
15960.0  4.3784e-10
15965.0  4.37597e-10
15970.0  4.37354e-10
15975.0  4.37113e-10
15980.0  4.36871e-10
15985.0  4.3663e-10
15990.0  4.36386e-10
15995.0  4.36144e-10
16000.0  4.35902e-10
16005.0  4.35661e-10
16010.0  4.3542e-10
16015.0  4.35178e-10
16020.0  4.34937e-10
16025.0  4.34695e-10
16030.0  4.34454e-10
16035.0  4.34213e-10
16040.0  4.33971e-10
16045.0  4.3373e-10
16050.0  4.33489e-10
16055.0  4.33246e-10
16060.0  4.33005e-10
16065.0  4.32765e-10
16070.0  4.32523e-10
16075.0  4.32282e-10
16080.0  4.3204e-10
16085.0  4.31799e-10
16090.0  4.31557e-10
16095.0  4.31316e-10
16100.0  4.31077e-10
16105.0  4.30837e-10
16110.0  4.30596e-10
16115.0  4.30354e-10
16120.0  4.30112e-10
16125.0  4.29871e-10
16130.0  4.2963e-10
16135.0  4.29389e-10
16140.0  4.29148e-10
16145.0  4.28905e-10
16150.0  4.28664e-10
16155.0  4.28423e-10
16160.0  4.28185e-10
16165.0  4.27944e-10
16170.0  4.27702e-10
16175.0  4.2746e-10
16180.0  4.27219e-10
16185.0  4.26978e-10
16190.0  4.26737e-10
16195.0  4.26495e-10
16200.0  4.26253e-10
16205.0  4.26013e-10
16210.0  4.25772e-10
16215.0  4.2553e-10
16220.0  4.25289e-10
16225.0  4.25047e-10
16230.0  4.24806e-10
16235.0  4.24564e-10
16240.0  4.2432e-10
16245.0  4.24079e-10
16250.0  4.23837e-10
16255.0  4.23594e-10
16260.0  4.23354e-10
16265.0  4.23111e-10
16270.0  4.22869e-10
16275.0  4.22626e-10
16280.0  4.22384e-10
16285.0  4.22142e-10
16290.0  4.21898e-10
16295.0  4.21657e-10
16300.0  4.21415e-10
16305.0  4.21171e-10
16310.0  4.2093e-10
16315.0  4.20688e-10
16320.0  4.20444e-10
16325.0  4.20201e-10
16330.0  4.19957e-10
16335.0  4.19714e-10
16340.0  4.19471e-10
16345.0  4.19228e-10
16350.0  4.18984e-10
16355.0  4.18739e-10
16360.0  4.18497e-10
16365.0  4.18252e-10
16370.0  4.18008e-10
16375.0  4.17766e-10
16380.0  4.17521e-10
16385.0  4.17276e-10
16390.0  4.17031e-10
16395.0  4.16786e-10
16400.0  4.16542e-10
16405.0  4.16299e-10
16410.0  4.16055e-10
16415.0  4.15809e-10
16420.0  4.15565e-10
16425.0  4.15319e-10
16430.0  4.15074e-10
16435.0  4.1483e-10
16440.0  4.14584e-10
16445.0  4.14339e-10
16450.0  4.14092e-10
16455.0  4.13846e-10
16460.0  4.13601e-10
16465.0  4.13356e-10
16470.0  4.13111e-10
16475.0  4.12863e-10
16480.0  4.12617e-10
16485.0  4.12372e-10
16490.0  4.12127e-10
16495.0  4.11879e-10
16500.0  4.11634e-10
16505.0  4.11388e-10
16510.0  4.11141e-10
16515.0  4.10894e-10
16520.0  4.10648e-10
16525.0  4.10402e-10
16530.0  4.10153e-10
16535.0  4.09908e-10
16540.0  4.0966e-10
16545.0  4.09414e-10
16550.0  4.09165e-10
16555.0  4.08918e-10
16560.0  4.08672e-10
16565.0  4.08424e-10
16570.0  4.08176e-10
16575.0  4.0793e-10
16580.0  4.07682e-10
16585.0  4.07433e-10
16590.0  4.07185e-10
16595.0  4.06937e-10
16600.0  4.0669e-10
16605.0  4.06443e-10
16610.0  4.06193e-10
16615.0  4.05945e-10
16620.0  4.05697e-10
16625.0  4.05448e-10
16630.0  4.05199e-10
16635.0  4.04951e-10
16640.0  4.04702e-10
16645.0  4.04453e-10
16650.0  4.04205e-10
16655.0  4.03957e-10
16660.0  4.03708e-10
16665.0  4.03459e-10
16670.0  4.03211e-10
16675.0  4.02959e-10
16680.0  4.0271e-10
16685.0  4.02462e-10
16690.0  4.02213e-10
16695.0  4.01961e-10
16700.0  4.01712e-10
16705.0  4.01463e-10
16710.0  4.01214e-10
16715.0  4.00963e-10
16720.0  4.00713e-10
16725.0  4.00462e-10
16730.0  4.00214e-10
16735.0  3.99965e-10
16740.0  3.99713e-10
16745.0  3.99463e-10
16750.0  3.99212e-10
16755.0  3.98963e-10
16760.0  3.98711e-10
16765.0  3.98459e-10
16770.0  3.9821e-10
16775.0  3.97958e-10
16780.0  3.97709e-10
16785.0  3.97457e-10
16790.0  3.97205e-10
16795.0  3.96955e-10
16800.0  3.96703e-10
16805.0  3.96452e-10
16810.0  3.96203e-10
16815.0  3.95951e-10
16820.0  3.95699e-10
16825.0  3.95447e-10
16830.0  3.95196e-10
16835.0  3.94945e-10
16840.0  3.94694e-10
16845.0  3.94441e-10
16850.0  3.9419e-10
16855.0  3.93937e-10
16860.0  3.93685e-10
16865.0  3.93433e-10
16870.0  3.9318e-10
16875.0  3.92929e-10
16880.0  3.92676e-10
16885.0  3.92424e-10
16890.0  3.92172e-10
16895.0  3.9192e-10
16900.0  3.91668e-10
16905.0  3.91415e-10
16910.0  3.91163e-10
16915.0  3.90907e-10
16920.0  3.90655e-10
16925.0  3.90403e-10
16930.0  3.90151e-10
16935.0  3.89898e-10
16940.0  3.89643e-10
16945.0  3.89391e-10
16950.0  3.89138e-10
16955.0  3.88883e-10
16960.0  3.88631e-10
16965.0  3.88377e-10
16970.0  3.88122e-10
16975.0  3.8787e-10
16980.0  3.87618e-10
16985.0  3.87362e-10
16990.0  3.8711e-10
16995.0  3.86855e-10
17000.0  3.86602e-10
17005.0  3.86347e-10
17010.0  3.86094e-10
17015.0  3.85838e-10
17020.0  3.85586e-10
17025.0  3.8533e-10
17030.0  3.85077e-10
17035.0  3.84823e-10
17040.0  3.8457e-10
17045.0  3.84314e-10
17050.0  3.84059e-10
17055.0  3.83806e-10
17060.0  3.83551e-10
17065.0  3.83296e-10
17070.0  3.83042e-10
17075.0  3.82787e-10
17080.0  3.82531e-10
17085.0  3.82278e-10
17090.0  3.82022e-10
17095.0  3.81768e-10
17100.0  3.81511e-10
17105.0  3.81256e-10
17110.0  3.81003e-10
17115.0  3.80748e-10
17120.0  3.80492e-10
17125.0  3.80235e-10
17130.0  3.7998e-10
17135.0  3.79724e-10
17140.0  3.79468e-10
17145.0  3.79213e-10
17150.0  3.78957e-10
17155.0  3.78701e-10
17160.0  3.78445e-10
17165.0  3.7819e-10
17170.0  3.77934e-10
17175.0  3.77678e-10
17180.0  3.77422e-10
17185.0  3.77166e-10
17190.0  3.76911e-10
17195.0  3.76655e-10
17200.0  3.76399e-10
17205.0  3.76143e-10
17210.0  3.75888e-10
17215.0  3.75631e-10
17220.0  3.75372e-10
17225.0  3.75116e-10
17230.0  3.74861e-10
17235.0  3.74604e-10
17240.0  3.74348e-10
17245.0  3.74089e-10
17250.0  3.73834e-10
17255.0  3.73578e-10
17260.0  3.73321e-10
17265.0  3.73063e-10
17270.0  3.72807e-10
17275.0  3.7255e-10
17280.0  3.72292e-10
17285.0  3.72037e-10
17290.0  3.71779e-10
17295.0  3.71521e-10
17300.0  3.71265e-10
17305.0  3.71006e-10
17310.0  3.7075e-10
17315.0  3.70493e-10
17320.0  3.70235e-10
17325.0  3.69978e-10
17330.0  3.6972e-10
17335.0  3.69463e-10
17340.0  3.69205e-10
17345.0  3.68948e-10
17350.0  3.68689e-10
17355.0  3.68432e-10
17360.0  3.68174e-10
17365.0  3.67918e-10
17370.0  3.67659e-10
17375.0  3.67399e-10
17380.0  3.67143e-10
17385.0  3.66885e-10
17390.0  3.66628e-10
17395.0  3.66369e-10
17400.0  3.6611e-10
17405.0  3.65853e-10
17410.0  3.65594e-10
17415.0  3.65335e-10
17420.0  3.65078e-10
17425.0  3.6482e-10
17430.0  3.64561e-10
17435.0  3.64304e-10
17440.0  3.64045e-10
17445.0  3.63785e-10
17450.0  3.63526e-10
17455.0  3.6327e-10
17460.0  3.63011e-10
17465.0  3.62752e-10
17470.0  3.62493e-10
17475.0  3.62233e-10
17480.0  3.61974e-10
17485.0  3.61717e-10
17490.0  3.61459e-10
17495.0  3.61199e-10
17500.0  3.60939e-10
17505.0  3.6068e-10
17510.0  3.60421e-10
17515.0  3.60162e-10
17520.0  3.59905e-10
17525.0  3.59645e-10
17530.0  3.59387e-10
17535.0  3.59127e-10
17540.0  3.58867e-10
17545.0  3.58608e-10
17550.0  3.58349e-10
17555.0  3.58089e-10
17560.0  3.5783e-10
17565.0  3.57571e-10
17570.0  3.57311e-10
17575.0  3.57053e-10
17580.0  3.56792e-10
17585.0  3.56533e-10
17590.0  3.56274e-10
17595.0  3.56014e-10
17600.0  3.55755e-10
17605.0  3.55493e-10
17610.0  3.55232e-10
17615.0  3.54973e-10
17620.0  3.54715e-10
17625.0  3.54455e-10
17630.0  3.54195e-10
17635.0  3.53936e-10
17640.0  3.53676e-10
17645.0  3.53416e-10
17650.0  3.53154e-10
17655.0  3.52895e-10
17660.0  3.52635e-10
17665.0  3.52375e-10
17670.0  3.52116e-10
17675.0  3.51853e-10
17680.0  3.51593e-10
17685.0  3.51335e-10
17690.0  3.51075e-10
17695.0  3.50815e-10
17700.0  3.50553e-10
17705.0  3.50293e-10
17710.0  3.50034e-10
17715.0  3.49774e-10
17720.0  3.49511e-10
17725.0  3.49252e-10
17730.0  3.48992e-10
17735.0  3.4873e-10
17740.0  3.4847e-10
17745.0  3.48211e-10
17750.0  3.47951e-10
17755.0  3.47689e-10
17760.0  3.47429e-10
17765.0  3.47169e-10
17770.0  3.46907e-10
17775.0  3.46647e-10
17780.0  3.46385e-10
17785.0  3.46125e-10
17790.0  3.45865e-10
17795.0  3.45603e-10
17800.0  3.45343e-10
17805.0  3.45083e-10
17810.0  3.44822e-10
17815.0  3.44561e-10
17820.0  3.44299e-10
17825.0  3.44039e-10
17830.0  3.43779e-10
17835.0  3.43516e-10
17840.0  3.43257e-10
17845.0  3.42994e-10
17850.0  3.42734e-10
17855.0  3.42472e-10
17860.0  3.42212e-10
17865.0  3.4195e-10
17870.0  3.4169e-10
17875.0  3.41427e-10
17880.0  3.41168e-10
17885.0  3.40908e-10
17890.0  3.40646e-10
17895.0  3.40385e-10
17900.0  3.40123e-10
17905.0  3.39862e-10
17910.0  3.396e-10
17915.0  3.3934e-10
17920.0  3.39078e-10
17925.0  3.38815e-10
17930.0  3.38555e-10
17935.0  3.38293e-10
17940.0  3.38032e-10
17945.0  3.3777e-10
17950.0  3.3751e-10
17955.0  3.37248e-10
17960.0  3.36988e-10
17965.0  3.36726e-10
17970.0  3.36466e-10
17975.0  3.36203e-10
17980.0  3.3594e-10
17985.0  3.3568e-10
17990.0  3.35418e-10
17995.0  3.35158e-10
18000.0  3.34895e-10
18005.0  3.34633e-10
18010.0  3.34372e-10
18015.0  3.3411e-10
18020.0  3.3385e-10
18025.0  3.33588e-10
18030.0  3.33325e-10
18035.0  3.33064e-10
18040.0  3.32803e-10
18045.0  3.32542e-10
18050.0  3.32279e-10
18055.0  3.32017e-10
18060.0  3.31757e-10
18065.0  3.31494e-10
18070.0  3.31232e-10
18075.0  3.30971e-10
18080.0  3.30709e-10
18085.0  3.30446e-10
18090.0  3.30186e-10
18095.0  3.29923e-10
18100.0  3.29663e-10
18105.0  3.29401e-10
18110.0  3.29138e-10
18115.0  3.28878e-10
18120.0  3.28615e-10
18125.0  3.28353e-10
18130.0  3.28093e-10
18135.0  3.2783e-10
18140.0  3.27568e-10
18145.0  3.27307e-10
18150.0  3.27044e-10
18155.0  3.26782e-10
18160.0  3.26522e-10
18165.0  3.2626e-10
18170.0  3.25997e-10
18175.0  3.25736e-10
18180.0  3.25474e-10
18185.0  3.25211e-10
18190.0  3.24948e-10
18195.0  3.24688e-10
18200.0  3.24426e-10
18205.0  3.24163e-10
18210.0  3.23902e-10
18215.0  3.2364e-10
18220.0  3.23377e-10
18225.0  3.23118e-10
18230.0  3.22854e-10
18235.0  3.22592e-10
18240.0  3.22332e-10
18245.0  3.22069e-10
18250.0  3.21806e-10
18255.0  3.21544e-10
18260.0  3.21283e-10
18265.0  3.21021e-10
18270.0  3.20759e-10
18275.0  3.20498e-10
18280.0  3.20235e-10
18285.0  3.19972e-10
18290.0  3.19713e-10
18295.0  3.1945e-10
18300.0  3.19187e-10
18305.0  3.18928e-10
18310.0  3.18665e-10
18315.0  3.18402e-10
18320.0  3.18139e-10
18325.0  3.17879e-10
18330.0  3.17616e-10
18335.0  3.17354e-10
18340.0  3.17093e-10
18345.0  3.1683e-10
18350.0  3.16568e-10
18355.0  3.16308e-10
18360.0  3.16045e-10
18365.0  3.15783e-10
18370.0  3.15523e-10
18375.0  3.1526e-10
18380.0  3.14997e-10
18385.0  3.14737e-10
18390.0  3.14475e-10
18395.0  3.14213e-10
18400.0  3.13952e-10
18405.0  3.13689e-10
18410.0  3.13427e-10
18415.0  3.13167e-10
18420.0  3.12904e-10
18425.0  3.12641e-10
18430.0  3.12381e-10
18435.0  3.12118e-10
18440.0  3.11856e-10
18445.0  3.11596e-10
18450.0  3.11333e-10
18455.0  3.11071e-10
18460.0  3.1081e-10
18465.0  3.10548e-10
18470.0  3.10285e-10
18475.0  3.10025e-10
18480.0  3.09762e-10
18485.0  3.09499e-10
18490.0  3.09239e-10
18495.0  3.08977e-10
18500.0  3.08717e-10
18505.0  3.08454e-10
18510.0  3.08192e-10
18515.0  3.07932e-10
18520.0  3.0767e-10
18525.0  3.07409e-10
18530.0  3.07147e-10
18535.0  3.06884e-10
18540.0  3.06624e-10
18545.0  3.06362e-10
18550.0  3.06101e-10
18555.0  3.05839e-10
18560.0  3.05576e-10
18565.0  3.05316e-10
18570.0  3.05054e-10
18575.0  3.04794e-10
18580.0  3.04532e-10
18585.0  3.04271e-10
18590.0  3.04009e-10
18595.0  3.03746e-10
18600.0  3.03486e-10
18605.0  3.03224e-10
18610.0  3.02963e-10
18615.0  3.02701e-10
18620.0  3.02441e-10
18625.0  3.02179e-10
18630.0  3.01918e-10
18635.0  3.01657e-10
18640.0  3.01396e-10
18645.0  3.01134e-10
18650.0  3.00874e-10
18655.0  3.00611e-10
18660.0  3.00352e-10
18665.0  3.00089e-10
18670.0  2.99829e-10
18675.0  2.99567e-10
18680.0  2.99307e-10
18685.0  2.99045e-10
18690.0  2.98784e-10
18695.0  2.98522e-10
18700.0  2.98262e-10
18705.0  2.98e-10
18710.0  2.9774e-10
18715.0  2.9748e-10
18720.0  2.97217e-10
18725.0  2.96958e-10
18730.0  2.96695e-10
18735.0  2.96435e-10
18740.0  2.96175e-10
18745.0  2.95914e-10
18750.0  2.95653e-10
18755.0  2.95391e-10
18760.0  2.95131e-10
18765.0  2.94872e-10
18770.0  2.9461e-10
18775.0  2.9435e-10
18780.0  2.9409e-10
18785.0  2.93827e-10
18790.0  2.93568e-10
18795.0  2.93308e-10
18800.0  2.93046e-10
18805.0  2.92786e-10
18810.0  2.92526e-10
18815.0  2.92264e-10
18820.0  2.92004e-10
18825.0  2.91744e-10
18830.0  2.91485e-10
18835.0  2.91223e-10
18840.0  2.90962e-10
18845.0  2.90704e-10
18850.0  2.90444e-10
18855.0  2.90182e-10
18860.0  2.89922e-10
18865.0  2.89662e-10
18870.0  2.89403e-10
18875.0  2.89144e-10
18880.0  2.88881e-10
18885.0  2.88621e-10
18890.0  2.88362e-10
18895.0  2.88103e-10
18900.0  2.87843e-10
18905.0  2.87583e-10
18910.0  2.87321e-10
18915.0  2.87061e-10
18920.0  2.86801e-10
18925.0  2.86543e-10
18930.0  2.86283e-10
18935.0  2.86024e-10
18940.0  2.85764e-10
18945.0  2.85505e-10
18950.0  2.85245e-10
18955.0  2.84986e-10
18960.0  2.84726e-10
18965.0  2.84464e-10
18970.0  2.84204e-10
18975.0  2.83944e-10
18980.0  2.83686e-10
18985.0  2.83426e-10
18990.0  2.83167e-10
18995.0  2.82907e-10
19000.0  2.82648e-10
19005.0  2.82391e-10
19010.0  2.82133e-10
19015.0  2.81873e-10
19020.0  2.81613e-10
19025.0  2.81355e-10
19030.0  2.81095e-10
19035.0  2.80836e-10
19040.0  2.80576e-10
19045.0  2.80317e-10
19050.0  2.80057e-10
19055.0  2.79799e-10
19060.0  2.79542e-10
19065.0  2.79283e-10
19070.0  2.79023e-10
19075.0  2.78764e-10
19080.0  2.78505e-10
19085.0  2.78248e-10
19090.0  2.7799e-10
19095.0  2.7773e-10
19100.0  2.77471e-10
19105.0  2.77215e-10
19110.0  2.76955e-10
19115.0  2.76696e-10
19120.0  2.76437e-10
19125.0  2.7618e-10
19130.0  2.75922e-10
19135.0  2.75662e-10
19140.0  2.75406e-10
19145.0  2.75147e-10
19150.0  2.74888e-10
19155.0  2.74631e-10
19160.0  2.74373e-10
19165.0  2.74116e-10
19170.0  2.73857e-10
19175.0  2.73599e-10
19180.0  2.73342e-10
19185.0  2.73083e-10
19190.0  2.72827e-10
19195.0  2.72568e-10
19200.0  2.72311e-10
19205.0  2.72052e-10
19210.0  2.71796e-10
19215.0  2.71537e-10
19220.0  2.7128e-10
19225.0  2.71022e-10
19230.0  2.70766e-10
19235.0  2.70507e-10
19240.0  2.70251e-10
19245.0  2.69994e-10
19250.0  2.69736e-10
19255.0  2.69479e-10
19260.0  2.69221e-10
19265.0  2.68965e-10
19270.0  2.68708e-10
19275.0  2.6845e-10
19280.0  2.68194e-10
19285.0  2.67937e-10
19290.0  2.67681e-10
19295.0  2.67423e-10
19300.0  2.67167e-10
19305.0  2.66911e-10
19310.0  2.66654e-10
19315.0  2.66397e-10
19320.0  2.66139e-10
19325.0  2.65885e-10
19330.0  2.65629e-10
19335.0  2.65372e-10
19340.0  2.65117e-10
19345.0  2.6486e-10
19350.0  2.64602e-10
19355.0  2.64346e-10
19360.0  2.6409e-10
19365.0  2.63834e-10
19370.0  2.63579e-10
19375.0  2.63322e-10
19380.0  2.63066e-10
19385.0  2.62811e-10
19390.0  2.62555e-10
19395.0  2.62299e-10
19400.0  2.62044e-10
19405.0  2.61788e-10
19410.0  2.61532e-10
19415.0  2.61277e-10
19420.0  2.61023e-10
19425.0  2.60769e-10
19430.0  2.60512e-10
19435.0  2.60256e-10
19440.0  2.6e-10
19445.0  2.59746e-10
19450.0  2.59492e-10
19455.0  2.59237e-10
19460.0  2.58982e-10
19465.0  2.58726e-10
19470.0  2.58473e-10
19475.0  2.58217e-10
19480.0  2.57962e-10
19485.0  2.57706e-10
19490.0  2.57453e-10
19495.0  2.57199e-10
19500.0  2.56945e-10
19505.0  2.5669e-10
19510.0  2.56435e-10
19515.0  2.56181e-10
19520.0  2.55926e-10
19525.0  2.55673e-10
19530.0  2.55419e-10
19535.0  2.55165e-10
19540.0  2.54911e-10
19545.0  2.54658e-10
19550.0  2.54403e-10
19555.0  2.54149e-10
19560.0  2.53895e-10
19565.0  2.53642e-10
19570.0  2.53389e-10
19575.0  2.53134e-10
19580.0  2.52881e-10
19585.0  2.52627e-10
19590.0  2.52373e-10
19595.0  2.52121e-10
19600.0  2.51869e-10
19605.0  2.51614e-10
19610.0  2.51361e-10
19615.0  2.51109e-10
19620.0  2.50856e-10
19625.0  2.50602e-10
19630.0  2.50349e-10
19635.0  2.50097e-10
19640.0  2.49845e-10
19645.0  2.49593e-10
19650.0  2.4934e-10
19655.0  2.49088e-10
19660.0  2.48835e-10
19665.0  2.48584e-10
19670.0  2.48331e-10
19675.0  2.48079e-10
19680.0  2.47827e-10
19685.0  2.47575e-10
19690.0  2.47323e-10
19695.0  2.4707e-10
19700.0  2.46819e-10
19705.0  2.46566e-10
19710.0  2.46314e-10
19715.0  2.46062e-10
19720.0  2.45813e-10
19725.0  2.45561e-10
19730.0  2.45309e-10
19735.0  2.45056e-10
19740.0  2.44805e-10
19745.0  2.44555e-10
19750.0  2.44303e-10
19755.0  2.44052e-10
19760.0  2.43802e-10
19765.0  2.4355e-10
19770.0  2.43299e-10
19775.0  2.43049e-10
19780.0  2.42798e-10
19785.0  2.42549e-10
19790.0  2.42297e-10
19795.0  2.42048e-10
19800.0  2.41797e-10
19805.0  2.41547e-10
19810.0  2.41296e-10
19815.0  2.41046e-10
19820.0  2.40795e-10
19825.0  2.40546e-10
19830.0  2.40297e-10
19835.0  2.40045e-10
19840.0  2.39797e-10
19845.0  2.39547e-10
19850.0  2.39296e-10
19855.0  2.39047e-10
19860.0  2.38798e-10
19865.0  2.3855e-10
19870.0  2.38301e-10
19875.0  2.3805e-10
19880.0  2.37801e-10
19885.0  2.37552e-10
19890.0  2.37303e-10
19895.0  2.37055e-10
19900.0  2.36806e-10
19905.0  2.36558e-10
19910.0  2.36309e-10
19915.0  2.3606e-10
19920.0  2.35812e-10
19925.0  2.35563e-10
19930.0  2.35315e-10
19935.0  2.35066e-10
19940.0  2.34817e-10
19945.0  2.34569e-10
19950.0  2.34321e-10
19955.0  2.34075e-10
19960.0  2.33827e-10
19965.0  2.33578e-10
19970.0  2.3333e-10
19975.0  2.33084e-10
19980.0  2.32836e-10
19985.0  2.32588e-10
19990.0  2.32342e-10
19995.0  2.32093e-10
20000.0  2.31845e-10
20005.0  2.31599e-10
20010.0  2.31352e-10
20015.0  2.31106e-10
20020.0  2.30858e-10
20025.0  2.30612e-10
20030.0  2.30365e-10
20035.0  2.30119e-10
20040.0  2.29871e-10
20045.0  2.29626e-10
20050.0  2.29381e-10
20055.0  2.29133e-10
20060.0  2.28887e-10
20065.0  2.28642e-10
20070.0  2.28397e-10
20075.0  2.28149e-10
20080.0  2.27904e-10
20085.0  2.27659e-10
20090.0  2.27414e-10
20095.0  2.27168e-10
20100.0  2.26921e-10
20105.0  2.26675e-10
20110.0  2.2643e-10
20115.0  2.26185e-10
20120.0  2.25941e-10
20125.0  2.25696e-10
20130.0  2.2545e-10
20135.0  2.25206e-10
20140.0  2.24963e-10
20145.0  2.24719e-10
20150.0  2.24474e-10
20155.0  2.24229e-10
20160.0  2.23984e-10
20165.0  2.23739e-10
20170.0  2.23497e-10
20175.0  2.23253e-10
20180.0  2.23008e-10
20185.0  2.22766e-10
20190.0  2.22521e-10
20195.0  2.22276e-10
20200.0  2.22034e-10
20205.0  2.2179e-10
20210.0  2.21548e-10
20215.0  2.21304e-10
20220.0  2.21062e-10
20225.0  2.20818e-10
20230.0  2.20575e-10
20235.0  2.20331e-10
20240.0  2.20089e-10
20245.0  2.19845e-10
20250.0  2.19603e-10
20255.0  2.19361e-10
20260.0  2.1912e-10
20265.0  2.18876e-10
20270.0  2.18634e-10
20275.0  2.18393e-10
20280.0  2.18151e-10
20285.0  2.1791e-10
20290.0  2.17668e-10
20295.0  2.17424e-10
20300.0  2.17182e-10
20305.0  2.16941e-10
20310.0  2.16699e-10
20315.0  2.16458e-10
20320.0  2.16217e-10
20325.0  2.15978e-10
20330.0  2.15737e-10
20335.0  2.15496e-10
20340.0  2.15255e-10
20345.0  2.15013e-10
20350.0  2.14772e-10
20355.0  2.14534e-10
20360.0  2.14293e-10
20365.0  2.14052e-10
20370.0  2.13813e-10
20375.0  2.13572e-10
20380.0  2.13331e-10
20385.0  2.13092e-10
20390.0  2.12852e-10
20395.0  2.12613e-10
20400.0  2.12373e-10
20405.0  2.12134e-10
20410.0  2.11894e-10
20415.0  2.11655e-10
20420.0  2.11417e-10
20425.0  2.11176e-10
20430.0  2.10938e-10
20435.0  2.107e-10
20440.0  2.10462e-10
20445.0  2.10222e-10
20450.0  2.09983e-10
20455.0  2.09745e-10
20460.0  2.09508e-10
20465.0  2.09271e-10
20470.0  2.09032e-10
20475.0  2.08795e-10
20480.0  2.08557e-10
20485.0  2.08319e-10
20490.0  2.08081e-10
20495.0  2.07844e-10
20500.0  2.07606e-10
20505.0  2.07368e-10
20510.0  2.0713e-10
20515.0  2.06893e-10
20520.0  2.06658e-10
20525.0  2.06421e-10
20530.0  2.06183e-10
20535.0  2.05948e-10
20540.0  2.05711e-10
20545.0  2.05473e-10
20550.0  2.05238e-10
20555.0  2.05002e-10
20560.0  2.04766e-10
20565.0  2.0453e-10
20570.0  2.04294e-10
20575.0  2.04058e-10
20580.0  2.03823e-10
20585.0  2.03588e-10
20590.0  2.03351e-10
20595.0  2.03117e-10
20600.0  2.02883e-10
20605.0  2.02648e-10
20610.0  2.02411e-10
20615.0  2.02176e-10
20620.0  2.01942e-10
20625.0  2.01708e-10
20630.0  2.01474e-10
20635.0  2.0124e-10
20640.0  2.01005e-10
20645.0  2.00771e-10
20650.0  2.00537e-10
20655.0  2.00303e-10
20660.0  2.00069e-10
20665.0  1.99835e-10
20670.0  1.99603e-10
20675.0  1.9937e-10
20680.0  1.99136e-10
20685.0  1.98902e-10
20690.0  1.9867e-10
20695.0  1.98437e-10
20700.0  1.98203e-10
20705.0  1.97971e-10
20710.0  1.97738e-10
20715.0  1.97507e-10
20720.0  1.97273e-10
20725.0  1.97042e-10
20730.0  1.96811e-10
20735.0  1.96578e-10
20740.0  1.96347e-10
20745.0  1.96116e-10
20750.0  1.95883e-10
20755.0  1.95652e-10
20760.0  1.95421e-10
20765.0  1.95191e-10
20770.0  1.9496e-10
20775.0  1.94726e-10
20780.0  1.94495e-10
20785.0  1.94265e-10
20790.0  1.94034e-10
20795.0  1.93804e-10
20800.0  1.93573e-10
20805.0  1.93346e-10
20810.0  1.93116e-10
20815.0  1.92885e-10
20820.0  1.92654e-10
20825.0  1.92424e-10
20830.0  1.92196e-10
20835.0  1.91966e-10
20840.0  1.91736e-10
20845.0  1.91508e-10
20850.0  1.91278e-10
20855.0  1.91051e-10
20860.0  1.90821e-10
20865.0  1.90593e-10
20870.0  1.90363e-10
20875.0  1.90136e-10
20880.0  1.89906e-10
20885.0  1.89678e-10
20890.0  1.89451e-10
20895.0  1.89224e-10
20900.0  1.88994e-10
20905.0  1.88767e-10
20910.0  1.8854e-10
20915.0  1.88313e-10
20920.0  1.88086e-10
20925.0  1.87859e-10
20930.0  1.87632e-10
20935.0  1.87405e-10
20940.0  1.87178e-10
20945.0  1.86951e-10
20950.0  1.86724e-10
20955.0  1.86498e-10
20960.0  1.86273e-10
20965.0  1.86047e-10
20970.0  1.8582e-10
20975.0  1.85596e-10
20980.0  1.8537e-10
20985.0  1.85143e-10
20990.0  1.84919e-10
20995.0  1.84693e-10
21000.0  1.84468e-10
21005.0  1.84242e-10
21010.0  1.84018e-10
21015.0  1.83795e-10
21020.0  1.83568e-10
21025.0  1.83345e-10
21030.0  1.83121e-10
21035.0  1.82898e-10
21040.0  1.82672e-10
21045.0  1.82448e-10
21050.0  1.82224e-10
21055.0  1.82001e-10
21060.0  1.81778e-10
21065.0  1.81554e-10
21070.0  1.81331e-10
21075.0  1.81107e-10
21080.0  1.80884e-10
21085.0  1.80661e-10
21090.0  1.80441e-10
21095.0  1.80218e-10
21100.0  1.79994e-10
21105.0  1.79774e-10
21110.0  1.79551e-10
21115.0  1.79328e-10
21120.0  1.79107e-10
21125.0  1.78885e-10
21130.0  1.78664e-10
21135.0  1.78442e-10
21140.0  1.78222e-10
21145.0  1.78001e-10
21150.0  1.77779e-10
21155.0  1.77559e-10
21160.0  1.77338e-10
21165.0  1.77116e-10
21170.0  1.76896e-10
21175.0  1.76676e-10
21180.0  1.76456e-10
21185.0  1.76236e-10
21190.0  1.76017e-10
21195.0  1.75797e-10
21200.0  1.75577e-10
21205.0  1.75357e-10
21210.0  1.75138e-10
21215.0  1.74921e-10
21220.0  1.74702e-10
21225.0  1.74482e-10
21230.0  1.74263e-10
21235.0  1.74045e-10
21240.0  1.73827e-10
21245.0  1.7361e-10
21250.0  1.73391e-10
21255.0  1.73174e-10
21260.0  1.72955e-10
21265.0  1.72738e-10
21270.0  1.72519e-10
21275.0  1.72302e-10
21280.0  1.72086e-10
21285.0  1.7187e-10
21290.0  1.7165e-10
21295.0  1.71434e-10
21300.0  1.71218e-10
21305.0  1.71002e-10
21310.0  1.70785e-10
21315.0  1.70569e-10
21320.0  1.70353e-10
21325.0  1.70137e-10
21330.0  1.69921e-10
21335.0  1.69708e-10
21340.0  1.69492e-10
21345.0  1.69276e-10
21350.0  1.6906e-10
21355.0  1.68847e-10
21360.0  1.68631e-10
21365.0  1.68418e-10
21370.0  1.68203e-10
21375.0  1.67989e-10
21380.0  1.67774e-10
21385.0  1.67561e-10
21390.0  1.67345e-10
21395.0  1.67132e-10
21400.0  1.6692e-10
21405.0  1.66707e-10
21410.0  1.66494e-10
21415.0  1.66279e-10
21420.0  1.66066e-10
21425.0  1.65853e-10
21430.0  1.65641e-10
21435.0  1.65428e-10
21440.0  1.65216e-10
21445.0  1.65006e-10
21450.0  1.64794e-10
21455.0  1.64581e-10
21460.0  1.64369e-10
21465.0  1.64157e-10
21470.0  1.63947e-10
21475.0  1.63735e-10
21480.0  1.63525e-10
21485.0  1.63314e-10
21490.0  1.63104e-10
21495.0  1.62892e-10
21500.0  1.62682e-10
21505.0  1.62471e-10
21510.0  1.62261e-10
21515.0  1.62052e-10
21520.0  1.61844e-10
21525.0  1.61634e-10
21530.0  1.61422e-10
21535.0  1.61213e-10
21540.0  1.61004e-10
21545.0  1.60795e-10
21550.0  1.60586e-10
21555.0  1.60381e-10
21560.0  1.60172e-10
21565.0  1.59963e-10
21570.0  1.59754e-10
21575.0  1.59545e-10
21580.0  1.59339e-10
21585.0  1.59131e-10
21590.0  1.58925e-10
21595.0  1.58716e-10
21600.0  1.58511e-10
21605.0  1.58303e-10
21610.0  1.58096e-10
21615.0  1.57888e-10
21620.0  1.57682e-10
21625.0  1.57477e-10
21630.0  1.57271e-10
21635.0  1.57063e-10
21640.0  1.56857e-10
21645.0  1.56652e-10
21650.0  1.56447e-10
21655.0  1.56241e-10
21660.0  1.56036e-10
21665.0  1.55831e-10
21670.0  1.55628e-10
21675.0  1.55423e-10
21680.0  1.55218e-10
21685.0  1.55013e-10
21690.0  1.5481e-10
21695.0  1.54605e-10
21700.0  1.54401e-10
21705.0  1.54198e-10
21710.0  1.53996e-10
21715.0  1.53792e-10
21720.0  1.53589e-10
21725.0  1.53385e-10
21730.0  1.53182e-10
21735.0  1.52981e-10
21740.0  1.52779e-10
21745.0  1.52577e-10
21750.0  1.52375e-10
21755.0  1.52171e-10
21760.0  1.51969e-10
21765.0  1.5177e-10
21770.0  1.51568e-10
21775.0  1.51367e-10
21780.0  1.51165e-10
21785.0  1.50964e-10
21790.0  1.50765e-10
21795.0  1.50563e-10
21800.0  1.50362e-10
21805.0  1.50163e-10
21810.0  1.49962e-10
21815.0  1.49763e-10
21820.0  1.49562e-10
21825.0  1.49363e-10
21830.0  1.49165e-10
21835.0  1.48964e-10
21840.0  1.48765e-10
21845.0  1.48567e-10
21850.0  1.48369e-10
21855.0  1.48171e-10
21860.0  1.47973e-10
21865.0  1.47775e-10
21870.0  1.47576e-10
21875.0  1.47378e-10
21880.0  1.47181e-10
21885.0  1.46985e-10
21890.0  1.46788e-10
21895.0  1.4659e-10
21900.0  1.46394e-10
21905.0  1.46196e-10
21910.0  1.45999e-10
21915.0  1.45804e-10
21920.0  1.45609e-10
21925.0  1.45412e-10
21930.0  1.45217e-10
21935.0  1.45022e-10
21940.0  1.44824e-10
21945.0  1.44629e-10
21950.0  1.44435e-10
21955.0  1.4424e-10
21960.0  1.44046e-10
21965.0  1.43851e-10
21970.0  1.43657e-10
21975.0  1.43462e-10
21980.0  1.43268e-10
21985.0  1.43076e-10
21990.0  1.42882e-10
21995.0  1.42688e-10
22000.0  1.42496e-10
22005.0  1.42302e-10
22010.0  1.42108e-10
22015.0  1.41916e-10
22020.0  1.41725e-10
22025.0  1.41531e-10
22030.0  1.4134e-10
22035.0  1.41149e-10
22040.0  1.40955e-10
22045.0  1.40764e-10
22050.0  1.40573e-10
22055.0  1.40382e-10
22060.0  1.40191e-10
22065.0  1.4e-10
22070.0  1.39809e-10
22075.0  1.39618e-10
22080.0  1.39427e-10
22085.0  1.39236e-10
22090.0  1.39048e-10
22095.0  1.38858e-10
22100.0  1.38667e-10
22105.0  1.38479e-10
22110.0  1.38289e-10
22115.0  1.38101e-10
22120.0  1.37911e-10
22125.0  1.37723e-10
22130.0  1.37533e-10
22135.0  1.37345e-10
22140.0  1.37157e-10
22145.0  1.3697e-10
22150.0  1.36779e-10
22155.0  1.36592e-10
22160.0  1.36404e-10
22165.0  1.36217e-10
22170.0  1.3603e-10
22175.0  1.35842e-10
22180.0  1.35655e-10
22185.0  1.35471e-10
22190.0  1.35284e-10
22195.0  1.35096e-10
22200.0  1.34909e-10
22205.0  1.34725e-10
22210.0  1.34538e-10
22215.0  1.34354e-10
22220.0  1.34167e-10
22225.0  1.33983e-10
22230.0  1.33796e-10
22235.0  1.33612e-10
22240.0  1.33428e-10
22245.0  1.33242e-10
22250.0  1.33057e-10
22255.0  1.32874e-10
22260.0  1.3269e-10
22265.0  1.32506e-10
22270.0  1.32322e-10
22275.0  1.32139e-10
22280.0  1.31955e-10
22285.0  1.31771e-10
22290.0  1.31588e-10
22295.0  1.31407e-10
22300.0  1.31224e-10
22305.0  1.3104e-10
22310.0  1.30859e-10
22315.0  1.30676e-10
22320.0  1.30493e-10
22325.0  1.30312e-10
22330.0  1.30132e-10
22335.0  1.29949e-10
22340.0  1.29768e-10
22345.0  1.29587e-10
22350.0  1.29405e-10
22355.0  1.29224e-10
22360.0  1.29044e-10
22365.0  1.28864e-10
22370.0  1.28684e-10
22375.0  1.28503e-10
22380.0  1.28323e-10
22385.0  1.28143e-10
22390.0  1.27963e-10
22395.0  1.27783e-10
22400.0  1.27606e-10
22405.0  1.27426e-10
22410.0  1.27246e-10
22415.0  1.27069e-10
22420.0  1.26889e-10
22425.0  1.2671e-10
22430.0  1.26533e-10
22435.0  1.26356e-10
22440.0  1.26176e-10
22445.0  1.26e-10
22450.0  1.25822e-10
22455.0  1.25643e-10
22460.0  1.25466e-10
22465.0  1.2529e-10
22470.0  1.25113e-10
22475.0  1.24937e-10
22480.0  1.2476e-10
22485.0  1.24584e-10
22490.0  1.24407e-10
22495.0  1.24231e-10
22500.0  1.24055e-10
22505.0  1.2388e-10
22510.0  1.23704e-10
22515.0  1.23529e-10
22520.0  1.23355e-10
22525.0  1.23178e-10
22530.0  1.23002e-10
22535.0  1.22829e-10
22540.0  1.22653e-10
22545.0  1.2248e-10
22550.0  1.22306e-10
22555.0  1.22131e-10
22560.0  1.21957e-10
22565.0  1.21784e-10
22570.0  1.21611e-10
22575.0  1.21438e-10
22580.0  1.21266e-10
22585.0  1.21093e-10
22590.0  1.20919e-10
22595.0  1.20747e-10
22600.0  1.20574e-10
22605.0  1.20401e-10
22610.0  1.20228e-10
22615.0  1.20058e-10
22620.0  1.19886e-10
22625.0  1.19713e-10
22630.0  1.19543e-10
22635.0  1.19371e-10
22640.0  1.19201e-10
22645.0  1.19029e-10
22650.0  1.18858e-10
22655.0  1.18686e-10
22660.0  1.18517e-10
22665.0  1.18347e-10
22670.0  1.18177e-10
22675.0  1.18005e-10
22680.0  1.17836e-10
22685.0  1.17666e-10
22690.0  1.17497e-10
22695.0  1.17328e-10
22700.0  1.17158e-10
22705.0  1.16989e-10
22710.0  1.1682e-10
22715.0  1.16653e-10
22720.0  1.16484e-10
22725.0  1.16315e-10
22730.0  1.16147e-10
22735.0  1.1598e-10
22740.0  1.15812e-10
22745.0  1.15645e-10
22750.0  1.15476e-10
22755.0  1.1531e-10
22760.0  1.15141e-10
22765.0  1.14975e-10
22770.0  1.14809e-10
22775.0  1.14643e-10
22780.0  1.14475e-10
22785.0  1.14308e-10
22790.0  1.14143e-10
22795.0  1.13977e-10
22800.0  1.13811e-10
22805.0  1.13646e-10
22810.0  1.1348e-10
22815.0  1.13314e-10
22820.0  1.13149e-10
22825.0  1.12986e-10
22830.0  1.12821e-10
22835.0  1.12655e-10
22840.0  1.12492e-10
22845.0  1.12327e-10
22850.0  1.12162e-10
22855.0  1.11999e-10
22860.0  1.11834e-10
22865.0  1.11671e-10
22870.0  1.11509e-10
22875.0  1.11344e-10
22880.0  1.11181e-10
22885.0  1.11019e-10
22890.0  1.10856e-10
22895.0  1.10692e-10
22900.0  1.10529e-10
22905.0  1.10367e-10
22910.0  1.10205e-10
22915.0  1.10043e-10
22920.0  1.09881e-10
22925.0  1.09719e-10
22930.0  1.0956e-10
22935.0  1.09398e-10
22940.0  1.09236e-10
22945.0  1.09074e-10
22950.0  1.08915e-10
22955.0  1.08754e-10
22960.0  1.08594e-10
22965.0  1.08433e-10
22970.0  1.08273e-10
22975.0  1.08112e-10
22980.0  1.07953e-10
22985.0  1.07794e-10
22990.0  1.07633e-10
22995.0  1.07474e-10
23000.0  1.07316e-10
23005.0  1.07157e-10
23010.0  1.06999e-10
23015.0  1.0684e-10
23020.0  1.06679e-10
23025.0  1.06523e-10
23030.0  1.06364e-10
23035.0  1.06206e-10
23040.0  1.06047e-10
23045.0  1.05889e-10
23050.0  1.05731e-10
23055.0  1.05575e-10
23060.0  1.05417e-10
23065.0  1.05259e-10
23070.0  1.05103e-10
23075.0  1.04945e-10
23080.0  1.0479e-10
23085.0  1.04632e-10
23090.0  1.04477e-10
23095.0  1.04321e-10
23100.0  1.04164e-10
23105.0  1.04008e-10
23110.0  1.03853e-10
23115.0  1.03698e-10
23120.0  1.03544e-10
23125.0  1.03389e-10
23130.0  1.03234e-10
23135.0  1.03079e-10
23140.0  1.02924e-10
23145.0  1.02769e-10
23150.0  1.02614e-10
23155.0  1.02459e-10
23160.0  1.02305e-10
23165.0  1.02152e-10
23170.0  1.01998e-10
23175.0  1.01843e-10
23180.0  1.01691e-10
23185.0  1.01537e-10
23190.0  1.01385e-10
23195.0  1.01231e-10
23200.0  1.01079e-10
23205.0  1.00927e-10
23210.0  1.00773e-10
23215.0  1.00622e-10
23220.0  1.0047e-10
23225.0  1.00318e-10
23230.0  1.00165e-10
23235.0  1.00013e-10
23240.0  9.98616e-11
23245.0  9.97102e-11
23250.0  9.95589e-11
23255.0  9.94081e-11
23260.0  9.92594e-11
23265.0  9.91086e-11
23270.0  9.89571e-11
23275.0  9.88062e-11
23280.0  9.86577e-11
23285.0  9.85068e-11
23290.0  9.83559e-11
23295.0  9.82073e-11
23300.0  9.8057e-11
23305.0  9.79082e-11
23310.0  9.7758e-11
23315.0  9.76097e-11
23320.0  9.74615e-11
23325.0  9.73113e-11
23330.0  9.7163e-11
23335.0  9.70153e-11
23340.0  9.68674e-11
23345.0  9.67198e-11
23350.0  9.65716e-11
23355.0  9.64212e-11
23360.0  9.62736e-11
23365.0  9.61286e-11
23370.0  9.59812e-11
23375.0  9.58335e-11
23380.0  9.56859e-11
23385.0  9.55381e-11
23390.0  9.53909e-11
23395.0  9.52458e-11
23400.0  9.50992e-11
23405.0  9.49541e-11
23410.0  9.48073e-11
23415.0  9.46622e-11
23420.0  9.45153e-11
23425.0  9.43703e-11
23430.0  9.42237e-11
23435.0  9.40789e-11
23440.0  9.39345e-11
23445.0  9.37876e-11
23450.0  9.36431e-11
23455.0  9.34991e-11
23460.0  9.33548e-11
23465.0  9.32109e-11
23470.0  9.30666e-11
23475.0  9.29225e-11
23480.0  9.27785e-11
23485.0  9.26344e-11
23490.0  9.24902e-11
23495.0  9.23465e-11
23500.0  9.22051e-11
23505.0  9.20615e-11
23510.0  9.19173e-11
23515.0  9.17738e-11
23520.0  9.16322e-11
23525.0  9.1489e-11
23530.0  9.13477e-11
23535.0  9.12045e-11
23540.0  9.10636e-11
23545.0  9.09227e-11
23550.0  9.07793e-11
23555.0  9.06382e-11
23560.0  9.04974e-11
23565.0  9.03542e-11
23570.0  9.02133e-11
23575.0  9.00728e-11
23580.0  8.99323e-11
23585.0  8.97917e-11
23590.0  8.96512e-11
23595.0  8.95107e-11
23600.0  8.93703e-11
23605.0  8.92302e-11
23610.0  8.90925e-11
23615.0  8.89522e-11
23620.0  8.88118e-11
23625.0  8.86719e-11
23630.0  8.85339e-11
23635.0  8.83943e-11
23640.0  8.82566e-11
23645.0  8.81169e-11
23650.0  8.79792e-11
23655.0  8.78394e-11
23660.0  8.77017e-11
23665.0  8.75621e-11
23670.0  8.74249e-11
23675.0  8.72877e-11
23680.0  8.71504e-11
23685.0  8.70108e-11
23690.0  8.68735e-11
23695.0  8.67366e-11
23700.0  8.65997e-11
23705.0  8.64628e-11
23710.0  8.63257e-11
23715.0  8.61888e-11
23720.0  8.6052e-11
23725.0  8.59155e-11
23730.0  8.57814e-11
23735.0  8.56449e-11
23740.0  8.55079e-11
23745.0  8.53716e-11
23750.0  8.52374e-11
23755.0  8.51012e-11
23760.0  8.49671e-11
23765.0  8.48312e-11
23770.0  8.4697e-11
23775.0  8.45611e-11
23780.0  8.44273e-11
23785.0  8.42935e-11
23790.0  8.41575e-11
23795.0  8.40236e-11
23800.0  8.38904e-11
23805.0  8.37572e-11
23810.0  8.36234e-11
23815.0  8.34874e-11
23820.0  8.33536e-11
23825.0  8.32207e-11
23830.0  8.30901e-11
23835.0  8.29573e-11
23840.0  8.2824e-11
23845.0  8.26906e-11
23850.0  8.25574e-11
23855.0  8.24246e-11
23860.0  8.22939e-11
23865.0  8.21611e-11
23870.0  8.20281e-11
23875.0  8.18976e-11
23880.0  8.17653e-11
23885.0  8.16346e-11
23890.0  8.15022e-11
23895.0  8.1372e-11
23900.0  8.1242e-11
23905.0  8.11096e-11
23910.0  8.09794e-11
23915.0  8.08493e-11
23920.0  8.07168e-11
23925.0  8.05866e-11
23930.0  8.0457e-11
23935.0  8.03272e-11
23940.0  8.01976e-11
23945.0  8.00679e-11
23950.0  7.99383e-11
23955.0  7.98086e-11
23960.0  7.96789e-11
23965.0  7.95495e-11
23970.0  7.94226e-11
23975.0  7.92932e-11
23980.0  7.91641e-11
23985.0  7.9037e-11
23990.0  7.89077e-11
23995.0  7.87785e-11
24000.0  7.86516e-11
24005.0  7.85228e-11
24010.0  7.83958e-11
24015.0  7.8267e-11
24020.0  7.81403e-11
24025.0  7.80139e-11
24030.0  7.78851e-11
24035.0  7.77585e-11
24040.0  7.76325e-11
24045.0  7.75063e-11
24050.0  7.73803e-11
24055.0  7.7254e-11
24060.0  7.71281e-11
24065.0  7.70019e-11
24070.0  7.68758e-11
24075.0  7.67497e-11
24080.0  7.66235e-11
24085.0  7.64976e-11
24090.0  7.63714e-11
24095.0  7.62458e-11
24100.0  7.61223e-11
24105.0  7.59967e-11
24110.0  7.58711e-11
24115.0  7.57478e-11
24120.0  7.56225e-11
24125.0  7.54992e-11
24130.0  7.53739e-11
24135.0  7.52505e-11
24140.0  7.51253e-11
24145.0  7.50023e-11
24150.0  7.48795e-11
24155.0  7.47542e-11
24160.0  7.46313e-11
24165.0  7.45089e-11
24170.0  7.43862e-11
24175.0  7.42638e-11
24180.0  7.41413e-11
24185.0  7.4019e-11
24190.0  7.38963e-11
24195.0  7.37738e-11
24200.0  7.36513e-11
24205.0  7.35288e-11
24210.0  7.34063e-11
24215.0  7.32843e-11
24220.0  7.31645e-11
24225.0  7.30424e-11
24230.0  7.29204e-11
24235.0  7.28005e-11
24240.0  7.2679e-11
24245.0  7.25593e-11
24250.0  7.24376e-11
24255.0  7.23177e-11
24260.0  7.21962e-11
24265.0  7.20764e-11
24270.0  7.19549e-11
24275.0  7.18355e-11
24280.0  7.17167e-11
24285.0  7.15977e-11
24290.0  7.14784e-11
24295.0  7.13568e-11
24300.0  7.12374e-11
24305.0  7.11186e-11
24310.0  7.09998e-11
24315.0  7.08808e-11
24320.0  7.07619e-11
24325.0  7.06435e-11
24330.0  7.05273e-11
24335.0  7.04088e-11
24340.0  7.029e-11
24345.0  7.01716e-11
24350.0  7.00554e-11
24355.0  6.99368e-11
24360.0  6.98184e-11
24365.0  6.97023e-11
24370.0  6.95843e-11
24375.0  6.94681e-11
24380.0  6.93501e-11
24385.0  6.92339e-11
24390.0  6.91159e-11
24395.0  6.90001e-11
24400.0  6.88844e-11
24405.0  6.87664e-11
24410.0  6.86507e-11
24415.0  6.85354e-11
24420.0  6.842e-11
24425.0  6.83049e-11
24430.0  6.81895e-11
24435.0  6.80743e-11
24440.0  6.7959e-11
24445.0  6.78437e-11
24450.0  6.77284e-11
24455.0  6.7613e-11
24460.0  6.74978e-11
24465.0  6.7383e-11
24470.0  6.72704e-11
24475.0  6.71555e-11
24480.0  6.70407e-11
24485.0  6.69281e-11
24490.0  6.68136e-11
24495.0  6.67012e-11
24500.0  6.65866e-11
24505.0  6.64741e-11
24510.0  6.63598e-11
24515.0  6.62471e-11
24520.0  6.61328e-11
24525.0  6.60207e-11
24530.0  6.5909e-11
24535.0  6.57968e-11
24540.0  6.56825e-11
24545.0  6.55704e-11
24550.0  6.54587e-11
24555.0  6.53469e-11
24560.0  6.52352e-11
24565.0  6.51235e-11
24570.0  6.50119e-11
24575.0  6.49002e-11
24580.0  6.47885e-11
24585.0  6.46774e-11
24590.0  6.45683e-11
24595.0  6.44571e-11
24600.0  6.43454e-11
24605.0  6.42342e-11
24610.0  6.41252e-11
24615.0  6.40144e-11
24620.0  6.39053e-11
24625.0  6.37946e-11
24630.0  6.36857e-11
24635.0  6.35749e-11
24640.0  6.34658e-11
24645.0  6.33551e-11
24650.0  6.32465e-11
24655.0  6.3138e-11
24660.0  6.30272e-11
24665.0  6.29187e-11
24670.0  6.28107e-11
24675.0  6.27026e-11
24680.0  6.25945e-11
24685.0  6.24864e-11
24690.0  6.23784e-11
24695.0  6.22702e-11
24700.0  6.21621e-11
24705.0  6.2054e-11
24710.0  6.1946e-11
24715.0  6.18379e-11
24720.0  6.17302e-11
24725.0  6.16249e-11
24730.0  6.15172e-11
24735.0  6.14095e-11
24740.0  6.13041e-11
24745.0  6.11965e-11
24750.0  6.10891e-11
24755.0  6.09835e-11
24760.0  6.08764e-11
24765.0  6.07715e-11
24770.0  6.06666e-11
24775.0  6.05593e-11
24780.0  6.04543e-11
24785.0  6.03495e-11
24790.0  6.02423e-11
24795.0  6.01374e-11
24800.0  6.00329e-11
24805.0  5.99284e-11
24810.0  5.98239e-11
24815.0  5.97195e-11
24820.0  5.96149e-11
24825.0  5.95105e-11
24830.0  5.9406e-11
24835.0  5.93016e-11
24840.0  5.9197e-11
24845.0  5.90925e-11
24850.0  5.89881e-11
24855.0  5.8884e-11
24860.0  5.87823e-11
24865.0  5.86782e-11
24870.0  5.85742e-11
24875.0  5.84725e-11
24880.0  5.83689e-11
24885.0  5.82671e-11
24890.0  5.81635e-11
24895.0  5.80618e-11
24900.0  5.79582e-11
24905.0  5.78563e-11
24910.0  5.77528e-11
24915.0  5.76515e-11
24920.0  5.75505e-11
24925.0  5.74492e-11
24930.0  5.73457e-11
24935.0  5.72444e-11
24940.0  5.71435e-11
24945.0  5.70425e-11
24950.0  5.69417e-11
24955.0  5.68409e-11
24960.0  5.674e-11
24965.0  5.66391e-11
24970.0  5.65382e-11
24975.0  5.64378e-11
24980.0  5.63396e-11
24985.0  5.62392e-11
24990.0  5.61383e-11
24995.0  4.90439e-11
25000.0  7.00327e-12
