# Extracted from file: pickles_uk_32.fits
#SIMPLETrueFits standard
#BITPIX16Bits per pixel
#NAXIS0Number of axes
#EXTENDTrueFile may contain extensions
#DATE2007-01-11T21:02:19Date FITS file was generated
#IRAF-TLM16:02:35 (11/01/2007)Time of last modification
#COMMENT  FITS (Flexible Image Transport System) format is defined in 'Astronomy
#COMMENT  and Astrophysics', volume 376, page 359; bibcode: 2001A&A...376..359H
#ORIGINSTScI-STSDAS/TABLESTables version 2002-02-22
#FILENAMEpickles_uk_32.fitsname of file
#NEXTEND1number of extensions in file
#COMMENT1spectral type: K0V
#COMMENT2metallicity: rich
#COMMENT3original filename: ukrk0v.dat
#HISTORY  File created by F.R.Boffi.
#HISTORY  SEDs from Pickles UVKLIB Library (1998, PASP 110, 863).
#HISTORY  Wavelength is in Angstrom.
#HISTORY  Fluxes are tabulated in units of erg/s/cm^2/A
#HISTORY  and were calculated by normalizing the original fluxes
#HISTORY  in the Pickles V band to a 0 magnitude in vegamag.
#HISTORY  In the vegamag system, Vega has magnitude zero in all passbands.
#HISTORY  Please refer to the SYNPHOT manual for further information.
#
#
#
#
#
#
#
#
#
#
#
#
#
#  
#Columns WAVELENGTH FLUX
#Units  angstroms flam
1150.0  0.0
1155.0  0.0
1160.0  0.0
1165.0  0.0
1170.0  0.0
1175.0  0.0
1180.0  0.0
1185.0  0.0
1190.0  0.0
1195.0  0.0
1200.0  0.0
1205.0  0.0
1210.0  0.0
1215.0  0.0
1220.0  0.0
1225.0  0.0
1230.0  0.0
1235.0  0.0
1240.0  0.0
1245.0  0.0
1250.0  0.0
1255.0  0.0
1260.0  0.0
1265.0  0.0
1270.0  0.0
1275.0  0.0
1280.0  0.0
1285.0  0.0
1290.0  0.0
1295.0  0.0
1300.0  0.0
1305.0  0.0
1310.0  0.0
1315.0  0.0
1320.0  0.0
1325.0  0.0
1330.0  0.0
1335.0  0.0
1340.0  0.0
1345.0  0.0
1350.0  0.0
1355.0  0.0
1360.0  0.0
1365.0  0.0
1370.0  0.0
1375.0  0.0
1380.0  0.0
1385.0  0.0
1390.0  0.0
1395.0  0.0
1400.0  0.0
1405.0  0.0
1410.0  0.0
1415.0  0.0
1420.0  0.0
1425.0  0.0
1430.0  0.0
1435.0  0.0
1440.0  0.0
1445.0  0.0
1450.0  0.0
1455.0  0.0
1460.0  0.0
1465.0  0.0
1470.0  0.0
1475.0  0.0
1480.0  0.0
1485.0  0.0
1490.0  0.0
1495.0  0.0
1500.0  0.0
1505.0  0.0
1510.0  0.0
1515.0  0.0
1520.0  0.0
1525.0  0.0
1530.0  0.0
1535.0  0.0
1540.0  0.0
1545.0  0.0
1550.0  0.0
1555.0  0.0
1560.0  0.0
1565.0  0.0
1570.0  0.0
1575.0  0.0
1580.0  0.0
1585.0  0.0
1590.0  0.0
1595.0  0.0
1600.0  0.0
1605.0  0.0
1610.0  0.0
1615.0  0.0
1620.0  0.0
1625.0  0.0
1630.0  0.0
1635.0  0.0
1640.0  0.0
1645.0  0.0
1650.0  0.0
1655.0  0.0
1660.0  0.0
1665.0  0.0
1670.0  0.0
1675.0  0.0
1680.0  0.0
1685.0  0.0
1690.0  0.0
1695.0  0.0
1700.0  0.0
1705.0  0.0
1710.0  0.0
1715.0  0.0
1720.0  0.0
1725.0  0.0
1730.0  0.0
1735.0  0.0
1740.0  0.0
1745.0  0.0
1750.0  0.0
1755.0  0.0
1760.0  0.0
1765.0  0.0
1770.0  0.0
1775.0  0.0
1780.0  0.0
1785.0  0.0
1790.0  0.0
1795.0  0.0
1800.0  0.0
1805.0  0.0
1810.0  0.0
1815.0  0.0
1820.0  0.0
1825.0  0.0
1830.0  0.0
1835.0  0.0
1840.0  0.0
1845.0  0.0
1850.0  0.0
1855.0  0.0
1860.0  0.0
1865.0  0.0
1870.0  4.61943e-16
1875.0  3.22621e-15
1880.0  3.68569e-15
1885.0  3.22376e-15
1890.0  4.59493e-16
1895.0  0.0
1900.0  0.0
1905.0  0.0
1910.0  0.0
1915.0  0.0
1920.0  0.0
1925.0  0.0
1930.0  0.0
1935.0  0.0
1940.0  0.0
1945.0  0.0
1950.0  4.61893e-16
1955.0  4.14994e-15
1960.0  1.10618e-14
1965.0  1.79713e-14
1970.0  2.21165e-14
1975.0  2.58022e-14
1980.0  2.9026e-14
1985.0  2.85618e-14
1990.0  2.21095e-14
1995.0  1.38144e-14
2000.0  1.83824e-15
2005.0  0.0
2010.0  0.0
2015.0  0.0
2020.0  0.0
2025.0  0.0
2030.0  0.0
2035.0  0.0
2040.0  0.0
2045.0  0.0
2050.0  9.23671e-15
2055.0  7.51441e-14
2060.0  1.58536e-13
2065.0  2.42383e-13
2070.0  3.17931e-13
2075.0  3.72279e-13
2080.0  3.97137e-13
2085.0  3.83749e-13
2090.0  3.16912e-13
2095.0  1.89716e-13
2100.0  2.48192e-14
2105.0  0.0
2110.0  0.0
2115.0  0.0
2120.0  0.0
2125.0  0.0
2130.0  0.0
2135.0  0.0
2140.0  0.0
2145.0  0.0
2150.0  1.28838e-13
2155.0  1.06077e-12
2160.0  2.33568e-12
2165.0  3.80361e-12
2170.0  5.41109e-12
2175.0  7.10285e-12
2180.0  8.82085e-12
2185.0  1.05089e-11
2190.0  1.21098e-11
2195.0  1.35724e-11
2200.0  1.48388e-11
2205.0  1.58725e-11
2210.0  1.66832e-11
2215.0  1.72986e-11
2220.0  1.77482e-11
2225.0  1.8061e-11
2230.0  1.82645e-11
2235.0  1.83921e-11
2240.0  1.84672e-11
2245.0  1.85248e-11
2250.0  1.85879e-11
2255.0  1.86842e-11
2260.0  1.88225e-11
2265.0  1.90142e-11
2270.0  1.9262e-11
2275.0  1.95726e-11
2280.0  1.99532e-11
2285.0  2.04112e-11
2290.0  2.09535e-11
2295.0  2.15847e-11
2300.0  2.23113e-11
2305.0  2.31328e-11
2310.0  2.40215e-11
2315.0  2.49494e-11
2320.0  2.58814e-11
2325.0  2.67839e-11
2330.0  2.76238e-11
2335.0  2.83682e-11
2340.0  2.89864e-11
2345.0  2.94429e-11
2350.0  2.97063e-11
2355.0  2.9767e-11
2360.0  2.96633e-11
2365.0  2.9449e-11
2370.0  2.91809e-11
2375.0  2.89224e-11
2380.0  2.87304e-11
2385.0  2.86604e-11
2390.0  2.87716e-11
2395.0  2.9125e-11
2400.0  2.97748e-11
2405.0  3.07466e-11
2410.0  3.19819e-11
2415.0  3.33968e-11
2420.0  3.49011e-11
2425.0  3.64076e-11
2430.0  3.78233e-11
2435.0  3.90616e-11
2440.0  4.0034e-11
2445.0  4.06488e-11
2450.0  4.082e-11
2455.0  4.05119e-11
2460.0  3.97907e-11
2465.0  3.87766e-11
2470.0  3.7587e-11
2475.0  3.63449e-11
2480.0  3.51693e-11
2485.0  3.41788e-11
2490.0  3.34971e-11
2495.0  3.32431e-11
2500.0  3.35304e-11
2505.0  3.44291e-11
2510.0  3.5888e-11
2515.0  3.78135e-11
2520.0  4.01006e-11
2525.0  4.26461e-11
2530.0  4.53497e-11
2535.0  4.81088e-11
2540.0  5.08233e-11
2545.0  5.33903e-11
2550.0  5.57131e-11
2555.0  5.7759e-11
2560.0  5.9659e-11
2565.0  6.16014e-11
2570.0  6.37894e-11
2575.0  6.642e-11
2580.0  6.96885e-11
2585.0  7.37939e-11
2590.0  7.89356e-11
2595.0  8.53142e-11
2600.0  9.31135e-11
2605.0  1.02411e-10
2610.0  1.12993e-10
2615.0  1.24539e-10
2620.0  1.36712e-10
2625.0  1.49176e-10
2630.0  1.61602e-10
2635.0  1.73653e-10
2640.0  1.84993e-10
2645.0  1.95288e-10
2650.0  2.04214e-10
2655.0  2.1153e-10
2660.0  2.17209e-10
2665.0  2.21313e-10
2670.0  2.23911e-10
2675.0  2.25073e-10
2680.0  2.24866e-10
2685.0  2.23357e-10
2690.0  2.20619e-10
2695.0  2.16716e-10
2700.0  2.11724e-10
2705.0  2.05754e-10
2710.0  1.99024e-10
2715.0  1.91788e-10
2720.0  1.84309e-10
2725.0  1.76845e-10
2730.0  1.69654e-10
2735.0  1.63001e-10
2740.0  1.57147e-10
2745.0  1.52345e-10
2750.0  1.48851e-10
2755.0  1.46797e-10
2760.0  1.46024e-10
2765.0  1.46258e-10
2770.0  1.47215e-10
2775.0  1.48612e-10
2780.0  1.50162e-10
2785.0  1.51585e-10
2790.0  1.52593e-10
2795.0  1.529e-10
2800.0  1.52245e-10
2805.0  1.50557e-10
2810.0  1.48276e-10
2815.0  1.46036e-10
2820.0  1.4449e-10
2825.0  1.44298e-10
2830.0  1.46111e-10
2835.0  1.50583e-10
2840.0  1.58369e-10
2845.0  1.70122e-10
2850.0  1.86465e-10
2855.0  2.07661e-10
2860.0  2.3306e-10
2865.0  2.61654e-10
2870.0  2.92404e-10
2875.0  3.24272e-10
2880.0  3.56215e-10
2885.0  3.87195e-10
2890.0  4.1617e-10
2895.0  4.42104e-10
2900.0  4.6398e-10
2905.0  4.8109e-10
2910.0  4.9349e-10
2915.0  5.01535e-10
2920.0  5.05609e-10
2925.0  5.06094e-10
2930.0  5.03373e-10
2935.0  4.97833e-10
2940.0  4.89859e-10
2945.0  4.79831e-10
2950.0  4.68138e-10
2955.0  4.55204e-10
2960.0  4.4154e-10
2965.0  4.27696e-10
2970.0  4.14227e-10
2975.0  4.01684e-10
2980.0  3.9062e-10
2985.0  3.81586e-10
2990.0  3.75136e-10
2995.0  3.71823e-10
3000.0  3.72174e-10
3005.0  3.76488e-10
3010.0  3.84457e-10
3015.0  3.95536e-10
3020.0  4.0916e-10
3025.0  4.24767e-10
3030.0  4.41788e-10
3035.0  4.5966e-10
3040.0  4.77819e-10
3045.0  4.95697e-10
3050.0  5.12746e-10
3055.0  5.28561e-10
3060.0  5.4313e-10
3065.0  5.56585e-10
3070.0  5.69069e-10
3075.0  5.80731e-10
3080.0  5.91717e-10
3085.0  6.02177e-10
3090.0  6.12253e-10
3095.0  6.22093e-10
3100.0  6.31842e-10
3105.0  6.41601e-10
3110.0  6.51369e-10
3115.0  6.61104e-10
3120.0  6.7077e-10
3125.0  6.80314e-10
3130.0  6.89697e-10
3135.0  6.98871e-10
3140.0  7.07792e-10
3145.0  7.1642e-10
3150.0  7.24706e-10
3155.0  7.31971e-10
3160.0  7.38583e-10
3165.0  7.65327e-10
3170.0  7.90863e-10
3175.0  8.06749e-10
3180.0  8.08213e-10
3185.0  7.9664e-10
3190.0  7.89078e-10
3195.0  8.03468e-10
3200.0  8.41924e-10
3205.0  8.36633e-10
3210.0  8.28733e-10
3215.0  7.92766e-10
3220.0  7.40788e-10
3225.0  6.97847e-10
3230.0  6.84389e-10
3235.0  7.04956e-10
3240.0  7.29493e-10
3245.0  7.41629e-10
3250.0  7.91926e-10
3255.0  9.15076e-10
3260.0  1.03863e-09
3265.0  1.08562e-09
3270.0  1.07546e-09
3275.0  1.0553e-09
3280.0  1.0466e-09
3285.0  1.06241e-09
3290.0  1.11937e-09
3295.0  1.20606e-09
3300.0  1.23663e-09
3305.0  1.15384e-09
3310.0  1.04751e-09
3315.0  1.01766e-09
3320.0  1.04332e-09
3325.0  1.06825e-09
3330.0  1.06924e-09
3335.0  1.05142e-09
3340.0  1.05506e-09
3345.0  1.10163e-09
3350.0  1.13149e-09
3355.0  1.08483e-09
3360.0  9.84079e-10
3365.0  8.85018e-10
3370.0  8.44657e-10
3375.0  8.87096e-10
3380.0  9.53445e-10
3385.0  9.8947e-10
3390.0  1.03227e-09
3395.0  1.11513e-09
3400.0  1.17136e-09
3405.0  1.14074e-09
3410.0  1.08141e-09
3415.0  1.07072e-09
3420.0  1.11373e-09
3425.0  1.1688e-09
3430.0  1.1516e-09
3435.0  1.02418e-09
3440.0  9.06471e-10
3445.0  9.12457e-10
3450.0  9.84217e-10
3455.0  1.03074e-09
3460.0  1.04874e-09
3465.0  1.06137e-09
3470.0  1.06868e-09
3475.0  1.0619e-09
3480.0  1.03671e-09
3485.0  1.00606e-09
3490.0  1.02013e-09
3495.0  1.1068e-09
3500.0  1.19989e-09
3505.0  1.23234e-09
3510.0  1.22171e-09
3515.0  1.12544e-09
3520.0  1.07303e-09
3525.0  1.05424e-09
3530.0  1.1128e-09
3535.0  1.25507e-09
3540.0  1.33883e-09
3545.0  1.35294e-09
3550.0  1.30828e-09
3555.0  1.2277e-09
3560.0  1.13493e-09
3565.0  1.01901e-09
3570.0  8.79006e-10
3575.0  7.98738e-10
3580.0  7.56699e-10
3585.0  7.36842e-10
3590.0  8.71478e-10
3595.0  1.09934e-09
3600.0  1.2307e-09
3605.0  1.14986e-09
3610.0  9.47398e-10
3615.0  9.31259e-10
3620.0  1.0226e-09
3625.0  1.13878e-09
3630.0  1.20887e-09
3635.0  1.25808e-09
3640.0  1.27409e-09
3645.0  1.19888e-09
3650.0  1.23031e-09
3655.0  1.49322e-09
3660.0  1.73834e-09
3665.0  1.76533e-09
3670.0  1.65864e-09
3675.0  1.51931e-09
3680.0  1.3935e-09
3685.0  1.36966e-09
3690.0  1.47135e-09
3695.0  1.60556e-09
3700.0  1.62483e-09
3705.0  1.49758e-09
3710.0  1.37477e-09
3715.0  1.26483e-09
3720.0  1.11446e-09
3725.0  1.03839e-09
3730.0  9.84608e-10
3735.0  8.83141e-10
3740.0  8.23148e-10
3745.0  8.24829e-10
3750.0  8.96016e-10
3755.0  9.9959e-10
3760.0  1.06261e-09
3765.0  1.16031e-09
3770.0  1.36997e-09
3775.0  1.64088e-09
3780.0  1.70834e-09
3785.0  1.53563e-09
3790.0  1.29491e-09
3795.0  1.19324e-09
3800.0  1.2384e-09
3805.0  1.30985e-09
3810.0  1.24795e-09
3815.0  1.02058e-09
3820.0  7.7804e-10
3825.0  6.37566e-10
3830.0  6.16225e-10
3835.0  6.63649e-10
3840.0  7.76912e-10
3845.0  9.02855e-10
3850.0  9.47247e-10
3855.0  8.88526e-10
3860.0  8.45729e-10
3865.0  8.86775e-10
3870.0  9.3926e-10
3875.0  9.72085e-10
3880.0  1.01335e-09
3885.0  1.08637e-09
3890.0  1.2207e-09
3895.0  1.30395e-09
3900.0  1.33916e-09
3905.0  1.43637e-09
3910.0  1.56587e-09
3915.0  1.55757e-09
3920.0  1.35273e-09
3925.0  1.05562e-09
3930.0  8.18768e-10
3935.0  7.67569e-10
3940.0  9.63145e-10
3945.0  1.27705e-09
3950.0  1.53337e-09
3955.0  1.55918e-09
3960.0  1.32006e-09
3965.0  1.0007e-09
3970.0  9.25622e-10
3975.0  1.29791e-09
3980.0  1.80005e-09
3985.0  2.10826e-09
3990.0  2.25052e-09
3995.0  2.33278e-09
4000.0  2.37705e-09
4005.0  2.39205e-09
4010.0  2.4537e-09
4015.0  2.57636e-09
4020.0  2.62859e-09
4025.0  2.5205e-09
4030.0  2.36524e-09
4035.0  2.35208e-09
4040.0  2.39259e-09
4045.0  2.31652e-09
4050.0  2.25034e-09
4055.0  2.23913e-09
4060.0  2.17912e-09
4065.0  2.1276e-09
4070.0  2.172e-09
4075.0  2.29225e-09
4080.0  2.49889e-09
4085.0  2.74842e-09
4090.0  2.82227e-09
4095.0  2.64889e-09
4100.0  2.46317e-09
4105.0  2.49929e-09
4110.0  2.65111e-09
4115.0  2.73489e-09
4120.0  2.70792e-09
4125.0  2.60203e-09
4130.0  2.49321e-09
4135.0  2.46874e-09
4140.0  2.46721e-09
4145.0  2.42075e-09
4150.0  2.43255e-09
4155.0  2.50002e-09
4160.0  2.58848e-09
4165.0  2.59626e-09
4170.0  2.50885e-09
4175.0  2.4291e-09
4180.0  2.41832e-09
4185.0  2.42963e-09
4190.0  2.42698e-09
4195.0  2.34403e-09
4200.0  2.3178e-09
4205.0  2.49051e-09
4210.0  2.6883e-09
4215.0  2.72168e-09
4220.0  2.58383e-09
4225.0  2.38365e-09
4230.0  2.33289e-09
4235.0  2.49454e-09
4240.0  2.6417e-09
4245.0  2.63252e-09
4250.0  2.51986e-09
4255.0  2.502e-09
4260.0  2.54744e-09
4265.0  2.50666e-09
4270.0  2.40078e-09
4275.0  2.42256e-09
4280.0  2.5376e-09
4285.0  2.53049e-09
4290.0  2.39892e-09
4295.0  2.21406e-09
4300.0  1.98653e-09
4305.0  1.83247e-09
4310.0  2.00254e-09
4315.0  2.52946e-09
4320.0  2.9399e-09
4325.0  2.96879e-09
4330.0  2.91045e-09
4335.0  2.89053e-09
4340.0  2.88449e-09
4345.0  2.96046e-09
4350.0  3.05342e-09
4355.0  3.12698e-09
4360.0  3.21717e-09
4365.0  3.24973e-09
4370.0  3.13852e-09
4375.0  2.90486e-09
4380.0  2.65799e-09
4385.0  2.55227e-09
4390.0  2.67401e-09
4395.0  2.88474e-09
4400.0  2.97328e-09
4405.0  2.93468e-09
4410.0  2.96567e-09
4415.0  3.10009e-09
4420.0  3.22555e-09
4425.0  3.26551e-09
4430.0  3.24185e-09
4435.0  3.22944e-09
4440.0  3.30726e-09
4445.0  3.44927e-09
4450.0  3.44897e-09
4455.0  3.21074e-09
4460.0  3.04474e-09
4465.0  3.19081e-09
4470.0  3.45306e-09
4475.0  3.59233e-09
4480.0  3.60887e-09
4485.0  3.6112e-09
4490.0  3.62232e-09
4495.0  3.64397e-09
4500.0  3.71787e-09
4505.0  3.8723e-09
4510.0  3.94839e-09
4515.0  3.90802e-09
4520.0  3.76881e-09
4525.0  3.47318e-09
4530.0  3.26376e-09
4535.0  3.40286e-09
4540.0  3.62751e-09
4545.0  3.65266e-09
4550.0  3.60635e-09
4555.0  3.68524e-09
4560.0  3.81779e-09
4565.0  3.83576e-09
4570.0  3.80927e-09
4575.0  3.76945e-09
4580.0  3.69176e-09
4585.0  3.66807e-09
4590.0  3.69643e-09
4595.0  3.63873e-09
4600.0  3.57714e-09
4605.0  3.67779e-09
4610.0  3.82376e-09
4615.0  3.86559e-09
4620.0  3.87342e-09
4625.0  3.89805e-09
4630.0  3.89334e-09
4635.0  3.78341e-09
4640.0  3.63251e-09
4645.0  3.49848e-09
4650.0  3.4911e-09
4655.0  3.65041e-09
4660.0  3.7261e-09
4665.0  3.53815e-09
4670.0  3.39661e-09
4675.0  3.50465e-09
4680.0  3.56489e-09
4685.0  3.60829e-09
4690.0  3.60482e-09
4695.0  3.53425e-09
4700.0  3.40743e-09
4705.0  3.3523e-09
4710.0  3.46338e-09
4715.0  3.67175e-09
4720.0  3.85725e-09
4725.0  3.78839e-09
4730.0  3.60194e-09
4735.0  3.62062e-09
4740.0  3.73725e-09
4745.0  3.83037e-09
4750.0  3.82324e-09
4755.0  3.73717e-09
4760.0  3.69279e-09
4765.0  3.62955e-09
4770.0  3.68296e-09
4775.0  3.83835e-09
4780.0  3.8991e-09
4785.0  3.8197e-09
4790.0  3.79623e-09
4795.0  3.8971e-09
4800.0  3.93563e-09
4805.0  3.89432e-09
4810.0  3.86307e-09
4815.0  3.91895e-09
4820.0  3.95144e-09
4825.0  3.87259e-09
4830.0  3.79305e-09
4835.0  3.76163e-09
4840.0  3.75525e-09
4845.0  3.81611e-09
4850.0  3.80444e-09
4855.0  3.54611e-09
4860.0  3.20637e-09
4865.0  3.18567e-09
4870.0  3.3388e-09
4875.0  3.5034e-09
4880.0  3.64668e-09
4885.0  3.52369e-09
4890.0  3.37964e-09
4895.0  3.6006e-09
4900.0  3.85321e-09
4905.0  3.84476e-09
4910.0  3.70388e-09
4915.0  3.46709e-09
4920.0  3.27471e-09
4925.0  3.45275e-09
4930.0  3.76004e-09
4935.0  3.7192e-09
4940.0  3.64477e-09
4945.0  3.79121e-09
4950.0  3.87445e-09
4955.0  3.71649e-09
4960.0  3.61222e-09
4965.0  3.71685e-09
4970.0  3.7658e-09
4975.0  3.69451e-09
4980.0  3.51227e-09
4985.0  3.47398e-09
4990.0  3.63208e-09
4995.0  3.6718e-09
5000.0  3.52446e-09
5005.0  3.32834e-09
5010.0  3.32237e-09
5015.0  3.28772e-09
5020.0  3.35785e-09
5025.0  3.4832e-09
5030.0  3.56446e-09
5035.0  3.51838e-09
5040.0  3.34627e-09
5045.0  3.39392e-09
5050.0  3.50717e-09
5055.0  3.5769e-09
5060.0  3.66329e-09
5065.0  3.54796e-09
5070.0  3.41721e-09
5075.0  3.33969e-09
5080.0  3.25891e-09
5085.0  3.3684e-09
5090.0  3.52554e-09
5095.0  3.48543e-09
5100.0  3.35109e-09
5105.0  3.342e-09
5110.0  3.36221e-09
5115.0  3.46469e-09
5120.0  3.43255e-09
5125.0  3.27099e-09
5130.0  3.24617e-09
5135.0  3.24861e-09
5140.0  3.18783e-09
5145.0  3.16447e-09
5150.0  3.1952e-09
5155.0  3.27445e-09
5160.0  3.15453e-09
5165.0  2.66332e-09
5170.0  2.3204e-09
5175.0  2.52351e-09
5180.0  2.71827e-09
5185.0  2.73694e-09
5190.0  3.03794e-09
5195.0  3.27753e-09
5200.0  3.36681e-09
5205.0  3.22522e-09
5210.0  3.20013e-09
5215.0  3.40946e-09
5220.0  3.50164e-09
5225.0  3.35644e-09
5230.0  3.27393e-09
5235.0  3.49443e-09
5240.0  3.72647e-09
5245.0  3.74672e-09
5250.0  3.65568e-09
5255.0  3.64351e-09
5260.0  3.51055e-09
5265.0  3.09129e-09
5270.0  2.91126e-09
5275.0  3.22441e-09
5280.0  3.55034e-09
5285.0  3.74229e-09
5290.0  3.90382e-09
5295.0  3.77758e-09
5300.0  3.64786e-09
5305.0  3.82797e-09
5310.0  4.01188e-09
5315.0  3.97627e-09
5320.0  3.76619e-09
5325.0  3.46173e-09
5330.0  3.40648e-09
5335.0  3.64785e-09
5340.0  3.69142e-09
5345.0  3.70368e-09
5350.0  3.80331e-09
5355.0  3.97222e-09
5360.0  3.98583e-09
5365.0  3.73915e-09
5370.0  3.53159e-09
5375.0  3.66388e-09
5380.0  3.80963e-09
5385.0  3.80054e-09
5390.0  3.68919e-09
5395.0  3.53134e-09
5400.0  3.44553e-09
5405.0  3.39167e-09
5410.0  3.45096e-09
5415.0  3.64387e-09
5420.0  3.72625e-09
5425.0  3.67947e-09
5430.0  3.58937e-09
5435.0  3.63603e-09
5440.0  3.81396e-09
5445.0  3.77498e-09
5450.0  3.73034e-09
5455.0  3.73392e-09
5460.0  3.78253e-09
5465.0  3.78191e-09
5470.0  3.77342e-09
5475.0  3.68845e-09
5480.0  3.62822e-09
5485.0  3.70184e-09
5490.0  3.77178e-09
5495.0  3.79652e-09
5500.0  3.77272e-09
5505.0  3.71813e-09
5510.0  3.68234e-09
5515.0  3.73078e-09
5520.0  3.81148e-09
5525.0  3.75087e-09
5530.0  3.66426e-09
5535.0  3.70635e-09
5540.0  3.77854e-09
5545.0  3.83969e-09
5550.0  3.8825e-09
5555.0  3.84472e-09
5560.0  3.76564e-09
5565.0  3.65741e-09
5570.0  3.6005e-09
5575.0  3.65256e-09
5580.0  3.68332e-09
5585.0  3.51909e-09
5590.0  3.41294e-09
5595.0  3.4961e-09
5600.0  3.58789e-09
5605.0  3.7491e-09
5610.0  3.83541e-09
5615.0  3.68407e-09
5620.0  3.60514e-09
5625.0  3.65585e-09
5630.0  3.75292e-09
5635.0  3.74346e-09
5640.0  3.70268e-09
5645.0  3.7357e-09
5650.0  3.75772e-09
5655.0  3.67716e-09
5660.0  3.60702e-09
5665.0  3.67632e-09
5670.0  3.79629e-09
5675.0  3.84086e-09
5680.0  3.77631e-09
5685.0  3.6928e-09
5690.0  3.72131e-09
5695.0  3.76676e-09
5700.0  3.70434e-09
5705.0  3.57874e-09
5710.0  3.50564e-09
5715.0  3.66754e-09
5720.0  3.85851e-09
5725.0  3.91518e-09
5730.0  3.88246e-09
5735.0  3.87866e-09
5740.0  3.88651e-09
5745.0  3.85251e-09
5750.0  3.77437e-09
5755.0  3.74608e-09
5760.0  3.76461e-09
5765.0  3.82705e-09
5770.0  3.87697e-09
5775.0  3.81227e-09
5780.0  3.66663e-09
5785.0  3.6059e-09
5790.0  3.70619e-09
5795.0  3.80303e-09
5800.0  3.83082e-09
5805.0  3.81443e-09
5810.0  3.82683e-09
5815.0  3.8605e-09
5820.0  3.91213e-09
5825.0  3.94031e-09
5830.0  3.92724e-09
5835.0  3.9128e-09
5840.0  3.92553e-09
5845.0  3.91237e-09
5850.0  3.84434e-09
5855.0  3.75143e-09
5860.0  3.71906e-09
5865.0  3.78779e-09
5870.0  3.87161e-09
5875.0  3.89528e-09
5880.0  3.78612e-09
5885.0  3.42637e-09
5890.0  2.94449e-09
5895.0  2.97461e-09
5900.0  3.42078e-09
5905.0  3.73553e-09
5910.0  3.79686e-09
5915.0  3.79397e-09
5920.0  3.82074e-09
5925.0  3.82647e-09
5930.0  3.80277e-09
5935.0  3.81454e-09
5940.0  3.82436e-09
5945.0  3.79748e-09
5950.0  3.75538e-09
5955.0  3.75779e-09
5960.0  3.79912e-09
5965.0  3.82997e-09
5970.0  3.83035e-09
5975.0  3.77469e-09
5980.0  3.71752e-09
5985.0  3.68732e-09
5990.0  3.72089e-09
5995.0  3.73122e-09
6000.0  3.6825e-09
6005.0  3.63568e-09
6010.0  3.59766e-09
6015.0  3.57562e-09
6020.0  3.5466e-09
6025.0  3.60084e-09
6030.0  3.70822e-09
6035.0  3.75491e-09
6040.0  3.74771e-09
6045.0  3.75135e-09
6050.0  3.75034e-09
6055.0  3.71416e-09
6060.0  3.7102e-09
6065.0  3.70845e-09
6070.0  3.75051e-09
6075.0  3.73471e-09
6080.0  3.65553e-09
6085.0  3.61984e-09
6090.0  3.60728e-09
6095.0  3.59475e-09
6100.0  3.5538e-09
6105.0  3.56105e-09
6110.0  3.63057e-09
6115.0  3.61458e-09
6120.0  3.51772e-09
6125.0  3.51493e-09
6130.0  3.5491e-09
6135.0  3.47239e-09
6140.0  3.46818e-09
6145.0  3.55725e-09
6150.0  3.57477e-09
6155.0  3.47908e-09
6160.0  3.32523e-09
6165.0  3.27458e-09
6170.0  3.37779e-09
6175.0  3.51443e-09
6180.0  3.58432e-09
6185.0  3.57091e-09
6190.0  3.51181e-09
6195.0  3.5359e-09
6200.0  3.606e-09
6205.0  3.64159e-09
6210.0  3.60102e-09
6215.0  3.51334e-09
6220.0  3.48322e-09
6225.0  3.49079e-09
6230.0  3.45507e-09
6235.0  3.47661e-09
6240.0  3.47614e-09
6245.0  3.43256e-09
6250.0  3.42393e-09
6255.0  3.38405e-09
6260.0  3.4239e-09
6265.0  3.52422e-09
6270.0  3.56373e-09
6275.0  3.52743e-09
6280.0  3.48652e-09
6285.0  3.51747e-09
6290.0  3.53613e-09
6295.0  3.47994e-09
6300.0  3.41632e-09
6305.0  3.45246e-09
6310.0  3.48525e-09
6315.0  3.41324e-09
6320.0  3.38467e-09
6325.0  3.47727e-09
6330.0  3.5155e-09
6335.0  3.45823e-09
6340.0  3.41654e-09
6345.0  3.45426e-09
6350.0  3.50597e-09
6355.0  3.45398e-09
6360.0  3.36134e-09
6365.0  3.38843e-09
6370.0  3.50952e-09
6375.0  3.55515e-09
6380.0  3.54475e-09
6385.0  3.54014e-09
6390.0  3.52352e-09
6395.0  3.4701e-09
6400.0  3.42026e-09
6405.0  3.41074e-09
6410.0  3.38464e-09
6415.0  3.40131e-09
6420.0  3.4299e-09
6425.0  3.4858e-09
6430.0  3.49697e-09
6435.0  3.47133e-09
6440.0  3.45572e-09
6445.0  3.46271e-09
6450.0  3.42531e-09
6455.0  3.43031e-09
6460.0  3.42487e-09
6465.0  3.42781e-09
6470.0  3.45356e-09
6475.0  3.47497e-09
6480.0  3.47619e-09
6485.0  3.45384e-09
6490.0  3.37254e-09
6495.0  3.23599e-09
6500.0  3.29617e-09
6505.0  3.43934e-09
6510.0  3.49313e-09
6515.0  3.47014e-09
6520.0  3.43982e-09
6525.0  3.44847e-09
6530.0  3.44663e-09
6535.0  3.45236e-09
6540.0  3.45051e-09
6545.0  3.40893e-09
6550.0  3.33742e-09
6555.0  3.19138e-09
6560.0  2.96982e-09
6565.0  2.98862e-09
6570.0  3.19181e-09
6575.0  3.32758e-09
6580.0  3.37983e-09
6585.0  3.37795e-09
6590.0  3.3491e-09
6595.0  3.31843e-09
6600.0  3.36287e-09
6605.0  3.3855e-09
6610.0  3.38181e-09
6615.0  3.42149e-09
6620.0  3.43741e-09
6625.0  3.4077e-09
6630.0  3.3493e-09
6635.0  3.31729e-09
6640.0  3.34224e-09
6645.0  3.37863e-09
6650.0  3.40923e-09
6655.0  3.4071e-09
6660.0  3.36717e-09
6665.0  3.33807e-09
6670.0  3.35477e-09
6675.0  3.36016e-09
6680.0  3.34459e-09
6685.0  3.39031e-09
6690.0  3.41122e-09
6695.0  3.36728e-09
6700.0  3.31961e-09
6705.0  3.32381e-09
6710.0  3.32767e-09
6715.0  3.2905e-09
6720.0  3.2785e-09
6725.0  3.30817e-09
6730.0  3.33308e-09
6735.0  3.33314e-09
6740.0  3.3137e-09
6745.0  3.30155e-09
6750.0  3.2981e-09
6755.0  3.31999e-09
6760.0  3.34654e-09
6765.0  3.33202e-09
6770.0  3.30399e-09
6775.0  3.31217e-09
6780.0  3.31395e-09
6785.0  3.28993e-09
6790.0  3.29448e-09
6795.0  3.30048e-09
6800.0  3.29253e-09
6805.0  3.29391e-09
6810.0  3.29053e-09
6815.0  3.28895e-09
6820.0  3.29416e-09
6825.0  3.29773e-09
6830.0  3.28699e-09
6835.0  3.24345e-09
6840.0  3.19415e-09
6845.0  3.1949e-09
6850.0  3.21733e-09
6855.0  3.20877e-09
6860.0  3.19348e-09
6865.0  3.22206e-09
6870.0  3.2318e-09
6875.0  3.2062e-09
6880.0  3.19023e-09
6885.0  3.20703e-09
6890.0  3.23248e-09
6895.0  3.2319e-09
6900.0  3.22235e-09
6905.0  3.21304e-09
6910.0  3.20643e-09
6915.0  3.19293e-09
6920.0  3.18928e-09
6925.0  3.17661e-09
6930.0  3.17925e-09
6935.0  3.18607e-09
6940.0  3.18774e-09
6945.0  3.16846e-09
6950.0  3.16208e-09
6955.0  3.16411e-09
6960.0  3.1667e-09
6965.0  3.16545e-09
6970.0  3.16366e-09
6975.0  3.12291e-09
6980.0  3.08932e-09
6985.0  3.14546e-09
6990.0  3.18717e-09
6995.0  3.18397e-09
7000.0  3.13942e-09
7005.0  3.0991e-09
7010.0  3.09192e-09
7015.0  3.06302e-09
7020.0  3.05979e-09
7025.0  3.06946e-09
7030.0  3.10592e-09
7035.0  3.11964e-09
7040.0  3.13884e-09
7045.0  3.18388e-09
7050.0  3.19229e-09
7055.0  3.15994e-09
7060.0  3.14179e-09
7065.0  3.1273e-09
7070.0  3.12649e-09
7075.0  3.14847e-09
7080.0  3.13708e-09
7085.0  3.08728e-09
7090.0  3.06992e-09
7095.0  3.09343e-09
7100.0  3.12092e-09
7105.0  3.11154e-09
7110.0  3.07732e-09
7115.0  3.06347e-09
7120.0  3.05386e-09
7125.0  3.04554e-09
7130.0  3.03696e-09
7135.0  3.06205e-09
7140.0  3.07449e-09
7145.0  3.0436e-09
7150.0  3.01739e-09
7155.0  3.03457e-09
7160.0  3.03649e-09
7165.0  3.02307e-09
7170.0  3.02871e-09
7175.0  3.01739e-09
7180.0  2.97396e-09
7185.0  2.91092e-09
7190.0  2.86994e-09
7195.0  2.88254e-09
7200.0  2.92194e-09
7205.0  2.93061e-09
7210.0  2.92452e-09
7215.0  2.95544e-09
7220.0  2.98462e-09
7225.0  3.00054e-09
7230.0  3.01372e-09
7235.0  3.0086e-09
7240.0  2.98817e-09
7245.0  2.97998e-09
7250.0  2.9736e-09
7255.0  2.97187e-09
7260.0  2.97222e-09
7265.0  2.97627e-09
7270.0  2.98065e-09
7275.0  2.96921e-09
7280.0  2.92447e-09
7285.0  2.87536e-09
7290.0  2.85117e-09
7295.0  2.88767e-09
7300.0  2.94013e-09
7305.0  2.9449e-09
7310.0  2.924e-09
7315.0  2.93656e-09
7320.0  2.94297e-09
7325.0  2.92713e-09
7330.0  2.92135e-09
7335.0  2.95743e-09
7340.0  2.98851e-09
7345.0  2.97662e-09
7350.0  2.93272e-09
7355.0  2.89136e-09
7360.0  2.88306e-09
7365.0  2.90576e-09
7370.0  2.94263e-09
7375.0  2.95831e-09
7380.0  2.94167e-09
7385.0  2.85341e-09
7390.0  2.80889e-09
7395.0  2.86072e-09
7400.0  2.90552e-09
7405.0  2.90044e-09
7410.0  2.85544e-09
7415.0  2.83212e-09
7420.0  2.83653e-09
7425.0  2.88588e-09
7430.0  2.93202e-09
7435.0  2.93677e-09
7440.0  2.90252e-09
7445.0  2.86081e-09
7450.0  2.87871e-09
7455.0  2.90185e-09
7460.0  2.88901e-09
7465.0  2.90664e-09
7470.0  2.92668e-09
7475.0  2.91188e-09
7480.0  2.8976e-09
7485.0  2.89143e-09
7490.0  2.86217e-09
7495.0  2.83524e-09
7500.0  2.8604e-09
7505.0  2.85003e-09
7510.0  2.8124e-09
7515.0  2.83721e-09
7520.0  2.87283e-09
7525.0  2.85772e-09
7530.0  2.84883e-09
7535.0  2.87363e-09
7540.0  2.88973e-09
7545.0  2.87586e-09
7550.0  2.86501e-09
7555.0  2.85073e-09
7560.0  2.84595e-09
7565.0  2.84529e-09
7570.0  2.83607e-09
7575.0  2.84265e-09
7580.0  2.83947e-09
7585.0  2.80848e-09
7590.0  2.82169e-09
7595.0  2.85997e-09
7600.0  2.86637e-09
7605.0  2.84106e-09
7610.0  2.80577e-09
7615.0  2.75333e-09
7620.0  2.75676e-09
7625.0  2.82526e-09
7630.0  2.8487e-09
7635.0  2.84278e-09
7640.0  2.84072e-09
7645.0  2.83995e-09
7650.0  2.80962e-09
7655.0  2.7582e-09
7660.0  2.70797e-09
7665.0  2.71597e-09
7670.0  2.76027e-09
7675.0  2.79463e-09
7680.0  2.80399e-09
7685.0  2.79487e-09
7690.0  2.76732e-09
7695.0  2.753e-09
7700.0  2.7679e-09
7705.0  2.78109e-09
7710.0  2.75882e-09
7715.0  2.73642e-09
7720.0  2.73973e-09
7725.0  2.74656e-09
7730.0  2.75779e-09
7735.0  2.78115e-09
7740.0  2.77239e-09
7745.0  2.70543e-09
7750.0  2.6742e-09
7755.0  2.72185e-09
7760.0  2.76367e-09
7765.0  2.78015e-09
7770.0  2.77437e-09
7775.0  2.74865e-09
7780.0  2.7225e-09
7785.0  2.7257e-09
7790.0  2.74009e-09
7795.0  2.733e-09
7800.0  2.71998e-09
7805.0  2.71673e-09
7810.0  2.70439e-09
7815.0  2.7342e-09
7820.0  2.76773e-09
7825.0  2.77064e-09
7830.0  2.72309e-09
7835.0  2.67021e-09
7840.0  2.69873e-09
7845.0  2.72466e-09
7850.0  2.72266e-09
7855.0  2.72471e-09
7860.0  2.73698e-09
7865.0  2.7391e-09
7870.0  2.71589e-09
7875.0  2.68259e-09
7880.0  2.66627e-09
7885.0  2.68772e-09
7890.0  2.69897e-09
7895.0  2.66781e-09
7900.0  2.65656e-09
7905.0  2.65359e-09
7910.0  2.62849e-09
7915.0  2.59627e-09
7920.0  2.58873e-09
7925.0  2.58177e-09
7930.0  2.54489e-09
7935.0  2.51393e-09
7940.0  2.50701e-09
7945.0  2.51402e-09
7950.0  2.55096e-09
7955.0  2.59012e-09
7960.0  2.60742e-09
7965.0  2.62448e-09
7970.0  2.63665e-09
7975.0  2.64155e-09
7980.0  2.63778e-09
7985.0  2.63562e-09
7990.0  2.62695e-09
7995.0  2.58675e-09
8000.0  2.5579e-09
8005.0  2.58731e-09
8010.0  2.61929e-09
8015.0  2.63685e-09
8020.0  2.62647e-09
8025.0  2.58223e-09
8030.0  2.5703e-09
8035.0  2.60997e-09
8040.0  2.60996e-09
8045.0  2.54487e-09
8050.0  2.51582e-09
8055.0  2.56006e-09
8060.0  2.60879e-09
8065.0  2.61101e-09
8070.0  2.57828e-09
8075.0  2.56648e-09
8080.0  2.55986e-09
8085.0  2.54738e-09
8090.0  2.52624e-09
8095.0  2.48718e-09
8100.0  2.47666e-09
8105.0  2.50039e-09
8110.0  2.51689e-09
8115.0  2.52004e-09
8120.0  2.52767e-09
8125.0  2.53947e-09
8130.0  2.5442e-09
8135.0  2.54212e-09
8140.0  2.52858e-09
8145.0  2.51526e-09
8150.0  2.51172e-09
8155.0  2.5161e-09
8160.0  2.51391e-09
8165.0  2.49964e-09
8170.0  2.47766e-09
8175.0  2.46927e-09
8180.0  2.4572e-09
8185.0  2.44282e-09
8190.0  2.42379e-09
8195.0  2.39112e-09
8200.0  2.41387e-09
8205.0  2.46182e-09
8210.0  2.47865e-09
8215.0  2.46788e-09
8220.0  2.44982e-09
8225.0  2.44861e-09
8230.0  2.46218e-09
8235.0  2.48881e-09
8240.0  2.51528e-09
8245.0  2.52083e-09
8250.0  2.51121e-09
8255.0  2.50493e-09
8260.0  2.51624e-09
8265.0  2.5212e-09
8270.0  2.50604e-09
8275.0  2.48455e-09
8280.0  2.47928e-09
8285.0  2.46639e-09
8290.0  2.46074e-09
8295.0  2.4631e-09
8300.0  2.45654e-09
8305.0  2.43062e-09
8310.0  2.42161e-09
8315.0  2.44368e-09
8320.0  2.44677e-09
8325.0  2.41212e-09
8330.0  2.379e-09
8335.0  2.37561e-09
8340.0  2.37909e-09
8345.0  2.38361e-09
8350.0  2.41645e-09
8355.0  2.43857e-09
8360.0  2.44132e-09
8365.0  2.44095e-09
8370.0  2.44405e-09
8375.0  2.44128e-09
8380.0  2.41504e-09
8385.0  2.37062e-09
8390.0  2.37587e-09
8395.0  2.41032e-09
8400.0  2.43423e-09
8405.0  2.44442e-09
8410.0  2.43653e-09
8415.0  2.42376e-09
8420.0  2.40119e-09
8425.0  2.39345e-09
8430.0  2.40661e-09
8435.0  2.37624e-09
8440.0  2.36686e-09
8445.0  2.39071e-09
8450.0  2.42402e-09
8455.0  2.44654e-09
8460.0  2.43758e-09
8465.0  2.40215e-09
8470.0  2.38632e-09
8475.0  2.4113e-09
8480.0  2.42043e-09
8485.0  2.41655e-09
8490.0  2.35628e-09
8495.0  2.17684e-09
8500.0  2.14461e-09
8505.0  2.2803e-09
8510.0  2.3407e-09
8515.0  2.3073e-09
8520.0  2.29835e-09
8525.0  2.30066e-09
8530.0  2.27554e-09
8535.0  2.13383e-09
8540.0  1.90725e-09
8545.0  1.8753e-09
8550.0  2.04988e-09
8555.0  2.17841e-09
8560.0  2.27326e-09
8565.0  2.32389e-09
8570.0  2.32466e-09
8575.0  2.32263e-09
8580.0  2.31268e-09
8585.0  2.3094e-09
8590.0  2.30775e-09
8595.0  2.30662e-09
8600.0  2.31831e-09
8605.0  2.31588e-09
8610.0  2.30323e-09
8615.0  2.31776e-09
8620.0  2.33453e-09
8625.0  2.34813e-09
8630.0  2.35746e-09
8635.0  2.36029e-09
8640.0  2.3566e-09
8645.0  2.32437e-09
8650.0  2.28722e-09
8655.0  2.19645e-09
8660.0  1.98961e-09
8665.0  1.96406e-09
8670.0  2.07149e-09
8675.0  2.15258e-09
8680.0  2.21558e-09
8685.0  2.20289e-09
8690.0  2.20875e-09
8695.0  2.27807e-09
8700.0  2.25923e-09
8705.0  2.24879e-09
8710.0  2.22433e-09
8715.0  2.22841e-09
8720.0  2.25939e-09
8725.0  2.25646e-09
8730.0  2.22132e-09
8735.0  2.2027e-09
8740.0  2.21494e-09
8745.0  2.23986e-09
8750.0  2.23551e-09
8755.0  2.23728e-09
8760.0  2.24498e-09
8765.0  2.24189e-09
8770.0  2.22369e-09
8775.0  2.23757e-09
8780.0  2.26527e-09
8785.0  2.25893e-09
8790.0  2.21958e-09
8795.0  2.20955e-09
8800.0  2.17271e-09
8805.0  2.08626e-09
8810.0  2.14973e-09
8815.0  2.24095e-09
8820.0  2.22351e-09
8825.0  2.22697e-09
8830.0  2.25846e-09
8835.0  2.24801e-09
8840.0  2.24836e-09
8845.0  2.27469e-09
8850.0  2.2927e-09
8855.0  2.27638e-09
8860.0  2.22987e-09
8865.0  2.20438e-09
8870.0  2.24584e-09
8875.0  2.26364e-09
8880.0  2.26844e-09
8885.0  2.28733e-09
8890.0  2.28379e-09
8895.0  2.27874e-09
8900.0  2.28645e-09
8905.0  2.28955e-09
8910.0  2.28239e-09
8915.0  2.27475e-09
8920.0  2.25246e-09
8925.0  2.2247e-09
8930.0  2.25662e-09
8935.0  2.28071e-09
8940.0  2.24539e-09
8945.0  2.19428e-09
8950.0  2.20121e-09
8955.0  2.23236e-09
8960.0  2.23664e-09
8965.0  2.22156e-09
8970.0  2.23302e-09
8975.0  2.26998e-09
8980.0  2.23051e-09
8985.0  2.14638e-09
8990.0  2.23276e-09
8995.0  2.2671e-09
9000.0  2.21077e-09
9005.0  2.20196e-09
9010.0  2.2147e-09
9015.0  2.26171e-09
9020.0  2.27864e-09
9025.0  2.26328e-09
9030.0  2.31899e-09
9035.0  2.32662e-09
9040.0  2.29598e-09
9045.0  2.28877e-09
9050.0  2.26779e-09
9055.0  2.24275e-09
9060.0  2.22768e-09
9065.0  2.2171e-09
9070.0  2.20522e-09
9075.0  2.20315e-09
9080.0  2.19606e-09
9085.0  2.17261e-09
9090.0  2.15348e-09
9095.0  2.16409e-09
9100.0  2.18059e-09
9105.0  2.2099e-09
9110.0  2.23402e-09
9115.0  2.16364e-09
9120.0  2.1871e-09
9125.0  2.23742e-09
9130.0  2.15227e-09
9135.0  2.17128e-09
9140.0  2.20828e-09
9145.0  2.12586e-09
9150.0  2.03004e-09
9155.0  2.11377e-09
9160.0  2.18455e-09
9165.0  2.09528e-09
9170.0  1.98197e-09
9175.0  2.0478e-09
9180.0  2.14847e-09
9185.0  2.15562e-09
9190.0  2.10893e-09
9195.0  2.09856e-09
9200.0  2.10931e-09
9205.0  2.08901e-09
9210.0  2.05368e-09
9215.0  2.07347e-09
9220.0  2.13086e-09
9225.0  2.18645e-09
9230.0  2.19887e-09
9235.0  2.14782e-09
9240.0  2.08528e-09
9245.0  2.05934e-09
9250.0  2.04077e-09
9255.0  2.00285e-09
9260.0  2.03893e-09
9265.0  2.10004e-09
9270.0  2.09334e-09
9275.0  2.03419e-09
9280.0  2.0244e-09
9285.0  2.03963e-09
9290.0  2.01756e-09
9295.0  1.98387e-09
9300.0  2.01667e-09
9305.0  2.01724e-09
9310.0  1.95433e-09
9315.0  1.90478e-09
9320.0  1.91131e-09
9325.0  1.98407e-09
9330.0  1.99611e-09
9335.0  1.86469e-09
9340.0  1.79918e-09
9345.0  2.04363e-09
9350.0  2.09109e-09
9355.0  1.84248e-09
9360.0  1.99649e-09
9365.0  1.95778e-09
9370.0  1.85148e-09
9375.0  1.96855e-09
9380.0  1.99092e-09
9385.0  2.1086e-09
9390.0  2.17671e-09
9395.0  2.05835e-09
9400.0  1.9546e-09
9405.0  1.89748e-09
9410.0  1.86483e-09
9415.0  1.87497e-09
9420.0  1.8918e-09
9425.0  1.80176e-09
9430.0  1.85552e-09
9435.0  1.92986e-09
9440.0  1.82466e-09
9445.0  2.02721e-09
9450.0  2.02621e-09
9455.0  1.80262e-09
9460.0  1.87572e-09
9465.0  1.98692e-09
9470.0  1.99203e-09
9475.0  1.9169e-09
9480.0  1.91432e-09
9485.0  2.0941e-09
9490.0  1.99999e-09
9495.0  1.82341e-09
9500.0  1.99446e-09
9505.0  2.19757e-09
9510.0  2.06472e-09
9515.0  1.84873e-09
9520.0  1.8857e-09
9525.0  2.02359e-09
9530.0  2.08875e-09
9535.0  2.05397e-09
9540.0  2.03322e-09
9545.0  2.09387e-09
9550.0  2.05048e-09
9555.0  2.00722e-09
9560.0  2.01942e-09
9565.0  1.97416e-09
9570.0  2.03679e-09
9575.0  2.03142e-09
9580.0  1.91256e-09
9585.0  1.90647e-09
9590.0  1.94619e-09
9595.0  1.99074e-09
9600.0  2.00431e-09
9605.0  1.97234e-09
9610.0  1.99645e-09
9615.0  1.98933e-09
9620.0  1.97262e-09
9625.0  2.01474e-09
9630.0  2.02161e-09
9635.0  1.9815e-09
9640.0  1.95412e-09
9645.0  1.96831e-09
9650.0  1.9744e-09
9655.0  1.93364e-09
9660.0  1.91271e-09
9665.0  1.96485e-09
9670.0  2.01451e-09
9675.0  2.0224e-09
9680.0  2.02738e-09
9685.0  2.05255e-09
9690.0  2.0592e-09
9695.0  2.05138e-09
9700.0  2.04687e-09
9705.0  2.04649e-09
9710.0  2.04026e-09
9715.0  2.03216e-09
9720.0  2.01342e-09
9725.0  1.97902e-09
9730.0  1.94084e-09
9735.0  1.91028e-09
9740.0  1.90248e-09
9745.0  1.90785e-09
9750.0  1.90221e-09
9755.0  1.89805e-09
9760.0  1.90915e-09
9765.0  1.92805e-09
9770.0  1.93066e-09
9775.0  1.89929e-09
9780.0  1.8917e-09
9785.0  1.88793e-09
9790.0  1.88413e-09
9795.0  1.88212e-09
9800.0  1.88366e-09
9805.0  1.88975e-09
9810.0  1.89931e-09
9815.0  1.9105e-09
9820.0  1.92139e-09
9825.0  1.9302e-09
9830.0  1.93543e-09
9835.0  1.93574e-09
9840.0  1.92988e-09
9845.0  1.91798e-09
9850.0  1.90352e-09
9855.0  1.89133e-09
9860.0  1.88612e-09
9865.0  1.89032e-09
9870.0  1.9004e-09
9875.0  1.91055e-09
9880.0  1.91495e-09
9885.0  1.91012e-09
9890.0  1.89858e-09
9895.0  1.88522e-09
9900.0  1.87494e-09
9905.0  1.87093e-09
9910.0  1.87184e-09
9915.0  1.87458e-09
9920.0  1.876e-09
9925.0  1.87407e-09
9930.0  1.86968e-09
9935.0  1.86484e-09
9940.0  1.86164e-09
9945.0  1.86145e-09
9950.0  1.864e-09
9955.0  1.86835e-09
9960.0  1.87346e-09
9965.0  1.87823e-09
9970.0  1.88127e-09
9975.0  1.88107e-09
9980.0  1.87625e-09
9985.0  1.86658e-09
9990.0  1.85474e-09
9995.0  1.84461e-09
10000.0  1.83998e-09
10005.0  1.84286e-09
10010.0  1.85063e-09
10015.0  1.85888e-09
10020.0  1.8632e-09
10025.0  1.86062e-09
10030.0  1.85206e-09
10035.0  1.8399e-09
10040.0  1.82663e-09
10045.0  1.81427e-09
10050.0  1.80371e-09
10055.0  1.79532e-09
10060.0  1.78946e-09
10065.0  1.78619e-09
10070.0  1.78482e-09
10075.0  1.78443e-09
10080.0  1.78408e-09
10085.0  1.78306e-09
10090.0  1.78126e-09
10095.0  1.77886e-09
10100.0  1.77603e-09
10105.0  1.77303e-09
10110.0  1.77035e-09
10115.0  1.76855e-09
10120.0  1.76819e-09
10125.0  1.76935e-09
10130.0  1.77102e-09
10135.0  1.77175e-09
10140.0  1.7701e-09
10145.0  1.76531e-09
10150.0  1.75828e-09
10155.0  1.75059e-09
10160.0  1.7438e-09
10165.0  1.73874e-09
10170.0  1.73435e-09
10175.0  1.72884e-09
10180.0  1.72047e-09
10185.0  1.70877e-09
10190.0  1.69659e-09
10195.0  1.68808e-09
10200.0  1.68728e-09
10205.0  1.69609e-09
10210.0  1.71089e-09
10215.0  1.72592e-09
10220.0  1.73544e-09
10225.0  1.73597e-09
10230.0  1.72997e-09
10235.0  1.72214e-09
10240.0  1.71723e-09
10245.0  1.71819e-09
10250.0  1.72318e-09
10255.0  1.72857e-09
10260.0  1.73067e-09
10265.0  1.72736e-09
10270.0  1.72052e-09
10275.0  1.71358e-09
10280.0  1.71e-09
10285.0  1.71183e-09
10290.0  1.71753e-09
10295.0  1.72415e-09
10300.0  1.73062e-09
10305.0  1.74264e-09
10310.0  1.74277e-09
10315.0  1.74045e-09
10320.0  1.7387e-09
10325.0  1.73819e-09
10330.0  1.73853e-09
10335.0  1.73897e-09
10340.0  1.73876e-09
10345.0  1.73746e-09
10350.0  1.73558e-09
10355.0  1.73394e-09
10360.0  1.73338e-09
10365.0  1.73436e-09
10370.0  1.73624e-09
10375.0  1.73807e-09
10380.0  1.73886e-09
10385.0  1.73798e-09
10390.0  1.73591e-09
10395.0  1.73346e-09
10400.0  1.73147e-09
10405.0  1.73056e-09
10410.0  1.73071e-09
10415.0  1.73167e-09
10420.0  1.73315e-09
10425.0  1.73481e-09
10430.0  1.73615e-09
10435.0  1.73661e-09
10440.0  1.73567e-09
10445.0  1.7331e-09
10450.0  1.7295e-09
10455.0  1.7258e-09
10460.0  1.72287e-09
10465.0  1.7213e-09
10470.0  1.72074e-09
10475.0  1.72048e-09
10480.0  1.71985e-09
10485.0  1.71848e-09
10490.0  1.71684e-09
10495.0  1.71575e-09
10500.0  1.71599e-09
10505.0  1.7179e-09
10510.0  1.72059e-09
10515.0  1.72274e-09
10520.0  1.723e-09
10525.0  1.72059e-09
10530.0  1.71617e-09
10535.0  1.71093e-09
10540.0  1.70608e-09
10545.0  1.70256e-09
10550.0  1.70053e-09
10555.0  1.69986e-09
10560.0  1.70038e-09
10565.0  1.70178e-09
10570.0  1.7034e-09
10575.0  1.70444e-09
10580.0  1.70412e-09
10585.0  1.70199e-09
10590.0  1.69851e-09
10595.0  1.69444e-09
10600.0  1.6906e-09
10605.0  1.68754e-09
10610.0  1.68525e-09
10615.0  1.6835e-09
10620.0  1.68036e-09
10625.0  1.66907e-09
10630.0  1.666e-09
10635.0  1.66457e-09
10640.0  1.66314e-09
10645.0  1.66171e-09
10650.0  1.66029e-09
10655.0  1.65886e-09
10660.0  1.65743e-09
10665.0  1.65601e-09
10670.0  1.65458e-09
10675.0  1.65316e-09
10680.0  1.65173e-09
10685.0  1.65031e-09
10690.0  1.64889e-09
10695.0  1.64747e-09
10700.0  1.64605e-09
10705.0  1.64462e-09
10710.0  1.6432e-09
10715.0  1.64179e-09
10720.0  1.64036e-09
10725.0  1.63895e-09
10730.0  1.63753e-09
10735.0  1.63611e-09
10740.0  1.63469e-09
10745.0  1.63328e-09
10750.0  1.63186e-09
10755.0  1.63045e-09
10760.0  1.62904e-09
10765.0  1.62762e-09
10770.0  1.62621e-09
10775.0  1.6248e-09
10780.0  1.62339e-09
10785.0  1.62198e-09
10790.0  1.62057e-09
10795.0  1.61916e-09
10800.0  1.61775e-09
10805.0  1.61634e-09
10810.0  1.61493e-09
10815.0  1.61352e-09
10820.0  1.61212e-09
10825.0  1.61072e-09
10830.0  1.60931e-09
10835.0  1.60791e-09
10840.0  1.60651e-09
10845.0  1.6051e-09
10850.0  1.6037e-09
10855.0  1.6023e-09
10860.0  1.6009e-09
10865.0  1.59951e-09
10870.0  1.5981e-09
10875.0  1.59671e-09
10880.0  1.59531e-09
10885.0  1.59392e-09
10890.0  1.59252e-09
10895.0  1.59113e-09
10900.0  1.58973e-09
10905.0  1.58834e-09
10910.0  1.58694e-09
10915.0  1.58556e-09
10920.0  1.58416e-09
10925.0  1.58277e-09
10930.0  1.58139e-09
10935.0  1.58e-09
10940.0  1.57861e-09
10945.0  1.57722e-09
10950.0  1.57584e-09
10955.0  1.57446e-09
10960.0  1.57307e-09
10965.0  1.57168e-09
10970.0  1.57031e-09
10975.0  1.56892e-09
10980.0  1.56754e-09
10985.0  1.56616e-09
10990.0  1.56478e-09
10995.0  1.5634e-09
11000.0  1.56203e-09
11005.0  1.56065e-09
11010.0  1.55928e-09
11015.0  1.5579e-09
11020.0  1.55653e-09
11025.0  1.55516e-09
11030.0  1.55378e-09
11035.0  1.55242e-09
11040.0  1.55104e-09
11045.0  1.54967e-09
11050.0  1.54831e-09
11055.0  1.54694e-09
11060.0  1.54557e-09
11065.0  1.54421e-09
11070.0  1.54284e-09
11075.0  1.54148e-09
11080.0  1.54012e-09
11085.0  1.53875e-09
11090.0  1.53739e-09
11095.0  1.53603e-09
11100.0  1.53467e-09
11105.0  1.53331e-09
11110.0  1.53196e-09
11115.0  1.5306e-09
11120.0  1.52925e-09
11125.0  1.52789e-09
11130.0  1.52654e-09
11135.0  1.52519e-09
11140.0  1.52384e-09
11145.0  1.52249e-09
11150.0  1.52114e-09
11155.0  1.51979e-09
11160.0  1.51844e-09
11165.0  1.5171e-09
11170.0  1.51575e-09
11175.0  1.51441e-09
11180.0  1.51306e-09
11185.0  1.51172e-09
11190.0  1.51038e-09
11195.0  1.50904e-09
11200.0  1.50771e-09
11205.0  1.50637e-09
11210.0  1.50503e-09
11215.0  1.50369e-09
11220.0  1.50236e-09
11225.0  1.50103e-09
11230.0  1.49969e-09
11235.0  1.49836e-09
11240.0  1.49703e-09
11245.0  1.4957e-09
11250.0  1.49438e-09
11255.0  1.49305e-09
11260.0  1.49172e-09
11265.0  1.4904e-09
11270.0  1.48908e-09
11275.0  1.48775e-09
11280.0  1.48643e-09
11285.0  1.48511e-09
11290.0  1.48379e-09
11295.0  1.48247e-09
11300.0  1.48115e-09
11305.0  1.47984e-09
11310.0  1.47853e-09
11315.0  1.47721e-09
11320.0  1.4759e-09
11325.0  1.47459e-09
11330.0  1.47328e-09
11335.0  1.47197e-09
11340.0  1.47066e-09
11345.0  1.46936e-09
11350.0  1.46805e-09
11355.0  1.46675e-09
11360.0  1.46544e-09
11365.0  1.46414e-09
11370.0  1.46284e-09
11375.0  1.46154e-09
11380.0  1.46025e-09
11385.0  1.45895e-09
11390.0  1.45765e-09
11395.0  1.45636e-09
11400.0  1.45507e-09
11405.0  1.45377e-09
11410.0  1.45248e-09
11415.0  1.45119e-09
11420.0  1.4499e-09
11425.0  1.44862e-09
11430.0  1.44733e-09
11435.0  1.44604e-09
11440.0  1.44476e-09
11445.0  1.44348e-09
11450.0  1.4422e-09
11455.0  1.44092e-09
11460.0  1.43964e-09
11465.0  1.43836e-09
11470.0  1.43709e-09
11475.0  1.43581e-09
11480.0  1.43454e-09
11485.0  1.43327e-09
11490.0  1.432e-09
11495.0  1.43073e-09
11500.0  1.42946e-09
11505.0  1.42819e-09
11510.0  1.42693e-09
11515.0  1.42567e-09
11520.0  1.4244e-09
11525.0  1.42314e-09
11530.0  1.42188e-09
11535.0  1.42062e-09
11540.0  1.41937e-09
11545.0  1.41811e-09
11550.0  1.41686e-09
11555.0  1.4156e-09
11560.0  1.41435e-09
11565.0  1.4131e-09
11570.0  1.41185e-09
11575.0  1.41061e-09
11580.0  1.40936e-09
11585.0  1.40811e-09
11590.0  1.40687e-09
11595.0  1.40563e-09
11600.0  1.40439e-09
11605.0  1.40315e-09
11610.0  1.40191e-09
11615.0  1.40068e-09
11620.0  1.39944e-09
11625.0  1.39821e-09
11630.0  1.39697e-09
11635.0  1.39574e-09
11640.0  1.39451e-09
11645.0  1.39329e-09
11650.0  1.39206e-09
11655.0  1.39083e-09
11660.0  1.38961e-09
11665.0  1.38839e-09
11670.0  1.38717e-09
11675.0  1.38595e-09
11680.0  1.38473e-09
11685.0  1.38352e-09
11690.0  1.3823e-09
11695.0  1.38109e-09
11700.0  1.37988e-09
11705.0  1.37867e-09
11710.0  1.37746e-09
11715.0  1.37625e-09
11720.0  1.37505e-09
11725.0  1.37384e-09
11730.0  1.37264e-09
11735.0  1.37144e-09
11740.0  1.37024e-09
11745.0  1.36904e-09
11750.0  1.36784e-09
11755.0  1.36665e-09
11760.0  1.36546e-09
11765.0  1.36426e-09
11770.0  1.36307e-09
11775.0  1.36188e-09
11780.0  1.3607e-09
11785.0  1.35951e-09
11790.0  1.35833e-09
11795.0  1.35714e-09
11800.0  1.35596e-09
11805.0  1.35478e-09
11810.0  1.3536e-09
11815.0  1.35243e-09
11820.0  1.35125e-09
11825.0  1.35008e-09
11830.0  1.34891e-09
11835.0  1.34774e-09
11840.0  1.34657e-09
11845.0  1.34541e-09
11850.0  1.34424e-09
11855.0  1.34308e-09
11860.0  1.34191e-09
11865.0  1.34076e-09
11870.0  1.3396e-09
11875.0  1.33844e-09
11880.0  1.33728e-09
11885.0  1.33613e-09
11890.0  1.33498e-09
11895.0  1.33383e-09
11900.0  1.33268e-09
11905.0  1.33153e-09
11910.0  1.33039e-09
11915.0  1.32925e-09
11920.0  1.3281e-09
11925.0  1.32696e-09
11930.0  1.32582e-09
11935.0  1.32469e-09
11940.0  1.32355e-09
11945.0  1.32242e-09
11950.0  1.32129e-09
11955.0  1.32016e-09
11960.0  1.31903e-09
11965.0  1.3179e-09
11970.0  1.31678e-09
11975.0  1.31566e-09
11980.0  1.31454e-09
11985.0  1.31341e-09
11990.0  1.3123e-09
11995.0  1.31118e-09
12000.0  1.31007e-09
12005.0  1.30896e-09
12010.0  1.30785e-09
12015.0  1.30674e-09
12020.0  1.30563e-09
12025.0  1.30452e-09
12030.0  1.30342e-09
12035.0  1.30232e-09
12040.0  1.30122e-09
12045.0  1.30012e-09
12050.0  1.29902e-09
12055.0  1.29793e-09
12060.0  1.29684e-09
12065.0  1.29575e-09
12070.0  1.29465e-09
12075.0  1.29357e-09
12080.0  1.29248e-09
12085.0  1.2914e-09
12090.0  1.29032e-09
12095.0  1.28924e-09
12100.0  1.28816e-09
12105.0  1.28708e-09
12110.0  1.28601e-09
12115.0  1.28493e-09
12120.0  1.28387e-09
12125.0  1.2828e-09
12130.0  1.28173e-09
12135.0  1.28066e-09
12140.0  1.2796e-09
12145.0  1.27854e-09
12150.0  1.27748e-09
12155.0  1.27642e-09
12160.0  1.27537e-09
12165.0  1.27431e-09
12170.0  1.27326e-09
12175.0  1.27221e-09
12180.0  1.27116e-09
12185.0  1.27012e-09
12190.0  1.26907e-09
12195.0  1.26803e-09
12200.0  1.26699e-09
12205.0  1.26595e-09
12210.0  1.26492e-09
12215.0  1.26388e-09
12220.0  1.26285e-09
12225.0  1.26182e-09
12230.0  1.26079e-09
12235.0  1.25976e-09
12240.0  1.25874e-09
12245.0  1.25772e-09
12250.0  1.25669e-09
12255.0  1.25568e-09
12260.0  1.25466e-09
12265.0  1.25364e-09
12270.0  1.25263e-09
12275.0  1.25162e-09
12280.0  1.25061e-09
12285.0  1.2496e-09
12290.0  1.2486e-09
12295.0  1.24759e-09
12300.0  1.24659e-09
12305.0  1.24559e-09
12310.0  1.24459e-09
12315.0  1.24359e-09
12320.0  1.2426e-09
12325.0  1.24161e-09
12330.0  1.24062e-09
12335.0  1.23963e-09
12340.0  1.23864e-09
12345.0  1.23766e-09
12350.0  1.23668e-09
12355.0  1.2357e-09
12360.0  1.23471e-09
12365.0  1.23374e-09
12370.0  1.23276e-09
12375.0  1.23179e-09
12380.0  1.23081e-09
12385.0  1.22984e-09
12390.0  1.22888e-09
12395.0  1.22791e-09
12400.0  1.22695e-09
12405.0  1.22598e-09
12410.0  1.22502e-09
12415.0  1.22406e-09
12420.0  1.22311e-09
12425.0  1.22215e-09
12430.0  1.2212e-09
12435.0  1.22025e-09
12440.0  1.2193e-09
12445.0  1.21835e-09
12450.0  1.2174e-09
12455.0  1.21646e-09
12460.0  1.21552e-09
12465.0  1.21457e-09
12470.0  1.21363e-09
12475.0  1.2127e-09
12480.0  1.21176e-09
12485.0  1.21083e-09
12490.0  1.2099e-09
12495.0  1.20897e-09
12500.0  1.20804e-09
12505.0  1.20711e-09
12510.0  1.20619e-09
12515.0  1.20526e-09
12520.0  1.20434e-09
12525.0  1.20342e-09
12530.0  1.2025e-09
12535.0  1.20159e-09
12540.0  1.20068e-09
12545.0  1.19976e-09
12550.0  1.19885e-09
12555.0  1.19794e-09
12560.0  1.19704e-09
12565.0  1.19613e-09
12570.0  1.19523e-09
12575.0  1.19433e-09
12580.0  1.19342e-09
12585.0  1.19253e-09
12590.0  1.19163e-09
12595.0  1.19074e-09
12600.0  1.18984e-09
12605.0  1.18895e-09
12610.0  1.18806e-09
12615.0  1.18717e-09
12620.0  1.18628e-09
12625.0  1.1854e-09
12630.0  1.18452e-09
12635.0  1.18364e-09
12640.0  1.18276e-09
12645.0  1.18188e-09
12650.0  1.181e-09
12655.0  1.18013e-09
12660.0  1.17926e-09
12665.0  1.17839e-09
12670.0  1.17752e-09
12675.0  1.17664e-09
12680.0  1.17578e-09
12685.0  1.17492e-09
12690.0  1.17406e-09
12695.0  1.17319e-09
12700.0  1.17233e-09
12705.0  1.17148e-09
12710.0  1.17062e-09
12715.0  1.16977e-09
12720.0  1.16892e-09
12725.0  1.16806e-09
12730.0  1.16721e-09
12735.0  1.16636e-09
12740.0  1.16552e-09
12745.0  1.16467e-09
12750.0  1.16383e-09
12755.0  1.16299e-09
12760.0  1.16215e-09
12765.0  1.16131e-09
12770.0  1.16048e-09
12775.0  1.15964e-09
12780.0  1.15881e-09
12785.0  1.15798e-09
12790.0  1.15715e-09
12795.0  1.15632e-09
12800.0  1.15549e-09
12805.0  1.15467e-09
12810.0  1.15384e-09
12815.0  1.15302e-09
12820.0  1.1522e-09
12825.0  1.15138e-09
12830.0  1.15057e-09
12835.0  1.14975e-09
12840.0  1.14894e-09
12845.0  1.14812e-09
12850.0  1.14731e-09
12855.0  1.14651e-09
12860.0  1.1457e-09
12865.0  1.14489e-09
12870.0  1.14409e-09
12875.0  1.14328e-09
12880.0  1.14248e-09
12885.0  1.14168e-09
12890.0  1.14088e-09
12895.0  1.14009e-09
12900.0  1.13929e-09
12905.0  1.1385e-09
12910.0  1.13771e-09
12915.0  1.13692e-09
12920.0  1.13613e-09
12925.0  1.13534e-09
12930.0  1.13456e-09
12935.0  1.13377e-09
12940.0  1.13299e-09
12945.0  1.13221e-09
12950.0  1.13143e-09
12955.0  1.13065e-09
12960.0  1.12987e-09
12965.0  1.1291e-09
12970.0  1.12832e-09
12975.0  1.12755e-09
12980.0  1.12678e-09
12985.0  1.12601e-09
12990.0  1.12524e-09
12995.0  1.12448e-09
13000.0  1.12371e-09
13005.0  1.12295e-09
13010.0  1.12219e-09
13015.0  1.12143e-09
13020.0  1.12067e-09
13025.0  1.11991e-09
13030.0  1.11916e-09
13035.0  1.1184e-09
13040.0  1.11765e-09
13045.0  1.1169e-09
13050.0  1.11615e-09
13055.0  1.1154e-09
13060.0  1.11465e-09
13065.0  1.11391e-09
13070.0  1.11316e-09
13075.0  1.11242e-09
13080.0  1.11168e-09
13085.0  1.11094e-09
13090.0  1.1102e-09
13095.0  1.10946e-09
13100.0  1.10873e-09
13105.0  1.108e-09
13110.0  1.10727e-09
13115.0  1.10653e-09
13120.0  1.10581e-09
13125.0  1.10508e-09
13130.0  1.10435e-09
13135.0  1.10362e-09
13140.0  1.1029e-09
13145.0  1.10218e-09
13150.0  1.10145e-09
13155.0  1.10074e-09
13160.0  1.10002e-09
13165.0  1.0993e-09
13170.0  1.09858e-09
13175.0  1.09787e-09
13180.0  1.09716e-09
13185.0  1.09644e-09
13190.0  1.09574e-09
13195.0  1.09503e-09
13200.0  1.09432e-09
13205.0  1.09362e-09
13210.0  1.09291e-09
13215.0  1.09221e-09
13220.0  1.0915e-09
13225.0  1.0908e-09
13230.0  1.0901e-09
13235.0  1.08941e-09
13240.0  1.08871e-09
13245.0  1.08802e-09
13250.0  1.08732e-09
13255.0  1.08663e-09
13260.0  1.08594e-09
13265.0  1.08525e-09
13270.0  1.08456e-09
13275.0  1.08387e-09
13280.0  1.08319e-09
13285.0  1.08251e-09
13290.0  1.08182e-09
13295.0  1.08114e-09
13300.0  1.08046e-09
13305.0  1.07978e-09
13310.0  1.07911e-09
13315.0  1.07843e-09
13320.0  1.07775e-09
13325.0  1.07708e-09
13330.0  1.07641e-09
13335.0  1.07574e-09
13340.0  1.07507e-09
13345.0  1.0744e-09
13350.0  1.07373e-09
13355.0  1.07306e-09
13360.0  1.0724e-09
13365.0  1.07174e-09
13370.0  1.07107e-09
13375.0  1.07041e-09
13380.0  1.06975e-09
13385.0  1.06909e-09
13390.0  1.06844e-09
13395.0  1.06778e-09
13400.0  1.06713e-09
13405.0  1.06648e-09
13410.0  1.06583e-09
13415.0  1.06517e-09
13420.0  1.06452e-09
13425.0  1.06388e-09
13430.0  1.06323e-09
13435.0  1.06258e-09
13440.0  1.06194e-09
13445.0  1.0613e-09
13450.0  1.06065e-09
13455.0  1.06001e-09
13460.0  1.05937e-09
13465.0  1.05874e-09
13470.0  1.0581e-09
13475.0  1.05746e-09
13480.0  1.05683e-09
13485.0  1.0562e-09
13490.0  1.05556e-09
13495.0  1.05493e-09
13500.0  1.0543e-09
13505.0  1.05367e-09
13510.0  1.05305e-09
13515.0  1.05242e-09
13520.0  1.05179e-09
13525.0  1.05117e-09
13530.0  1.05055e-09
13535.0  1.04993e-09
13540.0  1.04931e-09
13545.0  1.04869e-09
13550.0  1.04807e-09
13555.0  1.04745e-09
13560.0  1.04684e-09
13565.0  1.04622e-09
13570.0  1.04561e-09
13575.0  1.045e-09
13580.0  1.04439e-09
13585.0  1.04378e-09
13590.0  1.04317e-09
13595.0  1.04256e-09
13600.0  1.04196e-09
13605.0  1.04135e-09
13610.0  1.04075e-09
13615.0  1.04014e-09
13620.0  1.03954e-09
13625.0  1.03894e-09
13630.0  1.03834e-09
13635.0  1.03774e-09
13640.0  1.03715e-09
13645.0  1.03655e-09
13650.0  1.03596e-09
13655.0  1.03536e-09
13660.0  1.03477e-09
13665.0  1.03418e-09
13670.0  1.03359e-09
13675.0  1.033e-09
13680.0  1.03241e-09
13685.0  1.03183e-09
13690.0  1.03124e-09
13695.0  1.03065e-09
13700.0  1.03007e-09
13705.0  1.02948e-09
13710.0  1.0289e-09
13715.0  1.02832e-09
13720.0  1.02774e-09
13725.0  1.02717e-09
13730.0  1.02659e-09
13735.0  1.02601e-09
13740.0  1.02544e-09
13745.0  1.02486e-09
13750.0  1.02429e-09
13755.0  1.02371e-09
13760.0  1.02315e-09
13765.0  1.02258e-09
13770.0  1.02201e-09
13775.0  1.02144e-09
13780.0  1.02087e-09
13785.0  1.02031e-09
13790.0  1.01974e-09
13795.0  1.01918e-09
13800.0  1.01861e-09
13805.0  1.01805e-09
13810.0  1.0175e-09
13815.0  1.01693e-09
13820.0  1.01638e-09
13825.0  1.01582e-09
13830.0  1.01526e-09
13835.0  1.01471e-09
13840.0  1.01415e-09
13845.0  1.0136e-09
13850.0  1.01305e-09
13855.0  1.01249e-09
13860.0  1.01194e-09
13865.0  1.0114e-09
13870.0  1.01085e-09
13875.0  1.0103e-09
13880.0  1.00975e-09
13885.0  1.0092e-09
13890.0  1.00866e-09
13895.0  1.00812e-09
13900.0  1.00758e-09
13905.0  1.00703e-09
13910.0  1.00649e-09
13915.0  1.00595e-09
13920.0  1.00541e-09
13925.0  1.00488e-09
13930.0  1.00434e-09
13935.0  1.00381e-09
13940.0  1.00327e-09
13945.0  1.00274e-09
13950.0  1.0022e-09
13955.0  1.00167e-09
13960.0  1.00114e-09
13965.0  1.00061e-09
13970.0  1.00008e-09
13975.0  9.99553e-10
13980.0  9.99024e-10
13985.0  9.98497e-10
13990.0  9.97972e-10
13995.0  9.97448e-10
14000.0  9.96925e-10
14005.0  9.96402e-10
14010.0  9.95879e-10
14015.0  9.95357e-10
14020.0  9.94839e-10
14025.0  9.94318e-10
14030.0  9.93801e-10
14035.0  9.93283e-10
14040.0  9.92768e-10
14045.0  9.92252e-10
14050.0  9.9174e-10
14055.0  9.91224e-10
14060.0  9.90711e-10
14065.0  9.90198e-10
14070.0  9.89688e-10
14075.0  9.89176e-10
14080.0  9.8867e-10
14085.0  9.8816e-10
14090.0  9.87652e-10
14095.0  9.87146e-10
14100.0  9.86638e-10
14105.0  9.86134e-10
14110.0  9.8563e-10
14115.0  9.85127e-10
14120.0  9.84625e-10
14125.0  9.84124e-10
14130.0  9.83624e-10
14135.0  9.83121e-10
14140.0  9.82624e-10
14145.0  9.82123e-10
14150.0  9.81625e-10
14155.0  9.81133e-10
14160.0  9.80633e-10
14165.0  9.8014e-10
14170.0  9.79646e-10
14175.0  9.79152e-10
14180.0  9.78658e-10
14185.0  9.78167e-10
14190.0  9.77677e-10
14195.0  9.77187e-10
14200.0  9.76698e-10
14205.0  9.76209e-10
14210.0  9.75721e-10
14215.0  9.75234e-10
14220.0  9.74747e-10
14225.0  9.74261e-10
14230.0  9.73779e-10
14235.0  9.73296e-10
14240.0  9.72813e-10
14245.0  9.7233e-10
14250.0  9.71848e-10
14255.0  9.7137e-10
14260.0  9.70889e-10
14265.0  9.7041e-10
14270.0  9.6993e-10
14275.0  9.69453e-10
14280.0  9.68976e-10
14285.0  9.685e-10
14290.0  9.68026e-10
14295.0  9.67549e-10
14300.0  9.64279e-10
14305.0  9.47288e-10
14310.0  9.46747e-10
14315.0  9.5567e-10
14320.0  9.68433e-10
14325.0  9.79922e-10
14330.0  9.85862e-10
14335.0  9.85105e-10
14340.0  9.79879e-10
14345.0  9.73895e-10
14350.0  9.70477e-10
14355.0  9.71694e-10
14360.0  9.775e-10
14365.0  9.85124e-10
14370.0  9.90201e-10
14375.0  9.89107e-10
14380.0  9.81045e-10
14385.0  9.68534e-10
14390.0  9.55737e-10
14395.0  9.46501e-10
14400.0  9.43195e-10
14405.0  9.4593e-10
14410.0  9.52303e-10
14415.0  9.58399e-10
14420.0  9.60703e-10
14425.0  9.57883e-10
14430.0  9.51335e-10
14435.0  9.44098e-10
14440.0  9.39887e-10
14445.0  9.41137e-10
14450.0  9.47634e-10
14455.0  9.56395e-10
14460.0  9.6319e-10
14465.0  9.64646e-10
14470.0  9.60192e-10
14475.0  9.51826e-10
14480.0  9.41991e-10
14485.0  9.32397e-10
14490.0  9.24281e-10
14495.0  9.14878e-10
14500.0  8.89864e-10
14505.0  8.92142e-10
14510.0  9.05336e-10
14515.0  9.22568e-10
14520.0  9.41326e-10
14525.0  9.6023e-10
14530.0  9.78118e-10
14535.0  9.92716e-10
14540.0  1.00052e-09
14545.0  9.98244e-10
14550.0  9.85074e-10
14555.0  9.66763e-10
14560.0  9.49935e-10
14565.0  9.41224e-10
14570.0  9.43461e-10
14575.0  9.54386e-10
14580.0  9.67966e-10
14585.0  9.76939e-10
14590.0  9.7571e-10
14595.0  9.63107e-10
14600.0  9.43517e-10
14605.0  9.25124e-10
14610.0  9.15832e-10
14615.0  9.19037e-10
14620.0  9.31745e-10
14625.0  9.45992e-10
14630.0  9.52724e-10
14635.0  9.46114e-10
14640.0  9.26477e-10
14645.0  9.00704e-10
14650.0  8.79433e-10
14655.0  8.7202e-10
14660.0  8.82402e-10
14665.0  9.08243e-10
14670.0  9.37769e-10
14675.0  9.61106e-10
14680.0  9.70839e-10
14685.0  9.65208e-10
14690.0  9.48182e-10
14695.0  9.27677e-10
14700.0  9.12456e-10
14705.0  9.08366e-10
14710.0  9.15495e-10
14715.0  9.28514e-10
14720.0  9.40183e-10
14725.0  9.4558e-10
14730.0  9.44434e-10
14735.0  9.40329e-10
14740.0  9.3793e-10
14745.0  9.4031e-10
14750.0  9.47419e-10
14755.0  9.55942e-10
14760.0  9.60805e-10
14765.0  9.57986e-10
14770.0  9.46992e-10
14775.0  9.31375e-10
14780.0  9.17856e-10
14785.0  9.1206e-10
14790.0  9.17066e-10
14795.0  9.31355e-10
14800.0  9.49187e-10
14805.0  9.62734e-10
14810.0  9.65414e-10
14815.0  9.54931e-10
14820.0  9.34299e-10
14825.0  9.10318e-10
14830.0  8.89983e-10
14835.0  8.76892e-10
14840.0  8.7194e-10
14845.0  8.73854e-10
14850.0  8.77989e-10
14855.0  8.78648e-10
14860.0  8.76242e-10
14865.0  8.72516e-10
14870.0  8.69199e-10
14875.0  8.70751e-10
14880.0  8.80397e-10
14885.0  8.98544e-10
14890.0  9.23519e-10
14895.0  9.49675e-10
14900.0  9.65461e-10
14905.0  9.70173e-10
14910.0  9.71074e-10
14915.0  9.66651e-10
14920.0  9.58421e-10
14925.0  9.48611e-10
14930.0  9.3902e-10
14935.0  9.30467e-10
14940.0  9.22761e-10
14945.0  9.15021e-10
14950.0  9.06256e-10
14955.0  8.95811e-10
14960.0  8.83684e-10
14965.0  8.70697e-10
14970.0  8.58441e-10
14975.0  8.48949e-10
14980.0  8.44059e-10
14985.0  8.45281e-10
14990.0  8.56003e-10
14995.0  8.7297e-10
15000.0  8.85397e-10
15005.0  8.88334e-10
15010.0  8.77486e-10
15015.0  8.52635e-10
15020.0  8.16353e-10
15025.0  7.78688e-10
15030.0  7.48087e-10
15035.0  7.32057e-10
15040.0  7.3426e-10
15045.0  7.53188e-10
15050.0  7.82512e-10
15055.0  8.14137e-10
15060.0  8.39537e-10
15065.0  8.53225e-10
15070.0  8.59973e-10
15075.0  8.6325e-10
15080.0  8.65755e-10
15085.0  8.693e-10
15090.0  8.7491e-10
15095.0  8.8227e-10
15100.0  8.89724e-10
15105.0  8.94887e-10
15110.0  8.95634e-10
15115.0  8.91013e-10
15120.0  8.81734e-10
15125.0  8.70089e-10
15130.0  8.59386e-10
15135.0  8.52676e-10
15140.0  8.52883e-10
15145.0  8.60747e-10
15150.0  8.73843e-10
15155.0  8.89245e-10
15160.0  9.02867e-10
15165.0  9.11024e-10
15170.0  9.11359e-10
15175.0  9.03422e-10
15180.0  8.88626e-10
15185.0  8.69816e-10
15190.0  8.50475e-10
15195.0  8.33892e-10
15200.0  8.22387e-10
15205.0  8.16941e-10
15210.0  8.17206e-10
15215.0  8.21915e-10
15220.0  8.29426e-10
15225.0  8.38258e-10
15230.0  8.47457e-10
15235.0  8.56652e-10
15240.0  8.65843e-10
15245.0  8.74954e-10
15250.0  8.83469e-10
15255.0  8.90265e-10
15260.0  8.94084e-10
15265.0  8.92887e-10
15270.0  8.85646e-10
15275.0  8.72897e-10
15280.0  8.55741e-10
15285.0  8.36944e-10
15290.0  8.20204e-10
15295.0  8.09272e-10
15300.0  8.06813e-10
15305.0  8.13556e-10
15310.0  8.28006e-10
15315.0  8.46829e-10
15320.0  8.65717e-10
15325.0  8.80452e-10
15330.0  8.8794e-10
15335.0  8.87041e-10
15340.0  8.78922e-10
15345.0  8.66739e-10
15350.0  8.54657e-10
15355.0  8.46494e-10
15360.0  8.44514e-10
15365.0  8.4886e-10
15370.0  8.57717e-10
15375.0  8.68064e-10
15380.0  8.7669e-10
15385.0  8.81255e-10
15390.0  8.80961e-10
15395.0  8.75965e-10
15400.0  8.69482e-10
15405.0  8.64075e-10
15410.0  8.62065e-10
15415.0  8.64323e-10
15420.0  8.69994e-10
15425.0  8.76768e-10
15430.0  8.81593e-10
15435.0  8.81658e-10
15440.0  8.75352e-10
15445.0  8.62938e-10
15450.0  8.46595e-10
15455.0  8.29791e-10
15460.0  8.16104e-10
15465.0  8.08058e-10
15470.0  8.06372e-10
15475.0  8.09852e-10
15480.0  8.15914e-10
15485.0  8.21474e-10
15490.0  8.23896e-10
15495.0  8.21813e-10
15500.0  8.15559e-10
15505.0  8.07041e-10
15510.0  7.9905e-10
15515.0  7.94022e-10
15520.0  7.93718e-10
15525.0  7.97617e-10
15530.0  8.02791e-10
15535.0  8.08614e-10
15540.0  8.13629e-10
15545.0  8.16575e-10
15550.0  8.16157e-10
15555.0  8.11148e-10
15560.0  8.04198e-10
15565.0  7.98695e-10
15570.0  7.96082e-10
15575.0  7.98069e-10
15580.0  8.04482e-10
15585.0  8.11917e-10
15590.0  8.1735e-10
15595.0  8.18263e-10
15600.0  8.13853e-10
15605.0  8.04587e-10
15610.0  7.9294e-10
15615.0  7.82123e-10
15620.0  7.74382e-10
15625.0  7.70676e-10
15630.0  7.70612e-10
15635.0  7.72712e-10
15640.0  7.75038e-10
15645.0  7.76366e-10
15650.0  7.76297e-10
15655.0  7.76153e-10
15660.0  7.76833e-10
15665.0  7.72826e-10
15670.0  7.67986e-10
15675.0  7.63654e-10
15680.0  7.60049e-10
15685.0  7.56703e-10
15690.0  7.52564e-10
15695.0  7.47442e-10
15700.0  7.43355e-10
15705.0  7.43057e-10
15710.0  7.47439e-10
15715.0  7.55274e-10
15720.0  7.65038e-10
15725.0  7.72803e-10
15730.0  7.75029e-10
15735.0  7.71543e-10
15740.0  7.59801e-10
15745.0  7.29922e-10
15750.0  7.13686e-10
15755.0  7.20653e-10
15760.0  7.24802e-10
15765.0  6.97588e-10
15770.0  6.78757e-10
15775.0  7.11937e-10
15780.0  7.51953e-10
15785.0  7.70348e-10
15790.0  7.69215e-10
15795.0  7.68807e-10
15800.0  7.66882e-10
15805.0  7.62199e-10
15810.0  7.56263e-10
15815.0  7.42197e-10
15820.0  7.27459e-10
15825.0  7.29197e-10
15830.0  7.43833e-10
15835.0  7.44347e-10
15840.0  7.55199e-10
15845.0  7.74094e-10
15850.0  7.80288e-10
15855.0  7.766e-10
15860.0  7.68636e-10
15865.0  7.57614e-10
15870.0  7.52779e-10
15875.0  7.49833e-10
15880.0  7.35303e-10
15885.0  7.05016e-10
15890.0  6.79311e-10
15895.0  6.7924e-10
15900.0  6.95808e-10
15905.0  7.06217e-10
15910.0  7.11944e-10
15915.0  7.25216e-10
15920.0  7.37499e-10
15925.0  7.53251e-10
15930.0  7.66699e-10
15935.0  7.72143e-10
15940.0  7.70434e-10
15945.0  7.69149e-10
15950.0  7.69671e-10
15955.0  7.54983e-10
15960.0  7.30439e-10
15965.0  7.24556e-10
15970.0  7.34205e-10
15975.0  7.44694e-10
15980.0  7.4479e-10
15985.0  7.48772e-10
15990.0  7.64001e-10
15995.0  7.68357e-10
16000.0  7.63712e-10
16005.0  7.4973e-10
16010.0  7.35153e-10
16015.0  7.3894e-10
16020.0  7.46879e-10
16025.0  7.50409e-10
16030.0  7.55138e-10
16035.0  7.54239e-10
16040.0  7.44781e-10
16045.0  7.42849e-10
16050.0  7.56894e-10
16055.0  7.65308e-10
16060.0  7.55653e-10
16065.0  7.47911e-10
16070.0  7.42397e-10
16075.0  7.31293e-10
16080.0  7.27305e-10
16085.0  7.29768e-10
16090.0  7.22777e-10
16095.0  7.06555e-10
16100.0  7.01613e-10
16105.0  7.08078e-10
16110.0  7.18628e-10
16115.0  7.25634e-10
16120.0  7.26882e-10
16125.0  7.27263e-10
16130.0  7.27715e-10
16135.0  7.32492e-10
16140.0  7.37778e-10
16145.0  7.4188e-10
16150.0  7.34179e-10
16155.0  7.20626e-10
16160.0  7.13455e-10
16165.0  7.1182e-10
16170.0  7.15685e-10
16175.0  7.23554e-10
16180.0  7.19033e-10
16185.0  7.18698e-10
16190.0  7.22939e-10
16195.0  7.14698e-10
16200.0  7.01598e-10
16205.0  6.96641e-10
16210.0  6.94283e-10
16215.0  6.93143e-10
16220.0  7.01119e-10
16225.0  7.11002e-10
16230.0  7.13611e-10
16235.0  7.1857e-10
16240.0  7.24497e-10
16245.0  7.29183e-10
16250.0  7.35108e-10
16255.0  7.39458e-10
16260.0  7.39435e-10
16265.0  7.38053e-10
16270.0  7.37369e-10
16275.0  7.34452e-10
16280.0  7.3294e-10
16285.0  7.32389e-10
16290.0  7.3358e-10
16295.0  7.36881e-10
16300.0  7.38124e-10
16305.0  7.36616e-10
16310.0  7.31374e-10
16315.0  7.17348e-10
16320.0  7.10268e-10
16325.0  7.18399e-10
16330.0  7.25897e-10
16335.0  7.29329e-10
16340.0  7.35465e-10
16345.0  7.37766e-10
16350.0  7.3238e-10
16355.0  7.23301e-10
16360.0  7.0958e-10
16365.0  6.88943e-10
16370.0  6.78613e-10
16375.0  6.75017e-10
16380.0  6.64966e-10
16385.0  6.63465e-10
16390.0  6.81814e-10
16395.0  6.87419e-10
16400.0  6.99157e-10
16405.0  7.07074e-10
16410.0  7.07265e-10
16415.0  7.00046e-10
16420.0  6.87907e-10
16425.0  6.74696e-10
16430.0  6.64437e-10
16435.0  6.60158e-10
16440.0  6.63045e-10
16445.0  6.72133e-10
16450.0  6.84717e-10
16455.0  6.96095e-10
16460.0  7.02708e-10
16465.0  7.04076e-10
16470.0  7.0029e-10
16475.0  6.92098e-10
16480.0  6.81847e-10
16485.0  6.72836e-10
16490.0  6.66098e-10
16495.0  6.62337e-10
16500.0  6.62224e-10
16505.0  6.65413e-10
16510.0  6.7058e-10
16515.0  6.75969e-10
16520.0  6.79944e-10
16525.0  6.8142e-10
16530.0  6.80092e-10
16535.0  6.76394e-10
16540.0  6.71278e-10
16545.0  6.65891e-10
16550.0  6.61255e-10
16555.0  6.58044e-10
16560.0  6.56519e-10
16565.0  6.56569e-10
16570.0  6.57881e-10
16575.0  6.60099e-10
16580.0  6.6295e-10
16585.0  6.66258e-10
16590.0  6.69844e-10
16595.0  6.7342e-10
16600.0  6.76481e-10
16605.0  6.78425e-10
16610.0  6.78956e-10
16615.0  6.76771e-10
16620.0  6.71078e-10
16625.0  6.62431e-10
16630.0  6.52121e-10
16635.0  6.42252e-10
16640.0  6.35e-10
16645.0  6.31564e-10
16650.0  6.32808e-10
16655.0  6.38401e-10
16660.0  6.47004e-10
16665.0  6.56596e-10
16670.0  6.64973e-10
16675.0  6.70377e-10
16680.0  6.71905e-10
16685.0  6.70169e-10
16690.0  6.66567e-10
16695.0  6.61733e-10
16700.0  6.5703e-10
16705.0  6.55775e-10
16710.0  6.58425e-10
16715.0  6.6378e-10
16720.0  6.697e-10
16725.0  6.73604e-10
16730.0  6.73251e-10
16735.0  6.67466e-10
16740.0  6.56555e-10
16745.0  6.42478e-10
16750.0  6.27929e-10
16755.0  6.15431e-10
16760.0  6.11807e-10
16765.0  6.17828e-10
16770.0  6.30855e-10
16775.0  6.4807e-10
16780.0  6.66464e-10
16785.0  6.81355e-10
16790.0  6.87839e-10
16795.0  6.87053e-10
16800.0  6.79108e-10
16805.0  6.65777e-10
16810.0  6.50158e-10
16815.0  6.35631e-10
16820.0  6.25132e-10
16825.0  6.20481e-10
16830.0  6.21805e-10
16835.0  6.27067e-10
16840.0  6.33176e-10
16845.0  6.38566e-10
16850.0  6.42354e-10
16855.0  6.43459e-10
16860.0  6.41166e-10
16865.0  6.36046e-10
16870.0  6.29537e-10
16875.0  6.22782e-10
16880.0  6.16619e-10
16885.0  6.11984e-10
16890.0  6.09505e-10
16895.0  6.09308e-10
16900.0  6.11052e-10
16905.0  6.1406e-10
16910.0  6.17539e-10
16915.0  6.2078e-10
16920.0  6.23271e-10
16925.0  6.2476e-10
16930.0  6.25272e-10
16935.0  6.24699e-10
16940.0  6.23296e-10
16945.0  6.21451e-10
16950.0  6.19362e-10
16955.0  6.17355e-10
16960.0  6.15774e-10
16965.0  6.15e-10
16970.0  6.15409e-10
16975.0  6.17319e-10
16980.0  6.20888e-10
16985.0  6.26003e-10
16990.0  6.32207e-10
16995.0  6.38696e-10
17000.0  6.44423e-10
17005.0  6.48292e-10
17010.0  6.49446e-10
17015.0  6.47473e-10
17020.0  6.42519e-10
17025.0  6.35259e-10
17030.0  6.26729e-10
17035.0  6.18085e-10
17040.0  6.10351e-10
17045.0  6.04223e-10
17050.0  5.99972e-10
17055.0  5.9749e-10
17060.0  5.96373e-10
17065.0  5.96069e-10
17070.0  5.96057e-10
17075.0  5.95988e-10
17080.0  5.95772e-10
17085.0  5.95511e-10
17090.0  5.95625e-10
17095.0  5.9653e-10
17100.0  5.98359e-10
17105.0  6.01185e-10
17110.0  6.04743e-10
17115.0  6.08497e-10
17120.0  6.11789e-10
17125.0  6.14031e-10
17130.0  6.14883e-10
17135.0  6.14357e-10
17140.0  6.12779e-10
17145.0  6.10753e-10
17150.0  6.08952e-10
17155.0  6.07899e-10
17160.0  6.07817e-10
17165.0  6.08562e-10
17170.0  6.09676e-10
17175.0  6.10488e-10
17180.0  6.10303e-10
17185.0  6.086e-10
17190.0  6.05186e-10
17195.0  6.0029e-10
17200.0  5.94544e-10
17205.0  5.88848e-10
17210.0  5.84114e-10
17215.0  5.80998e-10
17220.0  5.79798e-10
17225.0  5.80366e-10
17230.0  5.82146e-10
17235.0  5.84326e-10
17240.0  5.8609e-10
17245.0  5.86935e-10
17250.0  5.86302e-10
17255.0  5.84384e-10
17260.0  5.82038e-10
17265.0  5.80204e-10
17270.0  5.79577e-10
17275.0  5.78799e-10
17280.0  5.79105e-10
17285.0  5.81831e-10
17290.0  5.86596e-10
17295.0  5.92411e-10
17300.0  5.97514e-10
17305.0  5.99831e-10
17310.0  5.98305e-10
17315.0  5.92675e-10
17320.0  5.83256e-10
17325.0  5.71353e-10
17330.0  5.59261e-10
17335.0  5.49358e-10
17340.0  5.43192e-10
17345.0  5.41582e-10
17350.0  5.44592e-10
17355.0  5.5135e-10
17360.0  5.60292e-10
17365.0  5.69505e-10
17370.0  5.77158e-10
17375.0  5.81855e-10
17380.0  5.83222e-10
17385.0  5.81865e-10
17390.0  5.78468e-10
17395.0  5.74076e-10
17400.0  5.70211e-10
17405.0  5.67379e-10
17410.0  5.65465e-10
17415.0  5.64849e-10
17420.0  5.65317e-10
17425.0  5.66654e-10
17430.0  5.68235e-10
17435.0  5.69949e-10
17440.0  5.72229e-10
17445.0  5.74812e-10
17450.0  5.77362e-10
17455.0  5.79535e-10
17460.0  5.81003e-10
17465.0  5.81489e-10
17470.0  5.80838e-10
17475.0  5.79076e-10
17480.0  5.76447e-10
17485.0  5.73369e-10
17490.0  5.70377e-10
17495.0  5.68006e-10
17500.0  5.66674e-10
17505.0  5.66631e-10
17510.0  5.67879e-10
17515.0  5.70139e-10
17520.0  5.72885e-10
17525.0  5.75415e-10
17530.0  5.76997e-10
17535.0  5.77009e-10
17540.0  5.75106e-10
17545.0  5.71296e-10
17550.0  5.65963e-10
17555.0  5.59778e-10
17560.0  5.53565e-10
17565.0  5.48147e-10
17570.0  5.43986e-10
17575.0  5.41453e-10
17580.0  5.40848e-10
17585.0  5.41392e-10
17590.0  5.42502e-10
17595.0  5.43626e-10
17600.0  5.44128e-10
17605.0  5.43617e-10
17610.0  5.41959e-10
17615.0  5.39305e-10
17620.0  5.36049e-10
17625.0  5.32732e-10
17630.0  5.29926e-10
17635.0  5.28101e-10
17640.0  5.27535e-10
17645.0  5.28252e-10
17650.0  5.30032e-10
17655.0  5.32481e-10
17660.0  5.35125e-10
17665.0  5.37512e-10
17670.0  5.39315e-10
17675.0  5.40357e-10
17680.0  5.40626e-10
17685.0  5.4023e-10
17690.0  5.39351e-10
17695.0  5.38186e-10
17700.0  5.36905e-10
17705.0  5.35605e-10
17710.0  5.34318e-10
17715.0  5.33031e-10
17720.0  5.31701e-10
17725.0  5.30311e-10
17730.0  5.28887e-10
17735.0  5.27507e-10
17740.0  5.26241e-10
17745.0  5.25277e-10
17750.0  5.2473e-10
17755.0  5.24561e-10
17760.0  5.24784e-10
17765.0  5.25356e-10
17770.0  5.26205e-10
17775.0  5.27294e-10
17780.0  5.28626e-10
17785.0  5.30268e-10
17790.0  5.32327e-10
17795.0  5.34928e-10
17800.0  5.3815e-10
17805.0  5.41985e-10
17810.0  5.46278e-10
17815.0  5.50689e-10
17820.0  5.54715e-10
17825.0  5.57743e-10
17830.0  5.59157e-10
17835.0  5.58487e-10
17840.0  5.55545e-10
17845.0  5.50517e-10
17850.0  5.43927e-10
17855.0  5.36588e-10
17860.0  5.29416e-10
17865.0  5.23241e-10
17870.0  5.18657e-10
17875.0  5.15907e-10
17880.0  5.14848e-10
17885.0  5.15014e-10
17890.0  5.15729e-10
17895.0  5.16249e-10
17900.0  5.15923e-10
17905.0  5.14322e-10
17910.0  5.11418e-10
17915.0  5.07461e-10
17920.0  5.02962e-10
17925.0  4.98857e-10
17930.0  4.95949e-10
17935.0  4.94786e-10
17940.0  4.95557e-10
17945.0  4.98034e-10
17950.0  5.01828e-10
17955.0  5.042e-10
17960.0  5.03926e-10
17965.0  5.03549e-10
17970.0  5.03246e-10
17975.0  5.02851e-10
17980.0  5.02499e-10
17985.0  5.02241e-10
17990.0  5.02151e-10
17995.0  5.02298e-10
18000.0  5.02711e-10
18005.0  5.03357e-10
18010.0  5.04139e-10
18015.0  5.04914e-10
18020.0  5.05538e-10
18025.0  5.05914e-10
18030.0  5.05989e-10
18035.0  5.05764e-10
18040.0  5.05273e-10
18045.0  5.04559e-10
18050.0  5.03684e-10
18055.0  5.02703e-10
18060.0  5.0167e-10
18065.0  5.00631e-10
18070.0  4.99621e-10
18075.0  4.98669e-10
18080.0  4.97786e-10
18085.0  4.96974e-10
18090.0  4.96245e-10
18095.0  4.95629e-10
18100.0  4.95129e-10
18105.0  4.94782e-10
18110.0  4.94631e-10
18115.0  4.94719e-10
18120.0  4.95056e-10
18125.0  4.95602e-10
18130.0  4.96244e-10
18135.0  4.96818e-10
18140.0  4.97143e-10
18145.0  4.97116e-10
18150.0  4.96723e-10
18155.0  4.96031e-10
18160.0  4.95158e-10
18165.0  4.9422e-10
18170.0  4.93324e-10
18175.0  4.9256e-10
18180.0  4.92007e-10
18185.0  4.91715e-10
18190.0  4.91697e-10
18195.0  4.91867e-10
18200.0  4.92029e-10
18205.0  4.91903e-10
18210.0  4.91292e-10
18215.0  4.90178e-10
18220.0  4.88715e-10
18225.0  4.87117e-10
18230.0  4.85552e-10
18235.0  4.84122e-10
18240.0  4.82887e-10
18245.0  4.81877e-10
18250.0  4.81118e-10
18255.0  4.80644e-10
18260.0  4.80484e-10
18265.0  4.80615e-10
18270.0  4.81029e-10
18275.0  4.81611e-10
18280.0  4.82102e-10
18285.0  4.8233e-10
18290.0  4.82228e-10
18295.0  4.8184e-10
18300.0  4.81314e-10
18305.0  4.80809e-10
18310.0  4.80445e-10
18315.0  4.80308e-10
18320.0  4.80429e-10
18325.0  4.80795e-10
18330.0  4.81333e-10
18335.0  4.81895e-10
18340.0  4.8226e-10
18345.0  4.82185e-10
18350.0  4.81482e-10
18355.0  4.80107e-10
18360.0  4.782e-10
18365.0  4.76054e-10
18370.0  4.74021e-10
18375.0  4.72453e-10
18380.0  4.71669e-10
18385.0  4.71925e-10
18390.0  4.73313e-10
18395.0  4.7562e-10
18400.0  4.7821e-10
18405.0  4.80193e-10
18410.0  4.80876e-10
18415.0  4.80068e-10
18420.0  4.78092e-10
18425.0  4.75447e-10
18430.0  4.72575e-10
18435.0  4.69777e-10
18440.0  4.67243e-10
18445.0  4.6503e-10
18450.0  4.63309e-10
18455.0  4.62453e-10
18460.0  4.62619e-10
18465.0  4.64182e-10
18470.0  4.67582e-10
18475.0  4.72725e-10
18480.0  4.7849e-10
18485.0  4.83066e-10
18490.0  4.84936e-10
18495.0  4.84031e-10
18500.0  4.81316e-10
18505.0  4.77903e-10
18510.0  4.74519e-10
18515.0  4.71508e-10
18520.0  4.69022e-10
18525.0  4.67153e-10
18530.0  4.6599e-10
18535.0  4.65624e-10
18540.0  4.66128e-10
18545.0  4.67476e-10
18550.0  4.69446e-10
18555.0  4.71591e-10
18560.0  4.73363e-10
18565.0  4.74297e-10
18570.0  4.74205e-10
18575.0  4.73161e-10
18580.0  4.71409e-10
18585.0  4.69231e-10
18590.0  4.66889e-10
18595.0  4.64603e-10
18600.0  4.6257e-10
18605.0  4.6095e-10
18610.0  4.59836e-10
18615.0  4.59223e-10
18620.0  4.58987e-10
18625.0  4.58933e-10
18630.0  4.58893e-10
18635.0  4.58721e-10
18640.0  4.58281e-10
18645.0  4.57592e-10
18650.0  4.56701e-10
18655.0  4.55602e-10
18660.0  4.54323e-10
18665.0  4.52921e-10
18670.0  4.51505e-10
18675.0  4.50299e-10
18680.0  4.49745e-10
18685.0  4.50555e-10
18690.0  4.53519e-10
18695.0  4.58918e-10
18700.0  4.65837e-10
18705.0  4.72618e-10
18710.0  4.77853e-10
18715.0  4.8132e-10
18720.0  4.83522e-10
18725.0  4.85116e-10
18730.0  4.865e-10
18735.0  4.877e-10
18740.0  4.88288e-10
18745.0  4.87387e-10
18750.0  4.84091e-10
18755.0  4.78334e-10
18760.0  4.71197e-10
18765.0  4.64322e-10
18770.0  4.58771e-10
18775.0  4.54799e-10
18780.0  4.52111e-10
18785.0  4.5033e-10
18790.0  4.49164e-10
18795.0  4.48414e-10
18800.0  4.47973e-10
18805.0  4.47786e-10
18810.0  4.47811e-10
18815.0  4.48005e-10
18820.0  4.48315e-10
18825.0  4.48555e-10
18830.0  4.484e-10
18835.0  4.47712e-10
18840.0  4.46469e-10
18845.0  4.44772e-10
18850.0  4.42876e-10
18855.0  4.4102e-10
18860.0  4.39339e-10
18865.0  4.37896e-10
18870.0  4.36717e-10
18875.0  4.35841e-10
18880.0  4.35331e-10
18885.0  4.35298e-10
18890.0  4.35907e-10
18895.0  4.37329e-10
18900.0  4.39633e-10
18905.0  4.42567e-10
18910.0  4.4548e-10
18915.0  4.47514e-10
18920.0  4.48122e-10
18925.0  4.47298e-10
18930.0  4.45498e-10
18935.0  4.43234e-10
18940.0  4.40889e-10
18945.0  4.38672e-10
18950.0  4.36693e-10
18955.0  4.35026e-10
18960.0  4.33739e-10
18965.0  4.32926e-10
18970.0  4.32708e-10
18975.0  4.3319e-10
18980.0  4.34376e-10
18985.0  4.3602e-10
18990.0  4.37641e-10
18995.0  4.38658e-10
19000.0  4.3871e-10
19005.0  4.3779e-10
19010.0  4.36162e-10
19015.0  4.34159e-10
19020.0  4.32107e-10
19025.0  4.30252e-10
19030.0  4.2875e-10
19035.0  4.27786e-10
19040.0  4.27542e-10
19045.0  4.28107e-10
19050.0  4.29368e-10
19055.0  4.30956e-10
19060.0  4.32334e-10
19065.0  4.33063e-10
19070.0  4.32986e-10
19075.0  4.32204e-10
19080.0  4.30957e-10
19085.0  4.29473e-10
19090.0  4.27929e-10
19095.0  4.26451e-10
19100.0  4.25142e-10
19105.0  4.24106e-10
19110.0  4.23461e-10
19115.0  4.23348e-10
19120.0  4.2385e-10
19125.0  4.24924e-10
19130.0  4.26246e-10
19135.0  4.27329e-10
19140.0  4.27719e-10
19145.0  4.27306e-10
19150.0  4.26265e-10
19155.0  4.24928e-10
19160.0  4.23581e-10
19165.0  4.22424e-10
19170.0  4.21583e-10
19175.0  4.21151e-10
19180.0  4.21204e-10
19185.0  4.21803e-10
19190.0  4.22966e-10
19195.0  4.24606e-10
19200.0  4.26439e-10
19205.0  4.27971e-10
19210.0  4.28797e-10
19215.0  4.28532e-10
19220.0  4.269e-10
19225.0  4.24474e-10
19230.0  4.21966e-10
19235.0  4.19657e-10
19240.0  4.17747e-10
19245.0  4.16384e-10
19250.0  4.15608e-10
19255.0  4.15437e-10
19260.0  4.15863e-10
19265.0  4.16827e-10
19270.0  4.18189e-10
19275.0  4.1968e-10
19280.0  4.20902e-10
19285.0  4.21402e-10
19290.0  4.2086e-10
19295.0  4.1922e-10
19300.0  4.16766e-10
19305.0  4.13957e-10
19310.0  4.11259e-10
19315.0  4.09005e-10
19320.0  4.07379e-10
19325.0  4.0645e-10
19330.0  4.0621e-10
19335.0  4.06602e-10
19340.0  4.07515e-10
19345.0  4.08798e-10
19350.0  4.10248e-10
19355.0  4.11605e-10
19360.0  4.12595e-10
19365.0  4.1298e-10
19370.0  4.12636e-10
19375.0  4.11603e-10
19380.0  4.1008e-10
19385.0  4.08369e-10
19390.0  4.06809e-10
19395.0  4.05691e-10
19400.0  4.05233e-10
19405.0  4.05546e-10
19410.0  4.06599e-10
19415.0  4.08253e-10
19420.0  4.10353e-10
19425.0  4.12571e-10
19430.0  4.14433e-10
19435.0  4.15565e-10
19440.0  4.15678e-10
19445.0  4.14591e-10
19450.0  4.12337e-10
19455.0  4.09122e-10
19460.0  4.0529e-10
19465.0  4.0125e-10
19470.0  3.97413e-10
19475.0  3.94121e-10
19480.0  3.9163e-10
19485.0  3.90091e-10
19490.0  3.89552e-10
19495.0  3.89956e-10
19500.0  3.91165e-10
19505.0  3.92982e-10
19510.0  3.95165e-10
19515.0  3.9746e-10
19520.0  3.99628e-10
19525.0  4.01475e-10
19530.0  4.02851e-10
19535.0  4.03684e-10
19540.0  4.03975e-10
19545.0  4.0379e-10
19550.0  4.03258e-10
19555.0  4.02543e-10
19560.0  4.01813e-10
19565.0  4.01186e-10
19570.0  4.0071e-10
19575.0  4.00358e-10
19580.0  4.0005e-10
19585.0  3.99699e-10
19590.0  3.99237e-10
19595.0  3.9863e-10
19600.0  3.97878e-10
19605.0  3.97007e-10
19610.0  3.9607e-10
19615.0  3.95108e-10
19620.0  3.94172e-10
19625.0  3.93362e-10
19630.0  3.92737e-10
19635.0  3.92295e-10
19640.0  3.92034e-10
19645.0  3.91932e-10
19650.0  3.91913e-10
19655.0  3.91889e-10
19660.0  3.91774e-10
19665.0  3.9152e-10
19670.0  3.91117e-10
19675.0  3.90593e-10
19680.0  3.90001e-10
19685.0  3.89398e-10
19690.0  3.88837e-10
19695.0  3.88355e-10
19700.0  3.87962e-10
19705.0  3.87643e-10
19710.0  3.87354e-10
19715.0  3.87026e-10
19720.0  3.86575e-10
19725.0  3.85931e-10
19730.0  3.85043e-10
19735.0  3.83908e-10
19740.0  3.82569e-10
19745.0  3.81102e-10
19750.0  3.79612e-10
19755.0  3.7821e-10
19760.0  3.77005e-10
19765.0  3.7609e-10
19770.0  3.75533e-10
19775.0  3.75372e-10
19780.0  3.75605e-10
19785.0  3.7619e-10
19790.0  3.77024e-10
19795.0  3.77968e-10
19800.0  3.78856e-10
19805.0  3.79513e-10
19810.0  3.798e-10
19815.0  3.79634e-10
19820.0  3.79005e-10
19825.0  3.77985e-10
19830.0  3.76691e-10
19835.0  3.75274e-10
19840.0  3.73889e-10
19845.0  3.72693e-10
19850.0  3.71813e-10
19855.0  3.71345e-10
19860.0  3.71336e-10
19865.0  3.71786e-10
19870.0  3.72631e-10
19875.0  3.73741e-10
19880.0  3.74938e-10
19885.0  3.76021e-10
19890.0  3.76805e-10
19895.0  3.77148e-10
19900.0  3.76984e-10
19905.0  3.76322e-10
19910.0  3.75232e-10
19915.0  3.73842e-10
19920.0  3.72291e-10
19925.0  3.70727e-10
19930.0  3.69289e-10
19935.0  3.68089e-10
19940.0  3.67207e-10
19945.0  3.66688e-10
19950.0  3.66531e-10
19955.0  3.66703e-10
19960.0  3.67129e-10
19965.0  3.67713e-10
19970.0  3.68344e-10
19975.0  3.68925e-10
19980.0  3.69376e-10
19985.0  3.69642e-10
19990.0  3.69707e-10
19995.0  3.69588e-10
20000.0  3.69332e-10
20005.0  3.69018e-10
20010.0  3.68746e-10
20015.0  3.68618e-10
20020.0  3.68718e-10
20025.0  3.69078e-10
20030.0  3.69628e-10
20035.0  3.70195e-10
20040.0  3.70613e-10
20045.0  3.70741e-10
20050.0  3.70429e-10
20055.0  3.69697e-10
20060.0  3.6877e-10
20065.0  3.67779e-10
20070.0  3.66785e-10
20075.0  3.65867e-10
20080.0  3.65094e-10
20085.0  3.645e-10
20090.0  3.64111e-10
20095.0  3.63937e-10
20100.0  3.63967e-10
20105.0  3.64177e-10
20110.0  3.64514e-10
20115.0  3.64905e-10
20120.0  3.65258e-10
20125.0  3.61919e-10
20130.0  3.39756e-10
20135.0  3.32355e-10
20140.0  3.39053e-10
20145.0  3.43633e-10
20150.0  3.3955e-10
20155.0  3.40009e-10
20160.0  3.42926e-10
20165.0  3.38435e-10
20170.0  3.39198e-10
20175.0  3.4434e-10
20180.0  3.42506e-10
20185.0  3.40758e-10
20190.0  3.41291e-10
20195.0  3.43496e-10
20200.0  3.44649e-10
20205.0  3.43482e-10
20210.0  3.43085e-10
20215.0  3.44541e-10
20220.0  3.44349e-10
20225.0  3.43906e-10
20230.0  3.41312e-10
20235.0  3.41431e-10
20240.0  3.44219e-10
20245.0  3.44356e-10
20250.0  3.43277e-10
20255.0  3.42193e-10
20260.0  3.42159e-10
20265.0  3.4394e-10
20270.0  3.44322e-10
20275.0  3.43248e-10
20280.0  3.41384e-10
20285.0  3.38433e-10
20290.0  3.39109e-10
20295.0  3.42305e-10
20300.0  3.38723e-10
20305.0  3.37499e-10
20310.0  3.40135e-10
20315.0  3.41285e-10
20320.0  3.40583e-10
20325.0  3.40432e-10
20330.0  3.39707e-10
20335.0  3.40155e-10
20340.0  3.41234e-10
20345.0  3.40454e-10
20350.0  3.39078e-10
20355.0  3.40216e-10
20360.0  3.40283e-10
20365.0  3.41533e-10
20370.0  3.40757e-10
20375.0  3.40055e-10
20380.0  3.37712e-10
20385.0  3.34263e-10
20390.0  3.35319e-10
20395.0  3.37286e-10
20400.0  3.36551e-10
20405.0  3.36698e-10
20410.0  3.35478e-10
20415.0  3.35477e-10
20420.0  3.35144e-10
20425.0  3.35836e-10
20430.0  3.36477e-10
20435.0  3.36203e-10
20440.0  3.35822e-10
20445.0  3.35319e-10
20450.0  3.35282e-10
20455.0  3.35342e-10
20460.0  3.35395e-10
20465.0  3.34708e-10
20470.0  3.33982e-10
20475.0  3.32859e-10
20480.0  3.32445e-10
20485.0  3.31729e-10
20490.0  3.31183e-10
20495.0  3.31147e-10
20500.0  3.29364e-10
20505.0  3.30242e-10
20510.0  3.31619e-10
20515.0  3.31158e-10
20520.0  3.31735e-10
20525.0  3.32375e-10
20530.0  3.33104e-10
20535.0  3.33086e-10
20540.0  3.33233e-10
20545.0  3.33045e-10
20550.0  3.32796e-10
20555.0  3.32108e-10
20560.0  3.31395e-10
20565.0  3.30461e-10
20570.0  3.29158e-10
20575.0  3.29028e-10
20580.0  3.27986e-10
20585.0  3.25389e-10
20590.0  3.23828e-10
20595.0  3.25524e-10
20600.0  3.25577e-10
20605.0  3.23463e-10
20610.0  3.2253e-10
20615.0  3.25183e-10
20620.0  3.26768e-10
20625.0  3.26446e-10
20630.0  3.27001e-10
20635.0  3.27506e-10
20640.0  3.29574e-10
20645.0  3.3171e-10
20650.0  3.31776e-10
20655.0  3.31902e-10
20660.0  3.33088e-10
20665.0  3.33692e-10
20670.0  3.33768e-10
20675.0  3.33345e-10
20680.0  3.31559e-10
20685.0  3.30333e-10
20690.0  3.30433e-10
20695.0  3.28583e-10
20700.0  3.23486e-10
20705.0  3.19495e-10
20710.0  3.22885e-10
20715.0  3.23803e-10
20720.0  3.21216e-10
20725.0  3.18913e-10
20730.0  3.17725e-10
20735.0  3.17222e-10
20740.0  3.15427e-10
20745.0  3.15569e-10
20750.0  3.15804e-10
20755.0  3.14007e-10
20760.0  3.13424e-10
20765.0  3.13395e-10
20770.0  3.12628e-10
20775.0  3.106e-10
20780.0  3.09131e-10
20785.0  3.08905e-10
20790.0  3.0937e-10
20795.0  3.08454e-10
20800.0  3.0603e-10
20805.0  3.04101e-10
20810.0  3.01522e-10
20815.0  3.04149e-10
20820.0  3.07007e-10
20825.0  3.08757e-10
20830.0  3.09367e-10
20835.0  3.10097e-10
20840.0  3.11047e-10
20845.0  3.09144e-10
20850.0  3.09651e-10
20855.0  3.10137e-10
20860.0  3.096e-10
20865.0  3.09485e-10
20870.0  3.08737e-10
20875.0  3.06722e-10
20880.0  3.04909e-10
20885.0  3.02967e-10
20890.0  3.02212e-10
20895.0  3.01422e-10
20900.0  3.00708e-10
20905.0  3.0031e-10
20910.0  2.99596e-10
20915.0  2.98394e-10
20920.0  2.9437e-10
20925.0  2.93716e-10
20930.0  2.98553e-10
20935.0  2.9942e-10
20940.0  2.99834e-10
20945.0  3.00576e-10
20950.0  3.00683e-10
20955.0  2.9936e-10
20960.0  2.98166e-10
20965.0  2.98229e-10
20970.0  2.97486e-10
20975.0  2.97853e-10
20980.0  2.98509e-10
20985.0  2.97504e-10
20990.0  2.96942e-10
20995.0  2.98636e-10
21000.0  2.99586e-10
21005.0  2.99961e-10
21010.0  3.00907e-10
21015.0  3.00708e-10
21020.0  3.00108e-10
21025.0  3.00683e-10
21030.0  3.00038e-10
21035.0  2.99395e-10
21040.0  2.98315e-10
21045.0  2.96361e-10
21050.0  2.9402e-10
21055.0  2.91856e-10
21060.0  2.88078e-10
21065.0  2.80038e-10
21070.0  2.82626e-10
21075.0  2.87721e-10
21080.0  2.89255e-10
21085.0  2.90199e-10
21090.0  2.90657e-10
21095.0  2.89478e-10
21100.0  2.88228e-10
21105.0  2.92427e-10
21110.0  2.95272e-10
21115.0  2.96542e-10
21120.0  2.96767e-10
21125.0  2.9679e-10
21130.0  2.9586e-10
21135.0  2.95917e-10
21140.0  2.95448e-10
21145.0  2.94118e-10
21150.0  2.92759e-10
21155.0  2.92066e-10
21160.0  2.90723e-10
21165.0  2.86958e-10
21170.0  2.83001e-10
21175.0  2.87262e-10
21180.0  2.88825e-10
21185.0  2.89157e-10
21190.0  2.90002e-10
21195.0  2.89052e-10
21200.0  2.88603e-10
21205.0  2.89498e-10
21210.0  2.88867e-10
21215.0  2.88825e-10
21220.0  2.90197e-10
21225.0  2.90493e-10
21230.0  2.90565e-10
21235.0  2.91739e-10
21240.0  2.9022e-10
21245.0  2.87894e-10
21250.0  2.88944e-10
21255.0  2.89634e-10
21260.0  2.91317e-10
21265.0  2.91295e-10
21270.0  2.89698e-10
21275.0  2.88405e-10
21280.0  2.87522e-10
21285.0  2.86739e-10
21290.0  2.86286e-10
21295.0  2.85542e-10
21300.0  2.83386e-10
21305.0  2.82023e-10
21310.0  2.81841e-10
21315.0  2.81389e-10
21320.0  2.80773e-10
21325.0  2.80002e-10
21330.0  2.7965e-10
21335.0  2.80342e-10
21340.0  2.81179e-10
21345.0  2.81578e-10
21350.0  2.82155e-10
21355.0  2.81082e-10
21360.0  2.77817e-10
21365.0  2.83225e-10
21370.0  2.8704e-10
21375.0  2.8746e-10
21380.0  2.87785e-10
21385.0  2.88295e-10
21390.0  2.87709e-10
21395.0  2.87702e-10
21400.0  2.87866e-10
21405.0  2.86812e-10
21410.0  2.86127e-10
21415.0  2.85666e-10
21420.0  2.84975e-10
21425.0  2.84242e-10
21430.0  2.83181e-10
21435.0  2.82603e-10
21440.0  2.82645e-10
21445.0  2.82061e-10
21450.0  2.81533e-10
21455.0  2.8107e-10
21460.0  2.81027e-10
21465.0  2.81071e-10
21470.0  2.80853e-10
21475.0  2.7996e-10
21480.0  2.78343e-10
21485.0  2.7613e-10
21490.0  2.74178e-10
21495.0  2.73104e-10
21500.0  2.74224e-10
21505.0  2.74789e-10
21510.0  2.73579e-10
21515.0  2.72454e-10
21520.0  2.7226e-10
21525.0  2.72391e-10
21530.0  2.72675e-10
21535.0  2.73799e-10
21540.0  2.74687e-10
21545.0  2.74693e-10
21550.0  2.75103e-10
21555.0  2.75112e-10
21560.0  2.75126e-10
21565.0  2.74629e-10
21570.0  2.738e-10
21575.0  2.72786e-10
21580.0  2.72617e-10
21585.0  2.7244e-10
21590.0  2.71211e-10
21595.0  2.71529e-10
21600.0  2.71218e-10
21605.0  2.70136e-10
21610.0  2.69143e-10
21615.0  2.68087e-10
21620.0  2.67531e-10
21625.0  2.68718e-10
21630.0  2.69516e-10
21635.0  2.69558e-10
21640.0  2.70385e-10
21645.0  2.70173e-10
21650.0  2.68056e-10
21655.0  2.66872e-10
21660.0  2.61694e-10
21665.0  2.56968e-10
21670.0  2.59138e-10
21675.0  2.6351e-10
21680.0  2.66031e-10
21685.0  2.65187e-10
21690.0  2.64448e-10
21695.0  2.63843e-10
21700.0  2.6381e-10
21705.0  2.6469e-10
21710.0  2.64822e-10
21715.0  2.64623e-10
21720.0  2.64638e-10
21725.0  2.63637e-10
21730.0  2.63306e-10
21735.0  2.64959e-10
21740.0  2.66538e-10
21745.0  2.66903e-10
21750.0  2.67366e-10
21755.0  2.67403e-10
21760.0  2.66319e-10
21765.0  2.66262e-10
21770.0  2.67145e-10
21775.0  2.65971e-10
21780.0  2.6272e-10
21785.0  2.57524e-10
21790.0  2.56964e-10
21795.0  2.59718e-10
21800.0  2.62599e-10
21805.0  2.63657e-10
21810.0  2.624e-10
21815.0  2.6035e-10
21820.0  2.57752e-10
21825.0  2.55643e-10
21830.0  2.58937e-10
21835.0  2.62039e-10
21840.0  2.63575e-10
21845.0  2.63863e-10
21850.0  2.6298e-10
21855.0  2.6272e-10
21860.0  2.62624e-10
21865.0  2.62469e-10
21870.0  2.61517e-10
21875.0  2.59313e-10
21880.0  2.56551e-10
21885.0  2.53445e-10
21890.0  2.54952e-10
21895.0  2.55661e-10
21900.0  2.54137e-10
21905.0  2.53957e-10
21910.0  2.54932e-10
21915.0  2.5518e-10
21920.0  2.54779e-10
21925.0  2.54807e-10
21930.0  2.55367e-10
21935.0  2.55247e-10
21940.0  2.546e-10
21945.0  2.53899e-10
21950.0  2.5347e-10
21955.0  2.54014e-10
21960.0  2.54401e-10
21965.0  2.5359e-10
21970.0  2.52215e-10
21975.0  2.51423e-10
21980.0  2.50163e-10
21985.0  2.48413e-10
21990.0  2.47862e-10
21995.0  2.47737e-10
22000.0  2.46972e-10
22005.0  2.46675e-10
22010.0  2.47127e-10
22015.0  2.47174e-10
22020.0  2.46928e-10
22025.0  2.47341e-10
22030.0  2.47916e-10
22035.0  2.48134e-10
22040.0  2.48496e-10
22045.0  2.48101e-10
22050.0  2.47454e-10
22055.0  2.46481e-10
22060.0  2.41809e-10
22065.0  2.38842e-10
22070.0  2.40586e-10
22075.0  2.44355e-10
22080.0  2.45076e-10
22085.0  2.43152e-10
22090.0  2.40113e-10
22095.0  2.4267e-10
22100.0  2.45109e-10
22105.0  2.45661e-10
22110.0  2.45245e-10
22115.0  2.45621e-10
22120.0  2.46379e-10
22125.0  2.47281e-10
22130.0  2.48396e-10
22135.0  2.49629e-10
22140.0  2.50441e-10
22145.0  2.50842e-10
22150.0  2.51734e-10
22155.0  2.5205e-10
22160.0  2.51068e-10
22165.0  2.50195e-10
22170.0  2.5032e-10
22175.0  2.49505e-10
22180.0  2.47858e-10
22185.0  2.46627e-10
22190.0  2.45341e-10
22195.0  2.43921e-10
22200.0  2.42351e-10
22205.0  2.4123e-10
22210.0  2.39674e-10
22215.0  2.38624e-10
22220.0  2.39099e-10
22225.0  2.39061e-10
22230.0  2.39039e-10
22235.0  2.39317e-10
22240.0  2.39269e-10
22245.0  2.40126e-10
22250.0  2.41584e-10
22255.0  2.42467e-10
22260.0  2.40614e-10
22265.0  2.39678e-10
22270.0  2.43079e-10
22275.0  2.4517e-10
22280.0  2.45676e-10
22285.0  2.46358e-10
22290.0  2.46484e-10
22295.0  2.46506e-10
22300.0  2.4672e-10
22305.0  2.46301e-10
22310.0  2.45402e-10
22315.0  2.45021e-10
22320.0  2.44611e-10
22325.0  2.43782e-10
22330.0  2.4341e-10
22335.0  2.43342e-10
22340.0  2.42482e-10
22345.0  2.41033e-10
22350.0  2.39987e-10
22355.0  2.39384e-10
22360.0  2.37793e-10
22365.0  2.36799e-10
22370.0  2.36312e-10
22375.0  2.34941e-10
22380.0  2.33454e-10
22385.0  2.31112e-10
22390.0  2.30318e-10
22395.0  2.3052e-10
22400.0  2.30274e-10
22405.0  2.30687e-10
22410.0  2.30027e-10
22415.0  2.29726e-10
22420.0  2.29608e-10
22425.0  2.28446e-10
22430.0  2.28331e-10
22435.0  2.29393e-10
22440.0  2.30062e-10
22445.0  2.30092e-10
22450.0  2.29728e-10
22455.0  2.29461e-10
22460.0  2.29066e-10
22465.0  2.29006e-10
22470.0  2.29561e-10
22475.0  2.29004e-10
22480.0  2.27771e-10
22485.0  2.30359e-10
22490.0  2.32031e-10
22495.0  2.32378e-10
22500.0  2.32667e-10
22505.0  2.32626e-10
22510.0  2.32584e-10
22515.0  2.32611e-10
22520.0  2.33034e-10
22525.0  2.32773e-10
22530.0  2.32188e-10
22535.0  2.30935e-10
22540.0  2.29423e-10
22545.0  2.28757e-10
22550.0  2.30095e-10
22555.0  2.29668e-10
22560.0  2.28477e-10
22565.0  2.2787e-10
22570.0  2.27051e-10
22575.0  2.26478e-10
22580.0  2.26011e-10
22585.0  2.26086e-10
22590.0  2.26738e-10
22595.0  2.26936e-10
22600.0  2.2679e-10
22605.0  2.26769e-10
22610.0  2.26145e-10
22615.0  2.25339e-10
22620.0  2.26084e-10
22625.0  2.24583e-10
22630.0  2.24731e-10
22635.0  2.28717e-10
22640.0  2.32425e-10
22645.0  2.32844e-10
22650.0  2.32249e-10
22655.0  2.30226e-10
22660.0  2.29338e-10
22665.0  2.30559e-10
22670.0  2.29579e-10
22675.0  2.29079e-10
22680.0  2.28271e-10
22685.0  2.26325e-10
22690.0  2.25533e-10
22695.0  2.24975e-10
22700.0  2.23849e-10
22705.0  2.22602e-10
22710.0  2.21556e-10
22715.0  2.20926e-10
22720.0  2.21537e-10
22725.0  2.21852e-10
22730.0  2.22054e-10
22735.0  2.22522e-10
22740.0  2.2297e-10
22745.0  2.22231e-10
22750.0  2.22142e-10
22755.0  2.2272e-10
22760.0  2.2338e-10
22765.0  2.23573e-10
22770.0  2.24093e-10
22775.0  2.24044e-10
22780.0  2.23492e-10
22785.0  2.23087e-10
22790.0  2.2237e-10
22795.0  2.21406e-10
22800.0  2.20138e-10
22805.0  2.18289e-10
22810.0  2.13817e-10
22815.0  2.11128e-10
22820.0  2.15311e-10
22825.0  2.17113e-10
22830.0  2.17498e-10
22835.0  2.17989e-10
22840.0  2.18568e-10
22845.0  2.19699e-10
22850.0  2.19573e-10
22855.0  2.19909e-10
22860.0  2.20879e-10
22865.0  2.2115e-10
22870.0  2.20827e-10
22875.0  2.20187e-10
22880.0  2.19344e-10
22885.0  2.18657e-10
22890.0  2.17389e-10
22895.0  2.15731e-10
22900.0  2.14276e-10
22905.0  2.12923e-10
22910.0  2.11659e-10
22915.0  2.10513e-10
22920.0  2.09705e-10
22925.0  2.08714e-10
22930.0  2.06823e-10
22935.0  2.01758e-10
22940.0  1.99759e-10
22945.0  2.02448e-10
22950.0  2.04597e-10
22955.0  2.05071e-10
22960.0  2.05613e-10
22965.0  2.07276e-10
22970.0  2.08818e-10
22975.0  2.09976e-10
22980.0  2.10627e-10
22985.0  2.11285e-10
22990.0  2.12187e-10
22995.0  2.12985e-10
23000.0  2.13087e-10
23005.0  2.13086e-10
23010.0  2.1329e-10
23015.0  2.1333e-10
23020.0  2.12738e-10
23025.0  2.12106e-10
23030.0  2.1146e-10
23035.0  2.1084e-10
23040.0  2.10795e-10
23045.0  2.10459e-10
23050.0  2.10209e-10
23055.0  2.10072e-10
23060.0  2.10108e-10
23065.0  2.10938e-10
23070.0  2.11391e-10
23075.0  2.1121e-10
23080.0  2.11065e-10
23085.0  2.11591e-10
23090.0  2.11345e-10
23095.0  2.11318e-10
23100.0  2.10593e-10
23105.0  2.10248e-10
23110.0  2.09478e-10
23115.0  2.08803e-10
23120.0  2.08504e-10
23125.0  2.07234e-10
23130.0  2.06497e-10
23135.0  2.05741e-10
23140.0  2.05081e-10
23145.0  2.0375e-10
23150.0  2.01694e-10
23155.0  2.0224e-10
23160.0  2.02421e-10
23165.0  2.01055e-10
23170.0  2.00416e-10
23175.0  2.01396e-10
23180.0  2.02988e-10
23185.0  2.04422e-10
23190.0  2.05373e-10
23195.0  2.07236e-10
23200.0  2.08531e-10
23205.0  2.08894e-10
23210.0  2.09836e-10
23215.0  2.10389e-10
23220.0  2.08455e-10
23225.0  2.03224e-10
23230.0  2.00356e-10
23235.0  2.01685e-10
23240.0  2.02957e-10
23245.0  2.03461e-10
23250.0  2.02364e-10
23255.0  2.015e-10
23260.0  2.0129e-10
23265.0  2.0045e-10
23270.0  1.99876e-10
23275.0  1.99156e-10
23280.0  1.97731e-10
23285.0  1.96126e-10
23290.0  1.95536e-10
23295.0  1.95426e-10
23300.0  1.95661e-10
23305.0  1.95805e-10
23310.0  1.959e-10
23315.0  1.95356e-10
23320.0  1.95538e-10
23325.0  1.96196e-10
23330.0  1.96708e-10
23335.0  1.97402e-10
23340.0  1.98026e-10
23345.0  1.98316e-10
23350.0  1.9729e-10
23355.0  1.96576e-10
23360.0  1.98661e-10
23365.0  1.99937e-10
23370.0  2.00144e-10
23375.0  2.00533e-10
23380.0  1.98598e-10
23385.0  1.95933e-10
23390.0  1.963e-10
23395.0  1.98354e-10
23400.0  1.984e-10
23405.0  1.97775e-10
23410.0  1.98406e-10
23415.0  1.99027e-10
23420.0  1.99137e-10
23425.0  1.9811e-10
23430.0  1.9794e-10
23435.0  1.98095e-10
23440.0  1.9757e-10
23445.0  1.97295e-10
23450.0  1.96864e-10
23455.0  1.96216e-10
23460.0  1.96254e-10
23465.0  1.96442e-10
23470.0  1.96796e-10
23475.0  1.96624e-10
23480.0  1.9564e-10
23485.0  1.95725e-10
23490.0  1.95656e-10
23495.0  1.94456e-10
23500.0  1.93208e-10
23505.0  1.92919e-10
23510.0  1.93315e-10
23515.0  1.92527e-10
23520.0  1.8944e-10
23525.0  1.83317e-10
23530.0  1.82852e-10
23535.0  1.85694e-10
23540.0  1.87347e-10
23545.0  1.8851e-10
23550.0  1.8927e-10
23555.0  1.8885e-10
23560.0  1.88867e-10
23565.0  1.8994e-10
23570.0  1.89756e-10
23575.0  1.89934e-10
23580.0  1.90782e-10
23585.0  1.90346e-10
23590.0  1.90866e-10
23595.0  1.92108e-10
23600.0  1.93492e-10
23605.0  1.93339e-10
23610.0  1.92145e-10
23615.0  1.92315e-10
23620.0  1.93072e-10
23625.0  1.92226e-10
23630.0  1.91289e-10
23635.0  1.91143e-10
23640.0  1.90772e-10
23645.0  1.8951e-10
23650.0  1.90047e-10
23655.0  1.91069e-10
23660.0  1.90865e-10
23665.0  1.89651e-10
23670.0  1.89934e-10
23675.0  1.89569e-10
23680.0  1.894e-10
23685.0  1.89101e-10
23690.0  1.88563e-10
23695.0  1.8799e-10
23700.0  1.86188e-10
23705.0  1.8458e-10
23710.0  1.85058e-10
23715.0  1.85576e-10
23720.0  1.85242e-10
23725.0  1.84814e-10
23730.0  1.85859e-10
23735.0  1.86475e-10
23740.0  1.86429e-10
23745.0  1.87411e-10
23750.0  1.88268e-10
23755.0  1.89112e-10
23760.0  1.89363e-10
23765.0  1.88421e-10
23770.0  1.89641e-10
23775.0  1.92232e-10
23780.0  1.93573e-10
23785.0  1.92639e-10
23790.0  1.92729e-10
23795.0  1.92731e-10
23800.0  1.92903e-10
23805.0  1.92948e-10
23810.0  1.92209e-10
23815.0  1.92811e-10
23820.0  1.92914e-10
23825.0  1.90882e-10
23830.0  1.87441e-10
23835.0  1.847e-10
23840.0  1.8264e-10
23845.0  1.8125e-10
23850.0  1.81429e-10
23855.0  1.82288e-10
23860.0  1.7994e-10
23865.0  1.77086e-10
23870.0  1.78365e-10
23875.0  1.80517e-10
23880.0  1.80502e-10
23885.0  1.79151e-10
23890.0  1.78661e-10
23895.0  1.78903e-10
23900.0  1.7986e-10
23905.0  1.81466e-10
23910.0  1.85029e-10
23915.0  1.84804e-10
23920.0  1.81896e-10
23925.0  1.81813e-10
23930.0  1.8266e-10
23935.0  1.83916e-10
23940.0  1.84456e-10
23945.0  1.84144e-10
23950.0  1.83928e-10
23955.0  1.837e-10
23960.0  1.84606e-10
23965.0  1.86298e-10
23970.0  1.85076e-10
23975.0  1.83286e-10
23980.0  1.82624e-10
23985.0  1.84181e-10
23990.0  1.84833e-10
23995.0  1.84485e-10
24000.0  1.84084e-10
24005.0  1.84518e-10
24010.0  1.85016e-10
24015.0  1.84625e-10
24020.0  1.84925e-10
24025.0  1.85966e-10
24030.0  1.86451e-10
24035.0  1.88428e-10
24040.0  1.91994e-10
24045.0  1.90766e-10
24050.0  1.87453e-10
24055.0  1.86221e-10
24060.0  1.88891e-10
24065.0  1.94358e-10
24070.0  1.92104e-10
24075.0  1.86458e-10
24080.0  1.86329e-10
24085.0  1.87978e-10
24090.0  1.89028e-10
24095.0  1.79248e-10
24100.0  1.77923e-10
24105.0  1.7638e-10
24110.0  1.74463e-10
24115.0  1.72553e-10
24120.0  1.70707e-10
24125.0  1.6898e-10
24130.0  1.67415e-10
24135.0  1.66056e-10
24140.0  1.64935e-10
24145.0  1.64082e-10
24150.0  1.63507e-10
24155.0  1.63221e-10
24160.0  1.63222e-10
24165.0  1.635e-10
24170.0  1.64035e-10
24175.0  1.64805e-10
24180.0  1.65773e-10
24185.0  1.66902e-10
24190.0  1.68147e-10
24195.0  1.69464e-10
24200.0  1.70807e-10
24205.0  1.72128e-10
24210.0  1.73379e-10
24215.0  1.74509e-10
24220.0  1.75492e-10
24225.0  1.7633e-10
24230.0  1.77006e-10
24235.0  1.77453e-10
24240.0  1.77599e-10
24245.0  1.77462e-10
24250.0  1.77111e-10
24255.0  1.76588e-10
24260.0  1.75883e-10
24265.0  1.74986e-10
24270.0  1.73919e-10
24275.0  1.72721e-10
24280.0  1.7142e-10
24285.0  1.70046e-10
24290.0  1.68636e-10
24295.0  1.67229e-10
24300.0  1.65868e-10
24305.0  1.64597e-10
24310.0  1.63456e-10
24315.0  1.62488e-10
24320.0  1.61732e-10
24325.0  1.61215e-10
24330.0  1.60959e-10
24335.0  1.60972e-10
24340.0  1.61246e-10
24345.0  1.61759e-10
24350.0  1.62482e-10
24355.0  1.63368e-10
24360.0  1.64363e-10
24365.0  1.65409e-10
24370.0  1.66441e-10
24375.0  1.67403e-10
24380.0  1.68237e-10
24385.0  1.68901e-10
24390.0  1.69357e-10
24395.0  1.69578e-10
24400.0  1.69555e-10
24405.0  1.69288e-10
24410.0  1.6879e-10
24415.0  1.68091e-10
24420.0  1.67228e-10
24425.0  1.6625e-10
24430.0  1.65212e-10
24435.0  1.64176e-10
24440.0  1.63207e-10
24445.0  1.62368e-10
24450.0  1.61722e-10
24455.0  1.61321e-10
24460.0  1.61204e-10
24465.0  1.61396e-10
24470.0  1.61905e-10
24475.0  1.62708e-10
24480.0  1.63768e-10
24485.0  1.65019e-10
24490.0  1.66379e-10
24495.0  1.67759e-10
24500.0  1.6906e-10
24505.0  1.70191e-10
24510.0  1.71067e-10
24515.0  1.71614e-10
24520.0  1.71787e-10
24525.0  1.71553e-10
24530.0  1.70905e-10
24535.0  1.69869e-10
24540.0  1.68477e-10
24545.0  1.66794e-10
24550.0  1.64893e-10
24555.0  1.62865e-10
24560.0  1.60816e-10
24565.0  1.58839e-10
24570.0  1.57014e-10
24575.0  1.55422e-10
24580.0  1.5413e-10
24585.0  1.532e-10
24590.0  1.52678e-10
24595.0  1.52584e-10
24600.0  1.52932e-10
24605.0  1.53703e-10
24610.0  1.54872e-10
24615.0  1.56381e-10
24620.0  1.58163e-10
24625.0  1.6014e-10
24630.0  1.6221e-10
24635.0  1.64269e-10
24640.0  1.66223e-10
24645.0  1.67964e-10
24650.0  1.69411e-10
24655.0  1.70491e-10
24660.0  1.71144e-10
24665.0  1.71345e-10
24670.0  1.71082e-10
24675.0  1.70376e-10
24680.0  1.69266e-10
24685.0  1.67809e-10
24690.0  1.66084e-10
24695.0  1.64175e-10
24700.0  1.62174e-10
24705.0  1.60169e-10
24710.0  1.5825e-10
24715.0  1.56486e-10
24720.0  1.54947e-10
24725.0  1.53671e-10
24730.0  1.52688e-10
24735.0  1.52009e-10
24740.0  1.51619e-10
24745.0  1.51495e-10
24750.0  1.51596e-10
24755.0  1.51869e-10
24760.0  1.52258e-10
24765.0  1.52693e-10
24770.0  1.53113e-10
24775.0  1.53456e-10
24780.0  1.53669e-10
24785.0  1.53712e-10
24790.0  1.53556e-10
24795.0  1.53188e-10
24800.0  1.52611e-10
24805.0  1.51842e-10
24810.0  1.50915e-10
24815.0  1.4988e-10
24820.0  1.48793e-10
24825.0  1.47718e-10
24830.0  1.46724e-10
24835.0  1.45881e-10
24840.0  1.45254e-10
24845.0  1.44898e-10
24850.0  1.44855e-10
24855.0  1.45157e-10
24860.0  1.45812e-10
24865.0  1.46803e-10
24870.0  1.48102e-10
24875.0  1.49664e-10
24880.0  1.51416e-10
24885.0  1.5326e-10
24890.0  1.55086e-10
24895.0  1.56794e-10
24900.0  1.583e-10
24905.0  1.59533e-10
24910.0  1.60424e-10
24915.0  1.6091e-10
24920.0  1.60958e-10
24925.0  1.60569e-10
24930.0  1.59753e-10
24935.0  1.58559e-10
24940.0  1.57046e-10
24945.0  1.55288e-10
24950.0  1.53375e-10
24955.0  1.5139e-10
24960.0  1.49433e-10
24965.0  1.47594e-10
24970.0  1.45933e-10
24975.0  1.44494e-10
24980.0  1.4329e-10
24985.0  1.24613e-10
24990.0  1.77813e-11
24995.0  0.0
25000.0  0.0
