# Extracted from file: pickles_uk_88.fits
#SIMPLETrueFits standard
#BITPIX16Bits per pixel
#NAXIS0Number of axes
#EXTENDTrueFile may contain extensions
#DATE2007-01-11T21:02:24Date FITS file was generated
#IRAF-TLM16:02:40 (11/01/2007)Time of last modification
#COMMENT  FITS (Flexible Image Transport System) format is defined in 'Astronomy
#COMMENT  and Astrophysics', volume 376, page 359; bibcode: 2001A&A...376..359H
#ORIGINSTScI-STSDAS/TABLESTables version 2002-02-22
#FILENAMEpickles_uk_88.fitsname of file
#NEXTEND1number of extensions in file
#COMMENT1spectral type: K3III
#COMMENT2metallicity: weak
#COMMENT3original filename: ukwk3iii.dat
#HISTORY  File created by F.R.Boffi.
#HISTORY  SEDs from Pickles UVKLIB Library (1998, PASP 110, 863).
#HISTORY  Wavelength is in Angstrom.
#HISTORY  Fluxes are tabulated in units of erg/s/cm^2/A
#HISTORY  and were calculated by normalizing the original fluxes
#HISTORY  in the Pickles V band to a 0 magnitude in vegamag.
#HISTORY  In the vegamag system, Vega has magnitude zero in all passbands.
#HISTORY  Please refer to the SYNPHOT manual for further information.
#
#
#
#
#
#
#
#
#
#
#
#
#
#  
#Columns WAVELENGTH FLUX
#Units  angstroms flam
1150.0  0.0
1155.0  0.0
1160.0  0.0
1165.0  0.0
1170.0  0.0
1175.0  0.0
1180.0  0.0
1185.0  0.0
1190.0  0.0
1195.0  0.0
1200.0  0.0
1205.0  0.0
1210.0  0.0
1215.0  0.0
1220.0  0.0
1225.0  0.0
1230.0  0.0
1235.0  0.0
1240.0  0.0
1245.0  0.0
1250.0  0.0
1255.0  0.0
1260.0  0.0
1265.0  0.0
1270.0  0.0
1275.0  0.0
1280.0  0.0
1285.0  0.0
1290.0  0.0
1295.0  0.0
1300.0  0.0
1305.0  0.0
1310.0  0.0
1315.0  0.0
1320.0  0.0
1325.0  0.0
1330.0  0.0
1335.0  0.0
1340.0  0.0
1345.0  0.0
1350.0  0.0
1355.0  0.0
1360.0  0.0
1365.0  0.0
1370.0  0.0
1375.0  0.0
1380.0  0.0
1385.0  0.0
1390.0  0.0
1395.0  0.0
1400.0  0.0
1405.0  0.0
1410.0  0.0
1415.0  0.0
1420.0  0.0
1425.0  0.0
1430.0  0.0
1435.0  0.0
1440.0  0.0
1445.0  0.0
1450.0  0.0
1455.0  0.0
1460.0  0.0
1465.0  0.0
1470.0  0.0
1475.0  0.0
1480.0  0.0
1485.0  0.0
1490.0  0.0
1495.0  0.0
1500.0  0.0
1505.0  0.0
1510.0  0.0
1515.0  0.0
1520.0  0.0
1525.0  0.0
1530.0  0.0
1535.0  0.0
1540.0  0.0
1545.0  0.0
1550.0  0.0
1555.0  0.0
1560.0  0.0
1565.0  0.0
1570.0  0.0
1575.0  0.0
1580.0  0.0
1585.0  0.0
1590.0  0.0
1595.0  0.0
1600.0  0.0
1605.0  0.0
1610.0  0.0
1615.0  0.0
1620.0  0.0
1625.0  0.0
1630.0  0.0
1635.0  0.0
1640.0  0.0
1645.0  0.0
1650.0  0.0
1655.0  0.0
1660.0  0.0
1665.0  0.0
1670.0  0.0
1675.0  0.0
1680.0  0.0
1685.0  0.0
1690.0  0.0
1695.0  0.0
1700.0  0.0
1705.0  0.0
1710.0  0.0
1715.0  0.0
1720.0  0.0
1725.0  0.0
1730.0  0.0
1735.0  0.0
1740.0  0.0
1745.0  0.0
1750.0  0.0
1755.0  0.0
1760.0  0.0
1765.0  0.0
1770.0  0.0
1775.0  0.0
1780.0  0.0
1785.0  0.0
1790.0  0.0
1795.0  0.0
1800.0  0.0
1805.0  0.0
1810.0  0.0
1815.0  0.0
1820.0  0.0
1825.0  0.0
1830.0  0.0
1835.0  0.0
1840.0  0.0
1845.0  0.0
1850.0  0.0
1855.0  0.0
1860.0  0.0
1865.0  0.0
1870.0  0.0
1875.0  0.0
1880.0  0.0
1885.0  0.0
1890.0  0.0
1895.0  0.0
1900.0  0.0
1905.0  0.0
1910.0  0.0
1915.0  0.0
1920.0  0.0
1925.0  0.0
1930.0  0.0
1935.0  0.0
1940.0  0.0
1945.0  0.0
1950.0  0.0
1955.0  0.0
1960.0  0.0
1965.0  0.0
1970.0  0.0
1975.0  0.0
1980.0  0.0
1985.0  0.0
1990.0  0.0
1995.0  0.0
2000.0  0.0
2005.0  0.0
2010.0  0.0
2015.0  0.0
2020.0  0.0
2025.0  0.0
2030.0  0.0
2035.0  0.0
2040.0  0.0
2045.0  0.0
2050.0  0.0
2055.0  0.0
2060.0  0.0
2065.0  0.0
2070.0  0.0
2075.0  0.0
2080.0  0.0
2085.0  0.0
2090.0  0.0
2095.0  0.0
2100.0  0.0
2105.0  0.0
2110.0  0.0
2115.0  0.0
2120.0  0.0
2125.0  0.0
2130.0  0.0
2135.0  0.0
2140.0  0.0
2145.0  0.0
2150.0  0.0
2155.0  0.0
2160.0  0.0
2165.0  0.0
2170.0  0.0
2175.0  0.0
2180.0  0.0
2185.0  0.0
2190.0  0.0
2195.0  0.0
2200.0  0.0
2205.0  0.0
2210.0  0.0
2215.0  0.0
2220.0  0.0
2225.0  0.0
2230.0  0.0
2235.0  0.0
2240.0  0.0
2245.0  0.0
2250.0  0.0
2255.0  0.0
2260.0  0.0
2265.0  0.0
2270.0  0.0
2275.0  0.0
2280.0  0.0
2285.0  0.0
2290.0  0.0
2295.0  0.0
2300.0  0.0
2305.0  0.0
2310.0  0.0
2315.0  0.0
2320.0  0.0
2325.0  0.0
2330.0  0.0
2335.0  0.0
2340.0  0.0
2345.0  0.0
2350.0  0.0
2355.0  0.0
2360.0  0.0
2365.0  0.0
2370.0  0.0
2375.0  0.0
2380.0  0.0
2385.0  0.0
2390.0  0.0
2395.0  0.0
2400.0  4.64558e-16
2405.0  3.24611e-15
2410.0  4.17329e-15
2415.0  7.41939e-15
2420.0  1.06636e-14
2425.0  1.11262e-14
2430.0  1.11262e-14
2435.0  1.11262e-14
2440.0  1.06617e-14
2445.0  6.95104e-15
2450.0  9.25292e-16
2455.0  0.0
2460.0  0.0
2465.0  0.0
2470.0  0.0
2475.0  0.0
2480.0  0.0
2485.0  0.0
2490.0  0.0
2495.0  0.0
2500.0  3.71615e-15
2505.0  3.01492e-14
2510.0  6.35297e-14
2515.0  9.92252e-14
2520.0  1.28892e-13
2525.0  1.50676e-13
2530.0  1.61332e-13
2535.0  1.56687e-13
2540.0  1.3025e-13
2545.0  7.78507e-14
2550.0  1.0179e-14
2555.0  0.0
2560.0  0.0
2565.0  0.0
2570.0  0.0
2575.0  0.0
2580.0  0.0
2585.0  0.0
2590.0  0.0
2595.0  0.0
2600.0  5.29511e-14
2605.0  4.36469e-13
2610.0  9.65476e-13
2615.0  1.58998e-12
2620.0  2.29328e-12
2625.0  3.06241e-12
2630.0  3.8802e-12
2635.0  4.73137e-12
2640.0  5.60153e-12
2645.0  6.47772e-12
2650.0  7.34092e-12
2655.0  8.18233e-12
2660.0  8.99823e-12
2665.0  9.78865e-12
2670.0  1.05559e-11
2675.0  1.12981e-11
2680.0  1.2018e-11
2685.0  1.2718e-11
2690.0  1.3394e-11
2695.0  1.40499e-11
2700.0  1.4685e-11
2705.0  1.53053e-11
2710.0  1.59191e-11
2715.0  1.65394e-11
2720.0  1.71755e-11
2725.0  1.78407e-11
2730.0  1.85473e-11
2735.0  1.9309e-11
2740.0  2.01379e-11
2745.0  2.10475e-11
2750.0  2.20452e-11
2755.0  2.31282e-11
2760.0  2.42668e-11
2765.0  2.54072e-11
2770.0  2.65022e-11
2775.0  2.75012e-11
2780.0  2.83555e-11
2785.0  2.9016e-11
2790.0  2.94294e-11
2795.0  2.95494e-11
2800.0  2.93308e-11
2805.0  2.876e-11
2810.0  2.79185e-11
2815.0  2.69245e-11
2820.0  2.58977e-11
2825.0  2.49594e-11
2830.0  2.42294e-11
2835.0  2.3829e-11
2840.0  2.38779e-11
2845.0  2.44976e-11
2850.0  2.58024e-11
2855.0  2.78611e-11
2860.0  3.06262e-11
2865.0  3.39995e-11
2870.0  3.78778e-11
2875.0  4.21601e-11
2880.0  4.6746e-11
2885.0  5.15322e-11
2890.0  5.64153e-11
2895.0  6.1295e-11
2900.0  6.60736e-11
2905.0  7.06529e-11
2910.0  7.4961e-11
2915.0  7.89292e-11
2920.0  8.24954e-11
2925.0  8.55911e-11
2930.0  8.81487e-11
2935.0  9.01026e-11
2940.0  9.13882e-11
2945.0  9.19397e-11
2950.0  9.16955e-11
2955.0  9.06493e-11
2960.0  8.89329e-11
2965.0  8.67278e-11
2970.0  8.42254e-11
2975.0  8.16124e-11
2980.0  7.90813e-11
2985.0  7.68237e-11
2990.0  7.50266e-11
2995.0  7.38787e-11
3000.0  7.35637e-11
3005.0  7.42128e-11
3010.0  7.58097e-11
3015.0  7.82856e-11
3020.0  8.15659e-11
3025.0  8.55731e-11
3030.0  9.02301e-11
3035.0  9.54646e-11
3040.0  1.012e-10
3045.0  1.07359e-10
3050.0  1.13869e-10
3055.0  1.20656e-10
3060.0  1.27654e-10
3065.0  1.348e-10
3070.0  1.42028e-10
3075.0  1.49274e-10
3080.0  1.56475e-10
3085.0  1.63567e-10
3090.0  1.70489e-10
3095.0  1.77173e-10
3100.0  1.83561e-10
3105.0  1.89619e-10
3110.0  1.95379e-10
3115.0  2.0091e-10
3120.0  2.06277e-10
3125.0  2.11544e-10
3130.0  2.16779e-10
3135.0  2.22049e-10
3140.0  2.27417e-10
3145.0  2.32951e-10
3150.0  2.38716e-10
3155.0  2.52604e-10
3160.0  3.04148e-10
3165.0  3.06136e-10
3170.0  3.01605e-10
3175.0  3.01609e-10
3180.0  3.03495e-10
3185.0  3.04876e-10
3190.0  3.0787e-10
3195.0  3.16676e-10
3200.0  3.36678e-10
3205.0  3.27692e-10
3210.0  3.09903e-10
3215.0  2.97571e-10
3220.0  2.90974e-10
3225.0  2.86306e-10
3230.0  2.80796e-10
3235.0  2.75309e-10
3240.0  2.78464e-10
3245.0  2.96022e-10
3250.0  3.18835e-10
3255.0  3.36876e-10
3260.0  3.52485e-10
3265.0  3.68443e-10
3270.0  3.76659e-10
3275.0  3.7289e-10
3280.0  3.73609e-10
3285.0  3.93503e-10
3290.0  4.21653e-10
3295.0  4.40752e-10
3300.0  4.43132e-10
3305.0  4.2942e-10
3310.0  4.11537e-10
3315.0  4.01459e-10
3320.0  4.00412e-10
3325.0  4.04839e-10
3330.0  4.09706e-10
3335.0  4.11903e-10
3340.0  4.14239e-10
3345.0  4.18897e-10
3350.0  4.20629e-10
3355.0  4.1361e-10
3360.0  3.98389e-10
3365.0  3.80931e-10
3370.0  3.74267e-10
3375.0  3.8594e-10
3380.0  4.02733e-10
3385.0  4.11491e-10
3390.0  4.19442e-10
3395.0  4.34595e-10
3400.0  4.46639e-10
3405.0  4.4597e-10
3410.0  4.43285e-10
3415.0  4.50254e-10
3420.0  4.60397e-10
3425.0  4.62902e-10
3430.0  4.54537e-10
3435.0  4.3818e-10
3440.0  4.24497e-10
3445.0  4.23311e-10
3450.0  4.34426e-10
3455.0  4.5119e-10
3460.0  4.60606e-10
3465.0  4.54792e-10
3470.0  4.44932e-10
3475.0  4.43205e-10
3480.0  4.45694e-10
3485.0  4.47104e-10
3490.0  4.54601e-10
3495.0  4.73978e-10
3500.0  4.9464e-10
3505.0  5.03929e-10
3510.0  5.00669e-10
3515.0  4.89946e-10
3520.0  4.81392e-10
3525.0  4.84087e-10
3530.0  5.00936e-10
3535.0  5.26874e-10
3540.0  5.42637e-10
3545.0  5.33343e-10
3550.0  5.0932e-10
3555.0  4.85831e-10
3560.0  4.65699e-10
3565.0  4.46971e-10
3570.0  4.28442e-10
3575.0  4.11719e-10
3580.0  4.0458e-10
3585.0  4.15579e-10
3590.0  4.48377e-10
3595.0  4.9611e-10
3600.0  5.30487e-10
3605.0  5.32506e-10
3610.0  5.2795e-10
3615.0  5.45256e-10
3620.0  5.74986e-10
3625.0  5.9795e-10
3630.0  6.0863e-10
3635.0  6.10776e-10
3640.0  6.17271e-10
3645.0  6.37703e-10
3650.0  6.64634e-10
3655.0  6.87554e-10
3660.0  7.047e-10
3665.0  7.14765e-10
3670.0  7.09229e-10
3675.0  6.86288e-10
3680.0  6.68498e-10
3685.0  6.75022e-10
3690.0  6.91984e-10
3695.0  6.99867e-10
3700.0  6.97708e-10
3705.0  6.89866e-10
3710.0  6.75268e-10
3715.0  6.51205e-10
3720.0  6.17028e-10
3725.0  5.7592e-10
3730.0  5.38775e-10
3735.0  5.16372e-10
3740.0  5.11388e-10
3745.0  5.21673e-10
3750.0  5.40634e-10
3755.0  5.62092e-10
3760.0  5.85184e-10
3765.0  6.12277e-10
3770.0  6.48017e-10
3775.0  6.88737e-10
3780.0  7.08016e-10
3785.0  6.87478e-10
3790.0  6.52108e-10
3795.0  6.32473e-10
3800.0  6.29596e-10
3805.0  6.29425e-10
3810.0  6.09907e-10
3815.0  5.59751e-10
3820.0  5.02629e-10
3825.0  4.66993e-10
3830.0  4.58673e-10
3835.0  4.71296e-10
3840.0  4.90049e-10
3845.0  5.02007e-10
3850.0  5.06808e-10
3855.0  5.08728e-10
3860.0  5.11597e-10
3865.0  5.18054e-10
3870.0  5.28678e-10
3875.0  5.45373e-10
3880.0  5.751e-10
3885.0  6.21581e-10
3890.0  6.74901e-10
3895.0  7.22175e-10
3900.0  7.50521e-10
3905.0  7.35449e-10
3910.0  7.48082e-10
3915.0  7.45092e-10
3920.0  7.07258e-10
3925.0  6.47019e-10
3930.0  6.31911e-10
3935.0  6.3631e-10
3940.0  6.75394e-10
3945.0  7.70617e-10
3950.0  8.67551e-10
3955.0  8.77381e-10
3960.0  7.95076e-10
3965.0  7.28211e-10
3970.0  7.49799e-10
3975.0  8.48462e-10
3980.0  9.96913e-10
3985.0  1.16217e-09
3990.0  1.30048e-09
3995.0  1.39691e-09
4000.0  1.43904e-09
4005.0  1.48142e-09
4010.0  1.50602e-09
4015.0  1.51608e-09
4020.0  1.57452e-09
4025.0  1.6103e-09
4030.0  1.58707e-09
4035.0  1.53404e-09
4040.0  1.49707e-09
4045.0  1.48804e-09
4050.0  1.48719e-09
4055.0  1.48912e-09
4060.0  1.50436e-09
4065.0  1.51866e-09
4070.0  1.50804e-09
4075.0  1.52871e-09
4080.0  1.62102e-09
4085.0  1.66081e-09
4090.0  1.66703e-09
4095.0  1.65093e-09
4100.0  1.61845e-09
4105.0  1.5831e-09
4110.0  1.55779e-09
4115.0  1.57482e-09
4120.0  1.60475e-09
4125.0  1.60825e-09
4130.0  1.60329e-09
4135.0  1.58253e-09
4140.0  1.51438e-09
4145.0  1.46936e-09
4150.0  1.49243e-09
4155.0  1.54342e-09
4160.0  1.56176e-09
4165.0  1.54335e-09
4170.0  1.5268e-09
4175.0  1.52248e-09
4180.0  1.53578e-09
4185.0  1.54091e-09
4190.0  1.53373e-09
4195.0  1.54231e-09
4200.0  1.57381e-09
4205.0  1.60528e-09
4210.0  1.65132e-09
4215.0  1.65621e-09
4220.0  1.64985e-09
4225.0  1.66748e-09
4230.0  1.66415e-09
4235.0  1.66841e-09
4240.0  1.69982e-09
4245.0  1.74117e-09
4250.0  1.776e-09
4255.0  1.79047e-09
4260.0  1.76943e-09
4265.0  1.72485e-09
4270.0  1.69776e-09
4275.0  1.70407e-09
4280.0  1.70988e-09
4285.0  1.70151e-09
4290.0  1.66266e-09
4295.0  1.53672e-09
4300.0  1.43772e-09
4305.0  1.44525e-09
4310.0  1.52368e-09
4315.0  1.63021e-09
4320.0  1.76044e-09
4325.0  1.89371e-09
4330.0  1.98636e-09
4335.0  2.04937e-09
4340.0  2.08757e-09
4345.0  2.09485e-09
4350.0  2.10919e-09
4355.0  2.16797e-09
4360.0  2.21321e-09
4365.0  2.2253e-09
4370.0  2.20002e-09
4375.0  2.13205e-09
4380.0  2.05344e-09
4385.0  2.01296e-09
4390.0  2.03068e-09
4395.0  2.05041e-09
4400.0  2.08798e-09
4405.0  2.13615e-09
4410.0  2.15294e-09
4415.0  2.21906e-09
4420.0  2.25322e-09
4425.0  2.27026e-09
4430.0  2.30214e-09
4435.0  2.33357e-09
4440.0  2.36315e-09
4445.0  2.39445e-09
4450.0  2.41776e-09
4455.0  2.41105e-09
4460.0  2.38954e-09
4465.0  2.40782e-09
4470.0  2.48628e-09
4475.0  2.5737e-09
4480.0  2.63618e-09
4485.0  2.66062e-09
4490.0  2.66353e-09
4495.0  2.67696e-09
4500.0  2.71857e-09
4505.0  2.78225e-09
4510.0  2.83315e-09
4515.0  2.80952e-09
4520.0  2.75409e-09
4525.0  2.70483e-09
4530.0  2.63685e-09
4535.0  2.60983e-09
4540.0  2.62028e-09
4545.0  2.65931e-09
4550.0  2.72161e-09
4555.0  2.77365e-09
4560.0  2.79189e-09
4565.0  2.80778e-09
4570.0  2.81367e-09
4575.0  2.80805e-09
4580.0  2.80923e-09
4585.0  2.80946e-09
4590.0  2.78838e-09
4595.0  2.77624e-09
4600.0  2.7966e-09
4605.0  2.84741e-09
4610.0  2.91964e-09
4615.0  2.99431e-09
4620.0  3.04142e-09
4625.0  3.04763e-09
4630.0  3.02479e-09
4635.0  2.9744e-09
4640.0  2.92326e-09
4645.0  2.90145e-09
4650.0  2.90186e-09
4655.0  2.90615e-09
4660.0  2.9081e-09
4665.0  2.90561e-09
4670.0  2.88472e-09
4675.0  2.87411e-09
4680.0  2.90857e-09
4685.0  2.92834e-09
4690.0  2.93461e-09
4695.0  2.9377e-09
4700.0  2.9372e-09
4705.0  2.93321e-09
4710.0  2.93883e-09
4715.0  2.97142e-09
4720.0  3.00216e-09
4725.0  3.02805e-09
4730.0  3.04708e-09
4735.0  3.05572e-09
4740.0  3.06899e-09
4745.0  3.09186e-09
4750.0  3.11079e-09
4755.0  3.11162e-09
4760.0  3.10228e-09
4765.0  3.089e-09
4770.0  3.08292e-09
4775.0  3.11574e-09
4780.0  3.14409e-09
4785.0  3.15453e-09
4790.0  3.16639e-09
4795.0  3.18819e-09
4800.0  3.20929e-09
4805.0  3.22079e-09
4810.0  3.23596e-09
4815.0  3.24854e-09
4820.0  3.23999e-09
4825.0  3.21685e-09
4830.0  3.20552e-09
4835.0  3.20472e-09
4840.0  3.19558e-09
4845.0  3.18616e-09
4850.0  3.15364e-09
4855.0  3.08855e-09
4860.0  3.01403e-09
4865.0  2.97727e-09
4870.0  2.96484e-09
4875.0  2.9964e-09
4880.0  3.03563e-09
4885.0  3.07748e-09
4890.0  3.13838e-09
4895.0  3.21102e-09
4900.0  3.24456e-09
4905.0  3.25838e-09
4910.0  3.24537e-09
4915.0  3.19429e-09
4920.0  3.15579e-09
4925.0  3.15257e-09
4930.0  3.17833e-09
4935.0  3.23418e-09
4940.0  3.28007e-09
4945.0  3.30537e-09
4950.0  3.34038e-09
4955.0  3.34274e-09
4960.0  3.31772e-09
4965.0  3.29836e-09
4970.0  3.2971e-09
4975.0  3.27299e-09
4980.0  3.21268e-09
4985.0  3.19694e-09
4990.0  3.19205e-09
4995.0  3.18361e-09
5000.0  3.15905e-09
5005.0  3.10619e-09
5010.0  3.05462e-09
5015.0  3.03921e-09
5020.0  3.06659e-09
5025.0  3.11253e-09
5030.0  3.14461e-09
5035.0  3.15755e-09
5040.0  3.16691e-09
5045.0  3.17265e-09
5050.0  3.18937e-09
5055.0  3.22614e-09
5060.0  3.26457e-09
5065.0  3.27377e-09
5070.0  3.24802e-09
5075.0  3.21359e-09
5080.0  3.18479e-09
5085.0  3.18451e-09
5090.0  3.20973e-09
5095.0  3.22936e-09
5100.0  3.22156e-09
5105.0  3.1986e-09
5110.0  3.19256e-09
5115.0  3.18533e-09
5120.0  3.18516e-09
5125.0  3.19241e-09
5130.0  3.16835e-09
5135.0  3.1296e-09
5140.0  3.11141e-09
5145.0  3.12333e-09
5150.0  3.13658e-09
5155.0  3.11704e-09
5160.0  3.05845e-09
5165.0  2.97454e-09
5170.0  2.88417e-09
5175.0  2.82429e-09
5180.0  2.8452e-09
5185.0  2.93479e-09
5190.0  3.02767e-09
5195.0  3.11263e-09
5200.0  3.15305e-09
5205.0  3.17058e-09
5210.0  3.1949e-09
5215.0  3.22436e-09
5220.0  3.25754e-09
5225.0  3.30164e-09
5230.0  3.3277e-09
5235.0  3.35457e-09
5240.0  3.3966e-09
5245.0  3.43221e-09
5250.0  3.43164e-09
5255.0  3.3791e-09
5260.0  3.28558e-09
5265.0  3.18819e-09
5270.0  3.22513e-09
5275.0  3.21391e-09
5280.0  3.32075e-09
5285.0  3.45771e-09
5290.0  3.5374e-09
5295.0  3.57432e-09
5300.0  3.58996e-09
5305.0  3.61263e-09
5310.0  3.63672e-09
5315.0  3.63185e-09
5320.0  3.60524e-09
5325.0  3.56254e-09
5330.0  3.51571e-09
5335.0  3.48605e-09
5340.0  3.50362e-09
5345.0  3.58894e-09
5350.0  3.66586e-09
5355.0  3.70999e-09
5360.0  3.71679e-09
5365.0  3.68805e-09
5370.0  3.66057e-09
5375.0  3.65942e-09
5380.0  3.67433e-09
5385.0  3.67368e-09
5390.0  3.63344e-09
5395.0  3.56128e-09
5400.0  3.50017e-09
5405.0  3.4891e-09
5410.0  3.52802e-09
5415.0  3.58069e-09
5420.0  3.61466e-09
5425.0  3.62984e-09
5430.0  3.63856e-09
5435.0  3.63543e-09
5440.0  3.63981e-09
5445.0  3.66473e-09
5450.0  3.69783e-09
5455.0  3.71243e-09
5460.0  3.70066e-09
5465.0  3.67994e-09
5470.0  3.63753e-09
5475.0  3.59583e-09
5480.0  3.58182e-09
5485.0  3.595e-09
5490.0  3.62213e-09
5495.0  3.64972e-09
5500.0  3.66521e-09
5505.0  3.66842e-09
5510.0  3.66928e-09
5515.0  3.67504e-09
5520.0  3.68434e-09
5525.0  3.69121e-09
5530.0  3.69274e-09
5535.0  3.7049e-09
5540.0  3.74062e-09
5545.0  3.77933e-09
5550.0  3.79289e-09
5555.0  3.79487e-09
5560.0  3.78742e-09
5565.0  3.7672e-09
5570.0  3.74572e-09
5575.0  3.73374e-09
5580.0  3.71894e-09
5585.0  3.68222e-09
5590.0  3.63354e-09
5595.0  3.60164e-09
5600.0  3.61905e-09
5605.0  3.68026e-09
5610.0  3.73987e-09
5615.0  3.77462e-09
5620.0  3.7757e-09
5625.0  3.74609e-09
5630.0  3.72555e-09
5635.0  3.7474e-09
5640.0  3.78303e-09
5645.0  3.78118e-09
5650.0  3.7411e-09
5655.0  3.72684e-09
5660.0  3.72647e-09
5665.0  3.71005e-09
5670.0  3.72481e-09
5675.0  3.78368e-09
5680.0  3.81978e-09
5685.0  3.8145e-09
5690.0  3.78921e-09
5695.0  3.75991e-09
5700.0  3.72674e-09
5705.0  3.69074e-09
5710.0  3.68343e-09
5715.0  3.70817e-09
5720.0  3.75076e-09
5725.0  3.8037e-09
5730.0  3.86192e-09
5735.0  3.91612e-09
5740.0  3.93896e-09
5745.0  3.92232e-09
5750.0  3.90314e-09
5755.0  3.90382e-09
5760.0  3.90668e-09
5765.0  3.90243e-09
5770.0  3.88929e-09
5775.0  3.87438e-09
5780.0  3.86185e-09
5785.0  3.84817e-09
5790.0  3.84137e-09
5795.0  3.86331e-09
5800.0  3.90027e-09
5805.0  3.94559e-09
5810.0  3.99295e-09
5815.0  4.0321e-09
5820.0  4.06123e-09
5825.0  4.07975e-09
5830.0  4.07685e-09
5835.0  4.06667e-09
5840.0  4.05292e-09
5845.0  4.02668e-09
5850.0  3.99177e-09
5855.0  3.96442e-09
5860.0  3.9663e-09
5865.0  3.97264e-09
5870.0  3.99082e-09
5875.0  3.94335e-09
5880.0  3.89893e-09
5885.0  3.79614e-09
5890.0  3.69939e-09
5895.0  3.65963e-09
5900.0  3.68525e-09
5905.0  3.72336e-09
5910.0  3.8237e-09
5915.0  3.89248e-09
5920.0  3.92115e-09
5925.0  3.92965e-09
5930.0  3.93052e-09
5935.0  3.93017e-09
5940.0  3.93478e-09
5945.0  3.93638e-09
5950.0  3.93362e-09
5955.0  3.94072e-09
5960.0  3.96674e-09
5965.0  3.98494e-09
5970.0  3.97209e-09
5975.0  3.96197e-09
5980.0  3.95204e-09
5985.0  3.93988e-09
5990.0  3.93674e-09
5995.0  3.94427e-09
6000.0  3.93069e-09
6005.0  3.915e-09
6010.0  3.87431e-09
6015.0  3.84776e-09
6020.0  3.85443e-09
6025.0  3.88821e-09
6030.0  3.94579e-09
6035.0  4.01012e-09
6040.0  4.058e-09
6045.0  4.06731e-09
6050.0  4.03794e-09
6055.0  3.99887e-09
6060.0  3.98208e-09
6065.0  3.99083e-09
6070.0  4.00797e-09
6075.0  4.00379e-09
6080.0  3.97982e-09
6085.0  3.95374e-09
6090.0  3.92668e-09
6095.0  3.90025e-09
6100.0  3.88616e-09
6105.0  3.90026e-09
6110.0  3.92303e-09
6115.0  3.93308e-09
6120.0  3.88997e-09
6125.0  3.7395e-09
6130.0  3.66871e-09
6135.0  3.76084e-09
6140.0  3.86569e-09
6145.0  3.89444e-09
6150.0  3.90328e-09
6155.0  3.85286e-09
6160.0  3.7961e-09
6165.0  3.76405e-09
6170.0  3.75714e-09
6175.0  3.77328e-09
6180.0  3.81154e-09
6185.0  3.86736e-09
6190.0  3.89558e-09
6195.0  3.89199e-09
6200.0  3.87956e-09
6205.0  3.8812e-09
6210.0  3.88348e-09
6215.0  3.8395e-09
6220.0  3.8056e-09
6225.0  3.79306e-09
6230.0  3.7899e-09
6235.0  3.79277e-09
6240.0  3.78064e-09
6245.0  3.73999e-09
6250.0  3.71912e-09
6255.0  3.72556e-09
6260.0  3.72917e-09
6265.0  3.71968e-09
6270.0  3.71726e-09
6275.0  3.73554e-09
6280.0  3.76013e-09
6285.0  3.75631e-09
6290.0  3.7523e-09
6295.0  3.77358e-09
6300.0  3.78655e-09
6305.0  3.78322e-09
6310.0  3.76628e-09
6315.0  3.77191e-09
6320.0  3.78938e-09
6325.0  3.7991e-09
6330.0  3.81872e-09
6335.0  3.83577e-09
6340.0  3.83998e-09
6345.0  3.83249e-09
6350.0  3.82927e-09
6355.0  3.84421e-09
6360.0  3.86369e-09
6365.0  3.86308e-09
6370.0  3.86918e-09
6375.0  3.91559e-09
6380.0  3.95385e-09
6385.0  3.93503e-09
6390.0  3.89153e-09
6395.0  3.85793e-09
6400.0  3.84155e-09
6405.0  3.8436e-09
6410.0  3.8621e-09
6415.0  3.88122e-09
6420.0  3.88076e-09
6425.0  3.86868e-09
6430.0  3.87825e-09
6435.0  3.90118e-09
6440.0  3.90205e-09
6445.0  3.88154e-09
6450.0  3.86977e-09
6455.0  3.86284e-09
6460.0  3.8643e-09
6465.0  3.90692e-09
6470.0  3.99368e-09
6475.0  4.01387e-09
6480.0  3.90285e-09
6485.0  3.82725e-09
6490.0  3.80509e-09
6495.0  3.80111e-09
6500.0  3.81277e-09
6505.0  3.84707e-09
6510.0  3.8976e-09
6515.0  3.942e-09
6520.0  3.94895e-09
6525.0  4.00401e-09
6530.0  4.07071e-09
6535.0  4.03087e-09
6540.0  3.94558e-09
6545.0  3.91266e-09
6550.0  3.71826e-09
6555.0  3.62865e-09
6560.0  3.7259e-09
6565.0  3.80654e-09
6570.0  3.82883e-09
6575.0  3.80952e-09
6580.0  3.79753e-09
6585.0  3.84178e-09
6590.0  3.88498e-09
6595.0  3.8747e-09
6600.0  3.86963e-09
6605.0  3.90425e-09
6610.0  3.93062e-09
6615.0  3.94246e-09
6620.0  3.95293e-09
6625.0  3.95771e-09
6630.0  3.95204e-09
6635.0  3.94268e-09
6640.0  3.93758e-09
6645.0  3.94666e-09
6650.0  3.9541e-09
6655.0  3.94831e-09
6660.0  3.94451e-09
6665.0  3.94424e-09
6670.0  3.93995e-09
6675.0  3.92765e-09
6680.0  3.92817e-09
6685.0  3.9524e-09
6690.0  3.97633e-09
6695.0  3.97409e-09
6700.0  3.92751e-09
6705.0  3.86858e-09
6710.0  3.86023e-09
6715.0  3.88936e-09
6720.0  3.89017e-09
6725.0  3.89364e-09
6730.0  3.92852e-09
6735.0  3.95339e-09
6740.0  3.94448e-09
6745.0  3.93465e-09
6750.0  3.9537e-09
6755.0  3.97899e-09
6760.0  3.97948e-09
6765.0  3.97821e-09
6770.0  3.97704e-09
6775.0  3.95789e-09
6780.0  3.93172e-09
6785.0  3.91985e-09
6790.0  3.93288e-09
6795.0  3.94072e-09
6800.0  3.95624e-09
6805.0  3.98631e-09
6810.0  3.9957e-09
6815.0  4.00448e-09
6820.0  4.02663e-09
6825.0  4.03175e-09
6830.0  4.00218e-09
6835.0  3.95172e-09
6840.0  3.92318e-09
6845.0  3.92326e-09
6850.0  3.94124e-09
6855.0  3.9544e-09
6860.0  3.94311e-09
6865.0  3.90517e-09
6870.0  3.85819e-09
6875.0  3.829e-09
6880.0  3.8373e-09
6885.0  3.88298e-09
6890.0  3.94402e-09
6895.0  3.98682e-09
6900.0  3.98566e-09
6905.0  3.94027e-09
6910.0  3.87752e-09
6915.0  3.83445e-09
6920.0  3.83363e-09
6925.0  3.86743e-09
6930.0  3.90398e-09
6935.0  3.9131e-09
6940.0  3.88948e-09
6945.0  3.85391e-09
6950.0  3.83418e-09
6955.0  3.84133e-09
6960.0  3.86115e-09
6965.0  3.86952e-09
6970.0  3.85527e-09
6975.0  3.82918e-09
6980.0  3.81339e-09
6985.0  3.82095e-09
6990.0  3.84376e-09
6995.0  3.86007e-09
7000.0  3.85292e-09
7005.0  3.8224e-09
7010.0  3.7836e-09
7015.0  3.75425e-09
7020.0  3.74309e-09
7025.0  3.74762e-09
7030.0  3.75997e-09
7035.0  3.77243e-09
7040.0  3.77999e-09
7045.0  3.78044e-09
7050.0  3.77452e-09
7055.0  3.76666e-09
7060.0  3.76323e-09
7065.0  3.7683e-09
7070.0  3.78028e-09
7075.0  3.79308e-09
7080.0  3.80117e-09
7085.0  3.80431e-09
7090.0  3.80528e-09
7095.0  3.80427e-09
7100.0  3.79604e-09
7105.0  3.77392e-09
7110.0  3.73916e-09
7115.0  3.70524e-09
7120.0  3.69066e-09
7125.0  3.70579e-09
7130.0  3.74428e-09
7135.0  3.78631e-09
7140.0  3.81273e-09
7145.0  3.8183e-09
7150.0  3.81232e-09
7155.0  3.80829e-09
7160.0  3.81202e-09
7165.0  3.81669e-09
7170.0  3.80861e-09
7175.0  3.77772e-09
7180.0  3.72397e-09
7185.0  3.65772e-09
7190.0  3.59568e-09
7195.0  3.55555e-09
7200.0  3.55086e-09
7205.0  3.58531e-09
7210.0  3.64872e-09
7215.0  3.71854e-09
7220.0  3.76814e-09
7225.0  3.77927e-09
7230.0  3.75171e-09
7235.0  3.70292e-09
7240.0  3.65729e-09
7245.0  3.63316e-09
7250.0  3.6346e-09
7255.0  3.65146e-09
7260.0  3.66651e-09
7265.0  3.66479e-09
7270.0  3.64111e-09
7275.0  3.60279e-09
7280.0  3.56714e-09
7285.0  3.55314e-09
7290.0  3.56924e-09
7295.0  3.60565e-09
7300.0  3.63875e-09
7305.0  3.64668e-09
7310.0  3.62618e-09
7315.0  3.59798e-09
7320.0  3.59339e-09
7325.0  3.62909e-09
7330.0  3.69225e-09
7335.0  3.74859e-09
7340.0  3.76704e-09
7345.0  3.74341e-09
7350.0  3.70305e-09
7355.0  3.67878e-09
7360.0  3.68486e-09
7365.0  3.70953e-09
7370.0  3.72891e-09
7375.0  3.72983e-09
7380.0  3.7205e-09
7385.0  3.71775e-09
7390.0  3.72716e-09
7395.0  3.737e-09
7400.0  3.73109e-09
7405.0  3.70902e-09
7410.0  3.69243e-09
7415.0  3.70659e-09
7420.0  3.75492e-09
7425.0  3.81182e-09
7430.0  3.84104e-09
7435.0  3.82581e-09
7440.0  3.78441e-09
7445.0  3.75357e-09
7450.0  3.75561e-09
7455.0  3.7808e-09
7460.0  3.79905e-09
7465.0  3.79041e-09
7470.0  3.7666e-09
7475.0  3.75954e-09
7480.0  3.78876e-09
7485.0  3.84048e-09
7490.0  3.87763e-09
7495.0  3.8733e-09
7500.0  3.83775e-09
7505.0  3.80938e-09
7510.0  3.81725e-09
7515.0  3.85214e-09
7520.0  3.87245e-09
7525.0  3.84211e-09
7530.0  3.76955e-09
7535.0  3.70692e-09
7540.0  3.70722e-09
7545.0  3.77943e-09
7550.0  3.87905e-09
7555.0  3.94292e-09
7560.0  3.94214e-09
7565.0  3.90285e-09
7570.0  3.87446e-09
7575.0  3.87845e-09
7580.0  3.88327e-09
7585.0  3.82842e-09
7590.0  3.68276e-09
7595.0  3.48333e-09
7600.0  3.31538e-09
7605.0  3.25204e-09
7610.0  3.30201e-09
7615.0  3.40599e-09
7620.0  3.48801e-09
7625.0  3.51836e-09
7630.0  3.53095e-09
7635.0  3.58572e-09
7640.0  3.71082e-09
7645.0  3.87085e-09
7650.0  3.98935e-09
7655.0  4.00899e-09
7660.0  3.93536e-09
7665.0  3.83091e-09
7670.0  3.76892e-09
7675.0  3.78178e-09
7680.0  3.84173e-09
7685.0  3.8886e-09
7690.0  3.8783e-09
7695.0  3.81316e-09
7700.0  3.73834e-09
7705.0  3.70999e-09
7710.0  3.75675e-09
7715.0  3.86153e-09
7720.0  3.97243e-09
7725.0  4.03192e-09
7730.0  4.00735e-09
7735.0  3.90768e-09
7740.0  3.77844e-09
7745.0  3.67726e-09
7750.0  3.64411e-09
7755.0  3.68303e-09
7760.0  3.76392e-09
7765.0  3.84231e-09
7770.0  3.88498e-09
7775.0  3.88468e-09
7780.0  3.85582e-09
7785.0  3.8192e-09
7790.0  3.78909e-09
7795.0  3.77073e-09
7800.0  3.76671e-09
7805.0  3.78171e-09
7810.0  3.81781e-09
7815.0  3.86538e-09
7820.0  3.90042e-09
7825.0  3.89495e-09
7830.0  3.83709e-09
7835.0  3.74488e-09
7840.0  3.65885e-09
7845.0  3.61778e-09
7850.0  3.63349e-09
7855.0  3.68169e-09
7860.0  3.71706e-09
7865.0  3.70285e-09
7870.0  3.63208e-09
7875.0  3.52811e-09
7880.0  3.42795e-09
7885.0  3.36079e-09
7890.0  3.33585e-09
7895.0  3.34491e-09
7900.0  3.37221e-09
7905.0  3.40272e-09
7910.0  3.42509e-09
7915.0  3.43196e-09
7920.0  3.42117e-09
7925.0  3.39797e-09
7930.0  3.37448e-09
7935.0  3.36382e-09
7940.0  3.37224e-09
7945.0  3.39454e-09
7950.0  3.41709e-09
7955.0  3.42685e-09
7960.0  3.41936e-09
7965.0  3.39952e-09
7970.0  3.37653e-09
7975.0  3.35749e-09
7980.0  3.34422e-09
7985.0  3.33515e-09
7990.0  3.32925e-09
7995.0  3.32748e-09
8000.0  3.33179e-09
8005.0  3.34325e-09
8010.0  3.36078e-09
8015.0  3.38171e-09
8020.0  3.40282e-09
8025.0  3.42083e-09
8030.0  3.43277e-09
8035.0  3.43686e-09
8040.0  3.43348e-09
8045.0  3.42498e-09
8050.0  3.414e-09
8055.0  3.4016e-09
8060.0  3.38706e-09
8065.0  3.36952e-09
8070.0  3.35e-09
8075.0  3.33117e-09
8080.0  3.31495e-09
8085.0  3.30033e-09
8090.0  3.28366e-09
8095.0  3.26199e-09
8100.0  3.23737e-09
8105.0  3.21759e-09
8110.0  3.21242e-09
8115.0  3.22801e-09
8120.0  3.26258e-09
8125.0  3.30606e-09
8130.0  3.34484e-09
8135.0  3.3687e-09
8140.0  3.37541e-09
8145.0  3.371e-09
8150.0  3.36551e-09
8155.0  3.36657e-09
8160.0  3.37462e-09
8165.0  3.38291e-09
8170.0  3.38308e-09
8175.0  3.37133e-09
8180.0  3.35122e-09
8185.0  3.33122e-09
8190.0  3.31859e-09
8195.0  3.31473e-09
8200.0  3.3159e-09
8205.0  3.31771e-09
8210.0  3.31942e-09
8215.0  3.32434e-09
8220.0  3.33627e-09
8225.0  3.35534e-09
8230.0  3.37698e-09
8235.0  3.39406e-09
8240.0  3.4006e-09
8245.0  3.39454e-09
8250.0  3.3791e-09
8255.0  3.36231e-09
8260.0  3.35461e-09
8265.0  3.36436e-09
8270.0  3.39223e-09
8275.0  3.42777e-09
8280.0  3.45256e-09
8285.0  3.45022e-09
8290.0  3.41674e-09
8295.0  3.36397e-09
8300.0  3.31305e-09
8305.0  3.28134e-09
8310.0  3.27201e-09
8315.0  3.27413e-09
8320.0  3.27202e-09
8325.0  3.2563e-09
8330.0  3.22902e-09
8335.0  3.20089e-09
8340.0  3.18373e-09
8345.0  3.18364e-09
8350.0  3.19916e-09
8355.0  3.22304e-09
8360.0  3.24545e-09
8365.0  3.25804e-09
8370.0  3.25765e-09
8375.0  3.24855e-09
8380.0  3.24064e-09
8385.0  3.24399e-09
8390.0  3.26214e-09
8395.0  3.28825e-09
8400.0  3.30817e-09
8405.0  3.30868e-09
8410.0  3.2855e-09
8415.0  3.24585e-09
8420.0  3.20486e-09
8425.0  3.17874e-09
8430.0  3.17833e-09
8435.0  3.20552e-09
8440.0  3.25292e-09
8445.0  3.30579e-09
8450.0  3.34734e-09
8455.0  3.36693e-09
8460.0  3.36718e-09
8465.0  3.36284e-09
8470.0  3.36918e-09
8475.0  3.38647e-09
8480.0  3.39377e-09
8485.0  3.36092e-09
8490.0  3.27547e-09
8495.0  3.16466e-09
8500.0  3.08684e-09
8505.0  3.09324e-09
8510.0  3.18442e-09
8515.0  3.29413e-09
8520.0  3.32172e-09
8525.0  3.20175e-09
8530.0  2.95691e-09
8535.0  2.69312e-09
8540.0  2.539e-09
8545.0  2.56655e-09
8550.0  2.74663e-09
8555.0  2.97544e-09
8560.0  3.14716e-09
8565.0  3.21491e-09
8570.0  3.20329e-09
8575.0  3.17208e-09
8580.0  3.16398e-09
8585.0  3.18039e-09
8590.0  3.197e-09
8595.0  3.19297e-09
8600.0  3.16714e-09
8605.0  3.13269e-09
8610.0  3.10195e-09
8615.0  3.08118e-09
8620.0  3.07749e-09
8625.0  3.10105e-09
8630.0  3.15387e-09
8635.0  3.2131e-09
8640.0  3.22981e-09
8645.0  3.15834e-09
8650.0  2.99745e-09
8655.0  2.80585e-09
8660.0  2.67541e-09
8665.0  2.6748e-09
8670.0  2.80158e-09
8675.0  2.98447e-09
8680.0  3.13404e-09
8685.0  3.19961e-09
8690.0  3.19312e-09
8695.0  3.16778e-09
8700.0  3.17083e-09
8705.0  3.21083e-09
8710.0  3.26239e-09
8715.0  3.29492e-09
8720.0  3.29796e-09
8725.0  3.28535e-09
8730.0  3.27819e-09
8735.0  3.28414e-09
8740.0  3.29253e-09
8745.0  3.28459e-09
8750.0  3.24877e-09
8755.0  3.19028e-09
8760.0  3.12858e-09
8765.0  3.08568e-09
8770.0  3.07397e-09
8775.0  3.0903e-09
8780.0  3.11872e-09
8785.0  3.14046e-09
8790.0  3.14594e-09
8795.0  3.14075e-09
8800.0  3.14648e-09
8805.0  3.19779e-09
8810.0  3.22557e-09
8815.0  3.25246e-09
8820.0  3.27587e-09
8825.0  3.29034e-09
8830.0  3.29733e-09
8835.0  3.30215e-09
8840.0  3.3081e-09
8845.0  3.31258e-09
8850.0  3.30938e-09
8855.0  3.29323e-09
8860.0  3.26442e-09
8865.0  3.22945e-09
8870.0  3.1974e-09
8875.0  3.17611e-09
8880.0  3.16906e-09
8885.0  3.17466e-09
8890.0  3.18841e-09
8895.0  3.20229e-09
8900.0  3.20173e-09
8905.0  3.20143e-09
8910.0  3.206e-09
8915.0  3.21323e-09
8920.0  3.22034e-09
8925.0  3.22544e-09
8930.0  3.22901e-09
8935.0  3.23244e-09
8940.0  3.2372e-09
8945.0  3.24419e-09
8950.0  3.25299e-09
8955.0  3.26267e-09
8960.0  3.27222e-09
8965.0  3.28011e-09
8970.0  3.28359e-09
8975.0  3.27943e-09
8980.0  3.26456e-09
8985.0  3.23805e-09
8990.0  3.20449e-09
8995.0  3.1706e-09
9000.0  3.14319e-09
9005.0  3.12756e-09
9010.0  3.12527e-09
9015.0  3.1364e-09
9020.0  3.1607e-09
9025.0  3.19634e-09
9030.0  3.23721e-09
9035.0  3.27565e-09
9040.0  3.30399e-09
9045.0  3.31675e-09
9050.0  3.31403e-09
9055.0  3.29811e-09
9060.0  3.27149e-09
9065.0  3.23723e-09
9070.0  3.1998e-09
9075.0  3.16414e-09
9080.0  3.13513e-09
9085.0  3.11615e-09
9090.0  3.10671e-09
9095.0  3.10482e-09
9100.0  3.10832e-09
9105.0  3.11485e-09
9110.0  3.12149e-09
9115.0  3.12512e-09
9120.0  3.12272e-09
9125.0  3.11239e-09
9130.0  3.09514e-09
9135.0  3.07318e-09
9140.0  3.04879e-09
9145.0  3.02444e-09
9150.0  3.00303e-09
9155.0  2.98761e-09
9160.0  2.98115e-09
9165.0  2.98535e-09
9170.0  2.99876e-09
9175.0  3.01866e-09
9180.0  3.04221e-09
9185.0  3.06641e-09
9190.0  3.08792e-09
9195.0  3.10323e-09
9200.0  3.10896e-09
9205.0  3.10313e-09
9210.0  3.08748e-09
9215.0  3.06512e-09
9220.0  3.03923e-09
9225.0  3.01208e-09
9230.0  2.98346e-09
9235.0  2.95228e-09
9240.0  2.91748e-09
9245.0  2.87965e-09
9250.0  2.84361e-09
9255.0  2.8158e-09
9260.0  2.80253e-09
9265.0  2.80705e-09
9270.0  2.82469e-09
9275.0  2.84776e-09
9280.0  2.86851e-09
9285.0  2.88187e-09
9290.0  2.88971e-09
9295.0  2.89657e-09
9300.0  2.90724e-09
9305.0  2.92644e-09
9310.0  2.95873e-09
9315.0  3.00854e-09
9320.0  3.07966e-09
9325.0  3.16887e-09
9330.0  3.25481e-09
9335.0  3.30915e-09
9340.0  3.30431e-09
9345.0  3.22683e-09
9350.0  3.10012e-09
9355.0  2.96172e-09
9360.0  2.84949e-09
9365.0  2.79017e-09
9370.0  2.78165e-09
9375.0  2.81069e-09
9380.0  2.86304e-09
9385.0  2.92488e-09
9390.0  2.98367e-09
9395.0  3.02736e-09
9400.0  3.04446e-09
9405.0  3.02858e-09
9410.0  2.98662e-09
9415.0  2.93054e-09
9420.0  2.8726e-09
9425.0  2.82254e-09
9430.0  2.78352e-09
9435.0  2.75618e-09
9440.0  2.74082e-09
9445.0  2.73662e-09
9450.0  2.73987e-09
9455.0  2.74573e-09
9460.0  2.74948e-09
9465.0  2.74814e-09
9470.0  2.74346e-09
9475.0  2.73895e-09
9480.0  2.73817e-09
9485.0  2.74314e-09
9490.0  2.75194e-09
9495.0  2.76109e-09
9500.0  2.7671e-09
9505.0  2.76809e-09
9510.0  2.76615e-09
9515.0  2.76495e-09
9520.0  2.76815e-09
9525.0  2.77791e-09
9530.0  2.79241e-09
9535.0  2.80836e-09
9540.0  2.82236e-09
9545.0  2.83183e-09
9550.0  2.83627e-09
9555.0  2.836e-09
9560.0  2.83143e-09
9565.0  2.8234e-09
9570.0  2.81378e-09
9575.0  2.80484e-09
9580.0  2.79881e-09
9585.0  2.79721e-09
9590.0  2.79965e-09
9595.0  2.80499e-09
9600.0  2.81203e-09
9605.0  2.8196e-09
9610.0  2.82663e-09
9615.0  2.83201e-09
9620.0  2.83474e-09
9625.0  2.83412e-09
9630.0  2.83041e-09
9635.0  2.82417e-09
9640.0  2.81611e-09
9645.0  2.80718e-09
9650.0  2.79922e-09
9655.0  2.79435e-09
9660.0  2.79461e-09
9665.0  2.80031e-09
9670.0  2.80742e-09
9675.0  2.81024e-09
9680.0  2.80319e-09
9685.0  2.78371e-09
9690.0  2.75713e-09
9695.0  2.73179e-09
9700.0  2.71602e-09
9705.0  2.71481e-09
9710.0  2.72453e-09
9715.0  2.73825e-09
9720.0  2.74892e-09
9725.0  2.7516e-09
9730.0  2.74685e-09
9735.0  2.73734e-09
9740.0  2.72592e-09
9745.0  2.71493e-09
9750.0  2.70552e-09
9755.0  2.69837e-09
9760.0  2.69403e-09
9765.0  2.69279e-09
9770.0  2.69415e-09
9775.0  2.69725e-09
9780.0  2.70129e-09
9785.0  2.70576e-09
9790.0  2.71101e-09
9795.0  2.71771e-09
9800.0  2.72649e-09
9805.0  2.73755e-09
9810.0  2.74976e-09
9815.0  2.76153e-09
9820.0  2.77125e-09
9825.0  2.77772e-09
9830.0  2.78075e-09
9835.0  2.78053e-09
9840.0  2.77736e-09
9845.0  2.77177e-09
9850.0  2.76503e-09
9855.0  2.75867e-09
9860.0  2.75421e-09
9865.0  2.75261e-09
9870.0  2.75345e-09
9875.0  2.75578e-09
9880.0  2.75861e-09
9885.0  2.7611e-09
9890.0  2.76286e-09
9895.0  2.76364e-09
9900.0  2.76326e-09
9905.0  2.76156e-09
9910.0  2.75865e-09
9915.0  2.75472e-09
9920.0  2.74998e-09
9925.0  2.74488e-09
9930.0  2.74054e-09
9935.0  2.73832e-09
9940.0  2.73949e-09
9945.0  2.74431e-09
9950.0  2.7504e-09
9955.0  2.75436e-09
9960.0  2.75284e-09
9965.0  2.74422e-09
9970.0  2.73139e-09
9975.0  2.71893e-09
9980.0  2.71139e-09
9985.0  2.71131e-09
9990.0  2.71599e-09
9995.0  2.72073e-09
10000.0  2.72079e-09
10005.0  2.71367e-09
10010.0  2.70248e-09
10015.0  2.69248e-09
10020.0  2.68893e-09
10025.0  2.69464e-09
10030.0  2.70605e-09
10035.0  2.71717e-09
10040.0  2.722e-09
10045.0  2.71702e-09
10050.0  2.70507e-09
10055.0  2.69148e-09
10060.0  2.6816e-09
10065.0  2.67877e-09
10070.0  2.681e-09
10075.0  2.68429e-09
10080.0  2.6846e-09
10085.0  2.67972e-09
10090.0  2.67213e-09
10095.0  2.66613e-09
10100.0  2.666e-09
10105.0  2.67379e-09
10110.0  2.68588e-09
10115.0  2.69644e-09
10120.0  2.69967e-09
10125.0  2.69216e-09
10130.0  2.67679e-09
10135.0  2.65885e-09
10140.0  2.64373e-09
10145.0  2.63518e-09
10150.0  2.63287e-09
10155.0  2.63481e-09
10160.0  2.63892e-09
10165.0  2.64321e-09
10170.0  2.646e-09
10175.0  2.64567e-09
10180.0  2.64078e-09
10185.0  2.63108e-09
10190.0  2.61943e-09
10195.0  2.60992e-09
10200.0  2.60652e-09
10205.0  2.6113e-09
10210.0  2.62124e-09
10215.0  2.63139e-09
10220.0  2.63681e-09
10225.0  2.63454e-09
10230.0  2.62687e-09
10235.0  2.61807e-09
10240.0  2.61245e-09
10245.0  2.61265e-09
10250.0  2.61692e-09
10255.0  2.62188e-09
10260.0  2.62407e-09
10265.0  2.62137e-09
10270.0  2.6151e-09
10275.0  2.60788e-09
10280.0  2.60238e-09
10285.0  2.60042e-09
10290.0  2.60162e-09
10295.0  2.60476e-09
10300.0  2.60647e-09
10305.0  2.59709e-09
10310.0  2.59515e-09
10315.0  2.59335e-09
10320.0  2.58937e-09
10325.0  2.5831e-09
10330.0  2.57563e-09
10335.0  2.56851e-09
10340.0  2.5633e-09
10345.0  2.56092e-09
10350.0  2.56075e-09
10355.0  2.56157e-09
10360.0  2.56212e-09
10365.0  2.56143e-09
10370.0  2.5592e-09
10375.0  2.55543e-09
10380.0  2.55017e-09
10385.0  2.54382e-09
10390.0  2.53765e-09
10395.0  2.5333e-09
10400.0  2.5323e-09
10405.0  2.53531e-09
10410.0  2.54057e-09
10415.0  2.54537e-09
10420.0  2.54706e-09
10425.0  2.54405e-09
10430.0  2.53763e-09
10435.0  2.53018e-09
10440.0  2.5241e-09
10445.0  2.52117e-09
10450.0  2.52142e-09
10455.0  2.52426e-09
10460.0  2.52901e-09
10465.0  2.53483e-09
10470.0  2.54064e-09
10475.0  2.54518e-09
10480.0  2.54727e-09
10485.0  2.54622e-09
10490.0  2.54266e-09
10495.0  2.53775e-09
10500.0  2.53267e-09
10505.0  2.52842e-09
10510.0  2.52555e-09
10515.0  2.52443e-09
10520.0  2.52536e-09
10525.0  2.52834e-09
10530.0  2.53254e-09
10535.0  2.5368e-09
10540.0  2.53996e-09
10545.0  2.54107e-09
10550.0  2.53967e-09
10555.0  2.53552e-09
10560.0  2.52846e-09
10565.0  2.51878e-09
10570.0  2.50806e-09
10575.0  2.49836e-09
10580.0  2.49168e-09
10585.0  2.48919e-09
10590.0  2.4898e-09
10595.0  2.49157e-09
10600.0  2.49256e-09
10605.0  2.49135e-09
10610.0  2.48804e-09
10615.0  2.48328e-09
10620.0  2.48025e-09
10625.0  2.48986e-09
10630.0  2.49054e-09
10635.0  2.48932e-09
10640.0  2.48811e-09
10645.0  2.48691e-09
10650.0  2.48571e-09
10655.0  2.48451e-09
10660.0  2.48331e-09
10665.0  2.48213e-09
10670.0  2.48094e-09
10675.0  2.47976e-09
10680.0  2.47858e-09
10685.0  2.4774e-09
10690.0  2.47624e-09
10695.0  2.47507e-09
10700.0  2.47391e-09
10705.0  2.47275e-09
10710.0  2.4716e-09
10715.0  2.47045e-09
10720.0  2.4693e-09
10725.0  2.46816e-09
10730.0  2.46702e-09
10735.0  2.46589e-09
10740.0  2.46475e-09
10745.0  2.46363e-09
10750.0  2.46251e-09
10755.0  2.46139e-09
10760.0  2.46028e-09
10765.0  2.45916e-09
10770.0  2.45806e-09
10775.0  2.45695e-09
10780.0  2.45586e-09
10785.0  2.45476e-09
10790.0  2.45366e-09
10795.0  2.45257e-09
10800.0  2.45149e-09
10805.0  2.45041e-09
10810.0  2.44933e-09
10815.0  2.44826e-09
10820.0  2.44718e-09
10825.0  2.44612e-09
10830.0  2.44505e-09
10835.0  2.444e-09
10840.0  2.44294e-09
10845.0  2.44189e-09
10850.0  2.44084e-09
10855.0  2.43979e-09
10860.0  2.43875e-09
10865.0  2.43771e-09
10870.0  2.43667e-09
10875.0  2.43564e-09
10880.0  2.43461e-09
10885.0  2.43359e-09
10890.0  2.43257e-09
10895.0  2.43155e-09
10900.0  2.43053e-09
10905.0  2.42952e-09
10910.0  2.42851e-09
10915.0  2.4275e-09
10920.0  2.4265e-09
10925.0  2.42551e-09
10930.0  2.42451e-09
10935.0  2.42352e-09
10940.0  2.42253e-09
10945.0  2.42155e-09
10950.0  2.42056e-09
10955.0  2.41958e-09
10960.0  2.41861e-09
10965.0  2.41764e-09
10970.0  2.41666e-09
10975.0  2.41569e-09
10980.0  2.41474e-09
10985.0  2.41377e-09
10990.0  2.41282e-09
10995.0  2.41186e-09
11000.0  2.41091e-09
11005.0  2.40996e-09
11010.0  2.40902e-09
11015.0  2.40808e-09
11020.0  2.40714e-09
11025.0  2.4062e-09
11030.0  2.40527e-09
11035.0  2.40434e-09
11040.0  2.40341e-09
11045.0  2.40249e-09
11050.0  2.40157e-09
11055.0  2.40065e-09
11060.0  2.39973e-09
11065.0  2.39882e-09
11070.0  2.39791e-09
11075.0  2.397e-09
11080.0  2.3961e-09
11085.0  2.39519e-09
11090.0  2.3943e-09
11095.0  2.3934e-09
11100.0  2.39251e-09
11105.0  2.39161e-09
11110.0  2.39073e-09
11115.0  2.38984e-09
11120.0  2.38896e-09
11125.0  2.38808e-09
11130.0  2.3872e-09
11135.0  2.38633e-09
11140.0  2.38546e-09
11145.0  2.38459e-09
11150.0  2.38373e-09
11155.0  2.38286e-09
11160.0  2.382e-09
11165.0  2.38114e-09
11170.0  2.38028e-09
11175.0  2.37943e-09
11180.0  2.37858e-09
11185.0  2.37773e-09
11190.0  2.37688e-09
11195.0  2.37604e-09
11200.0  2.37519e-09
11205.0  2.37436e-09
11210.0  2.37352e-09
11215.0  2.37269e-09
11220.0  2.37185e-09
11225.0  2.37103e-09
11230.0  2.37019e-09
11235.0  2.36938e-09
11240.0  2.36855e-09
11245.0  2.36773e-09
11250.0  2.36691e-09
11255.0  2.3661e-09
11260.0  2.36528e-09
11265.0  2.36447e-09
11270.0  2.36366e-09
11275.0  2.36285e-09
11280.0  2.36205e-09
11285.0  2.36125e-09
11290.0  2.36044e-09
11295.0  2.35965e-09
11300.0  2.35886e-09
11305.0  2.35806e-09
11310.0  2.35726e-09
11315.0  2.35648e-09
11320.0  2.35569e-09
11325.0  2.3549e-09
11330.0  2.35412e-09
11335.0  2.35334e-09
11340.0  2.35256e-09
11345.0  2.35178e-09
11350.0  2.351e-09
11355.0  2.35023e-09
11360.0  2.34946e-09
11365.0  2.34869e-09
11370.0  2.34792e-09
11375.0  2.34716e-09
11380.0  2.34639e-09
11385.0  2.34563e-09
11390.0  2.34487e-09
11395.0  2.34411e-09
11400.0  2.34336e-09
11405.0  2.3426e-09
11410.0  2.34185e-09
11415.0  2.34109e-09
11420.0  2.34034e-09
11425.0  2.3396e-09
11430.0  2.33885e-09
11435.0  2.33811e-09
11440.0  2.33736e-09
11445.0  2.33662e-09
11450.0  2.33588e-09
11455.0  2.33515e-09
11460.0  2.33441e-09
11465.0  2.33368e-09
11470.0  2.33294e-09
11475.0  2.33221e-09
11480.0  2.33148e-09
11485.0  2.33075e-09
11490.0  2.33002e-09
11495.0  2.3293e-09
11500.0  2.32857e-09
11505.0  2.32785e-09
11510.0  2.32713e-09
11515.0  2.32641e-09
11520.0  2.3257e-09
11525.0  2.32498e-09
11530.0  2.32427e-09
11535.0  2.32355e-09
11540.0  2.32284e-09
11545.0  2.32213e-09
11550.0  2.32142e-09
11555.0  2.32071e-09
11560.0  2.32e-09
11565.0  2.3193e-09
11570.0  2.3186e-09
11575.0  2.31789e-09
11580.0  2.31719e-09
11585.0  2.31649e-09
11590.0  2.31579e-09
11595.0  2.31509e-09
11600.0  2.3144e-09
11605.0  2.3137e-09
11610.0  2.31301e-09
11615.0  2.31231e-09
11620.0  2.31162e-09
11625.0  2.31093e-09
11630.0  2.31024e-09
11635.0  2.30955e-09
11640.0  2.30886e-09
11645.0  2.30818e-09
11650.0  2.30749e-09
11655.0  2.3068e-09
11660.0  2.30612e-09
11665.0  2.30544e-09
11670.0  2.30476e-09
11675.0  2.30408e-09
11680.0  2.3034e-09
11685.0  2.30272e-09
11690.0  2.30204e-09
11695.0  2.30137e-09
11700.0  2.30069e-09
11705.0  2.30001e-09
11710.0  2.29934e-09
11715.0  2.29867e-09
11720.0  2.29799e-09
11725.0  2.29732e-09
11730.0  2.29665e-09
11735.0  2.29598e-09
11740.0  2.29531e-09
11745.0  2.29464e-09
11750.0  2.29398e-09
11755.0  2.29331e-09
11760.0  2.29264e-09
11765.0  2.29198e-09
11770.0  2.29131e-09
11775.0  2.29065e-09
11780.0  2.28998e-09
11785.0  2.28932e-09
11790.0  2.28866e-09
11795.0  2.288e-09
11800.0  2.28734e-09
11805.0  2.28667e-09
11810.0  2.28601e-09
11815.0  2.28535e-09
11820.0  2.28469e-09
11825.0  2.28403e-09
11830.0  2.28338e-09
11835.0  2.28272e-09
11840.0  2.28206e-09
11845.0  2.28141e-09
11850.0  2.28075e-09
11855.0  2.2801e-09
11860.0  2.27944e-09
11865.0  2.27879e-09
11870.0  2.27813e-09
11875.0  2.27748e-09
11880.0  2.27682e-09
11885.0  2.27617e-09
11890.0  2.27551e-09
11895.0  2.27486e-09
11900.0  2.27421e-09
11905.0  2.27356e-09
11910.0  2.2729e-09
11915.0  2.27225e-09
11920.0  2.2716e-09
11925.0  2.27095e-09
11930.0  2.27029e-09
11935.0  2.26964e-09
11940.0  2.269e-09
11945.0  2.26834e-09
11950.0  2.26769e-09
11955.0  2.26704e-09
11960.0  2.26639e-09
11965.0  2.26574e-09
11970.0  2.26509e-09
11975.0  2.26443e-09
11980.0  2.26378e-09
11985.0  2.26313e-09
11990.0  2.26248e-09
11995.0  2.26183e-09
12000.0  2.26119e-09
12005.0  2.26053e-09
12010.0  2.25988e-09
12015.0  2.25923e-09
12020.0  2.25858e-09
12025.0  2.25793e-09
12030.0  2.25728e-09
12035.0  2.25663e-09
12040.0  2.25598e-09
12045.0  2.25532e-09
12050.0  2.25468e-09
12055.0  2.25402e-09
12060.0  2.25337e-09
12065.0  2.25272e-09
12070.0  2.25206e-09
12075.0  2.25141e-09
12080.0  2.25076e-09
12085.0  2.2501e-09
12090.0  2.24945e-09
12095.0  2.2488e-09
12100.0  2.24814e-09
12105.0  2.24749e-09
12110.0  2.24683e-09
12115.0  2.24618e-09
12120.0  2.24552e-09
12125.0  2.24487e-09
12130.0  2.24421e-09
12135.0  2.24355e-09
12140.0  2.24289e-09
12145.0  2.24224e-09
12150.0  2.24158e-09
12155.0  2.24092e-09
12160.0  2.24025e-09
12165.0  2.2396e-09
12170.0  2.23894e-09
12175.0  2.23828e-09
12180.0  2.23761e-09
12185.0  2.23695e-09
12190.0  2.23629e-09
12195.0  2.23562e-09
12200.0  2.23496e-09
12205.0  2.23429e-09
12210.0  2.23363e-09
12215.0  2.23296e-09
12220.0  2.23229e-09
12225.0  2.23162e-09
12230.0  2.23095e-09
12235.0  2.23029e-09
12240.0  2.22961e-09
12245.0  2.22894e-09
12250.0  2.22827e-09
12255.0  2.2276e-09
12260.0  2.22693e-09
12265.0  2.22625e-09
12270.0  2.22558e-09
12275.0  2.2249e-09
12280.0  2.22423e-09
12285.0  2.22355e-09
12290.0  2.22287e-09
12295.0  2.2222e-09
12300.0  2.22152e-09
12305.0  2.22085e-09
12310.0  2.22016e-09
12315.0  2.21948e-09
12320.0  2.2188e-09
12325.0  2.21812e-09
12330.0  2.21744e-09
12335.0  2.21675e-09
12340.0  2.21607e-09
12345.0  2.21538e-09
12350.0  2.2147e-09
12355.0  2.21402e-09
12360.0  2.21333e-09
12365.0  2.21264e-09
12370.0  2.21196e-09
12375.0  2.21126e-09
12380.0  2.21058e-09
12385.0  2.20989e-09
12390.0  2.20919e-09
12395.0  2.20851e-09
12400.0  2.20782e-09
12405.0  2.20712e-09
12410.0  2.20643e-09
12415.0  2.20573e-09
12420.0  2.20504e-09
12425.0  2.20434e-09
12430.0  2.20365e-09
12435.0  2.20295e-09
12440.0  2.20226e-09
12445.0  2.20156e-09
12450.0  2.20086e-09
12455.0  2.20016e-09
12460.0  2.19946e-09
12465.0  2.19876e-09
12470.0  2.19806e-09
12475.0  2.19735e-09
12480.0  2.19665e-09
12485.0  2.19595e-09
12490.0  2.19525e-09
12495.0  2.19454e-09
12500.0  2.19384e-09
12505.0  2.19314e-09
12510.0  2.19243e-09
12515.0  2.19172e-09
12520.0  2.19102e-09
12525.0  2.19031e-09
12530.0  2.1896e-09
12535.0  2.18889e-09
12540.0  2.18818e-09
12545.0  2.18747e-09
12550.0  2.18675e-09
12555.0  2.18604e-09
12560.0  2.18534e-09
12565.0  2.18462e-09
12570.0  2.18391e-09
12575.0  2.18319e-09
12580.0  2.18247e-09
12585.0  2.18176e-09
12590.0  2.18104e-09
12595.0  2.18032e-09
12600.0  2.17961e-09
12605.0  2.17889e-09
12610.0  2.17817e-09
12615.0  2.17745e-09
12620.0  2.17673e-09
12625.0  2.17601e-09
12630.0  2.17529e-09
12635.0  2.17457e-09
12640.0  2.17384e-09
12645.0  2.17312e-09
12650.0  2.1724e-09
12655.0  2.17167e-09
12660.0  2.17095e-09
12665.0  2.17022e-09
12670.0  2.16949e-09
12675.0  2.16877e-09
12680.0  2.16804e-09
12685.0  2.16731e-09
12690.0  2.16658e-09
12695.0  2.16586e-09
12700.0  2.16512e-09
12705.0  2.16439e-09
12710.0  2.16366e-09
12715.0  2.16293e-09
12720.0  2.1622e-09
12725.0  2.16147e-09
12730.0  2.16073e-09
12735.0  2.15999e-09
12740.0  2.15926e-09
12745.0  2.15852e-09
12750.0  2.15779e-09
12755.0  2.15705e-09
12760.0  2.15632e-09
12765.0  2.15558e-09
12770.0  2.15483e-09
12775.0  2.1541e-09
12780.0  2.15336e-09
12785.0  2.15262e-09
12790.0  2.15187e-09
12795.0  2.15114e-09
12800.0  2.1504e-09
12805.0  2.14965e-09
12810.0  2.14891e-09
12815.0  2.14816e-09
12820.0  2.14742e-09
12825.0  2.14667e-09
12830.0  2.14593e-09
12835.0  2.14518e-09
12840.0  2.14444e-09
12845.0  2.14369e-09
12850.0  2.14294e-09
12855.0  2.14219e-09
12860.0  2.14144e-09
12865.0  2.14069e-09
12870.0  2.13994e-09
12875.0  2.13919e-09
12880.0  2.13844e-09
12885.0  2.13769e-09
12890.0  2.13694e-09
12895.0  2.13618e-09
12900.0  2.13542e-09
12905.0  2.13467e-09
12910.0  2.13392e-09
12915.0  2.13316e-09
12920.0  2.13241e-09
12925.0  2.13165e-09
12930.0  2.13089e-09
12935.0  2.13013e-09
12940.0  2.12937e-09
12945.0  2.12861e-09
12950.0  2.12786e-09
12955.0  2.12709e-09
12960.0  2.12633e-09
12965.0  2.12557e-09
12970.0  2.12481e-09
12975.0  2.12405e-09
12980.0  2.12329e-09
12985.0  2.12252e-09
12990.0  2.12176e-09
12995.0  2.12099e-09
13000.0  2.12022e-09
13005.0  2.11946e-09
13010.0  2.11869e-09
13015.0  2.11793e-09
13020.0  2.11716e-09
13025.0  2.11639e-09
13030.0  2.11562e-09
13035.0  2.11485e-09
13040.0  2.11408e-09
13045.0  2.11331e-09
13050.0  2.11254e-09
13055.0  2.11177e-09
13060.0  2.111e-09
13065.0  2.11023e-09
13070.0  2.10945e-09
13075.0  2.10868e-09
13080.0  2.1079e-09
13085.0  2.10713e-09
13090.0  2.10636e-09
13095.0  2.10558e-09
13100.0  2.1048e-09
13105.0  2.10403e-09
13110.0  2.10325e-09
13115.0  2.10247e-09
13120.0  2.10169e-09
13125.0  2.10091e-09
13130.0  2.10013e-09
13135.0  2.09935e-09
13140.0  2.09857e-09
13145.0  2.09779e-09
13150.0  2.09701e-09
13155.0  2.09623e-09
13160.0  2.09544e-09
13165.0  2.09466e-09
13170.0  2.09387e-09
13175.0  2.09309e-09
13180.0  2.09231e-09
13185.0  2.09152e-09
13190.0  2.09074e-09
13195.0  2.08995e-09
13200.0  2.08916e-09
13205.0  2.08837e-09
13210.0  2.08758e-09
13215.0  2.08679e-09
13220.0  2.086e-09
13225.0  2.08521e-09
13230.0  2.08443e-09
13235.0  2.08364e-09
13240.0  2.08284e-09
13245.0  2.08205e-09
13250.0  2.08126e-09
13255.0  2.08047e-09
13260.0  2.07967e-09
13265.0  2.07888e-09
13270.0  2.07808e-09
13275.0  2.07729e-09
13280.0  2.0765e-09
13285.0  2.0757e-09
13290.0  2.0749e-09
13295.0  2.0741e-09
13300.0  2.07331e-09
13305.0  2.07251e-09
13310.0  2.07171e-09
13315.0  2.07091e-09
13320.0  2.07011e-09
13325.0  2.06931e-09
13330.0  2.06851e-09
13335.0  2.06771e-09
13340.0  2.06691e-09
13345.0  2.06611e-09
13350.0  2.0653e-09
13355.0  2.0645e-09
13360.0  2.0637e-09
13365.0  2.06289e-09
13370.0  2.06209e-09
13375.0  2.06129e-09
13380.0  2.06047e-09
13385.0  2.05967e-09
13390.0  2.05886e-09
13395.0  2.05806e-09
13400.0  2.05725e-09
13405.0  2.05644e-09
13410.0  2.05563e-09
13415.0  2.05483e-09
13420.0  2.05401e-09
13425.0  2.05321e-09
13430.0  2.05239e-09
13435.0  2.05158e-09
13440.0  2.05077e-09
13445.0  2.04996e-09
13450.0  2.04915e-09
13455.0  2.04834e-09
13460.0  2.04752e-09
13465.0  2.04671e-09
13470.0  2.04589e-09
13475.0  2.04508e-09
13480.0  2.04427e-09
13485.0  2.04344e-09
13490.0  2.04263e-09
13495.0  2.04182e-09
13500.0  2.041e-09
13505.0  2.04018e-09
13510.0  2.03936e-09
13515.0  2.03854e-09
13520.0  2.03772e-09
13525.0  2.0369e-09
13530.0  2.03608e-09
13535.0  2.03526e-09
13540.0  2.03444e-09
13545.0  2.03362e-09
13550.0  2.03279e-09
13555.0  2.03197e-09
13560.0  2.03115e-09
13565.0  2.03033e-09
13570.0  2.0295e-09
13575.0  2.02868e-09
13580.0  2.02785e-09
13585.0  2.02703e-09
13590.0  2.02621e-09
13595.0  2.02538e-09
13600.0  2.02455e-09
13605.0  2.02373e-09
13610.0  2.0229e-09
13615.0  2.02207e-09
13620.0  2.02124e-09
13625.0  2.02041e-09
13630.0  2.01958e-09
13635.0  2.01875e-09
13640.0  2.01792e-09
13645.0  2.01709e-09
13650.0  2.01626e-09
13655.0  2.01543e-09
13660.0  2.0146e-09
13665.0  2.01376e-09
13670.0  2.01293e-09
13675.0  2.0121e-09
13680.0  2.01126e-09
13685.0  2.01043e-09
13690.0  2.0096e-09
13695.0  2.00876e-09
13700.0  2.00792e-09
13705.0  2.00709e-09
13710.0  2.00625e-09
13715.0  2.00541e-09
13720.0  2.00458e-09
13725.0  2.00374e-09
13730.0  2.0029e-09
13735.0  2.00206e-09
13740.0  2.00122e-09
13745.0  2.00038e-09
13750.0  1.99954e-09
13755.0  1.9987e-09
13760.0  1.99786e-09
13765.0  1.99702e-09
13770.0  1.99618e-09
13775.0  1.99534e-09
13780.0  1.99449e-09
13785.0  1.99365e-09
13790.0  1.99281e-09
13795.0  1.99196e-09
13800.0  1.99111e-09
13805.0  1.99027e-09
13810.0  1.98942e-09
13815.0  1.98858e-09
13820.0  1.98773e-09
13825.0  1.98689e-09
13830.0  1.98605e-09
13835.0  1.9852e-09
13840.0  1.98435e-09
13845.0  1.9835e-09
13850.0  1.98265e-09
13855.0  1.9818e-09
13860.0  1.98095e-09
13865.0  1.9801e-09
13870.0  1.97925e-09
13875.0  1.9784e-09
13880.0  1.97755e-09
13885.0  1.9767e-09
13890.0  1.97585e-09
13895.0  1.975e-09
13900.0  1.97414e-09
13905.0  1.97329e-09
13910.0  1.97243e-09
13915.0  1.97158e-09
13920.0  1.97073e-09
13925.0  1.96987e-09
13930.0  1.96902e-09
13935.0  1.96816e-09
13940.0  1.96731e-09
13945.0  1.96645e-09
13950.0  1.96559e-09
13955.0  1.96474e-09
13960.0  1.96388e-09
13965.0  1.96302e-09
13970.0  1.96216e-09
13975.0  1.9613e-09
13980.0  1.96045e-09
13985.0  1.95959e-09
13990.0  1.95872e-09
13995.0  1.95787e-09
14000.0  1.957e-09
14005.0  1.95614e-09
14010.0  1.95528e-09
14015.0  1.95442e-09
14020.0  1.95356e-09
14025.0  1.95269e-09
14030.0  1.95183e-09
14035.0  1.95096e-09
14040.0  1.9501e-09
14045.0  1.94924e-09
14050.0  1.94837e-09
14055.0  1.94751e-09
14060.0  1.94665e-09
14065.0  1.94578e-09
14070.0  1.94491e-09
14075.0  1.94405e-09
14080.0  1.94318e-09
14085.0  1.94231e-09
14090.0  1.94144e-09
14095.0  1.94058e-09
14100.0  1.93971e-09
14105.0  1.93884e-09
14110.0  1.93797e-09
14115.0  1.9371e-09
14120.0  1.93623e-09
14125.0  1.93536e-09
14130.0  1.93449e-09
14135.0  1.93362e-09
14140.0  1.93275e-09
14145.0  1.93188e-09
14150.0  1.931e-09
14155.0  1.93013e-09
14160.0  1.92926e-09
14165.0  1.92838e-09
14170.0  1.92751e-09
14175.0  1.92664e-09
14180.0  1.92576e-09
14185.0  1.92489e-09
14190.0  1.92401e-09
14195.0  1.92314e-09
14200.0  1.92226e-09
14205.0  1.92139e-09
14210.0  1.92051e-09
14215.0  1.91964e-09
14220.0  1.91876e-09
14225.0  1.91788e-09
14230.0  1.917e-09
14235.0  1.91612e-09
14240.0  1.91524e-09
14245.0  1.91436e-09
14250.0  1.91349e-09
14255.0  1.91261e-09
14260.0  1.91173e-09
14265.0  1.91085e-09
14270.0  1.90996e-09
14275.0  1.90909e-09
14280.0  1.9082e-09
14285.0  1.90732e-09
14290.0  1.90644e-09
14295.0  1.90556e-09
14300.0  1.90468e-09
14305.0  1.90379e-09
14310.0  1.90291e-09
14315.0  1.90203e-09
14320.0  1.90114e-09
14325.0  1.90026e-09
14330.0  1.89937e-09
14335.0  1.89849e-09
14340.0  1.8976e-09
14345.0  1.89672e-09
14350.0  1.89583e-09
14355.0  1.89495e-09
14360.0  1.89406e-09
14365.0  1.89317e-09
14370.0  1.89228e-09
14375.0  1.8914e-09
14380.0  1.89051e-09
14385.0  1.88962e-09
14390.0  1.88873e-09
14395.0  1.88784e-09
14400.0  1.88696e-09
14405.0  1.88606e-09
14410.0  1.88517e-09
14415.0  1.88428e-09
14420.0  1.8834e-09
14425.0  1.8825e-09
14430.0  1.88161e-09
14435.0  1.88072e-09
14440.0  1.87983e-09
14445.0  1.87893e-09
14450.0  1.87804e-09
14455.0  1.87715e-09
14460.0  1.87626e-09
14465.0  1.87536e-09
14470.0  1.87447e-09
14475.0  1.87358e-09
14480.0  1.87268e-09
14485.0  1.87179e-09
14490.0  1.87089e-09
14495.0  1.87e-09
14500.0  1.8691e-09
14505.0  1.86821e-09
14510.0  1.86731e-09
14515.0  1.86642e-09
14520.0  1.86552e-09
14525.0  1.86462e-09
14530.0  1.86372e-09
14535.0  1.86283e-09
14540.0  1.86193e-09
14545.0  1.86103e-09
14550.0  1.86013e-09
14555.0  1.85923e-09
14560.0  1.85833e-09
14565.0  1.85743e-09
14570.0  1.85653e-09
14575.0  1.85564e-09
14580.0  1.85473e-09
14585.0  1.85383e-09
14590.0  1.85293e-09
14595.0  1.85203e-09
14600.0  1.85113e-09
14605.0  1.85023e-09
14610.0  1.84932e-09
14615.0  1.84842e-09
14620.0  1.84752e-09
14625.0  1.84661e-09
14630.0  1.84571e-09
14635.0  1.84481e-09
14640.0  1.84391e-09
14645.0  1.843e-09
14650.0  1.84209e-09
14655.0  1.84119e-09
14660.0  1.84028e-09
14665.0  1.83938e-09
14670.0  1.83848e-09
14675.0  1.83757e-09
14680.0  1.83666e-09
14685.0  1.83576e-09
14690.0  1.83485e-09
14695.0  1.83394e-09
14700.0  1.83304e-09
14705.0  1.83213e-09
14710.0  1.83122e-09
14715.0  1.83031e-09
14720.0  1.82941e-09
14725.0  1.8285e-09
14730.0  1.82759e-09
14735.0  1.82668e-09
14740.0  1.82577e-09
14745.0  1.82486e-09
14750.0  1.82395e-09
14755.0  1.82304e-09
14760.0  1.82213e-09
14765.0  1.82122e-09
14770.0  1.82031e-09
14775.0  1.8194e-09
14780.0  1.81849e-09
14785.0  1.81758e-09
14790.0  1.81666e-09
14795.0  1.81575e-09
14800.0  1.81484e-09
14805.0  1.81393e-09
14810.0  1.81301e-09
14815.0  1.8121e-09
14820.0  1.81119e-09
14825.0  1.81027e-09
14830.0  1.80936e-09
14835.0  1.80845e-09
14840.0  1.80753e-09
14845.0  1.80661e-09
14850.0  1.80571e-09
14855.0  1.80479e-09
14860.0  1.80387e-09
14865.0  1.80296e-09
14870.0  1.80204e-09
14875.0  1.80112e-09
14880.0  1.80021e-09
14885.0  1.79929e-09
14890.0  1.79837e-09
14895.0  1.79746e-09
14900.0  1.79654e-09
14905.0  1.79562e-09
14910.0  1.7947e-09
14915.0  1.79379e-09
14920.0  1.79287e-09
14925.0  1.79195e-09
14930.0  1.79103e-09
14935.0  1.79011e-09
14940.0  1.78919e-09
14945.0  1.78827e-09
14950.0  1.78735e-09
14955.0  1.78643e-09
14960.0  1.78551e-09
14965.0  1.78459e-09
14970.0  1.78367e-09
14975.0  1.78275e-09
14980.0  1.78183e-09
14985.0  1.78091e-09
14990.0  1.77999e-09
14995.0  1.77907e-09
15000.0  1.77814e-09
15005.0  1.77722e-09
15010.0  1.7763e-09
15015.0  1.77538e-09
15020.0  1.77446e-09
15025.0  1.77353e-09
15030.0  1.77261e-09
15035.0  1.77169e-09
15040.0  1.77076e-09
15045.0  1.76984e-09
15050.0  1.76891e-09
15055.0  1.76799e-09
15060.0  1.76706e-09
15065.0  1.76614e-09
15070.0  1.76522e-09
15075.0  1.76429e-09
15080.0  1.76336e-09
15085.0  1.76244e-09
15090.0  1.76152e-09
15095.0  1.76059e-09
15100.0  1.75966e-09
15105.0  1.75874e-09
15110.0  1.75781e-09
15115.0  1.75688e-09
15120.0  1.75595e-09
15125.0  1.75502e-09
15130.0  1.7541e-09
15135.0  1.75317e-09
15140.0  1.75225e-09
15145.0  1.75132e-09
15150.0  1.75039e-09
15155.0  1.74946e-09
15160.0  1.74853e-09
15165.0  1.74761e-09
15170.0  1.74667e-09
15175.0  1.74575e-09
15180.0  1.74482e-09
15185.0  1.74388e-09
15190.0  1.74296e-09
15195.0  1.74203e-09
15200.0  1.7411e-09
15205.0  1.74017e-09
15210.0  1.73924e-09
15215.0  1.73831e-09
15220.0  1.73738e-09
15225.0  1.73645e-09
15230.0  1.73551e-09
15235.0  1.73458e-09
15240.0  1.73365e-09
15245.0  1.73272e-09
15250.0  1.73179e-09
15255.0  1.73086e-09
15260.0  1.72992e-09
15265.0  1.72899e-09
15270.0  1.72806e-09
15275.0  1.72713e-09
15280.0  1.72619e-09
15285.0  1.72526e-09
15290.0  1.72433e-09
15295.0  1.72339e-09
15300.0  1.72246e-09
15305.0  1.72152e-09
15310.0  1.72059e-09
15315.0  1.71966e-09
15320.0  1.71872e-09
15325.0  1.71779e-09
15330.0  1.71685e-09
15335.0  1.71592e-09
15340.0  1.71498e-09
15345.0  1.71405e-09
15350.0  1.71311e-09
15355.0  1.71218e-09
15360.0  1.71124e-09
15365.0  1.7103e-09
15370.0  1.70937e-09
15375.0  1.70844e-09
15380.0  1.7075e-09
15385.0  1.70656e-09
15390.0  1.70563e-09
15395.0  1.70469e-09
15400.0  1.70375e-09
15405.0  1.70281e-09
15410.0  1.70188e-09
15415.0  1.70094e-09
15420.0  1.7e-09
15425.0  1.69907e-09
15430.0  1.69813e-09
15435.0  1.69719e-09
15440.0  1.69626e-09
15445.0  1.69532e-09
15450.0  1.69438e-09
15455.0  1.69344e-09
15460.0  1.6925e-09
15465.0  1.69156e-09
15470.0  1.69063e-09
15475.0  1.68968e-09
15480.0  1.68874e-09
15485.0  1.68781e-09
15490.0  1.68687e-09
15495.0  1.68593e-09
15500.0  1.68499e-09
15505.0  1.68405e-09
15510.0  1.68311e-09
15515.0  1.68217e-09
15520.0  1.68123e-09
15525.0  1.68029e-09
15530.0  1.67935e-09
15535.0  1.6784e-09
15540.0  1.67746e-09
15545.0  1.67652e-09
15550.0  1.67558e-09
15555.0  1.67464e-09
15560.0  1.6737e-09
15565.0  1.67276e-09
15570.0  1.67181e-09
15575.0  1.67088e-09
15580.0  1.66993e-09
15585.0  1.66899e-09
15590.0  1.66805e-09
15595.0  1.66711e-09
15600.0  1.66616e-09
15605.0  1.66522e-09
15610.0  1.66428e-09
15615.0  1.66334e-09
15620.0  1.66239e-09
15625.0  1.66145e-09
15630.0  1.66051e-09
15635.0  1.65957e-09
15640.0  1.65863e-09
15645.0  1.65768e-09
15650.0  1.65674e-09
15655.0  1.6558e-09
15660.0  1.65485e-09
15665.0  1.65391e-09
15670.0  1.65296e-09
15675.0  1.65202e-09
15680.0  1.65107e-09
15685.0  1.65013e-09
15690.0  1.64918e-09
15695.0  1.64824e-09
15700.0  1.6473e-09
15705.0  1.64635e-09
15710.0  1.64541e-09
15715.0  1.64446e-09
15720.0  1.64352e-09
15725.0  1.64257e-09
15730.0  1.64163e-09
15735.0  1.64069e-09
15740.0  1.63974e-09
15745.0  1.63879e-09
15750.0  1.63785e-09
15755.0  1.6369e-09
15760.0  1.63596e-09
15765.0  1.63501e-09
15770.0  1.63407e-09
15775.0  1.63312e-09
15780.0  1.63217e-09
15785.0  1.63123e-09
15790.0  1.63028e-09
15795.0  1.62934e-09
15800.0  1.62839e-09
15805.0  1.62744e-09
15810.0  1.62649e-09
15815.0  1.62555e-09
15820.0  1.62461e-09
15825.0  1.62366e-09
15830.0  1.62271e-09
15835.0  1.62177e-09
15840.0  1.62081e-09
15845.0  1.61987e-09
15850.0  1.61892e-09
15855.0  1.61798e-09
15860.0  1.61703e-09
15865.0  1.61608e-09
15870.0  1.61514e-09
15875.0  1.61419e-09
15880.0  1.61324e-09
15885.0  1.61229e-09
15890.0  1.61134e-09
15895.0  1.6104e-09
15900.0  1.60945e-09
15905.0  1.6085e-09
15910.0  1.60755e-09
15915.0  1.60661e-09
15920.0  1.60566e-09
15925.0  1.60471e-09
15930.0  1.60376e-09
15935.0  1.60281e-09
15940.0  1.60186e-09
15945.0  1.60092e-09
15950.0  1.59997e-09
15955.0  1.59902e-09
15960.0  1.59807e-09
15965.0  1.59713e-09
15970.0  1.59617e-09
15975.0  1.59522e-09
15980.0  1.59428e-09
15985.0  1.59333e-09
15990.0  1.59238e-09
15995.0  1.59143e-09
16000.0  1.59048e-09
16005.0  1.58953e-09
16010.0  1.58858e-09
16015.0  1.58763e-09
16020.0  1.58668e-09
16025.0  1.58573e-09
16030.0  1.58478e-09
16035.0  1.58384e-09
16040.0  1.58289e-09
16045.0  1.58194e-09
16050.0  1.58099e-09
16055.0  1.58004e-09
16060.0  1.57909e-09
16065.0  1.57814e-09
16070.0  1.57719e-09
16075.0  1.57624e-09
16080.0  1.57529e-09
16085.0  1.57434e-09
16090.0  1.57339e-09
16095.0  1.57244e-09
16100.0  1.57149e-09
16105.0  1.57054e-09
16110.0  1.56959e-09
16115.0  1.56865e-09
16120.0  1.5677e-09
16125.0  1.56674e-09
16130.0  1.56579e-09
16135.0  1.56484e-09
16140.0  1.56389e-09
16145.0  1.56295e-09
16150.0  1.56199e-09
16155.0  1.56105e-09
16160.0  1.56009e-09
16165.0  1.55914e-09
16170.0  1.55819e-09
16175.0  1.55724e-09
16180.0  1.55629e-09
16185.0  1.55534e-09
16190.0  1.55439e-09
16195.0  1.55344e-09
16200.0  1.55249e-09
16205.0  1.55155e-09
16210.0  1.55059e-09
16215.0  1.54964e-09
16220.0  1.54869e-09
16225.0  1.54774e-09
16230.0  1.54679e-09
16235.0  1.54584e-09
16240.0  1.54489e-09
16245.0  1.54394e-09
16250.0  1.54299e-09
16255.0  1.54204e-09
16260.0  1.54109e-09
16265.0  1.54014e-09
16270.0  1.53919e-09
16275.0  1.53824e-09
16280.0  1.53729e-09
16285.0  1.53633e-09
16290.0  1.53539e-09
16295.0  1.53444e-09
16300.0  1.53349e-09
16305.0  1.53254e-09
16310.0  1.53159e-09
16315.0  1.53063e-09
16320.0  1.52968e-09
16325.0  1.52874e-09
16330.0  1.52779e-09
16335.0  1.52683e-09
16340.0  1.52588e-09
16345.0  1.52493e-09
16350.0  1.52398e-09
16355.0  1.52303e-09
16360.0  1.52208e-09
16365.0  1.52113e-09
16370.0  1.52018e-09
16375.0  1.51923e-09
16380.0  1.51828e-09
16385.0  1.51733e-09
16390.0  1.51638e-09
16395.0  1.51543e-09
16400.0  1.51448e-09
16405.0  1.51353e-09
16410.0  1.51258e-09
16415.0  1.51163e-09
16420.0  1.51068e-09
16425.0  1.50973e-09
16430.0  1.50878e-09
16435.0  1.50783e-09
16440.0  1.50688e-09
16445.0  1.50593e-09
16450.0  1.50498e-09
16455.0  1.50402e-09
16460.0  1.50308e-09
16465.0  1.50213e-09
16470.0  1.50118e-09
16475.0  1.50023e-09
16480.0  1.49928e-09
16485.0  1.49832e-09
16490.0  1.49737e-09
16495.0  1.49643e-09
16500.0  1.49548e-09
16505.0  1.49453e-09
16510.0  1.49358e-09
16515.0  1.49263e-09
16520.0  1.49168e-09
16525.0  1.49073e-09
16530.0  1.48978e-09
16535.0  1.48883e-09
16540.0  1.48788e-09
16545.0  1.48693e-09
16550.0  1.48598e-09
16555.0  1.48503e-09
16560.0  1.48408e-09
16565.0  1.48313e-09
16570.0  1.48218e-09
16575.0  1.48123e-09
16580.0  1.48028e-09
16585.0  1.47933e-09
16590.0  1.47838e-09
16595.0  1.47744e-09
16600.0  1.47649e-09
16605.0  1.47553e-09
16610.0  1.47459e-09
16615.0  1.47364e-09
16620.0  1.47269e-09
16625.0  1.47174e-09
16630.0  1.47079e-09
16635.0  1.46984e-09
16640.0  1.46889e-09
16645.0  1.46794e-09
16650.0  1.46699e-09
16655.0  1.46604e-09
16660.0  1.4651e-09
16665.0  1.46415e-09
16670.0  1.4632e-09
16675.0  1.46225e-09
16680.0  1.4613e-09
16685.0  1.46035e-09
16690.0  1.4594e-09
16695.0  1.45845e-09
16700.0  1.45751e-09
16705.0  1.45656e-09
16710.0  1.45561e-09
16715.0  1.45466e-09
16720.0  1.45371e-09
16725.0  1.45276e-09
16730.0  1.45181e-09
16735.0  1.45087e-09
16740.0  1.44992e-09
16745.0  1.44897e-09
16750.0  1.44802e-09
16755.0  1.44707e-09
16760.0  1.44613e-09
16765.0  1.44518e-09
16770.0  1.44423e-09
16775.0  1.44329e-09
16780.0  1.44234e-09
16785.0  1.44139e-09
16790.0  1.44044e-09
16795.0  1.43949e-09
16800.0  1.43854e-09
16805.0  1.43759e-09
16810.0  1.43665e-09
16815.0  1.4357e-09
16820.0  1.43475e-09
16825.0  1.4338e-09
16830.0  1.43286e-09
16835.0  1.43191e-09
16840.0  1.43097e-09
16845.0  1.43002e-09
16850.0  1.42907e-09
16855.0  1.42812e-09
16860.0  1.42718e-09
16865.0  1.42623e-09
16870.0  1.42528e-09
16875.0  1.42434e-09
16880.0  1.42339e-09
16885.0  1.42244e-09
16890.0  1.4215e-09
16895.0  1.42055e-09
16900.0  1.41961e-09
16905.0  1.41866e-09
16910.0  1.41771e-09
16915.0  1.41676e-09
16920.0  1.41582e-09
16925.0  1.41487e-09
16930.0  1.41393e-09
16935.0  1.41298e-09
16940.0  1.41203e-09
16945.0  1.41109e-09
16950.0  1.41014e-09
16955.0  1.40919e-09
16960.0  1.40825e-09
16965.0  1.4073e-09
16970.0  1.40636e-09
16975.0  1.40541e-09
16980.0  1.40447e-09
16985.0  1.40352e-09
16990.0  1.40258e-09
16995.0  1.40163e-09
17000.0  1.40069e-09
17005.0  1.39974e-09
17010.0  1.39879e-09
17015.0  1.39785e-09
17020.0  1.39691e-09
17025.0  1.39596e-09
17030.0  1.39502e-09
17035.0  1.39407e-09
17040.0  1.39313e-09
17045.0  1.39218e-09
17050.0  1.39124e-09
17055.0  1.39029e-09
17060.0  1.38935e-09
17065.0  1.3884e-09
17070.0  1.38746e-09
17075.0  1.38652e-09
17080.0  1.38557e-09
17085.0  1.38463e-09
17090.0  1.38369e-09
17095.0  1.38274e-09
17100.0  1.3818e-09
17105.0  1.38085e-09
17110.0  1.37991e-09
17115.0  1.37897e-09
17120.0  1.37802e-09
17125.0  1.37708e-09
17130.0  1.37614e-09
17135.0  1.37519e-09
17140.0  1.37425e-09
17145.0  1.37331e-09
17150.0  1.37237e-09
17155.0  1.37142e-09
17160.0  1.37048e-09
17165.0  1.36953e-09
17170.0  1.36859e-09
17175.0  1.36765e-09
17180.0  1.36671e-09
17185.0  1.36577e-09
17190.0  1.36483e-09
17195.0  1.36388e-09
17200.0  1.36294e-09
17205.0  1.362e-09
17210.0  1.36106e-09
17215.0  1.36011e-09
17220.0  1.35918e-09
17225.0  1.35823e-09
17230.0  1.35729e-09
17235.0  1.35635e-09
17240.0  1.35541e-09
17245.0  1.35447e-09
17250.0  1.35353e-09
17255.0  1.35258e-09
17260.0  1.35164e-09
17265.0  1.35071e-09
17270.0  1.34976e-09
17275.0  1.34882e-09
17280.0  1.34788e-09
17285.0  1.34694e-09
17290.0  1.346e-09
17295.0  1.34506e-09
17300.0  1.34412e-09
17305.0  1.34318e-09
17310.0  1.34224e-09
17315.0  1.3413e-09
17320.0  1.34036e-09
17325.0  1.33942e-09
17330.0  1.33848e-09
17335.0  1.33754e-09
17340.0  1.3366e-09
17345.0  1.33566e-09
17350.0  1.33473e-09
17355.0  1.33379e-09
17360.0  1.33285e-09
17365.0  1.33191e-09
17370.0  1.33097e-09
17375.0  1.33003e-09
17380.0  1.32909e-09
17385.0  1.32815e-09
17390.0  1.32722e-09
17395.0  1.32628e-09
17400.0  1.32534e-09
17405.0  1.3244e-09
17410.0  1.32347e-09
17415.0  1.32253e-09
17420.0  1.32159e-09
17425.0  1.32065e-09
17430.0  1.31972e-09
17435.0  1.31878e-09
17440.0  1.31784e-09
17445.0  1.31691e-09
17450.0  1.31597e-09
17455.0  1.31503e-09
17460.0  1.31409e-09
17465.0  1.31316e-09
17470.0  1.31222e-09
17475.0  1.31128e-09
17480.0  1.31035e-09
17485.0  1.30941e-09
17490.0  1.30848e-09
17495.0  1.30754e-09
17500.0  1.30661e-09
17505.0  1.30567e-09
17510.0  1.30473e-09
17515.0  1.3038e-09
17520.0  1.30286e-09
17525.0  1.30193e-09
17530.0  1.30099e-09
17535.0  1.30006e-09
17540.0  1.29912e-09
17545.0  1.29819e-09
17550.0  1.29725e-09
17555.0  1.29632e-09
17560.0  1.29539e-09
17565.0  1.29445e-09
17570.0  1.29352e-09
17575.0  1.29258e-09
17580.0  1.29165e-09
17585.0  1.29072e-09
17590.0  1.28979e-09
17595.0  1.28885e-09
17600.0  1.28792e-09
17605.0  1.28698e-09
17610.0  1.28605e-09
17615.0  1.28512e-09
17620.0  1.28419e-09
17625.0  1.28325e-09
17630.0  1.28232e-09
17635.0  1.28139e-09
17640.0  1.28046e-09
17645.0  1.27953e-09
17650.0  1.27859e-09
17655.0  1.27766e-09
17660.0  1.27673e-09
17665.0  1.2758e-09
17670.0  1.27487e-09
17675.0  1.27393e-09
17680.0  1.273e-09
17685.0  1.27207e-09
17690.0  1.27114e-09
17695.0  1.27021e-09
17700.0  1.26928e-09
17705.0  1.26835e-09
17710.0  1.26742e-09
17715.0  1.26649e-09
17720.0  1.26556e-09
17725.0  1.26463e-09
17730.0  1.2637e-09
17735.0  1.26277e-09
17740.0  1.26184e-09
17745.0  1.26091e-09
17750.0  1.25999e-09
17755.0  1.25905e-09
17760.0  1.25812e-09
17765.0  1.2572e-09
17770.0  1.25627e-09
17775.0  1.25534e-09
17780.0  1.25441e-09
17785.0  1.25348e-09
17790.0  1.25256e-09
17795.0  1.25163e-09
17800.0  1.2507e-09
17805.0  1.24977e-09
17810.0  1.24884e-09
17815.0  1.24791e-09
17820.0  1.24699e-09
17825.0  1.24606e-09
17830.0  1.24514e-09
17835.0  1.24421e-09
17840.0  1.24328e-09
17845.0  1.24236e-09
17850.0  1.24143e-09
17855.0  1.24051e-09
17860.0  1.23958e-09
17865.0  1.23865e-09
17870.0  1.23773e-09
17875.0  1.2368e-09
17880.0  1.23588e-09
17885.0  1.23495e-09
17890.0  1.23403e-09
17895.0  1.2331e-09
17900.0  1.23218e-09
17905.0  1.23125e-09
17910.0  1.23033e-09
17915.0  1.2294e-09
17920.0  1.22848e-09
17925.0  1.22756e-09
17930.0  1.22663e-09
17935.0  1.22571e-09
17940.0  1.22479e-09
17945.0  1.22386e-09
17950.0  1.22294e-09
17955.0  1.22202e-09
17960.0  1.22109e-09
17965.0  1.22017e-09
17970.0  1.21925e-09
17975.0  1.21833e-09
17980.0  1.21741e-09
17985.0  1.21648e-09
17990.0  1.21556e-09
17995.0  1.21464e-09
18000.0  1.21372e-09
18005.0  1.2128e-09
18010.0  1.21188e-09
18015.0  1.21096e-09
18020.0  1.21003e-09
18025.0  1.20912e-09
18030.0  1.2082e-09
18035.0  1.20727e-09
18040.0  1.20636e-09
18045.0  1.20544e-09
18050.0  1.20452e-09
18055.0  1.2036e-09
18060.0  1.20268e-09
18065.0  1.20176e-09
18070.0  1.20084e-09
18075.0  1.19992e-09
18080.0  1.199e-09
18085.0  1.19808e-09
18090.0  1.19717e-09
18095.0  1.19625e-09
18100.0  1.19533e-09
18105.0  1.19441e-09
18110.0  1.19349e-09
18115.0  1.19258e-09
18120.0  1.19166e-09
18125.0  1.19074e-09
18130.0  1.18983e-09
18135.0  1.18891e-09
18140.0  1.18799e-09
18145.0  1.18708e-09
18150.0  1.18616e-09
18155.0  1.18524e-09
18160.0  1.18433e-09
18165.0  1.18341e-09
18170.0  1.1825e-09
18175.0  1.18158e-09
18180.0  1.18067e-09
18185.0  1.17975e-09
18190.0  1.17884e-09
18195.0  1.17793e-09
18200.0  1.17701e-09
18205.0  1.1761e-09
18210.0  1.17518e-09
18215.0  1.17427e-09
18220.0  1.17335e-09
18225.0  1.17244e-09
18230.0  1.17153e-09
18235.0  1.17062e-09
18240.0  1.1697e-09
18245.0  1.16879e-09
18250.0  1.16788e-09
18255.0  1.16697e-09
18260.0  1.16605e-09
18265.0  1.16514e-09
18270.0  1.16423e-09
18275.0  1.16332e-09
18280.0  1.16241e-09
18285.0  1.1615e-09
18290.0  1.16058e-09
18295.0  1.15967e-09
18300.0  1.15876e-09
18305.0  1.15785e-09
18310.0  1.15694e-09
18315.0  1.15604e-09
18320.0  1.15512e-09
18325.0  1.15422e-09
18330.0  1.15331e-09
18335.0  1.1524e-09
18340.0  1.15149e-09
18345.0  1.15058e-09
18350.0  1.14967e-09
18355.0  1.14876e-09
18360.0  1.14786e-09
18365.0  1.14695e-09
18370.0  1.14604e-09
18375.0  1.14513e-09
18380.0  1.14422e-09
18385.0  1.14332e-09
18390.0  1.14241e-09
18395.0  1.1415e-09
18400.0  1.1406e-09
18405.0  1.13969e-09
18410.0  1.13879e-09
18415.0  1.13788e-09
18420.0  1.13698e-09
18425.0  1.13607e-09
18430.0  1.13516e-09
18435.0  1.13426e-09
18440.0  1.13336e-09
18445.0  1.13245e-09
18450.0  1.13155e-09
18455.0  1.13064e-09
18460.0  1.12974e-09
18465.0  1.12883e-09
18470.0  1.12793e-09
18475.0  1.12703e-09
18480.0  1.12612e-09
18485.0  1.12522e-09
18490.0  1.12432e-09
18495.0  1.12342e-09
18500.0  1.12252e-09
18505.0  1.12162e-09
18510.0  1.12071e-09
18515.0  1.11981e-09
18520.0  1.11891e-09
18525.0  1.118e-09
18530.0  1.11711e-09
18535.0  1.11621e-09
18540.0  1.11531e-09
18545.0  1.11441e-09
18550.0  1.1135e-09
18555.0  1.1126e-09
18560.0  1.11171e-09
18565.0  1.11081e-09
18570.0  1.10991e-09
18575.0  1.10901e-09
18580.0  1.10811e-09
18585.0  1.10721e-09
18590.0  1.10631e-09
18595.0  1.10542e-09
18600.0  1.10452e-09
18605.0  1.10362e-09
18610.0  1.10272e-09
18615.0  1.10182e-09
18620.0  1.10093e-09
18625.0  1.10003e-09
18630.0  1.09914e-09
18635.0  1.09824e-09
18640.0  1.09734e-09
18645.0  1.09645e-09
18650.0  1.09555e-09
18655.0  1.09466e-09
18660.0  1.09376e-09
18665.0  1.09287e-09
18670.0  1.09198e-09
18675.0  1.09108e-09
18680.0  1.09019e-09
18685.0  1.08929e-09
18690.0  1.0884e-09
18695.0  1.0875e-09
18700.0  1.08661e-09
18705.0  1.08572e-09
18710.0  1.08483e-09
18715.0  1.08393e-09
18720.0  1.08304e-09
18725.0  1.08215e-09
18730.0  1.08126e-09
18735.0  1.08037e-09
18740.0  1.07948e-09
18745.0  1.07859e-09
18750.0  1.07769e-09
18755.0  1.0768e-09
18760.0  1.07591e-09
18765.0  1.07502e-09
18770.0  1.07413e-09
18775.0  1.07325e-09
18780.0  1.07236e-09
18785.0  1.07147e-09
18790.0  1.07058e-09
18795.0  1.06969e-09
18800.0  1.0688e-09
18805.0  1.06791e-09
18810.0  1.06703e-09
18815.0  1.06613e-09
18820.0  1.06525e-09
18825.0  1.06436e-09
18830.0  1.06348e-09
18835.0  1.06259e-09
18840.0  1.0617e-09
18845.0  1.06082e-09
18850.0  1.05993e-09
18855.0  1.05904e-09
18860.0  1.05816e-09
18865.0  1.05728e-09
18870.0  1.05639e-09
18875.0  1.0555e-09
18880.0  1.05462e-09
18885.0  1.05374e-09
18890.0  1.05286e-09
18895.0  1.05197e-09
18900.0  1.05108e-09
18905.0  1.0502e-09
18910.0  1.04932e-09
18915.0  1.04844e-09
18920.0  1.04755e-09
18925.0  1.04667e-09
18930.0  1.04579e-09
18935.0  1.04491e-09
18940.0  1.04403e-09
18945.0  1.04315e-09
18950.0  1.04227e-09
18955.0  1.04139e-09
18960.0  1.04051e-09
18965.0  1.03963e-09
18970.0  1.03875e-09
18975.0  1.03787e-09
18980.0  1.03699e-09
18985.0  1.03611e-09
18990.0  1.03523e-09
18995.0  1.03435e-09
19000.0  1.03348e-09
19005.0  1.0326e-09
19010.0  1.03172e-09
19015.0  1.03084e-09
19020.0  1.02997e-09
19025.0  1.02909e-09
19030.0  1.02821e-09
19035.0  1.02734e-09
19040.0  1.02646e-09
19045.0  1.02558e-09
19050.0  1.02471e-09
19055.0  1.02383e-09
19060.0  1.02296e-09
19065.0  1.02208e-09
19070.0  1.02121e-09
19075.0  1.02034e-09
19080.0  1.01946e-09
19085.0  1.01859e-09
19090.0  1.01771e-09
19095.0  1.01684e-09
19100.0  1.01597e-09
19105.0  1.0151e-09
19110.0  1.01422e-09
19115.0  1.01335e-09
19120.0  1.01248e-09
19125.0  1.01161e-09
19130.0  1.01074e-09
19135.0  1.00987e-09
19140.0  1.009e-09
19145.0  1.00813e-09
19150.0  1.00726e-09
19155.0  1.00639e-09
19160.0  1.00552e-09
19165.0  1.00465e-09
19170.0  1.00378e-09
19175.0  1.00291e-09
19180.0  1.00205e-09
19185.0  1.00118e-09
19190.0  1.00031e-09
19195.0  9.99442e-10
19200.0  9.98573e-10
19205.0  9.97705e-10
19210.0  9.96842e-10
19215.0  9.95976e-10
19220.0  9.9511e-10
19225.0  9.94243e-10
19230.0  9.93378e-10
19235.0  9.92514e-10
19240.0  9.91647e-10
19245.0  9.90782e-10
19250.0  9.89918e-10
19255.0  9.89053e-10
19260.0  9.88189e-10
19265.0  9.87327e-10
19270.0  9.86464e-10
19275.0  9.85601e-10
19280.0  9.84741e-10
19285.0  9.83876e-10
19290.0  9.83015e-10
19295.0  9.82151e-10
19300.0  9.81292e-10
19305.0  9.80431e-10
19310.0  9.79571e-10
19315.0  9.78711e-10
19320.0  9.77849e-10
19325.0  9.76989e-10
19330.0  9.7613e-10
19335.0  9.75271e-10
19340.0  9.74411e-10
19345.0  9.73555e-10
19350.0  9.72695e-10
19355.0  9.71837e-10
19360.0  9.70977e-10
19365.0  9.70122e-10
19370.0  9.69263e-10
19375.0  9.68408e-10
19380.0  9.6755e-10
19385.0  9.66693e-10
19390.0  9.65838e-10
19395.0  9.64985e-10
19400.0  9.64126e-10
19405.0  9.63273e-10
19410.0  9.62418e-10
19415.0  9.61563e-10
19420.0  9.60707e-10
19425.0  9.59856e-10
19430.0  9.59003e-10
19435.0  9.58147e-10
19440.0  9.57295e-10
19445.0  9.56442e-10
19450.0  9.55591e-10
19455.0  9.5474e-10
19460.0  9.53888e-10
19465.0  9.53036e-10
19470.0  9.52184e-10
19475.0  9.51331e-10
19480.0  9.50482e-10
19485.0  9.49633e-10
19490.0  9.48785e-10
19495.0  9.47935e-10
19500.0  9.47086e-10
19505.0  9.46237e-10
19510.0  9.45387e-10
19515.0  9.44537e-10
19520.0  9.43691e-10
19525.0  9.42842e-10
19530.0  9.41998e-10
19535.0  9.41146e-10
19540.0  9.40303e-10
19545.0  9.39456e-10
19550.0  9.38611e-10
19555.0  9.37764e-10
19560.0  9.3692e-10
19565.0  9.36072e-10
19570.0  9.35228e-10
19575.0  9.34384e-10
19580.0  9.3354e-10
19585.0  9.32696e-10
19590.0  9.31854e-10
19595.0  9.31008e-10
19600.0  9.30166e-10
19605.0  9.29323e-10
19610.0  9.28483e-10
19615.0  9.27641e-10
19620.0  9.26797e-10
19625.0  9.25957e-10
19630.0  9.25116e-10
19635.0  9.24276e-10
19640.0  9.23435e-10
19645.0  9.22597e-10
19650.0  9.21754e-10
19655.0  9.20917e-10
19660.0  9.20078e-10
19665.0  9.19241e-10
19670.0  9.18403e-10
19675.0  9.17564e-10
19680.0  9.16725e-10
19685.0  9.15887e-10
19690.0  9.1505e-10
19695.0  9.14215e-10
19700.0  9.13376e-10
19705.0  9.12542e-10
19710.0  9.11708e-10
19715.0  9.10869e-10
19720.0  9.10035e-10
19725.0  9.09202e-10
19730.0  9.08368e-10
19735.0  9.07535e-10
19740.0  9.06701e-10
19745.0  9.05868e-10
19750.0  9.05031e-10
19755.0  9.042e-10
19760.0  9.03369e-10
19765.0  9.02537e-10
19770.0  9.01706e-10
19775.0  9.00876e-10
19780.0  9.00044e-10
19785.0  8.99213e-10
19790.0  8.98382e-10
19795.0  8.97553e-10
19800.0  8.96725e-10
19805.0  8.95895e-10
19810.0  8.95066e-10
19815.0  8.94238e-10
19820.0  8.93408e-10
19825.0  8.92581e-10
19830.0  8.91754e-10
19835.0  8.90925e-10
19840.0  8.90101e-10
19845.0  8.89273e-10
19850.0  8.88447e-10
19855.0  8.8762e-10
19860.0  8.86796e-10
19865.0  8.85968e-10
19870.0  8.85147e-10
19875.0  8.84322e-10
19880.0  8.83496e-10
19885.0  8.82672e-10
19890.0  8.81849e-10
19895.0  8.81029e-10
19900.0  8.80206e-10
19905.0  8.79381e-10
19910.0  8.7856e-10
19915.0  8.77739e-10
19920.0  8.76917e-10
19925.0  8.76098e-10
19930.0  8.75277e-10
19935.0  8.74457e-10
19940.0  8.73637e-10
19945.0  8.72817e-10
19950.0  8.71999e-10
19955.0  8.71179e-10
19960.0  8.70361e-10
19965.0  8.69544e-10
19970.0  8.68726e-10
19975.0  8.67907e-10
19980.0  8.67092e-10
19985.0  8.66275e-10
19990.0  8.6546e-10
19995.0  8.64644e-10
20000.0  8.63828e-10
20005.0  8.63012e-10
20010.0  8.62198e-10
20015.0  8.61383e-10
20020.0  8.60567e-10
20025.0  8.59755e-10
20030.0  8.58944e-10
20035.0  8.58129e-10
20040.0  8.57316e-10
20045.0  8.56503e-10
20050.0  8.55692e-10
20055.0  8.54883e-10
20060.0  8.5407e-10
20065.0  8.53257e-10
20070.0  8.52449e-10
20075.0  8.51638e-10
20080.0  8.50828e-10
20085.0  8.50021e-10
20090.0  8.49212e-10
20095.0  8.48405e-10
20100.0  8.47594e-10
20105.0  8.46787e-10
20110.0  8.45977e-10
20115.0  8.45173e-10
20120.0  8.44364e-10
20125.0  8.4356e-10
20130.0  8.42755e-10
20135.0  8.41947e-10
20140.0  8.41143e-10
20145.0  8.40336e-10
20150.0  8.39532e-10
20155.0  8.38731e-10
20160.0  8.37927e-10
20165.0  8.37122e-10
20170.0  8.3632e-10
20175.0  8.35516e-10
20180.0  8.34714e-10
20185.0  8.33912e-10
20190.0  8.33111e-10
20195.0  8.32313e-10
20200.0  8.3151e-10
20205.0  8.30711e-10
20210.0  8.29912e-10
20215.0  8.29111e-10
20220.0  8.28313e-10
20225.0  8.27512e-10
20230.0  8.26715e-10
20235.0  8.25918e-10
20240.0  8.2512e-10
20245.0  8.24323e-10
20250.0  8.23525e-10
20255.0  8.22727e-10
20260.0  8.21934e-10
20265.0  8.21137e-10
20270.0  8.20341e-10
20275.0  8.19547e-10
20280.0  8.18753e-10
20285.0  8.17957e-10
20290.0  8.17165e-10
20295.0  8.16372e-10
20300.0  8.15578e-10
20305.0  8.14787e-10
20310.0  8.13995e-10
20315.0  8.13203e-10
20320.0  8.1241e-10
20325.0  8.1162e-10
20330.0  8.10829e-10
20335.0  8.10041e-10
20340.0  8.09249e-10
20345.0  8.0846e-10
20350.0  8.0767e-10
20355.0  8.06884e-10
20360.0  8.06095e-10
20365.0  8.05307e-10
20370.0  8.04518e-10
20375.0  8.03732e-10
20380.0  8.02946e-10
20385.0  8.02158e-10
20390.0  8.01374e-10
20395.0  8.00588e-10
20400.0  7.99802e-10
20405.0  7.99017e-10
20410.0  7.98234e-10
20415.0  7.97449e-10
20420.0  7.96666e-10
20425.0  7.95885e-10
20430.0  7.951e-10
20435.0  7.94318e-10
20440.0  7.93536e-10
20445.0  7.92756e-10
20450.0  7.91975e-10
20455.0  7.91196e-10
20460.0  7.90416e-10
20465.0  7.89634e-10
20470.0  7.88855e-10
20475.0  7.88077e-10
20480.0  7.87298e-10
20485.0  7.8652e-10
20490.0  7.85744e-10
20495.0  7.84965e-10
20500.0  7.84187e-10
20505.0  7.83412e-10
20510.0  7.82636e-10
20515.0  7.8186e-10
20520.0  7.81085e-10
20525.0  7.8031e-10
20530.0  7.79535e-10
20535.0  7.78761e-10
20540.0  7.77989e-10
20545.0  7.77215e-10
20550.0  7.76443e-10
20555.0  7.75672e-10
20560.0  7.74897e-10
20565.0  7.74126e-10
20570.0  7.73357e-10
20575.0  7.72585e-10
20580.0  7.71814e-10
20585.0  7.71045e-10
20590.0  7.70275e-10
20595.0  7.69507e-10
20600.0  7.68736e-10
20605.0  7.67969e-10
20610.0  7.67201e-10
20615.0  7.66433e-10
20620.0  7.6567e-10
20625.0  7.64901e-10
20630.0  7.64134e-10
20635.0  7.6337e-10
20640.0  7.62605e-10
20645.0  7.61837e-10
20650.0  7.61074e-10
20655.0  7.6031e-10
20660.0  7.59546e-10
20665.0  7.58785e-10
20670.0  7.58022e-10
20675.0  7.57259e-10
20680.0  7.56497e-10
20685.0  7.55737e-10
20690.0  7.54977e-10
20695.0  7.54216e-10
20700.0  7.53455e-10
20705.0  7.52695e-10
20710.0  7.51935e-10
20715.0  7.51175e-10
20720.0  7.50418e-10
20725.0  7.49662e-10
20730.0  7.48902e-10
20735.0  7.48144e-10
20740.0  7.47389e-10
20745.0  7.46632e-10
20750.0  7.45876e-10
20755.0  7.45121e-10
20760.0  7.44366e-10
20765.0  7.43613e-10
20770.0  7.42858e-10
20775.0  7.42104e-10
20780.0  7.41351e-10
20785.0  7.40598e-10
20790.0  7.39846e-10
20795.0  7.39096e-10
20800.0  7.38342e-10
20805.0  7.37594e-10
20810.0  7.36842e-10
20815.0  7.36091e-10
20820.0  7.35343e-10
20825.0  7.34593e-10
20830.0  7.33844e-10
20835.0  7.33096e-10
20840.0  7.32349e-10
20845.0  7.31601e-10
20850.0  7.30855e-10
20855.0  7.30106e-10
20860.0  7.2936e-10
20865.0  7.28614e-10
20870.0  7.27869e-10
20875.0  7.27124e-10
20880.0  7.26382e-10
20885.0  7.25637e-10
20890.0  7.24893e-10
20895.0  7.24149e-10
20900.0  7.23408e-10
20905.0  7.22666e-10
20910.0  7.21925e-10
20915.0  7.21182e-10
20920.0  7.20442e-10
20925.0  7.19702e-10
20930.0  7.18961e-10
20935.0  7.18222e-10
20940.0  7.17485e-10
20945.0  7.16747e-10
20950.0  7.16009e-10
20955.0  7.15272e-10
20960.0  7.14533e-10
20965.0  7.13795e-10
20970.0  7.1306e-10
20975.0  7.12323e-10
20980.0  7.11587e-10
20985.0  7.10853e-10
20990.0  7.10119e-10
20995.0  7.09385e-10
21000.0  7.0865e-10
21005.0  7.0792e-10
21010.0  7.07185e-10
21015.0  7.06456e-10
21020.0  7.05724e-10
21025.0  7.0499e-10
21030.0  7.04258e-10
21035.0  7.0353e-10
21040.0  7.02801e-10
21045.0  7.02071e-10
21050.0  7.01343e-10
21055.0  7.00616e-10
21060.0  6.99887e-10
21065.0  6.9916e-10
21070.0  6.98432e-10
21075.0  6.97706e-10
21080.0  6.96979e-10
21085.0  6.96252e-10
21090.0  6.95529e-10
21095.0  6.94802e-10
21100.0  6.94079e-10
21105.0  6.93356e-10
21110.0  6.92632e-10
21115.0  6.91911e-10
21120.0  6.91188e-10
21125.0  6.90467e-10
21130.0  6.89744e-10
21135.0  6.89023e-10
21140.0  6.88305e-10
21145.0  6.87584e-10
21150.0  6.86862e-10
21155.0  6.86146e-10
21160.0  6.85426e-10
21165.0  6.84708e-10
21170.0  6.8399e-10
21175.0  6.83271e-10
21180.0  6.82556e-10
21185.0  6.8184e-10
21190.0  6.81124e-10
21195.0  6.80408e-10
21200.0  6.79697e-10
21205.0  6.78981e-10
21210.0  6.78266e-10
21215.0  6.77552e-10
21220.0  6.76841e-10
21225.0  6.76128e-10
21230.0  6.75416e-10
21235.0  6.74705e-10
21240.0  6.73993e-10
21245.0  6.73284e-10
21250.0  6.72572e-10
21255.0  6.71863e-10
21260.0  6.71155e-10
21265.0  6.70447e-10
21270.0  6.69739e-10
21275.0  6.6903e-10
21280.0  6.68325e-10
21285.0  6.67618e-10
21290.0  6.66913e-10
21295.0  6.66208e-10
21300.0  6.65499e-10
21305.0  6.64796e-10
21310.0  6.64094e-10
21315.0  6.63389e-10
21320.0  6.62685e-10
21325.0  6.61984e-10
21330.0  6.61283e-10
21335.0  6.60578e-10
21340.0  6.59877e-10
21345.0  6.59177e-10
21350.0  6.58479e-10
21355.0  6.57777e-10
21360.0  6.57077e-10
21365.0  6.56379e-10
21370.0  6.55683e-10
21375.0  6.54985e-10
21380.0  6.54288e-10
21385.0  6.5359e-10
21390.0  6.52893e-10
21395.0  6.52197e-10
21400.0  6.51503e-10
21405.0  6.50809e-10
21410.0  6.50113e-10
21415.0  6.49419e-10
21420.0  6.48726e-10
21425.0  6.48034e-10
21430.0  6.47342e-10
21435.0  6.46652e-10
21440.0  6.45958e-10
21445.0  6.45269e-10
21450.0  6.44578e-10
21455.0  6.43889e-10
21460.0  6.43199e-10
21465.0  6.4251e-10
21470.0  6.41822e-10
21475.0  6.41132e-10
21480.0  6.40448e-10
21485.0  6.39761e-10
21490.0  6.39076e-10
21495.0  6.38389e-10
21500.0  6.37703e-10
21505.0  6.3702e-10
21510.0  6.36335e-10
21515.0  6.35652e-10
21520.0  6.3497e-10
21525.0  6.34284e-10
21530.0  6.33605e-10
21535.0  6.32922e-10
21540.0  6.3224e-10
21545.0  6.31561e-10
21550.0  6.30878e-10
21555.0  6.302e-10
21560.0  6.2952e-10
21565.0  6.28843e-10
21570.0  6.28164e-10
21575.0  6.27485e-10
21580.0  6.2681e-10
21585.0  6.26131e-10
21590.0  6.25457e-10
21595.0  6.24781e-10
21600.0  6.24106e-10
21605.0  6.23432e-10
21610.0  6.22756e-10
21615.0  6.22084e-10
21620.0  6.2141e-10
21625.0  6.20738e-10
21630.0  6.20067e-10
21635.0  6.19397e-10
21640.0  6.18725e-10
21645.0  6.18054e-10
21650.0  6.17386e-10
21655.0  6.16714e-10
21660.0  6.16048e-10
21665.0  6.1538e-10
21670.0  6.14712e-10
21675.0  6.14044e-10
21680.0  6.13378e-10
21685.0  6.12712e-10
21690.0  6.12046e-10
21695.0  6.11382e-10
21700.0  6.10718e-10
21705.0  6.10054e-10
21710.0  6.09389e-10
21715.0  6.08726e-10
21720.0  6.08063e-10
21725.0  6.07402e-10
21730.0  6.06742e-10
21735.0  6.06079e-10
21740.0  6.05419e-10
21745.0  6.04758e-10
21750.0  6.04102e-10
21755.0  6.03441e-10
21760.0  6.02785e-10
21765.0  6.02124e-10
21770.0  6.01469e-10
21775.0  6.00811e-10
21780.0  6.00156e-10
21785.0  5.99499e-10
21790.0  5.98846e-10
21795.0  5.9819e-10
21800.0  5.97537e-10
21805.0  5.96884e-10
21810.0  5.96232e-10
21815.0  5.95578e-10
21820.0  5.94926e-10
21825.0  5.94277e-10
21830.0  5.93625e-10
21835.0  5.92975e-10
21840.0  5.92327e-10
21845.0  5.91676e-10
21850.0  5.91028e-10
21855.0  5.9038e-10
21860.0  5.89734e-10
21865.0  5.89085e-10
21870.0  5.88439e-10
21875.0  5.87794e-10
21880.0  5.87149e-10
21885.0  5.86504e-10
21890.0  5.85858e-10
21895.0  5.85216e-10
21900.0  5.84571e-10
21905.0  5.8393e-10
21910.0  5.83288e-10
21915.0  5.82645e-10
21920.0  5.82005e-10
21925.0  5.81364e-10
21930.0  5.80725e-10
21935.0  5.80087e-10
21940.0  5.79447e-10
21945.0  5.78808e-10
21950.0  5.78171e-10
21955.0  5.77532e-10
21960.0  5.76897e-10
21965.0  5.76259e-10
21970.0  5.75627e-10
21975.0  5.74991e-10
21980.0  5.74358e-10
21985.0  5.73723e-10
21990.0  5.73089e-10
21995.0  5.72456e-10
22000.0  5.71824e-10
22005.0  5.71193e-10
22010.0  5.7056e-10
22015.0  5.69929e-10
22020.0  5.69299e-10
22025.0  5.68672e-10
22030.0  5.68041e-10
22035.0  5.67414e-10
22040.0  5.66785e-10
22045.0  5.66158e-10
22050.0  5.6553e-10
22055.0  5.64903e-10
22060.0  5.64279e-10
22065.0  5.63654e-10
22070.0  5.63029e-10
22075.0  5.62405e-10
22080.0  5.6178e-10
22085.0  5.61158e-10
22090.0  5.60536e-10
22095.0  5.59913e-10
22100.0  5.59292e-10
22105.0  5.58669e-10
22110.0  5.5805e-10
22115.0  5.57431e-10
22120.0  5.56812e-10
22125.0  5.56193e-10
22130.0  5.55574e-10
22135.0  5.54957e-10
22140.0  5.54337e-10
22145.0  5.53722e-10
22150.0  5.53107e-10
22155.0  5.52492e-10
22160.0  5.51874e-10
22165.0  5.5126e-10
22170.0  5.50647e-10
22175.0  5.50033e-10
22180.0  5.4942e-10
22185.0  5.48808e-10
22190.0  5.48196e-10
22195.0  5.47584e-10
22200.0  5.46973e-10
22205.0  5.46364e-10
22210.0  5.45752e-10
22215.0  5.45144e-10
22220.0  5.44536e-10
22225.0  5.43927e-10
22230.0  5.43318e-10
22235.0  5.42711e-10
22240.0  5.42105e-10
22245.0  5.41499e-10
22250.0  5.40894e-10
22255.0  5.40289e-10
22260.0  5.39684e-10
22265.0  5.39079e-10
22270.0  5.38475e-10
22275.0  5.37874e-10
22280.0  5.3727e-10
22285.0  5.36669e-10
22290.0  5.36068e-10
22295.0  5.35468e-10
22300.0  5.34867e-10
22305.0  5.34266e-10
22310.0  5.33665e-10
22315.0  5.33068e-10
22320.0  5.32471e-10
22325.0  5.31873e-10
22330.0  5.31276e-10
22335.0  5.30679e-10
22340.0  5.30083e-10
22345.0  5.29486e-10
22350.0  5.28892e-10
22355.0  5.28298e-10
22360.0  5.27702e-10
22365.0  5.27109e-10
22370.0  5.26518e-10
22375.0  5.25925e-10
22380.0  5.25332e-10
22385.0  5.24741e-10
22390.0  5.24149e-10
22395.0  5.23559e-10
22400.0  5.2297e-10
22405.0  5.2238e-10
22410.0  5.2179e-10
22415.0  5.21203e-10
22420.0  5.20614e-10
22425.0  5.20028e-10
22430.0  5.19442e-10
22435.0  5.18856e-10
22440.0  5.18271e-10
22445.0  5.17684e-10
22450.0  5.17098e-10
22455.0  5.16515e-10
22460.0  5.15933e-10
22465.0  5.15349e-10
22470.0  5.14765e-10
22475.0  5.14184e-10
22480.0  5.13604e-10
22485.0  5.13022e-10
22490.0  5.1244e-10
22495.0  5.11862e-10
22500.0  5.11282e-10
22505.0  5.10704e-10
22510.0  5.10126e-10
22515.0  5.09547e-10
22520.0  5.08969e-10
22525.0  5.08394e-10
22530.0  5.07815e-10
22535.0  5.07241e-10
22540.0  5.06665e-10
22545.0  5.06091e-10
22550.0  5.05515e-10
22555.0  5.04941e-10
22560.0  5.04369e-10
22565.0  5.03796e-10
22570.0  5.03223e-10
22575.0  5.02653e-10
22580.0  5.02081e-10
22585.0  5.0151e-10
22590.0  5.00939e-10
22595.0  5.00371e-10
22600.0  4.99801e-10
22605.0  4.99233e-10
22610.0  4.98665e-10
22615.0  4.98099e-10
22620.0  4.97531e-10
22625.0  4.96963e-10
22630.0  4.96396e-10
22635.0  4.95832e-10
22640.0  4.95265e-10
22645.0  4.94701e-10
22650.0  4.94138e-10
22655.0  4.93574e-10
22660.0  4.93011e-10
22665.0  4.9245e-10
22670.0  4.91887e-10
22675.0  4.91326e-10
22680.0  4.90766e-10
22685.0  4.90204e-10
22690.0  4.89643e-10
22695.0  4.89086e-10
22700.0  4.88526e-10
22705.0  4.87966e-10
22710.0  4.87409e-10
22715.0  4.86853e-10
22720.0  4.86294e-10
22725.0  4.85738e-10
22730.0  4.85185e-10
22735.0  4.84628e-10
22740.0  4.84072e-10
22745.0  4.83519e-10
22750.0  4.82964e-10
22755.0  4.8241e-10
22760.0  4.81857e-10
22765.0  4.81306e-10
22770.0  4.80753e-10
22775.0  4.80203e-10
22780.0  4.79651e-10
22785.0  4.79102e-10
22790.0  4.78553e-10
22795.0  4.78e-10
22800.0  4.77452e-10
22805.0  4.76906e-10
22810.0  4.76358e-10
22815.0  4.7581e-10
22820.0  4.75264e-10
22825.0  4.74718e-10
22830.0  4.74169e-10
22835.0  4.73625e-10
22840.0  4.73082e-10
22845.0  4.72537e-10
22850.0  4.71993e-10
22855.0  4.71451e-10
22860.0  4.70906e-10
22865.0  4.70364e-10
22870.0  4.69823e-10
22875.0  4.69281e-10
22880.0  4.68741e-10
22885.0  4.68202e-10
22890.0  4.6766e-10
22895.0  4.67123e-10
22900.0  4.66582e-10
22905.0  4.66044e-10
22910.0  4.65506e-10
22915.0  4.64969e-10
22920.0  4.64434e-10
22925.0  4.63897e-10
22930.0  4.63362e-10
22935.0  4.62825e-10
22940.0  4.62291e-10
22945.0  4.61756e-10
22950.0  4.61223e-10
22955.0  4.60689e-10
22960.0  4.60157e-10
22965.0  4.59624e-10
22970.0  4.59093e-10
22975.0  4.58563e-10
22980.0  4.58033e-10
22985.0  4.57502e-10
22990.0  4.56972e-10
22995.0  4.56442e-10
23000.0  4.55912e-10
23005.0  4.55385e-10
23010.0  4.54857e-10
23015.0  4.54328e-10
23020.0  4.53801e-10
23025.0  4.53278e-10
23030.0  4.52751e-10
23035.0  4.52225e-10
23040.0  4.51702e-10
23045.0  4.51176e-10
23050.0  4.50653e-10
23055.0  4.5013e-10
23060.0  4.49607e-10
23065.0  4.49083e-10
23070.0  4.4856e-10
23075.0  4.48041e-10
23080.0  4.47519e-10
23085.0  4.46999e-10
23090.0  4.4648e-10
23095.0  4.4596e-10
23100.0  4.45441e-10
23105.0  4.44922e-10
23110.0  4.44404e-10
23115.0  4.43886e-10
23120.0  4.43368e-10
23125.0  4.42853e-10
23130.0  4.42338e-10
23135.0  4.41822e-10
23140.0  4.41306e-10
23145.0  4.40795e-10
23150.0  4.40279e-10
23155.0  4.39765e-10
23160.0  4.39252e-10
23165.0  4.3874e-10
23170.0  4.38228e-10
23175.0  4.37717e-10
23180.0  4.37204e-10
23185.0  4.36693e-10
23190.0  4.36184e-10
23195.0  4.35673e-10
23200.0  4.35165e-10
23205.0  4.34656e-10
23210.0  4.34149e-10
23215.0  4.33641e-10
23220.0  4.33133e-10
23225.0  4.32627e-10
23230.0  4.3212e-10
23235.0  4.31616e-10
23240.0  4.3111e-10
23245.0  4.30606e-10
23250.0  4.30102e-10
23255.0  4.29598e-10
23260.0  4.29094e-10
23265.0  4.28593e-10
23270.0  4.28089e-10
23275.0  4.27587e-10
23280.0  4.27087e-10
23285.0  4.26586e-10
23290.0  4.26086e-10
23295.0  4.25585e-10
23300.0  4.25085e-10
23305.0  4.24587e-10
23310.0  4.24087e-10
23315.0  4.2359e-10
23320.0  4.23093e-10
23325.0  4.22596e-10
23330.0  4.22099e-10
23335.0  4.21603e-10
23340.0  4.21108e-10
23345.0  4.20612e-10
23350.0  4.20118e-10
23355.0  4.19622e-10
23360.0  4.19128e-10
23365.0  4.18635e-10
23370.0  4.18145e-10
23375.0  4.17652e-10
23380.0  4.17159e-10
23385.0  4.16669e-10
23390.0  4.16176e-10
23395.0  4.15687e-10
23400.0  4.15197e-10
23405.0  4.14708e-10
23410.0  4.14219e-10
23415.0  4.13731e-10
23420.0  4.13243e-10
23425.0  4.12756e-10
23430.0  4.1227e-10
23435.0  4.11781e-10
23440.0  4.11295e-10
23445.0  4.1081e-10
23450.0  4.10327e-10
23455.0  4.09842e-10
23460.0  4.09356e-10
23465.0  4.08874e-10
23470.0  4.08392e-10
23475.0  4.07909e-10
23480.0  4.07427e-10
23485.0  4.06945e-10
23490.0  4.06464e-10
23495.0  4.05981e-10
23500.0  4.05501e-10
23505.0  4.05021e-10
23510.0  4.04542e-10
23515.0  4.04063e-10
23520.0  4.03585e-10
23525.0  4.03107e-10
23530.0  4.02631e-10
23535.0  4.02153e-10
23540.0  4.01675e-10
23545.0  4.012e-10
23550.0  4.00725e-10
23555.0  4.0025e-10
23560.0  3.99777e-10
23565.0  3.99301e-10
23570.0  3.98827e-10
23575.0  3.98356e-10
23580.0  3.97881e-10
23585.0  3.97409e-10
23590.0  3.96939e-10
23595.0  3.96468e-10
23600.0  3.95997e-10
23605.0  3.95526e-10
23610.0  3.95055e-10
23615.0  3.94587e-10
23620.0  3.94117e-10
23625.0  3.93649e-10
23630.0  3.93182e-10
23635.0  3.92714e-10
23640.0  3.92247e-10
23645.0  3.9178e-10
23650.0  3.91313e-10
23655.0  3.90849e-10
23660.0  3.90382e-10
23665.0  3.89918e-10
23670.0  3.89455e-10
23675.0  3.88991e-10
23680.0  3.88527e-10
23685.0  3.88064e-10
23690.0  3.876e-10
23695.0  3.8714e-10
23700.0  3.86677e-10
23705.0  3.86217e-10
23710.0  3.85757e-10
23715.0  3.85297e-10
23720.0  3.84838e-10
23725.0  3.84377e-10
23730.0  3.83918e-10
23735.0  3.8346e-10
23740.0  3.83001e-10
23745.0  3.82545e-10
23750.0  3.82089e-10
23755.0  3.81633e-10
23760.0  3.81176e-10
23765.0  3.80721e-10
23770.0  3.80265e-10
23775.0  3.79812e-10
23780.0  3.79355e-10
23785.0  3.78904e-10
23790.0  3.78451e-10
23795.0  3.77998e-10
23800.0  3.77546e-10
23805.0  3.77093e-10
23810.0  3.76641e-10
23815.0  3.76191e-10
23820.0  3.7574e-10
23825.0  3.75291e-10
23830.0  3.74842e-10
23835.0  3.74394e-10
23840.0  3.73944e-10
23845.0  3.73496e-10
23850.0  3.73047e-10
23855.0  3.72602e-10
23860.0  3.72153e-10
23865.0  3.71708e-10
23870.0  3.71263e-10
23875.0  3.70818e-10
23880.0  3.70373e-10
23885.0  3.69928e-10
23890.0  3.69483e-10
23895.0  3.69042e-10
23900.0  3.68597e-10
23905.0  3.68156e-10
23910.0  3.67714e-10
23915.0  3.67273e-10
23920.0  3.66831e-10
23925.0  3.6639e-10
23930.0  3.65949e-10
23935.0  3.6551e-10
23940.0  3.6507e-10
23945.0  3.64632e-10
23950.0  3.64194e-10
23955.0  3.63754e-10
23960.0  3.63316e-10
23965.0  3.62881e-10
23970.0  3.62444e-10
23975.0  3.62007e-10
23980.0  3.61572e-10
23985.0  3.61135e-10
23990.0  3.60701e-10
23995.0  3.60267e-10
24000.0  3.59833e-10
24005.0  3.59399e-10
24010.0  3.58966e-10
24015.0  3.58534e-10
24020.0  3.58102e-10
24025.0  3.57671e-10
24030.0  3.5724e-10
24035.0  3.5681e-10
24040.0  3.5638e-10
24045.0  3.55949e-10
24050.0  3.55519e-10
24055.0  3.5509e-10
24060.0  3.54663e-10
24065.0  3.54233e-10
24070.0  3.53806e-10
24075.0  3.5338e-10
24080.0  3.52953e-10
24085.0  3.52527e-10
24090.0  3.521e-10
24095.0  3.51674e-10
24100.0  3.51251e-10
24105.0  3.50825e-10
24110.0  3.50401e-10
24115.0  3.49978e-10
24120.0  3.49556e-10
24125.0  3.49133e-10
24130.0  3.4871e-10
24135.0  3.48288e-10
24140.0  3.47865e-10
24145.0  3.47446e-10
24150.0  3.47026e-10
24155.0  3.46604e-10
24160.0  3.46185e-10
24165.0  3.45766e-10
24170.0  3.45347e-10
24175.0  3.44931e-10
24180.0  3.44512e-10
24185.0  3.44094e-10
24190.0  3.43678e-10
24195.0  3.43262e-10
24200.0  3.42847e-10
24205.0  3.42431e-10
24210.0  3.42016e-10
24215.0  3.41601e-10
24220.0  3.41186e-10
24225.0  3.40773e-10
24230.0  3.40359e-10
24235.0  3.39947e-10
24240.0  3.39535e-10
24245.0  3.39124e-10
24250.0  3.38712e-10
24255.0  3.383e-10
24260.0  3.37888e-10
24265.0  3.37477e-10
24270.0  3.37068e-10
24275.0  3.3666e-10
24280.0  3.36249e-10
24285.0  3.35841e-10
24290.0  3.35433e-10
24295.0  3.35026e-10
24300.0  3.34618e-10
24305.0  3.34212e-10
24310.0  3.33805e-10
24315.0  3.33401e-10
24320.0  3.32996e-10
24325.0  3.32589e-10
24330.0  3.32184e-10
24335.0  3.3178e-10
24340.0  3.31379e-10
24345.0  3.30975e-10
24350.0  3.30571e-10
24355.0  3.30169e-10
24360.0  3.29767e-10
24365.0  3.29366e-10
24370.0  3.28965e-10
24375.0  3.28565e-10
24380.0  3.28164e-10
24385.0  3.27764e-10
24390.0  3.27366e-10
24395.0  3.26966e-10
24400.0  3.26569e-10
24405.0  3.26172e-10
24410.0  3.25772e-10
24415.0  3.25375e-10
24420.0  3.24978e-10
24425.0  3.24582e-10
24430.0  3.24188e-10
24435.0  3.23792e-10
24440.0  3.23398e-10
24445.0  3.23002e-10
24450.0  3.22608e-10
24455.0  3.22215e-10
24460.0  3.21822e-10
24465.0  3.21429e-10
24470.0  3.21036e-10
24475.0  3.20646e-10
24480.0  3.20254e-10
24485.0  3.19863e-10
24490.0  3.19471e-10
24495.0  3.19081e-10
24500.0  3.18692e-10
24505.0  3.18302e-10
24510.0  3.17913e-10
24515.0  3.17527e-10
24520.0  3.17138e-10
24525.0  3.16749e-10
24530.0  3.16363e-10
24535.0  3.15977e-10
24540.0  3.15591e-10
24545.0  3.15206e-10
24550.0  3.1482e-10
24555.0  3.14434e-10
24560.0  3.14049e-10
24565.0  3.13666e-10
24570.0  3.13281e-10
24575.0  3.12898e-10
24580.0  3.12516e-10
24585.0  3.12131e-10
24590.0  3.1175e-10
24595.0  3.1137e-10
24600.0  3.10989e-10
24605.0  3.10607e-10
24610.0  3.10228e-10
24615.0  3.09847e-10
24620.0  3.09468e-10
24625.0  3.0909e-10
24630.0  3.08711e-10
24635.0  3.08334e-10
24640.0  3.07955e-10
24645.0  3.07577e-10
24650.0  3.07201e-10
24655.0  3.06825e-10
24660.0  3.06449e-10
24665.0  3.06072e-10
24670.0  3.05697e-10
24675.0  3.05322e-10
24680.0  3.04947e-10
24685.0  3.04573e-10
24690.0  3.04201e-10
24695.0  3.03828e-10
24700.0  3.03456e-10
24705.0  3.03082e-10
24710.0  3.0271e-10
24715.0  3.0234e-10
24720.0  3.0197e-10
24725.0  3.01598e-10
24730.0  3.01227e-10
24735.0  3.0086e-10
24740.0  3.00489e-10
24745.0  3.00121e-10
24750.0  2.99752e-10
24755.0  2.99384e-10
24760.0  2.99017e-10
24765.0  2.9865e-10
24770.0  2.98282e-10
24775.0  2.97916e-10
24780.0  2.97552e-10
24785.0  2.97185e-10
24790.0  2.96821e-10
24795.0  2.96455e-10
24800.0  2.96091e-10
24805.0  2.95727e-10
24810.0  2.95364e-10
24815.0  2.95001e-10
24820.0  2.94638e-10
24825.0  2.94277e-10
24830.0  2.93914e-10
24835.0  2.93554e-10
24840.0  2.93194e-10
24845.0  2.92831e-10
24850.0  2.92471e-10
24855.0  2.92111e-10
24860.0  2.91751e-10
24865.0  2.91395e-10
24870.0  2.91036e-10
24875.0  2.90679e-10
24880.0  2.90321e-10
24885.0  2.89964e-10
24890.0  2.89608e-10
24895.0  2.89252e-10
24900.0  2.88896e-10
24905.0  2.8854e-10
24910.0  2.88184e-10
24915.0  2.87828e-10
24920.0  2.87476e-10
24925.0  2.87123e-10
24930.0  2.86768e-10
24935.0  2.86415e-10
24940.0  2.86063e-10
24945.0  2.8571e-10
24950.0  2.85358e-10
24955.0  2.85005e-10
24960.0  2.84656e-10
24965.0  2.84305e-10
24970.0  2.83956e-10
24975.0  2.83607e-10
24980.0  2.83255e-10
24985.0  2.82906e-10
24990.0  2.82558e-10
24995.0  2.46972e-10
25000.0  3.52695e-11
