# Extracted from file: pickles_uk_41.fits
#SIMPLETrueFits standard
#BITPIX16Bits per pixel
#NAXIS0Number of axes
#EXTENDTrueFile may contain extensions
#DATE2007-01-11T21:02:20Date FITS file was generated
#IRAF-TLM16:02:36 (11/01/2007)Time of last modification
#COMMENT  FITS (Flexible Image Transport System) format is defined in 'Astronomy
#COMMENT  and Astrophysics', volume 376, page 359; bibcode: 2001A&A...376..359H
#ORIGINSTScI-STSDAS/TABLESTables version 2002-02-22
#FILENAMEpickles_uk_41.fitsname of file
#NEXTEND1number of extensions in file
#COMMENT1spectral type: M2.5V
#COMMENT2metallicity: solar
#COMMENT3original filename: ukm2.5v.dat
#HISTORY  File created by F.R.Boffi.
#HISTORY  SEDs from Pickles UVKLIB Library (1998, PASP 110, 863).
#HISTORY  Wavelength is in Angstrom.
#HISTORY  Fluxes are tabulated in units of erg/s/cm^2/A
#HISTORY  and were calculated by normalizing the original fluxes
#HISTORY  in the Pickles V band to a 0 magnitude in vegamag.
#HISTORY  In the vegamag system, Vega has magnitude zero in all passbands.
#HISTORY  Please refer to the SYNPHOT manual for further information.
#
#
#
#
#
#
#
#
#
#
#
#
#
#  
#Columns WAVELENGTH FLUX
#Units  angstroms flam
1150.0  0.0
1155.0  0.0
1160.0  0.0
1165.0  0.0
1170.0  0.0
1175.0  0.0
1180.0  0.0
1185.0  0.0
1190.0  0.0
1195.0  0.0
1200.0  0.0
1205.0  0.0
1210.0  0.0
1215.0  0.0
1220.0  0.0
1225.0  0.0
1230.0  0.0
1235.0  0.0
1240.0  0.0
1245.0  0.0
1250.0  0.0
1255.0  0.0
1260.0  0.0
1265.0  0.0
1270.0  0.0
1275.0  0.0
1280.0  0.0
1285.0  0.0
1290.0  0.0
1295.0  0.0
1300.0  0.0
1305.0  0.0
1310.0  0.0
1315.0  0.0
1320.0  0.0
1325.0  0.0
1330.0  0.0
1335.0  0.0
1340.0  0.0
1345.0  0.0
1350.0  0.0
1355.0  0.0
1360.0  0.0
1365.0  0.0
1370.0  0.0
1375.0  0.0
1380.0  0.0
1385.0  0.0
1390.0  0.0
1395.0  0.0
1400.0  0.0
1405.0  0.0
1410.0  0.0
1415.0  0.0
1420.0  0.0
1425.0  0.0
1430.0  0.0
1435.0  0.0
1440.0  0.0
1445.0  0.0
1450.0  0.0
1455.0  0.0
1460.0  0.0
1465.0  0.0
1470.0  0.0
1475.0  0.0
1480.0  0.0
1485.0  0.0
1490.0  0.0
1495.0  0.0
1500.0  0.0
1505.0  0.0
1510.0  0.0
1515.0  0.0
1520.0  0.0
1525.0  0.0
1530.0  0.0
1535.0  0.0
1540.0  0.0
1545.0  0.0
1550.0  0.0
1555.0  0.0
1560.0  0.0
1565.0  0.0
1570.0  0.0
1575.0  0.0
1580.0  0.0
1585.0  0.0
1590.0  0.0
1595.0  0.0
1600.0  0.0
1605.0  0.0
1610.0  0.0
1615.0  0.0
1620.0  0.0
1625.0  0.0
1630.0  0.0
1635.0  0.0
1640.0  0.0
1645.0  0.0
1650.0  0.0
1655.0  0.0
1660.0  0.0
1665.0  0.0
1670.0  0.0
1675.0  0.0
1680.0  0.0
1685.0  0.0
1690.0  0.0
1695.0  0.0
1700.0  0.0
1705.0  0.0
1710.0  0.0
1715.0  0.0
1720.0  0.0
1725.0  0.0
1730.0  0.0
1735.0  0.0
1740.0  0.0
1745.0  0.0
1750.0  0.0
1755.0  0.0
1760.0  0.0
1765.0  0.0
1770.0  0.0
1775.0  0.0
1780.0  0.0
1785.0  0.0
1790.0  0.0
1795.0  0.0
1800.0  0.0
1805.0  0.0
1810.0  0.0
1815.0  0.0
1820.0  0.0
1825.0  0.0
1830.0  0.0
1835.0  0.0
1840.0  0.0
1845.0  0.0
1850.0  0.0
1855.0  0.0
1860.0  0.0
1865.0  0.0
1870.0  0.0
1875.0  0.0
1880.0  0.0
1885.0  0.0
1890.0  0.0
1895.0  0.0
1900.0  0.0
1905.0  0.0
1910.0  0.0
1915.0  0.0
1920.0  0.0
1925.0  0.0
1930.0  0.0
1935.0  0.0
1940.0  0.0
1945.0  0.0
1950.0  0.0
1955.0  0.0
1960.0  0.0
1965.0  0.0
1970.0  0.0
1975.0  0.0
1980.0  0.0
1985.0  0.0
1990.0  0.0
1995.0  0.0
2000.0  0.0
2005.0  0.0
2010.0  0.0
2015.0  0.0
2020.0  0.0
2025.0  0.0
2030.0  0.0
2035.0  0.0
2040.0  0.0
2045.0  0.0
2050.0  0.0
2055.0  0.0
2060.0  0.0
2065.0  0.0
2070.0  0.0
2075.0  0.0
2080.0  0.0
2085.0  0.0
2090.0  0.0
2095.0  0.0
2100.0  0.0
2105.0  0.0
2110.0  0.0
2115.0  0.0
2120.0  0.0
2125.0  0.0
2130.0  0.0
2135.0  0.0
2140.0  0.0
2145.0  0.0
2150.0  0.0
2155.0  0.0
2160.0  0.0
2165.0  0.0
2170.0  0.0
2175.0  0.0
2180.0  0.0
2185.0  0.0
2190.0  0.0
2195.0  0.0
2200.0  0.0
2205.0  0.0
2210.0  0.0
2215.0  0.0
2220.0  0.0
2225.0  0.0
2230.0  0.0
2235.0  0.0
2240.0  0.0
2245.0  0.0
2250.0  0.0
2255.0  0.0
2260.0  0.0
2265.0  0.0
2270.0  0.0
2275.0  0.0
2280.0  0.0
2285.0  0.0
2290.0  0.0
2295.0  0.0
2300.0  0.0
2305.0  0.0
2310.0  0.0
2315.0  0.0
2320.0  0.0
2325.0  0.0
2330.0  0.0
2335.0  0.0
2340.0  0.0
2345.0  0.0
2350.0  0.0
2355.0  0.0
2360.0  0.0
2365.0  0.0
2370.0  0.0
2375.0  0.0
2380.0  0.0
2385.0  0.0
2390.0  0.0
2395.0  0.0
2400.0  0.0
2405.0  0.0
2410.0  0.0
2415.0  0.0
2420.0  0.0
2425.0  0.0
2430.0  0.0
2435.0  0.0
2440.0  0.0
2445.0  0.0
2450.0  0.0
2455.0  0.0
2460.0  0.0
2465.0  0.0
2470.0  0.0
2475.0  0.0
2480.0  0.0
2485.0  0.0
2490.0  0.0
2495.0  0.0
2500.0  0.0
2505.0  0.0
2510.0  0.0
2515.0  0.0
2520.0  0.0
2525.0  0.0
2530.0  0.0
2535.0  0.0
2540.0  0.0
2545.0  0.0
2550.0  0.0
2555.0  0.0
2560.0  0.0
2565.0  0.0
2570.0  0.0
2575.0  0.0
2580.0  0.0
2585.0  0.0
2590.0  0.0
2595.0  0.0
2600.0  0.0
2605.0  0.0
2610.0  0.0
2615.0  0.0
2620.0  0.0
2625.0  0.0
2630.0  0.0
2635.0  0.0
2640.0  0.0
2645.0  0.0
2650.0  0.0
2655.0  0.0
2660.0  0.0
2665.0  0.0
2670.0  0.0
2675.0  0.0
2680.0  0.0
2685.0  0.0
2690.0  0.0
2695.0  0.0
2700.0  0.0
2705.0  0.0
2710.0  0.0
2715.0  0.0
2720.0  0.0
2725.0  0.0
2730.0  0.0
2735.0  0.0
2740.0  0.0
2745.0  0.0
2750.0  4.66543e-16
2755.0  3.72726e-15
2760.0  7.91937e-15
2765.0  1.44391e-14
2770.0  1.86295e-14
2775.0  2.18886e-14
2780.0  2.23534e-14
2785.0  2.18869e-14
2790.0  1.81597e-14
2795.0  1.07068e-14
2800.0  1.39459e-15
2805.0  0.0
2810.0  0.0
2815.0  0.0
2820.0  0.0
2825.0  0.0
2830.0  0.0
2835.0  0.0
2840.0  0.0
2845.0  0.0
2850.0  7.46422e-15
2855.0  6.05683e-14
2860.0  1.26699e-13
2865.0  1.92826e-13
2870.0  2.51966e-13
2875.0  2.9806e-13
2880.0  3.16675e-13
2885.0  3.04086e-13
2890.0  2.50977e-13
2895.0  1.49433e-13
2900.0  1.95255e-14
2905.0  0.0
2910.0  0.0
2915.0  0.0
2920.0  0.0
2925.0  0.0
2930.0  0.0
2935.0  0.0
2940.0  0.0
2945.0  0.0
2950.0  1.03093e-13
2955.0  8.50756e-13
2960.0  1.88702e-12
2965.0  3.11187e-12
2970.0  4.49178e-12
2975.0  6.00302e-12
2980.0  7.61017e-12
2985.0  9.28996e-12
2990.0  1.10116e-11
2995.0  1.27468e-11
3000.0  1.44624e-11
3005.0  1.61417e-11
3010.0  1.77763e-11
3015.0  1.93596e-11
3020.0  2.08908e-11
3025.0  2.23699e-11
3030.0  2.37963e-11
3035.0  2.51673e-11
3040.0  2.64819e-11
3045.0  2.77369e-11
3050.0  2.893e-11
3055.0  3.00705e-11
3060.0  3.11877e-11
3065.0  3.23109e-11
3070.0  3.34808e-11
3075.0  3.47303e-11
3080.0  3.60976e-11
3085.0  3.76154e-11
3090.0  3.93223e-11
3095.0  4.12527e-11
3100.0  4.34402e-11
3105.0  4.59131e-11
3110.0  4.86687e-11
3115.0  5.16964e-11
3120.0  5.49852e-11
3125.0  5.85265e-11
3130.0  6.23066e-11
3135.0  6.63145e-11
3140.0  7.05413e-11
3145.0  7.49734e-11
3150.0  7.95973e-11
3155.0  8.43791e-11
3160.0  8.92215e-11
3165.0  9.40018e-11
3170.0  9.86027e-11
3175.0  1.02904e-10
3180.0  1.06779e-10
3185.0  1.1011e-10
3190.0  1.12775e-10
3195.0  1.1465e-10
3200.0  1.15625e-10
3205.0  1.15658e-10
3210.0  1.14905e-10
3215.0  1.13593e-10
3220.0  1.11958e-10
3225.0  1.10243e-10
3230.0  1.08678e-10
3235.0  1.07502e-10
3240.0  1.06953e-10
3245.0  1.07267e-10
3250.0  1.0867e-10
3255.0  1.11307e-10
3260.0  1.15099e-10
3265.0  1.19877e-10
3270.0  1.25466e-10
3275.0  1.31696e-10
3280.0  1.38392e-10
3285.0  1.45378e-10
3290.0  1.5248e-10
3295.0  1.59524e-10
3300.0  1.6634e-10
3305.0  1.72802e-10
3310.0  1.78887e-10
3315.0  1.84618e-10
3320.0  1.90021e-10
3325.0  1.95124e-10
3330.0  1.99948e-10
3335.0  2.04523e-10
3340.0  2.08873e-10
3345.0  2.13027e-10
3350.0  2.17005e-10
3355.0  2.20829e-10
3360.0  2.24486e-10
3365.0  2.27967e-10
3370.0  2.31251e-10
3375.0  2.34322e-10
3380.0  2.37163e-10
3385.0  2.39761e-10
3390.0  2.42099e-10
3395.0  2.44157e-10
3400.0  2.45923e-10
3405.0  2.47406e-10
3410.0  2.4866e-10
3415.0  2.4977e-10
3420.0  2.5082e-10
3425.0  2.51892e-10
3430.0  2.53069e-10
3435.0  2.54435e-10
3440.0  2.5607e-10
3445.0  2.58063e-10
3450.0  2.60491e-10
3455.0  2.63405e-10
3460.0  2.66781e-10
3465.0  2.70567e-10
3470.0  2.74707e-10
3475.0  2.79144e-10
3480.0  2.83821e-10
3485.0  2.88686e-10
3490.0  2.93679e-10
3495.0  2.98746e-10
3500.0  3.03828e-10
3505.0  3.08858e-10
3510.0  3.13728e-10
3515.0  3.1832e-10
3520.0  3.22512e-10
3525.0  3.26188e-10
3530.0  3.29228e-10
3535.0  3.31511e-10
3540.0  3.32915e-10
3545.0  3.33322e-10
3550.0  3.32622e-10
3555.0  3.3079e-10
3560.0  3.28026e-10
3565.0  3.2462e-10
3570.0  3.20868e-10
3575.0  3.17065e-10
3580.0  3.13506e-10
3585.0  3.10492e-10
3590.0  3.08317e-10
3595.0  3.07274e-10
3600.0  3.07655e-10
3605.0  3.09635e-10
3610.0  3.13114e-10
3615.0  3.17882e-10
3620.0  3.2315e-10
3625.0  3.25584e-10
3630.0  3.29896e-10
3635.0  3.5524e-10
3640.0  3.82627e-10
3645.0  3.92684e-10
3650.0  3.8422e-10
3655.0  3.71889e-10
3660.0  3.70767e-10
3665.0  3.83339e-10
3670.0  4.00293e-10
3675.0  4.11421e-10
3680.0  4.14758e-10
3685.0  4.16175e-10
3690.0  4.20803e-10
3695.0  4.32519e-10
3700.0  4.66878e-10
3705.0  4.33935e-10
3710.0  3.6747e-10
3715.0  3.05471e-10
3720.0  2.77074e-10
3725.0  2.88593e-10
3730.0  3.24657e-10
3735.0  3.62612e-10
3740.0  3.86239e-10
3745.0  3.8996e-10
3750.0  3.74975e-10
3755.0  3.48507e-10
3760.0  3.25482e-10
3765.0  3.25044e-10
3770.0  3.59129e-10
3775.0  4.1949e-10
3780.0  4.76862e-10
3785.0  5.01199e-10
3790.0  4.85401e-10
3795.0  4.52458e-10
3800.0  4.38257e-10
3805.0  4.61039e-10
3810.0  5.02908e-10
3815.0  5.23378e-10
3820.0  4.93155e-10
3825.0  4.18249e-10
3830.0  3.37178e-10
3835.0  2.93753e-10
3840.0  3.05552e-10
3845.0  3.54811e-10
3850.0  4.05543e-10
3855.0  4.30114e-10
3860.0  4.247e-10
3865.0  4.05741e-10
3870.0  3.9454e-10
3875.0  4.02203e-10
3880.0  4.26802e-10
3885.0  4.59483e-10
3890.0  4.91929e-10
3895.0  5.19652e-10
3900.0  5.40485e-10
3905.0  5.52624e-10
3910.0  5.54309e-10
3915.0  5.45037e-10
3920.0  5.26899e-10
3925.0  5.04396e-10
3930.0  4.82272e-10
3935.0  4.63379e-10
3940.0  4.47903e-10
3945.0  4.34595e-10
3950.0  4.23238e-10
3955.0  4.16488e-10
3960.0  4.19784e-10
3965.0  4.39502e-10
3970.0  4.78395e-10
3975.0  5.34121e-10
3980.0  5.99395e-10
3985.0  6.63796e-10
3990.0  7.18769e-10
3995.0  7.60498e-10
4000.0  7.91639e-10
4005.0  8.18708e-10
4010.0  8.46565e-10
4015.0  8.73172e-10
4020.0  8.88425e-10
4025.0  8.81462e-10
4030.0  8.50101e-10
4035.0  8.08012e-10
4040.0  7.80414e-10
4045.0  7.88481e-10
4050.0  8.33563e-10
4055.0  8.91565e-10
4060.0  9.26958e-10
4065.0  9.1645e-10
4070.0  8.65371e-10
4075.0  8.0573e-10
4080.0  7.75967e-10
4085.0  7.94993e-10
4090.0  8.5245e-10
4095.0  9.1919e-10
4100.0  9.6748e-10
4105.0  9.86202e-10
4110.0  9.81393e-10
4115.0  9.65656e-10
4120.0  9.46467e-10
4125.0  9.24784e-10
4130.0  9.00604e-10
4135.0  8.7802e-10
4140.0  8.65181e-10
4145.0  8.68482e-10
4150.0  8.87412e-10
4155.0  9.15232e-10
4160.0  9.43173e-10
4165.0  9.63857e-10
4170.0  9.72225e-10
4175.0  9.66297e-10
4180.0  9.47985e-10
4185.0  9.25217e-10
4190.0  9.11009e-10
4195.0  9.15992e-10
4200.0  9.37447e-10
4205.0  9.55757e-10
4210.0  9.4389e-10
4215.0  8.85661e-10
4220.0  7.90212e-10
4225.0  6.91367e-10
4230.0  6.29238e-10
4235.0  6.25628e-10
4240.0  6.73169e-10
4245.0  7.43038e-10
4250.0  8.04446e-10
4255.0  8.42433e-10
4260.0  8.61327e-10
4265.0  8.73914e-10
4270.0  8.89332e-10
4275.0  9.08509e-10
4280.0  9.27521e-10
4285.0  9.43369e-10
4290.0  9.55792e-10
4295.0  9.64865e-10
4300.0  9.69945e-10
4305.0  9.71446e-10
4310.0  9.74413e-10
4315.0  9.89252e-10
4320.0  1.0256e-09
4325.0  1.08494e-09
4330.0  1.15912e-09
4335.0  1.23584e-09
4340.0  1.3058e-09
4345.0  1.36497e-09
4350.0  1.41009e-09
4355.0  1.43377e-09
4360.0  1.42642e-09
4365.0  1.38477e-09
4370.0  1.31947e-09
4375.0  1.25414e-09
4380.0  1.21343e-09
4385.0  1.20866e-09
4390.0  1.23343e-09
4395.0  1.27083e-09
4400.0  1.3064e-09
4405.0  1.33695e-09
4410.0  1.36776e-09
4415.0  1.40473e-09
4420.0  1.44841e-09
4425.0  1.49419e-09
4430.0  1.53618e-09
4435.0  1.57051e-09
4440.0  1.59579e-09
4445.0  1.61311e-09
4450.0  1.62698e-09
4455.0  1.64587e-09
4460.0  1.67838e-09
4465.0  1.72623e-09
4470.0  1.78052e-09
4475.0  1.82691e-09
4480.0  1.85757e-09
4485.0  1.88016e-09
4490.0  1.91309e-09
4495.0  1.96838e-09
4500.0  2.03616e-09
4505.0  2.08627e-09
4510.0  2.09065e-09
4515.0  2.04839e-09
4520.0  1.99138e-09
4525.0  1.96379e-09
4530.0  1.98959e-09
4535.0  2.0528e-09
4540.0  2.1122e-09
4545.0  2.13551e-09
4550.0  2.12659e-09
4555.0  2.12474e-09
4560.0  2.17306e-09
4565.0  2.28168e-09
4570.0  2.416e-09
4575.0  2.51833e-09
4580.0  2.54495e-09
4585.0  2.49383e-09
4590.0  2.40528e-09
4595.0  2.33467e-09
4600.0  2.32086e-09
4605.0  2.36914e-09
4610.0  2.45349e-09
4615.0  2.53311e-09
4620.0  2.57343e-09
4625.0  2.561e-09
4630.0  2.50873e-09
4635.0  2.44935e-09
4640.0  2.41879e-09
4645.0  2.43576e-09
4650.0  2.48821e-09
4655.0  2.53856e-09
4660.0  2.54905e-09
4665.0  2.50849e-09
4670.0  2.44233e-09
4675.0  2.39739e-09
4680.0  2.40734e-09
4685.0  2.46757e-09
4690.0  2.54075e-09
4695.0  2.58656e-09
4700.0  2.5916e-09
4705.0  2.57639e-09
4710.0  2.5727e-09
4715.0  2.59277e-09
4720.0  2.62028e-09
4725.0  2.62919e-09
4730.0  2.6115e-09
4735.0  2.58886e-09
4740.0  2.59331e-09
4745.0  2.63112e-09
4750.0  2.6666e-09
4755.0  2.6409e-09
4760.0  2.51399e-09
4765.0  2.30052e-09
4770.0  2.07048e-09
4775.0  1.90999e-09
4780.0  1.87114e-09
4785.0  1.94592e-09
4790.0  2.07722e-09
4795.0  2.19599e-09
4800.0  2.25967e-09
4805.0  2.268e-09
4810.0  2.249e-09
4815.0  2.23229e-09
4820.0  2.22956e-09
4825.0  2.23239e-09
4830.0  2.22653e-09
4835.0  2.21024e-09
4840.0  2.19882e-09
4845.0  2.21359e-09
4850.0  2.2646e-09
4855.0  2.3397e-09
4860.0  2.40992e-09
4865.0  2.44888e-09
4870.0  2.44954e-09
4875.0  2.42754e-09
4880.0  2.41003e-09
4885.0  2.41866e-09
4890.0  2.45946e-09
4895.0  2.52526e-09
4900.0  2.60438e-09
4905.0  2.68603e-09
4910.0  2.76114e-09
4915.0  2.8229e-09
4920.0  2.87026e-09
4925.0  2.91147e-09
4930.0  2.96036e-09
4935.0  3.02264e-09
4940.0  3.08167e-09
4945.0  3.09797e-09
4950.0  3.03035e-09
4955.0  2.86885e-09
4960.0  2.65235e-09
4965.0  2.45403e-09
4970.0  2.34298e-09
4975.0  2.34487e-09
4980.0  2.42752e-09
4985.0  2.52346e-09
4990.0  2.57121e-09
4995.0  2.54613e-09
5000.0  2.46548e-09
5005.0  2.37004e-09
5010.0  2.2976e-09
5015.0  2.26673e-09
5020.0  2.27726e-09
5025.0  2.31838e-09
5030.0  2.37625e-09
5035.0  2.43795e-09
5040.0  2.49242e-09
5045.0  2.53114e-09
5050.0  2.54989e-09
5055.0  2.55e-09
5060.0  2.53717e-09
5065.0  2.51889e-09
5070.0  2.50277e-09
5075.0  2.49524e-09
5080.0  2.50008e-09
5085.0  2.51569e-09
5090.0  2.53399e-09
5095.0  2.54377e-09
5100.0  2.53818e-09
5105.0  2.52301e-09
5110.0  2.51527e-09
5115.0  2.53119e-09
5120.0  2.57178e-09
5125.0  2.61731e-09
5130.0  2.63915e-09
5135.0  2.62309e-09
5140.0  2.58262e-09
5145.0  2.54892e-09
5150.0  2.54299e-09
5155.0  2.55174e-09
5160.0  2.53201e-09
5165.0  2.44513e-09
5170.0  2.29534e-09
5175.0  2.13786e-09
5180.0  2.04585e-09
5185.0  2.05832e-09
5190.0  2.15011e-09
5195.0  2.25237e-09
5200.0  2.31066e-09
5205.0  2.32924e-09
5210.0  2.36846e-09
5215.0  2.49574e-09
5220.0  2.7244e-09
5225.0  2.99492e-09
5230.0  3.21483e-09
5235.0  3.31962e-09
5240.0  3.30973e-09
5245.0  3.24062e-09
5250.0  3.17504e-09
5255.0  3.13945e-09
5260.0  3.12272e-09
5265.0  3.10521e-09
5270.0  3.0874e-09
5275.0  3.09382e-09
5280.0  3.14813e-09
5285.0  3.24648e-09
5290.0  3.35696e-09
5295.0  3.44337e-09
5300.0  3.49062e-09
5305.0  3.5106e-09
5310.0  3.52419e-09
5315.0  3.53792e-09
5320.0  3.54189e-09
5325.0  3.52739e-09
5330.0  3.50434e-09
5335.0  3.50002e-09
5340.0  3.53564e-09
5345.0  3.60239e-09
5350.0  3.66549e-09
5355.0  3.69389e-09
5360.0  3.68979e-09
5365.0  3.6926e-09
5370.0  3.74855e-09
5375.0  3.86776e-09
5380.0  4.01023e-09
5385.0  4.11335e-09
5390.0  4.13688e-09
5395.0  4.09231e-09
5400.0  4.03338e-09
5405.0  4.01187e-09
5410.0  4.04224e-09
5415.0  4.09949e-09
5420.0  4.14561e-09
5425.0  4.16052e-09
5430.0  4.15046e-09
5435.0  4.12889e-09
5440.0  4.09276e-09
5445.0  4.01924e-09
5450.0  3.88619e-09
5455.0  3.70028e-09
5460.0  3.50856e-09
5465.0  3.37912e-09
5470.0  3.3635e-09
5475.0  3.46598e-09
5480.0  3.63858e-09
5485.0  3.80441e-09
5490.0  3.89674e-09
5495.0  3.89114e-09
5500.0  3.8117e-09
5505.0  3.71028e-09
5510.0  3.6345e-09
5515.0  3.60345e-09
5520.0  3.60502e-09
5525.0  3.6155e-09
5530.0  3.6212e-09
5535.0  3.62615e-09
5540.0  3.6427e-09
5545.0  3.67562e-09
5550.0  3.71618e-09
5555.0  3.7533e-09
5560.0  3.78761e-09
5565.0  3.83174e-09
5570.0  3.89442e-09
5575.0  3.96188e-09
5580.0  3.99666e-09
5585.0  3.96143e-09
5590.0  3.85015e-09
5595.0  3.7003e-09
5600.0  3.57525e-09
5605.0  3.52705e-09
5610.0  3.56608e-09
5615.0  3.66044e-09
5620.0  3.76181e-09
5625.0  3.83452e-09
5630.0  3.86972e-09
5635.0  3.88066e-09
5640.0  3.88742e-09
5645.0  3.90439e-09
5650.0  3.9367e-09
5655.0  3.98171e-09
5660.0  4.03036e-09
5665.0  4.06857e-09
5670.0  4.08324e-09
5675.0  4.07064e-09
5680.0  4.04234e-09
5685.0  4.02008e-09
5690.0  4.02309e-09
5695.0  4.05634e-09
5700.0  4.10801e-09
5705.0  4.15955e-09
5710.0  4.20023e-09
5715.0  4.23227e-09
5720.0  4.26573e-09
5725.0  4.30896e-09
5730.0  4.36167e-09
5735.0  4.41784e-09
5740.0  4.47271e-09
5745.0  4.52446e-09
5750.0  4.56959e-09
5755.0  4.5971e-09
5760.0  4.58918e-09
5765.0  4.53325e-09
5770.0  4.43721e-09
5775.0  4.33454e-09
5780.0  4.27329e-09
5785.0  4.29185e-09
5790.0  4.39331e-09
5795.0  4.53883e-09
5800.0  4.66494e-09
5805.0  4.71402e-09
5810.0  4.66311e-09
5815.0  4.53518e-09
5820.0  4.38516e-09
5825.0  4.26892e-09
5830.0  4.21331e-09
5835.0  4.2048e-09
5840.0  4.20186e-09
5845.0  4.16299e-09
5850.0  4.07223e-09
5855.0  3.971e-09
5860.0  4.01495e-09
5865.0  4.04679e-09
5870.0  3.90039e-09
5875.0  3.61272e-09
5880.0  3.27215e-09
5885.0  2.84266e-09
5890.0  2.35558e-09
5895.0  2.14357e-09
5900.0  2.38395e-09
5905.0  2.8212e-09
5910.0  3.18693e-09
5915.0  3.27486e-09
5920.0  3.40247e-09
5925.0  3.13028e-09
5930.0  3.19566e-09
5935.0  3.69884e-09
5940.0  3.71916e-09
5945.0  3.61058e-09
5950.0  3.80008e-09
5955.0  3.70814e-09
5960.0  3.48798e-09
5965.0  3.75778e-09
5970.0  3.84037e-09
5975.0  3.36174e-09
5980.0  3.50701e-09
5985.0  4.03547e-09
5990.0  4.24944e-09
5995.0  4.22915e-09
6000.0  4.23686e-09
6005.0  4.27656e-09
6010.0  4.31518e-09
6015.0  4.3413e-09
6020.0  4.39411e-09
6025.0  4.513e-09
6030.0  4.6154e-09
6035.0  4.56209e-09
6040.0  4.95586e-09
6045.0  4.85942e-09
6050.0  4.74461e-09
6055.0  4.66554e-09
6060.0  4.73711e-09
6065.0  4.67326e-09
6070.0  4.78912e-09
6075.0  4.94836e-09
6080.0  4.88599e-09
6085.0  4.9157e-09
6090.0  5.08686e-09
6095.0  5.09734e-09
6100.0  5.04417e-09
6105.0  4.97852e-09
6110.0  5.06343e-09
6115.0  4.83303e-09
6120.0  4.81397e-09
6125.0  4.93426e-09
6130.0  5.10271e-09
6135.0  5.20172e-09
6140.0  5.3187e-09
6145.0  5.302e-09
6150.0  4.96606e-09
6155.0  4.56967e-09
6160.0  4.13132e-09
6165.0  3.56464e-09
6170.0  3.44553e-09
6175.0  3.62143e-09
6180.0  3.70222e-09
6185.0  3.6705e-09
6190.0  3.32641e-09
6195.0  3.33607e-09
6200.0  3.41052e-09
6205.0  3.4084e-09
6210.0  3.36856e-09
6215.0  3.18194e-09
6220.0  3.09928e-09
6225.0  3.05243e-09
6230.0  2.94212e-09
6235.0  2.89274e-09
6240.0  2.96739e-09
6245.0  3.0973e-09
6250.0  3.26113e-09
6255.0  3.40689e-09
6260.0  3.47803e-09
6265.0  3.69091e-09
6270.0  3.80341e-09
6275.0  3.67014e-09
6280.0  3.59051e-09
6285.0  3.34845e-09
6290.0  3.82819e-09
6295.0  4.02452e-09
6300.0  4.04922e-09
6305.0  4.13976e-09
6310.0  4.38523e-09
6315.0  4.72864e-09
6320.0  4.85004e-09
6325.0  4.99823e-09
6330.0  5.16018e-09
6335.0  5.26618e-09
6340.0  5.34053e-09
6345.0  5.44968e-09
6350.0  5.50807e-09
6355.0  5.43594e-09
6360.0  5.23493e-09
6365.0  5.14637e-09
6370.0  5.0771e-09
6375.0  5.12571e-09
6380.0  5.02572e-09
6385.0  4.95083e-09
6390.0  4.96508e-09
6395.0  5.20535e-09
6400.0  5.41848e-09
6405.0  5.7985e-09
6410.0  5.96463e-09
6415.0  6.03252e-09
6420.0  5.92859e-09
6425.0  5.86118e-09
6430.0  5.9156e-09
6435.0  5.98858e-09
6440.0  5.99748e-09
6445.0  6.20091e-09
6450.0  6.15429e-09
6455.0  6.21149e-09
6460.0  6.39468e-09
6465.0  6.30522e-09
6470.0  6.48699e-09
6475.0  6.62387e-09
6480.0  6.57522e-09
6485.0  6.41606e-09
6490.0  6.34671e-09
6495.0  6.38745e-09
6500.0  6.51594e-09
6505.0  6.8205e-09
6510.0  7.08358e-09
6515.0  7.27838e-09
6520.0  7.26703e-09
6525.0  7.37134e-09
6530.0  7.41103e-09
6535.0  7.14416e-09
6540.0  7.39604e-09
6545.0  7.19188e-09
6550.0  7.21513e-09
6555.0  7.2458e-09
6560.0  7.26886e-09
6565.0  7.21202e-09
6570.0  7.02137e-09
6575.0  6.93959e-09
6580.0  6.88944e-09
6585.0  6.84043e-09
6590.0  6.88324e-09
6595.0  6.88563e-09
6600.0  6.93958e-09
6605.0  6.90206e-09
6610.0  6.85229e-09
6615.0  6.76197e-09
6620.0  6.48155e-09
6625.0  6.30983e-09
6630.0  6.2804e-09
6635.0  6.28803e-09
6640.0  6.26196e-09
6645.0  6.22419e-09
6650.0  6.03008e-09
6655.0  5.73214e-09
6660.0  5.65079e-09
6665.0  5.64508e-09
6670.0  5.63075e-09
6675.0  5.61118e-09
6680.0  5.4513e-09
6685.0  5.28625e-09
6690.0  5.17921e-09
6695.0  5.16699e-09
6700.0  5.33827e-09
6705.0  5.39431e-09
6710.0  5.37004e-09
6715.0  5.09582e-09
6720.0  4.81388e-09
6725.0  4.68575e-09
6730.0  4.77746e-09
6735.0  4.87559e-09
6740.0  4.96613e-09
6745.0  5.00421e-09
6750.0  4.83047e-09
6755.0  4.71727e-09
6760.0  4.63319e-09
6765.0  4.81065e-09
6770.0  4.98946e-09
6775.0  5.00651e-09
6780.0  4.95086e-09
6785.0  4.75937e-09
6790.0  4.75937e-09
6795.0  4.71127e-09
6800.0  4.67408e-09
6805.0  4.8079e-09
6810.0  4.78133e-09
6815.0  4.66771e-09
6820.0  4.60022e-09
6825.0  4.66861e-09
6830.0  4.87561e-09
6835.0  4.98775e-09
6840.0  5.0489e-09
6845.0  5.05857e-09
6850.0  5.03366e-09
6855.0  5.00479e-09
6860.0  4.99119e-09
6865.0  4.99287e-09
6870.0  5.00306e-09
6875.0  5.0235e-09
6880.0  5.0662e-09
6885.0  5.14066e-09
6890.0  5.24034e-09
6895.0  5.34127e-09
6900.0  5.41595e-09
6905.0  5.45184e-09
6910.0  5.45984e-09
6915.0  5.46794e-09
6920.0  5.50633e-09
6925.0  5.59262e-09
6930.0  5.72461e-09
6935.0  5.88267e-09
6940.0  6.03876e-09
6945.0  6.16727e-09
6950.0  6.25359e-09
6955.0  6.29802e-09
6960.0  6.31348e-09
6965.0  6.31826e-09
6970.0  6.32827e-09
6975.0  6.34197e-09
6980.0  6.32772e-09
6985.0  6.39201e-09
6990.0  6.29577e-09
6995.0  6.39078e-09
7000.0  6.58407e-09
7005.0  6.61325e-09
7010.0  6.71858e-09
7015.0  6.85353e-09
7020.0  6.91971e-09
7025.0  7.10585e-09
7030.0  7.37568e-09
7035.0  7.72501e-09
7040.0  7.9858e-09
7045.0  8.16005e-09
7050.0  7.90284e-09
7055.0  7.18073e-09
7060.0  6.44053e-09
7065.0  6.2379e-09
7070.0  6.32251e-09
7075.0  6.52304e-09
7080.0  6.59057e-09
7085.0  6.36282e-09
7090.0  5.78041e-09
7095.0  5.41815e-09
7100.0  5.41151e-09
7105.0  5.7891e-09
7110.0  6.054e-09
7115.0  6.37365e-09
7120.0  6.40502e-09
7125.0  5.893e-09
7130.0  5.09264e-09
7135.0  4.74995e-09
7140.0  4.79679e-09
7145.0  5.0464e-09
7150.0  5.29707e-09
7155.0  5.57432e-09
7160.0  5.62023e-09
7165.0  5.60776e-09
7170.0  5.62115e-09
7175.0  5.65829e-09
7180.0  5.72531e-09
7185.0  5.88922e-09
7190.0  6.05449e-09
7195.0  5.99349e-09
7200.0  5.79284e-09
7205.0  5.76356e-09
7210.0  5.86777e-09
7215.0  6.05308e-09
7220.0  6.07432e-09
7225.0  6.39023e-09
7230.0  6.44505e-09
7235.0  6.41569e-09
7240.0  6.46207e-09
7245.0  6.5896e-09
7250.0  6.85016e-09
7255.0  6.88089e-09
7260.0  6.97625e-09
7265.0  7.17727e-09
7270.0  7.22771e-09
7275.0  7.14803e-09
7280.0  7.18788e-09
7285.0  7.36204e-09
7290.0  7.50716e-09
7295.0  7.70439e-09
7300.0  7.72144e-09
7305.0  7.65809e-09
7310.0  7.78617e-09
7315.0  7.81807e-09
7320.0  7.87203e-09
7325.0  7.89475e-09
7330.0  7.9413e-09
7335.0  8.26516e-09
7340.0  8.2213e-09
7345.0  8.12746e-09
7350.0  8.07882e-09
7355.0  8.08174e-09
7360.0  8.1623e-09
7365.0  8.29297e-09
7370.0  8.48914e-09
7375.0  8.71031e-09
7380.0  8.71509e-09
7385.0  8.76972e-09
7390.0  8.85497e-09
7395.0  8.86551e-09
7400.0  8.87128e-09
7405.0  8.93148e-09
7410.0  9.00838e-09
7415.0  9.08497e-09
7420.0  9.13609e-09
7425.0  9.21958e-09
7430.0  9.29273e-09
7435.0  9.31296e-09
7440.0  9.32631e-09
7445.0  9.2854e-09
7450.0  9.19168e-09
7455.0  9.26076e-09
7460.0  9.31969e-09
7465.0  9.30334e-09
7470.0  9.34766e-09
7475.0  9.43355e-09
7480.0  9.52947e-09
7485.0  9.59621e-09
7490.0  9.56124e-09
7495.0  9.52596e-09
7500.0  9.53536e-09
7505.0  9.48949e-09
7510.0  9.46584e-09
7515.0  9.53419e-09
7520.0  9.55147e-09
7525.0  9.61006e-09
7530.0  9.6497e-09
7535.0  9.68524e-09
7540.0  9.77316e-09
7545.0  9.81201e-09
7550.0  9.78105e-09
7555.0  9.73323e-09
7560.0  9.70405e-09
7565.0  9.72252e-09
7570.0  9.77474e-09
7575.0  9.79377e-09
7580.0  9.69733e-09
7585.0  9.45461e-09
7590.0  9.13335e-09
7595.0  8.87373e-09
7600.0  8.79644e-09
7605.0  8.91775e-09
7610.0  9.13271e-09
7615.0  9.283e-09
7620.0  9.26948e-09
7625.0  9.12104e-09
7630.0  8.96172e-09
7635.0  8.90979e-09
7640.0  8.98643e-09
7645.0  9.09887e-09
7650.0  9.11431e-09
7655.0  8.96723e-09
7660.0  8.70925e-09
7665.0  8.46965e-09
7670.0  8.36363e-09
7675.0  8.41244e-09
7680.0  8.53324e-09
7685.0  8.61054e-09
7690.0  8.58448e-09
7695.0  8.48623e-09
7700.0  8.40427e-09
7705.0  8.41335e-09
7710.0  8.52076e-09
7715.0  8.67018e-09
7720.0  8.79012e-09
7725.0  8.84136e-09
7730.0  8.84747e-09
7735.0  8.9067e-09
7740.0  8.84546e-09
7745.0  8.59249e-09
7750.0  8.42884e-09
7755.0  8.42515e-09
7760.0  8.54537e-09
7765.0  8.42957e-09
7770.0  8.62306e-09
7775.0  8.83685e-09
7780.0  8.89781e-09
7785.0  8.84196e-09
7790.0  8.79673e-09
7795.0  8.84287e-09
7800.0  8.91298e-09
7805.0  9.07274e-09
7810.0  9.15737e-09
7815.0  9.28233e-09
7820.0  9.29056e-09
7825.0  9.10914e-09
7830.0  8.91642e-09
7835.0  8.85481e-09
7840.0  8.95772e-09
7845.0  9.087e-09
7850.0  9.13388e-09
7855.0  9.2619e-09
7860.0  9.32591e-09
7865.0  9.36166e-09
7870.0  9.39391e-09
7875.0  9.37529e-09
7880.0  9.54467e-09
7885.0  9.57623e-09
7890.0  9.55923e-09
7895.0  9.53723e-09
7900.0  9.5242e-09
7905.0  9.60463e-09
7910.0  9.51533e-09
7915.0  9.47024e-09
7920.0  9.50052e-09
7925.0  9.64893e-09
7930.0  9.69834e-09
7935.0  9.81343e-09
7940.0  9.87422e-09
7945.0  9.90643e-09
7950.0  9.88173e-09
7955.0  9.96095e-09
7960.0  9.92358e-09
7965.0  9.9815e-09
7970.0  1.01404e-08
7975.0  1.02864e-08
7980.0  1.03107e-08
7985.0  1.02425e-08
7990.0  1.02701e-08
7995.0  1.02451e-08
8000.0  1.00827e-08
8005.0  1.02262e-08
8010.0  1.04052e-08
8015.0  1.04373e-08
8020.0  1.04055e-08
8025.0  1.02615e-08
8030.0  1.02911e-08
8035.0  1.02894e-08
8040.0  1.03775e-08
8045.0  1.04735e-08
8050.0  1.05691e-08
8055.0  1.05975e-08
8060.0  1.06723e-08
8065.0  1.06265e-08
8070.0  1.04766e-08
8075.0  1.05618e-08
8080.0  1.06372e-08
8085.0  1.055e-08
8090.0  1.05439e-08
8095.0  1.05202e-08
8100.0  1.05114e-08
8105.0  1.05722e-08
8110.0  1.06365e-08
8115.0  1.07013e-08
8120.0  1.07055e-08
8125.0  1.07052e-08
8130.0  1.05923e-08
8135.0  1.05925e-08
8140.0  1.05089e-08
8145.0  1.04961e-08
8150.0  1.0674e-08
8155.0  1.07755e-08
8160.0  1.07561e-08
8165.0  1.07365e-08
8170.0  1.07821e-08
8175.0  1.06132e-08
8180.0  1.01266e-08
8185.0  9.8073e-09
8190.0  9.53606e-09
8195.0  9.37796e-09
8200.0  9.82451e-09
8205.0  1.05009e-08
8210.0  1.07008e-08
8215.0  1.07241e-08
8220.0  1.07522e-08
8225.0  1.05063e-08
8230.0  1.03853e-08
8235.0  1.07514e-08
8240.0  1.09757e-08
8245.0  1.09842e-08
8250.0  1.08937e-08
8255.0  1.06763e-08
8260.0  1.05643e-08
8265.0  1.07094e-08
8270.0  1.07961e-08
8275.0  1.05568e-08
8280.0  1.0491e-08
8285.0  1.04781e-08
8290.0  1.03493e-08
8295.0  1.03243e-08
8300.0  1.03508e-08
8305.0  1.05516e-08
8310.0  1.06133e-08
8315.0  1.04273e-08
8320.0  1.03289e-08
8325.0  1.03618e-08
8330.0  1.04283e-08
8335.0  1.06186e-08
8340.0  1.05968e-08
8345.0  1.09157e-08
8350.0  1.09548e-08
8355.0  1.08914e-08
8360.0  1.07368e-08
8365.0  1.05418e-08
8370.0  1.06248e-08
8375.0  1.05065e-08
8380.0  1.03359e-08
8385.0  1.00669e-08
8390.0  1.01648e-08
8395.0  1.03423e-08
8400.0  1.04652e-08
8405.0  1.05867e-08
8410.0  1.06679e-08
8415.0  1.07296e-08
8420.0  1.07638e-08
8425.0  1.04595e-08
8430.0  1.03178e-08
8435.0  1.00232e-08
8440.0  1.00603e-08
8445.0  1.01921e-08
8450.0  1.02196e-08
8455.0  1.02607e-08
8460.0  1.02709e-08
8465.0  1.01036e-08
8470.0  9.96652e-09
8475.0  1.00266e-08
8480.0  1.01216e-08
8485.0  1.01182e-08
8490.0  1.00099e-08
8495.0  9.883e-09
8500.0  9.66052e-09
8505.0  9.77493e-09
8510.0  9.89424e-09
8515.0  1.00067e-08
8520.0  1.00659e-08
8525.0  1.01218e-08
8530.0  1.00262e-08
8535.0  9.62534e-09
8540.0  9.31244e-09
8545.0  9.15547e-09
8550.0  9.57501e-09
8555.0  9.94274e-09
8560.0  1.01371e-08
8565.0  1.02131e-08
8570.0  1.0292e-08
8575.0  1.02683e-08
8580.0  1.03625e-08
8585.0  1.04107e-08
8590.0  1.04139e-08
8595.0  1.03657e-08
8600.0  1.04303e-08
8605.0  1.03562e-08
8610.0  1.03104e-08
8615.0  1.03436e-08
8620.0  1.03592e-08
8625.0  1.04034e-08
8630.0  1.04858e-08
8635.0  1.05713e-08
8640.0  1.06317e-08
8645.0  1.06357e-08
8650.0  1.052e-08
8655.0  9.97242e-09
8660.0  9.43056e-09
8665.0  9.24495e-09
8670.0  9.60687e-09
8675.0  9.77927e-09
8680.0  9.85759e-09
8685.0  9.982e-09
8690.0  9.93165e-09
8695.0  9.99385e-09
8700.0  1.02372e-08
8705.0  1.05419e-08
8710.0  1.07627e-08
8715.0  1.08042e-08
8720.0  1.05468e-08
8725.0  1.05503e-08
8730.0  1.0546e-08
8735.0  1.07551e-08
8740.0  1.08083e-08
8745.0  1.08494e-08
8750.0  1.08989e-08
8755.0  1.09295e-08
8760.0  1.07314e-08
8765.0  1.05623e-08
8770.0  1.05317e-08
8775.0  1.07434e-08
8780.0  1.07637e-08
8785.0  1.07343e-08
8790.0  1.07996e-08
8795.0  1.09556e-08
8800.0  1.08671e-08
8805.0  1.03591e-08
8810.0  1.03888e-08
8815.0  1.06939e-08
8820.0  1.07123e-08
8825.0  1.04481e-08
8830.0  1.0552e-08
8835.0  1.07378e-08
8840.0  1.07889e-08
8845.0  1.10061e-08
8850.0  1.08237e-08
8855.0  1.07408e-08
8860.0  1.07171e-08
8865.0  1.04523e-08
8870.0  1.03142e-08
8875.0  1.02949e-08
8880.0  1.03412e-08
8885.0  1.03714e-08
8890.0  1.03918e-08
8895.0  1.04356e-08
8900.0  1.05526e-08
8905.0  1.07556e-08
8910.0  1.07258e-08
8915.0  1.06342e-08
8920.0  1.07697e-08
8925.0  1.0981e-08
8930.0  1.07836e-08
8935.0  1.0744e-08
8940.0  1.05249e-08
8945.0  1.04271e-08
8950.0  1.03315e-08
8955.0  1.01747e-08
8960.0  1.01682e-08
8965.0  1.01055e-08
8970.0  1.03435e-08
8975.0  1.05086e-08
8980.0  1.04804e-08
8985.0  1.0029e-08
8990.0  9.9713e-09
8995.0  1.04171e-08
9000.0  1.00455e-08
9005.0  1.02888e-08
9010.0  1.04259e-08
9015.0  1.04644e-08
9020.0  1.04535e-08
9025.0  1.043e-08
9030.0  1.07004e-08
9035.0  1.09406e-08
9040.0  1.10042e-08
9045.0  1.09632e-08
9050.0  1.09503e-08
9055.0  1.09492e-08
9060.0  1.0808e-08
9065.0  1.07493e-08
9070.0  1.06201e-08
9075.0  1.06312e-08
9080.0  1.05341e-08
9085.0  1.0444e-08
9090.0  1.03728e-08
9095.0  1.04676e-08
9100.0  1.04321e-08
9105.0  1.04479e-08
9110.0  1.05149e-08
9115.0  1.05008e-08
9120.0  1.04329e-08
9125.0  1.04395e-08
9130.0  1.03428e-08
9135.0  1.03446e-08
9140.0  1.04493e-08
9145.0  1.04759e-08
9150.0  1.03819e-08
9155.0  1.0326e-08
9160.0  1.05014e-08
9165.0  1.05888e-08
9170.0  1.0484e-08
9175.0  1.04186e-08
9180.0  1.05329e-08
9185.0  1.0572e-08
9190.0  1.06227e-08
9195.0  1.06489e-08
9200.0  1.07052e-08
9205.0  1.06832e-08
9210.0  1.06083e-08
9215.0  1.06083e-08
9220.0  1.05848e-08
9225.0  1.06272e-08
9230.0  1.0493e-08
9235.0  1.04312e-08
9240.0  1.04753e-08
9245.0  1.0558e-08
9250.0  1.05972e-08
9255.0  1.06016e-08
9260.0  1.06124e-08
9265.0  1.08569e-08
9270.0  1.09058e-08
9275.0  1.0794e-08
9280.0  1.06976e-08
9285.0  1.07758e-08
9290.0  1.07271e-08
9295.0  1.07106e-08
9300.0  1.05835e-08
9305.0  1.04948e-08
9310.0  1.06157e-08
9315.0  1.04086e-08
9320.0  1.02829e-08
9325.0  1.02106e-08
9330.0  1.02271e-08
9335.0  1.00889e-08
9340.0  9.93366e-09
9345.0  9.94642e-09
9350.0  1.00837e-08
9355.0  1.00469e-08
9360.0  1.02414e-08
9365.0  1.02363e-08
9370.0  1.02659e-08
9375.0  1.05343e-08
9380.0  1.04141e-08
9385.0  1.08008e-08
9390.0  1.12606e-08
9395.0  1.1354e-08
9400.0  1.11777e-08
9405.0  1.11248e-08
9410.0  1.09561e-08
9415.0  1.08929e-08
9420.0  1.06682e-08
9425.0  1.038e-08
9430.0  1.02447e-08
9435.0  1.04798e-08
9440.0  1.03413e-08
9445.0  1.05264e-08
9450.0  1.04509e-08
9455.0  1.02885e-08
9460.0  1.05819e-08
9465.0  1.06324e-08
9470.0  1.05016e-08
9475.0  1.05554e-08
9480.0  1.05734e-08
9485.0  1.07019e-08
9490.0  1.07356e-08
9495.0  1.03361e-08
9500.0  1.03887e-08
9505.0  1.08645e-08
9510.0  1.11141e-08
9515.0  1.05949e-08
9520.0  1.02928e-08
9525.0  1.04987e-08
9530.0  1.07296e-08
9535.0  1.07175e-08
9540.0  1.0572e-08
9545.0  1.05732e-08
9550.0  1.04116e-08
9555.0  1.00842e-08
9560.0  1.05085e-08
9565.0  1.05713e-08
9570.0  1.06478e-08
9575.0  1.0762e-08
9580.0  1.05685e-08
9585.0  1.03953e-08
9590.0  1.03257e-08
9595.0  1.04077e-08
9600.0  1.05105e-08
9605.0  1.05129e-08
9610.0  1.05382e-08
9615.0  1.05435e-08
9620.0  1.04364e-08
9625.0  1.03821e-08
9630.0  1.0492e-08
9635.0  1.03585e-08
9640.0  1.02722e-08
9645.0  1.02319e-08
9650.0  1.03268e-08
9655.0  1.02671e-08
9660.0  1.02845e-08
9665.0  1.02657e-08
9670.0  1.03454e-08
9675.0  1.03177e-08
9680.0  1.02614e-08
9685.0  1.03565e-08
9690.0  1.03791e-08
9695.0  1.03856e-08
9700.0  1.01174e-08
9705.0  1.02174e-08
9710.0  1.02463e-08
9715.0  1.04441e-08
9720.0  1.03565e-08
9725.0  1.02677e-08
9730.0  1.02873e-08
9735.0  1.03038e-08
9740.0  1.05657e-08
9745.0  1.01588e-08
9750.0  1.01175e-08
9755.0  1.02369e-08
9760.0  1.03196e-08
9765.0  1.02701e-08
9770.0  1.01784e-08
9775.0  1.05357e-08
9780.0  1.05754e-08
9785.0  1.03172e-08
9790.0  1.0298e-08
9795.0  1.02113e-08
9800.0  1.02742e-08
9805.0  1.05322e-08
9810.0  1.04558e-08
9815.0  1.00415e-08
9820.0  1.00831e-08
9825.0  1.04198e-08
9830.0  1.01927e-08
9835.0  9.97103e-09
9840.0  1.00213e-08
9845.0  9.9749e-09
9850.0  9.85688e-09
9855.0  9.97638e-09
9860.0  9.98673e-09
9865.0  9.86183e-09
9870.0  9.75784e-09
9875.0  9.77167e-09
9880.0  9.71141e-09
9885.0  9.60185e-09
9890.0  9.67423e-09
9895.0  9.66264e-09
9900.0  9.61345e-09
9905.0  9.59486e-09
9910.0  9.71964e-09
9915.0  9.85297e-09
9920.0  9.81229e-09
9925.0  9.90696e-09
9930.0  1.01124e-08
9935.0  9.87399e-09
9940.0  1.00805e-08
9945.0  1.02643e-08
9950.0  1.02724e-08
9955.0  1.02389e-08
9960.0  1.03531e-08
9965.0  1.01921e-08
9970.0  1.02421e-08
9975.0  1.04343e-08
9980.0  1.01139e-08
9985.0  9.97032e-09
9990.0  9.92752e-09
9995.0  1.02097e-08
10000.0  1.0209e-08
10005.0  1.02026e-08
10010.0  1.02061e-08
10015.0  1.02105e-08
10020.0  1.02161e-08
10025.0  1.02227e-08
10030.0  1.02304e-08
10035.0  1.02392e-08
10040.0  1.02492e-08
10045.0  1.02603e-08
10050.0  1.02726e-08
10055.0  1.0286e-08
10060.0  1.03e-08
10065.0  1.03144e-08
10070.0  1.03284e-08
10075.0  1.03418e-08
10080.0  1.03539e-08
10085.0  1.03643e-08
10090.0  1.03725e-08
10095.0  1.03781e-08
10100.0  1.03805e-08
10105.0  1.03795e-08
10110.0  1.03753e-08
10115.0  1.03683e-08
10120.0  1.03588e-08
10125.0  1.03472e-08
10130.0  1.0334e-08
10135.0  1.03195e-08
10140.0  1.03042e-08
10145.0  1.02884e-08
10150.0  1.02725e-08
10155.0  1.02568e-08
10160.0  1.02415e-08
10165.0  1.02264e-08
10170.0  1.02116e-08
10175.0  1.01971e-08
10180.0  1.01828e-08
10185.0  1.01687e-08
10190.0  1.01549e-08
10195.0  1.01413e-08
10200.0  1.01278e-08
10205.0  1.01145e-08
10210.0  1.01015e-08
10215.0  1.00889e-08
10220.0  1.00768e-08
10225.0  1.00652e-08
10230.0  1.00543e-08
10235.0  1.00441e-08
10240.0  1.00349e-08
10245.0  1.00266e-08
10250.0  1.00194e-08
10255.0  1.00133e-08
10260.0  1.00079e-08
10265.0  1.00029e-08
10270.0  9.99796e-09
10275.0  9.99264e-09
10280.0  9.98653e-09
10285.0  9.97927e-09
10290.0  9.97043e-09
10295.0  9.95969e-09
10300.0  9.95317e-09
10305.0  9.97794e-09
10310.0  9.97275e-09
10315.0  9.9611e-09
10320.0  9.94934e-09
10325.0  9.93782e-09
10330.0  9.92698e-09
10335.0  9.91719e-09
10340.0  9.90888e-09
10345.0  9.90245e-09
10350.0  9.89829e-09
10355.0  9.89664e-09
10360.0  9.89733e-09
10365.0  9.90002e-09
10370.0  9.90437e-09
10375.0  9.91005e-09
10380.0  9.91673e-09
10385.0  9.92405e-09
10390.0  9.93169e-09
10395.0  9.93926e-09
10400.0  9.94649e-09
10405.0  9.95307e-09
10410.0  9.95896e-09
10415.0  9.96404e-09
10420.0  9.96837e-09
10425.0  9.97191e-09
10430.0  9.97465e-09
10435.0  9.97656e-09
10440.0  9.97759e-09
10445.0  9.97778e-09
10450.0  9.97706e-09
10455.0  9.97548e-09
10460.0  9.97307e-09
10465.0  9.96996e-09
10470.0  9.96621e-09
10475.0  9.96192e-09
10480.0  9.95718e-09
10485.0  9.95208e-09
10490.0  9.94672e-09
10495.0  9.94119e-09
10500.0  9.93556e-09
10505.0  9.92996e-09
10510.0  9.92434e-09
10515.0  9.91874e-09
10520.0  9.91316e-09
10525.0  9.90758e-09
10530.0  9.90203e-09
10535.0  9.89648e-09
10540.0  9.89096e-09
10545.0  9.88542e-09
10550.0  9.87992e-09
10555.0  9.87443e-09
10560.0  9.86893e-09
10565.0  9.86348e-09
10570.0  9.85801e-09
10575.0  9.85257e-09
10580.0  9.84715e-09
10585.0  9.84172e-09
10590.0  9.83632e-09
10595.0  9.83092e-09
10600.0  9.82555e-09
10605.0  9.82019e-09
10610.0  9.81483e-09
10615.0  9.80949e-09
10620.0  9.79621e-09
10625.0  9.74322e-09
10630.0  9.73055e-09
10635.0  9.72591e-09
10640.0  9.72128e-09
10645.0  9.71665e-09
10650.0  9.712e-09
10655.0  9.70737e-09
10660.0  9.70277e-09
10665.0  9.69813e-09
10670.0  9.69351e-09
10675.0  9.6889e-09
10680.0  9.68428e-09
10685.0  9.67966e-09
10690.0  9.67506e-09
10695.0  9.67042e-09
10700.0  9.66582e-09
10705.0  9.66122e-09
10710.0  9.65661e-09
10715.0  9.65201e-09
10720.0  9.64741e-09
10725.0  9.64282e-09
10730.0  9.63822e-09
10735.0  9.63363e-09
10740.0  9.62903e-09
10745.0  9.62444e-09
10750.0  9.61984e-09
10755.0  9.61527e-09
10760.0  9.61069e-09
10765.0  9.60611e-09
10770.0  9.60153e-09
10775.0  9.59694e-09
10780.0  9.59236e-09
10785.0  9.58779e-09
10790.0  9.58322e-09
10795.0  9.57865e-09
10800.0  9.5741e-09
10805.0  9.56953e-09
10810.0  9.56498e-09
10815.0  9.5604e-09
10820.0  9.55584e-09
10825.0  9.55129e-09
10830.0  9.54675e-09
10835.0  9.5422e-09
10840.0  9.53763e-09
10845.0  9.53308e-09
10850.0  9.52856e-09
10855.0  9.524e-09
10860.0  9.51947e-09
10865.0  9.51492e-09
10870.0  9.51039e-09
10875.0  9.50584e-09
10880.0  9.50132e-09
10885.0  9.4968e-09
10890.0  9.49226e-09
10895.0  9.48774e-09
10900.0  9.4832e-09
10905.0  9.4787e-09
10910.0  9.47417e-09
10915.0  9.46965e-09
10920.0  9.46513e-09
10925.0  9.46061e-09
10930.0  9.45611e-09
10935.0  9.45159e-09
10940.0  9.44709e-09
10945.0  9.44259e-09
10950.0  9.43808e-09
10955.0  9.43359e-09
10960.0  9.42907e-09
10965.0  9.42458e-09
10970.0  9.42009e-09
10975.0  9.4156e-09
10980.0  9.41109e-09
10985.0  9.40662e-09
10990.0  9.40212e-09
10995.0  9.39764e-09
11000.0  9.39317e-09
11005.0  9.38869e-09
11010.0  9.38422e-09
11015.0  9.37972e-09
11020.0  9.37526e-09
11025.0  9.37079e-09
11030.0  9.36632e-09
11035.0  9.36183e-09
11040.0  9.35739e-09
11045.0  9.35292e-09
11050.0  9.34844e-09
11055.0  9.34399e-09
11060.0  9.33955e-09
11065.0  9.33507e-09
11070.0  9.33064e-09
11075.0  9.32616e-09
11080.0  9.32171e-09
11085.0  9.31727e-09
11090.0  9.31282e-09
11095.0  9.30838e-09
11100.0  9.30394e-09
11105.0  9.29951e-09
11110.0  9.29506e-09
11115.0  9.29063e-09
11120.0  9.28619e-09
11125.0  9.28177e-09
11130.0  9.27734e-09
11135.0  9.27293e-09
11140.0  9.26848e-09
11145.0  9.26407e-09
11150.0  9.25963e-09
11155.0  9.25523e-09
11160.0  9.25081e-09
11165.0  9.24638e-09
11170.0  9.24198e-09
11175.0  9.23756e-09
11180.0  9.23317e-09
11185.0  9.22876e-09
11190.0  9.22434e-09
11195.0  9.21995e-09
11200.0  9.21555e-09
11205.0  9.21115e-09
11210.0  9.20675e-09
11215.0  9.20236e-09
11220.0  9.19795e-09
11225.0  9.19356e-09
11230.0  9.18918e-09
11235.0  9.18479e-09
11240.0  9.18042e-09
11245.0  9.17604e-09
11250.0  9.17165e-09
11255.0  9.16727e-09
11260.0  9.16289e-09
11265.0  9.15852e-09
11270.0  9.15414e-09
11275.0  9.14978e-09
11280.0  9.14541e-09
11285.0  9.14104e-09
11290.0  9.13666e-09
11295.0  9.13231e-09
11300.0  9.12794e-09
11305.0  9.12358e-09
11310.0  9.11922e-09
11315.0  9.11488e-09
11320.0  9.11052e-09
11325.0  9.10617e-09
11330.0  9.10182e-09
11335.0  9.09747e-09
11340.0  9.09315e-09
11345.0  9.08878e-09
11350.0  9.08445e-09
11355.0  9.0801e-09
11360.0  9.07577e-09
11365.0  9.07143e-09
11370.0  9.0671e-09
11375.0  9.06276e-09
11380.0  9.05843e-09
11385.0  9.05411e-09
11390.0  9.04979e-09
11395.0  9.04547e-09
11400.0  9.04115e-09
11405.0  9.03681e-09
11410.0  9.0325e-09
11415.0  9.02819e-09
11420.0  9.02386e-09
11425.0  9.01957e-09
11430.0  9.01524e-09
11435.0  9.01094e-09
11440.0  9.00665e-09
11445.0  9.00232e-09
11450.0  8.99804e-09
11455.0  8.99374e-09
11460.0  8.98943e-09
11465.0  8.98515e-09
11470.0  8.98084e-09
11475.0  8.97654e-09
11480.0  8.97227e-09
11485.0  8.96798e-09
11490.0  8.96368e-09
11495.0  8.9594e-09
11500.0  8.95512e-09
11505.0  8.95084e-09
11510.0  8.94655e-09
11515.0  8.94229e-09
11520.0  8.93801e-09
11525.0  8.93372e-09
11530.0  8.92946e-09
11535.0  8.92518e-09
11540.0  8.92093e-09
11545.0  8.91666e-09
11550.0  8.91239e-09
11555.0  8.90813e-09
11560.0  8.90387e-09
11565.0  8.89961e-09
11570.0  8.89536e-09
11575.0  8.89111e-09
11580.0  8.88684e-09
11585.0  8.88261e-09
11590.0  8.87836e-09
11595.0  8.87412e-09
11600.0  8.86987e-09
11605.0  8.86562e-09
11610.0  8.86139e-09
11615.0  8.85716e-09
11620.0  8.85291e-09
11625.0  8.84867e-09
11630.0  8.84444e-09
11635.0  8.8402e-09
11640.0  8.83597e-09
11645.0  8.83176e-09
11650.0  8.82751e-09
11655.0  8.8233e-09
11660.0  8.81908e-09
11665.0  8.81485e-09
11670.0  8.81064e-09
11675.0  8.80643e-09
11680.0  8.8022e-09
11685.0  8.79799e-09
11690.0  8.79378e-09
11695.0  8.78956e-09
11700.0  8.78537e-09
11705.0  8.78118e-09
11710.0  8.77696e-09
11715.0  8.77277e-09
11720.0  8.76856e-09
11725.0  8.76437e-09
11730.0  8.76016e-09
11735.0  8.75597e-09
11740.0  8.75179e-09
11745.0  8.7476e-09
11750.0  8.74339e-09
11755.0  8.73922e-09
11760.0  8.73503e-09
11765.0  8.73085e-09
11770.0  8.72667e-09
11775.0  8.72248e-09
11780.0  8.71831e-09
11785.0  8.71415e-09
11790.0  8.70996e-09
11795.0  8.70579e-09
11800.0  8.70163e-09
11805.0  8.69746e-09
11810.0  8.69328e-09
11815.0  8.68911e-09
11820.0  8.68495e-09
11825.0  8.68081e-09
11830.0  8.67665e-09
11835.0  8.67249e-09
11840.0  8.66832e-09
11845.0  8.66418e-09
11850.0  8.66002e-09
11855.0  8.65586e-09
11860.0  8.65173e-09
11865.0  8.64758e-09
11870.0  8.64345e-09
11875.0  8.63931e-09
11880.0  8.63516e-09
11885.0  8.63102e-09
11890.0  8.62689e-09
11895.0  8.62275e-09
11900.0  8.61862e-09
11905.0  8.61448e-09
11910.0  8.61035e-09
11915.0  8.60621e-09
11920.0  8.6021e-09
11925.0  8.59797e-09
11930.0  8.59385e-09
11935.0  8.58973e-09
11940.0  8.58561e-09
11945.0  8.58148e-09
11950.0  8.57739e-09
11955.0  8.57326e-09
11960.0  8.56916e-09
11965.0  8.56504e-09
11970.0  8.56094e-09
11975.0  8.55683e-09
11980.0  8.55271e-09
11985.0  8.54863e-09
11990.0  8.54452e-09
11995.0  8.54041e-09
12000.0  8.53633e-09
12005.0  8.53224e-09
12010.0  8.52814e-09
12015.0  8.52405e-09
12020.0  8.51995e-09
12025.0  8.51587e-09
12030.0  8.51179e-09
12035.0  8.5077e-09
12040.0  8.50362e-09
12045.0  8.49952e-09
12050.0  8.49545e-09
12055.0  8.49136e-09
12060.0  8.4873e-09
12065.0  8.48323e-09
12070.0  8.47916e-09
12075.0  8.47507e-09
12080.0  8.47101e-09
12085.0  8.46693e-09
12090.0  8.46287e-09
12095.0  8.4588e-09
12100.0  8.45475e-09
12105.0  8.45068e-09
12110.0  8.44663e-09
12115.0  8.44257e-09
12120.0  8.43851e-09
12125.0  8.43446e-09
12130.0  8.43043e-09
12135.0  8.42636e-09
12140.0  8.42232e-09
12145.0  8.41827e-09
12150.0  8.41422e-09
12155.0  8.41019e-09
12160.0  8.40613e-09
12165.0  8.4021e-09
12170.0  8.39805e-09
12175.0  8.39403e-09
12180.0  8.39e-09
12185.0  8.38596e-09
12190.0  8.38195e-09
12195.0  8.37792e-09
12200.0  8.37388e-09
12205.0  8.36986e-09
12210.0  8.36583e-09
12215.0  8.36181e-09
12220.0  8.35777e-09
12225.0  8.35378e-09
12230.0  8.34975e-09
12235.0  8.34574e-09
12240.0  8.34173e-09
12245.0  8.33771e-09
12250.0  8.3337e-09
12255.0  8.3297e-09
12260.0  8.32569e-09
12265.0  8.32168e-09
12270.0  8.31768e-09
12275.0  8.31367e-09
12280.0  8.30968e-09
12285.0  8.30568e-09
12290.0  8.30168e-09
12295.0  8.29769e-09
12300.0  8.2937e-09
12305.0  8.28971e-09
12310.0  8.28572e-09
12315.0  8.28173e-09
12320.0  8.27776e-09
12325.0  8.27376e-09
12330.0  8.26976e-09
12335.0  8.26579e-09
12340.0  8.26181e-09
12345.0  8.25783e-09
12350.0  8.25386e-09
12355.0  8.24988e-09
12360.0  8.2459e-09
12365.0  8.24194e-09
12370.0  8.23797e-09
12375.0  8.234e-09
12380.0  8.23005e-09
12385.0  8.22607e-09
12390.0  8.22211e-09
12395.0  8.21814e-09
12400.0  8.21419e-09
12405.0  8.21022e-09
12410.0  8.20627e-09
12415.0  8.20232e-09
12420.0  8.19838e-09
12425.0  8.19442e-09
12430.0  8.19047e-09
12435.0  8.18653e-09
12440.0  8.18257e-09
12445.0  8.17862e-09
12450.0  8.17469e-09
12455.0  8.17074e-09
12460.0  8.1668e-09
12465.0  8.16286e-09
12470.0  8.15893e-09
12475.0  8.15499e-09
12480.0  8.15106e-09
12485.0  8.14714e-09
12490.0  8.1432e-09
12495.0  8.13927e-09
12500.0  8.13534e-09
12505.0  8.13142e-09
12510.0  8.12748e-09
12515.0  8.12357e-09
12520.0  8.11965e-09
12525.0  8.11574e-09
12530.0  8.11182e-09
12535.0  8.10791e-09
12540.0  8.10398e-09
12545.0  8.10007e-09
12550.0  8.09616e-09
12555.0  8.09225e-09
12560.0  8.08834e-09
12565.0  8.08443e-09
12570.0  8.08054e-09
12575.0  8.07664e-09
12580.0  8.07273e-09
12585.0  8.06882e-09
12590.0  8.06493e-09
12595.0  8.06104e-09
12600.0  8.05714e-09
12605.0  8.05325e-09
12610.0  8.04935e-09
12615.0  8.04548e-09
12620.0  8.04159e-09
12625.0  8.03769e-09
12630.0  8.03381e-09
12635.0  8.02992e-09
12640.0  8.02604e-09
12645.0  8.02215e-09
12650.0  8.01827e-09
12655.0  8.0144e-09
12660.0  8.01053e-09
12665.0  8.00664e-09
12670.0  8.00277e-09
12675.0  7.99891e-09
12680.0  7.99505e-09
12685.0  7.99117e-09
12690.0  7.98731e-09
12695.0  7.98343e-09
12700.0  7.97958e-09
12705.0  7.97572e-09
12710.0  7.97186e-09
12715.0  7.96799e-09
12720.0  7.96414e-09
12725.0  7.96029e-09
12730.0  7.95642e-09
12735.0  7.95258e-09
12740.0  7.94873e-09
12745.0  7.94486e-09
12750.0  7.94102e-09
12755.0  7.93719e-09
12760.0  7.93335e-09
12765.0  7.92949e-09
12770.0  7.92566e-09
12775.0  7.92181e-09
12780.0  7.91796e-09
12785.0  7.91414e-09
12790.0  7.9103e-09
12795.0  7.90647e-09
12800.0  7.90263e-09
12805.0  7.8988e-09
12810.0  7.89498e-09
12815.0  7.89114e-09
12820.0  7.8873e-09
12825.0  7.88348e-09
12830.0  7.87965e-09
12835.0  7.87584e-09
12840.0  7.87201e-09
12845.0  7.8682e-09
12850.0  7.86438e-09
12855.0  7.86057e-09
12860.0  7.85674e-09
12865.0  7.85293e-09
12870.0  7.84913e-09
12875.0  7.84532e-09
12880.0  7.8415e-09
12885.0  7.83768e-09
12890.0  7.83388e-09
12895.0  7.83009e-09
12900.0  7.82628e-09
12905.0  7.82249e-09
12910.0  7.81868e-09
12915.0  7.81488e-09
12920.0  7.81108e-09
12925.0  7.80729e-09
12930.0  7.8035e-09
12935.0  7.79969e-09
12940.0  7.79591e-09
12945.0  7.79212e-09
12950.0  7.78832e-09
12955.0  7.78454e-09
12960.0  7.78074e-09
12965.0  7.77696e-09
12970.0  7.77319e-09
12975.0  7.7694e-09
12980.0  7.76563e-09
12985.0  7.76184e-09
12990.0  7.75808e-09
12995.0  7.75429e-09
13000.0  7.75051e-09
13005.0  7.74675e-09
13010.0  7.74298e-09
13015.0  7.73921e-09
13020.0  7.73543e-09
13025.0  7.73168e-09
13030.0  7.72791e-09
13035.0  7.72414e-09
13040.0  7.72038e-09
13045.0  7.71662e-09
13050.0  7.71285e-09
13055.0  7.7091e-09
13060.0  7.70533e-09
13065.0  7.70159e-09
13070.0  7.69783e-09
13075.0  7.69408e-09
13080.0  7.69032e-09
13085.0  7.68657e-09
13090.0  7.68282e-09
13095.0  7.67908e-09
13100.0  7.67533e-09
13105.0  7.67158e-09
13110.0  7.66785e-09
13115.0  7.6641e-09
13120.0  7.66037e-09
13125.0  7.65663e-09
13130.0  7.65289e-09
13135.0  7.64915e-09
13140.0  7.64542e-09
13145.0  7.64169e-09
13150.0  7.63796e-09
13155.0  7.63422e-09
13160.0  7.63049e-09
13165.0  7.62676e-09
13170.0  7.62304e-09
13175.0  7.61931e-09
13180.0  7.61559e-09
13185.0  7.61186e-09
13190.0  7.60815e-09
13195.0  7.60442e-09
13200.0  7.60071e-09
13205.0  7.59699e-09
13210.0  7.59326e-09
13215.0  7.58957e-09
13220.0  7.58586e-09
13225.0  7.58213e-09
13230.0  7.57842e-09
13235.0  7.57472e-09
13240.0  7.57101e-09
13245.0  7.5673e-09
13250.0  7.56361e-09
13255.0  7.55989e-09
13260.0  7.55619e-09
13265.0  7.5525e-09
13270.0  7.54879e-09
13275.0  7.54509e-09
13280.0  7.5414e-09
13285.0  7.5377e-09
13290.0  7.53401e-09
13295.0  7.53032e-09
13300.0  7.52661e-09
13305.0  7.52293e-09
13310.0  7.51924e-09
13315.0  7.51557e-09
13320.0  7.51186e-09
13325.0  7.50818e-09
13330.0  7.5045e-09
13335.0  7.50082e-09
13340.0  7.49713e-09
13345.0  7.49346e-09
13350.0  7.48977e-09
13355.0  7.48611e-09
13360.0  7.48243e-09
13365.0  7.47875e-09
13370.0  7.47508e-09
13375.0  7.47141e-09
13380.0  7.46774e-09
13385.0  7.46406e-09
13390.0  7.46039e-09
13395.0  7.45673e-09
13400.0  7.45308e-09
13405.0  7.4494e-09
13410.0  7.44574e-09
13415.0  7.44207e-09
13420.0  7.43842e-09
13425.0  7.43475e-09
13430.0  7.4311e-09
13435.0  7.42746e-09
13440.0  7.42379e-09
13445.0  7.42014e-09
13450.0  7.41649e-09
13455.0  7.41284e-09
13460.0  7.40919e-09
13465.0  7.40554e-09
13470.0  7.40189e-09
13475.0  7.39823e-09
13480.0  7.3946e-09
13485.0  7.39095e-09
13490.0  7.38732e-09
13495.0  7.38368e-09
13500.0  7.38003e-09
13505.0  7.3764e-09
13510.0  7.37276e-09
13515.0  7.36912e-09
13520.0  7.36549e-09
13525.0  7.36186e-09
13530.0  7.35822e-09
13535.0  7.35459e-09
13540.0  7.35096e-09
13545.0  7.34733e-09
13550.0  7.3437e-09
13555.0  7.34007e-09
13560.0  7.33644e-09
13565.0  7.33282e-09
13570.0  7.3292e-09
13575.0  7.32558e-09
13580.0  7.32196e-09
13585.0  7.31834e-09
13590.0  7.31473e-09
13595.0  7.3111e-09
13600.0  7.3075e-09
13605.0  7.30388e-09
13610.0  7.30026e-09
13615.0  7.29666e-09
13620.0  7.29305e-09
13625.0  7.28942e-09
13630.0  7.28583e-09
13635.0  7.28222e-09
13640.0  7.27862e-09
13645.0  7.27502e-09
13650.0  7.2714e-09
13655.0  7.26781e-09
13660.0  7.2642e-09
13665.0  7.26059e-09
13670.0  7.257e-09
13675.0  7.25341e-09
13680.0  7.24981e-09
13685.0  7.24621e-09
13690.0  7.24262e-09
13695.0  7.23902e-09
13700.0  7.23544e-09
13705.0  7.23184e-09
13710.0  7.22826e-09
13715.0  7.22467e-09
13720.0  7.22109e-09
13725.0  7.21749e-09
13730.0  7.21391e-09
13735.0  7.21033e-09
13740.0  7.20675e-09
13745.0  7.20317e-09
13750.0  7.19959e-09
13755.0  7.19601e-09
13760.0  7.19243e-09
13765.0  7.18885e-09
13770.0  7.18527e-09
13775.0  7.18172e-09
13780.0  7.17814e-09
13785.0  7.17456e-09
13790.0  7.17099e-09
13795.0  7.16742e-09
13800.0  7.16386e-09
13805.0  7.16028e-09
13810.0  7.15672e-09
13815.0  7.15317e-09
13820.0  7.14959e-09
13825.0  7.14604e-09
13830.0  7.14246e-09
13835.0  7.1389e-09
13840.0  7.13536e-09
13845.0  7.1318e-09
13850.0  7.12824e-09
13855.0  7.12468e-09
13860.0  7.12112e-09
13865.0  7.11758e-09
13870.0  7.11401e-09
13875.0  7.11047e-09
13880.0  7.10691e-09
13885.0  7.10337e-09
13890.0  7.09983e-09
13895.0  7.09628e-09
13900.0  7.09273e-09
13905.0  7.08919e-09
13910.0  7.08565e-09
13915.0  7.08208e-09
13920.0  7.07855e-09
13925.0  7.07501e-09
13930.0  7.07148e-09
13935.0  7.06793e-09
13940.0  7.0644e-09
13945.0  7.06085e-09
13950.0  7.05733e-09
13955.0  7.05379e-09
13960.0  7.05025e-09
13965.0  7.04673e-09
13970.0  7.04321e-09
13975.0  7.03968e-09
13980.0  7.03614e-09
13985.0  7.03261e-09
13990.0  7.02909e-09
13995.0  7.02556e-09
14000.0  7.02205e-09
14005.0  7.01851e-09
14010.0  7.015e-09
14015.0  7.01147e-09
14020.0  7.00795e-09
14025.0  7.00444e-09
14030.0  7.00092e-09
14035.0  6.9974e-09
14040.0  6.99388e-09
14045.0  6.99038e-09
14050.0  6.98686e-09
14055.0  6.98335e-09
14060.0  6.97983e-09
14065.0  6.97633e-09
14070.0  6.97281e-09
14075.0  6.9693e-09
14080.0  6.96581e-09
14085.0  6.9623e-09
14090.0  6.95879e-09
14095.0  6.95529e-09
14100.0  6.95177e-09
14105.0  6.94827e-09
14110.0  6.94478e-09
14115.0  6.94127e-09
14120.0  6.93779e-09
14125.0  6.93428e-09
14130.0  6.93079e-09
14135.0  6.9273e-09
14140.0  6.92378e-09
14145.0  6.92029e-09
14150.0  6.91681e-09
14155.0  6.91332e-09
14160.0  6.90982e-09
14165.0  6.90633e-09
14170.0  6.90284e-09
14175.0  6.89936e-09
14180.0  6.89588e-09
14185.0  6.89239e-09
14190.0  6.88891e-09
14195.0  6.88541e-09
14200.0  6.88193e-09
14205.0  6.87845e-09
14210.0  6.87496e-09
14215.0  6.8715e-09
14220.0  6.86801e-09
14225.0  6.86453e-09
14230.0  6.86105e-09
14235.0  6.85757e-09
14240.0  6.85411e-09
14245.0  6.85063e-09
14250.0  6.84717e-09
14255.0  6.84369e-09
14260.0  6.84021e-09
14265.0  6.83676e-09
14270.0  6.83327e-09
14275.0  6.82981e-09
14280.0  6.82634e-09
14285.0  6.82287e-09
14290.0  6.81941e-09
14295.0  6.81595e-09
14300.0  6.81249e-09
14305.0  6.80902e-09
14310.0  6.80555e-09
14315.0  6.80209e-09
14320.0  6.79864e-09
14325.0  6.79518e-09
14330.0  6.79172e-09
14335.0  6.78827e-09
14340.0  6.7848e-09
14345.0  6.78135e-09
14350.0  6.7779e-09
14355.0  6.77444e-09
14360.0  6.77099e-09
14365.0  6.76754e-09
14370.0  6.7641e-09
14375.0  6.76065e-09
14380.0  6.7572e-09
14385.0  6.75375e-09
14390.0  6.7503e-09
14395.0  6.74685e-09
14400.0  6.74341e-09
14405.0  6.73997e-09
14410.0  6.73652e-09
14415.0  6.73309e-09
14420.0  6.72964e-09
14425.0  6.72622e-09
14430.0  6.72276e-09
14435.0  6.71933e-09
14440.0  6.71588e-09
14445.0  6.71244e-09
14450.0  6.70902e-09
14455.0  6.70558e-09
14460.0  6.70215e-09
14465.0  6.69872e-09
14470.0  6.69529e-09
14475.0  6.69185e-09
14480.0  6.68842e-09
14485.0  6.68499e-09
14490.0  6.68157e-09
14495.0  6.67815e-09
14500.0  6.67471e-09
14505.0  6.67128e-09
14510.0  6.66786e-09
14515.0  6.66444e-09
14520.0  6.66102e-09
14525.0  6.6576e-09
14530.0  6.65417e-09
14535.0  6.65076e-09
14540.0  6.64732e-09
14545.0  6.64392e-09
14550.0  6.64049e-09
14555.0  6.63708e-09
14560.0  6.63366e-09
14565.0  6.63025e-09
14570.0  6.62684e-09
14575.0  6.62342e-09
14580.0  6.62001e-09
14585.0  6.61659e-09
14590.0  6.61319e-09
14595.0  6.60977e-09
14600.0  6.60637e-09
14605.0  6.60296e-09
14610.0  6.59956e-09
14615.0  6.59615e-09
14620.0  6.59273e-09
14625.0  6.58934e-09
14630.0  6.58593e-09
14635.0  6.58252e-09
14640.0  6.57911e-09
14645.0  6.57572e-09
14650.0  6.57232e-09
14655.0  6.56891e-09
14660.0  6.56552e-09
14665.0  6.56213e-09
14670.0  6.55874e-09
14675.0  6.55533e-09
14680.0  6.55193e-09
14685.0  6.54853e-09
14690.0  6.54515e-09
14695.0  6.54176e-09
14700.0  6.53835e-09
14705.0  6.53497e-09
14710.0  6.53157e-09
14715.0  6.52818e-09
14720.0  6.5248e-09
14725.0  6.52141e-09
14730.0  6.51802e-09
14735.0  6.51463e-09
14740.0  6.51125e-09
14745.0  6.50786e-09
14750.0  6.50447e-09
14755.0  6.5011e-09
14760.0  6.49771e-09
14765.0  6.49432e-09
14770.0  6.49096e-09
14775.0  6.48757e-09
14780.0  6.4842e-09
14785.0  6.48081e-09
14790.0  6.47743e-09
14795.0  6.47405e-09
14800.0  6.47067e-09
14805.0  6.4673e-09
14810.0  6.46393e-09
14815.0  6.46054e-09
14820.0  6.45719e-09
14825.0  6.45381e-09
14830.0  6.45043e-09
14835.0  6.44706e-09
14840.0  6.4437e-09
14845.0  6.44032e-09
14850.0  6.43695e-09
14855.0  6.43358e-09
14860.0  6.43021e-09
14865.0  6.42684e-09
14870.0  6.42347e-09
14875.0  6.42013e-09
14880.0  6.41676e-09
14885.0  6.41339e-09
14890.0  6.41003e-09
14895.0  6.40666e-09
14900.0  6.4033e-09
14905.0  6.39993e-09
14910.0  6.39658e-09
14915.0  6.39322e-09
14920.0  6.38987e-09
14925.0  6.38651e-09
14930.0  6.38315e-09
14935.0  6.37979e-09
14940.0  6.37644e-09
14945.0  6.37308e-09
14950.0  6.36973e-09
14955.0  6.36638e-09
14960.0  6.36302e-09
14965.0  6.35967e-09
14970.0  6.35631e-09
14975.0  6.35296e-09
14980.0  6.34962e-09
14985.0  6.34626e-09
14990.0  6.34292e-09
14995.0  6.33958e-09
15000.0  6.33622e-09
15005.0  6.33288e-09
15010.0  6.32953e-09
15015.0  6.32618e-09
15020.0  6.32285e-09
15025.0  6.3195e-09
15030.0  6.31616e-09
15035.0  6.3128e-09
15040.0  6.30947e-09
15045.0  6.30612e-09
15050.0  6.30278e-09
15055.0  6.29944e-09
15060.0  6.29611e-09
15065.0  6.29277e-09
15070.0  6.28943e-09
15075.0  6.28609e-09
15080.0  6.28276e-09
15085.0  6.27943e-09
15090.0  6.27609e-09
15095.0  6.27275e-09
15100.0  6.26943e-09
15105.0  6.26609e-09
15110.0  6.26276e-09
15115.0  6.25944e-09
15120.0  6.2561e-09
15125.0  6.25277e-09
15130.0  6.24943e-09
15135.0  6.24612e-09
15140.0  6.24278e-09
15145.0  6.23945e-09
15150.0  6.23613e-09
15155.0  6.23279e-09
15160.0  6.22947e-09
15165.0  6.22615e-09
15170.0  6.22282e-09
15175.0  6.2195e-09
15180.0  6.21617e-09
15185.0  6.21286e-09
15190.0  6.20953e-09
15195.0  6.20621e-09
15200.0  6.20289e-09
15205.0  6.19956e-09
15210.0  6.19625e-09
15215.0  6.19293e-09
15220.0  6.18962e-09
15225.0  6.18629e-09
15230.0  6.18297e-09
15235.0  6.17966e-09
15240.0  6.17635e-09
15245.0  6.17303e-09
15250.0  6.16972e-09
15255.0  6.1664e-09
15260.0  6.16309e-09
15265.0  6.15977e-09
15270.0  6.15646e-09
15275.0  6.15314e-09
15280.0  6.14984e-09
15285.0  6.14653e-09
15290.0  6.14323e-09
15295.0  6.13992e-09
15300.0  6.13662e-09
15305.0  6.1333e-09
15310.0  6.13e-09
15315.0  6.12669e-09
15320.0  6.12337e-09
15325.0  6.12007e-09
15330.0  6.11677e-09
15335.0  6.11346e-09
15340.0  6.11016e-09
15345.0  6.10685e-09
15350.0  6.10355e-09
15355.0  6.10025e-09
15360.0  6.09694e-09
15365.0  6.09364e-09
15370.0  6.09035e-09
15375.0  6.08704e-09
15380.0  6.08374e-09
15385.0  6.08045e-09
15390.0  6.07715e-09
15395.0  6.07385e-09
15400.0  6.07056e-09
15405.0  6.06725e-09
15410.0  6.06397e-09
15415.0  6.06066e-09
15420.0  6.05738e-09
15425.0  6.05409e-09
15430.0  6.05078e-09
15435.0  6.04749e-09
15440.0  6.04421e-09
15445.0  6.04091e-09
15450.0  6.03762e-09
15455.0  6.03432e-09
15460.0  6.03103e-09
15465.0  6.02774e-09
15470.0  6.02446e-09
15475.0  6.02116e-09
15480.0  6.01788e-09
15485.0  6.01459e-09
15490.0  6.0113e-09
15495.0  6.00802e-09
15500.0  6.00473e-09
15505.0  6.00145e-09
15510.0  5.99816e-09
15515.0  5.99488e-09
15520.0  5.99159e-09
15525.0  5.98831e-09
15530.0  5.98502e-09
15535.0  5.98173e-09
15540.0  5.97845e-09
15545.0  5.97518e-09
15550.0  5.9719e-09
15555.0  5.96862e-09
15560.0  5.96533e-09
15565.0  5.96205e-09
15570.0  5.95878e-09
15575.0  5.95549e-09
15580.0  5.95221e-09
15585.0  5.94895e-09
15590.0  5.94566e-09
15595.0  5.94238e-09
15600.0  5.93912e-09
15605.0  5.93584e-09
15610.0  5.93256e-09
15615.0  5.92928e-09
15620.0  5.92601e-09
15625.0  5.92274e-09
15630.0  5.91946e-09
15635.0  5.91618e-09
15640.0  5.91291e-09
15645.0  5.90964e-09
15650.0  5.90637e-09
15655.0  5.90311e-09
15660.0  5.89983e-09
15665.0  5.89656e-09
15670.0  5.89329e-09
15675.0  5.89001e-09
15680.0  5.88675e-09
15685.0  5.88348e-09
15690.0  5.88022e-09
15695.0  5.87694e-09
15700.0  5.87368e-09
15705.0  5.87041e-09
15710.0  5.86715e-09
15715.0  5.86388e-09
15720.0  5.86062e-09
15725.0  5.85735e-09
15730.0  5.85408e-09
15735.0  5.85082e-09
15740.0  5.82703e-09
15745.0  5.69744e-09
15750.0  5.65797e-09
15755.0  5.6729e-09
15760.0  5.66216e-09
15765.0  5.56541e-09
15770.0  5.53877e-09
15775.0  5.62233e-09
15780.0  5.72673e-09
15785.0  5.80702e-09
15790.0  5.83146e-09
15795.0  5.82912e-09
15800.0  5.8404e-09
15805.0  5.86344e-09
15810.0  5.85538e-09
15815.0  5.7913e-09
15820.0  5.73062e-09
15825.0  5.74151e-09
15830.0  5.77188e-09
15835.0  5.76027e-09
15840.0  5.77454e-09
15845.0  5.80669e-09
15850.0  5.81166e-09
15855.0  5.81016e-09
15860.0  5.79208e-09
15865.0  5.77201e-09
15870.0  5.76919e-09
15875.0  5.75877e-09
15880.0  5.71557e-09
15885.0  5.61623e-09
15890.0  5.53689e-09
15895.0  5.55235e-09
15900.0  5.63703e-09
15905.0  5.69246e-09
15910.0  5.68342e-09
15915.0  5.6757e-09
15920.0  5.70632e-09
15925.0  5.74199e-09
15930.0  5.76668e-09
15935.0  5.77574e-09
15940.0  5.76019e-09
15945.0  5.75073e-09
15950.0  5.75122e-09
15955.0  5.72447e-09
15960.0  5.6795e-09
15965.0  5.65588e-09
15970.0  5.69335e-09
15975.0  5.71578e-09
15980.0  5.69455e-09
15985.0  5.70504e-09
15990.0  5.74499e-09
15995.0  5.76684e-09
16000.0  5.75878e-09
16005.0  5.69955e-09
16010.0  5.65517e-09
16015.0  5.67958e-09
16020.0  5.71168e-09
16025.0  5.72263e-09
16030.0  5.69728e-09
16035.0  5.65718e-09
16040.0  5.60773e-09
16045.0  5.63709e-09
16050.0  5.67238e-09
16055.0  5.63686e-09
16060.0  5.62866e-09
16065.0  5.62555e-09
16070.0  5.60639e-09
16075.0  5.59636e-09
16080.0  5.66939e-09
16085.0  5.73121e-09
16090.0  5.7135e-09
16095.0  5.65922e-09
16100.0  5.62779e-09
16105.0  5.6342e-09
16110.0  5.65842e-09
16115.0  5.67112e-09
16120.0  5.66841e-09
16125.0  5.64597e-09
16130.0  5.61569e-09
16135.0  5.60117e-09
16140.0  5.58454e-09
16145.0  5.59734e-09
16150.0  5.48205e-09
16155.0  5.36775e-09
16160.0  5.42851e-09
16165.0  5.53311e-09
16170.0  5.61327e-09
16175.0  5.64612e-09
16180.0  5.60994e-09
16185.0  5.55589e-09
16190.0  5.49014e-09
16195.0  5.39107e-09
16200.0  5.33205e-09
16205.0  5.35746e-09
16210.0  5.44142e-09
16215.0  5.53235e-09
16220.0  5.56988e-09
16225.0  5.58222e-09
16230.0  5.57239e-09
16235.0  5.58206e-09
16240.0  5.58641e-09
16245.0  5.54077e-09
16250.0  5.49855e-09
16255.0  5.49962e-09
16260.0  5.52029e-09
16265.0  5.56158e-09
16270.0  5.60137e-09
16275.0  5.60569e-09
16280.0  5.61568e-09
16285.0  5.59866e-09
16290.0  5.57619e-09
16295.0  5.57602e-09
16300.0  5.56786e-09
16305.0  5.55473e-09
16310.0  5.52265e-09
16315.0  5.4846e-09
16320.0  5.48777e-09
16325.0  5.52646e-09
16330.0  5.56707e-09
16335.0  5.59469e-09
16340.0  5.60946e-09
16345.0  5.60613e-09
16350.0  5.51944e-09
16355.0  5.48331e-09
16360.0  5.48163e-09
16365.0  5.46883e-09
16370.0  5.47574e-09
16375.0  5.50425e-09
16380.0  5.51358e-09
16385.0  5.46857e-09
16390.0  5.42399e-09
16395.0  5.39768e-09
16400.0  5.35497e-09
16405.0  5.36873e-09
16410.0  5.41211e-09
16415.0  5.41105e-09
16420.0  5.40694e-09
16425.0  5.40372e-09
16430.0  5.40051e-09
16435.0  5.39728e-09
16440.0  5.39405e-09
16445.0  5.39084e-09
16450.0  5.38762e-09
16455.0  5.3844e-09
16460.0  5.38118e-09
16465.0  5.37797e-09
16470.0  5.37474e-09
16475.0  5.37153e-09
16480.0  5.36831e-09
16485.0  5.36509e-09
16490.0  5.36188e-09
16495.0  5.35865e-09
16500.0  5.35543e-09
16505.0  5.35222e-09
16510.0  5.349e-09
16515.0  5.34578e-09
16520.0  5.34257e-09
16525.0  5.33935e-09
16530.0  5.33613e-09
16535.0  5.33293e-09
16540.0  5.3297e-09
16545.0  5.32649e-09
16550.0  5.32327e-09
16555.0  5.32006e-09
16560.0  5.31685e-09
16565.0  5.31364e-09
16570.0  5.31042e-09
16575.0  5.30721e-09
16580.0  5.30399e-09
16585.0  5.30079e-09
16590.0  5.29757e-09
16595.0  5.29436e-09
16600.0  5.29115e-09
16605.0  5.28792e-09
16610.0  5.28471e-09
16615.0  5.2815e-09
16620.0  5.2783e-09
16625.0  5.2751e-09
16630.0  5.27187e-09
16635.0  5.26867e-09
16640.0  5.26546e-09
16645.0  5.26225e-09
16650.0  5.25904e-09
16655.0  5.25583e-09
16660.0  5.25263e-09
16665.0  5.24941e-09
16670.0  5.24621e-09
16675.0  5.243e-09
16680.0  5.23979e-09
16685.0  5.23658e-09
16690.0  5.23338e-09
16695.0  5.23018e-09
16700.0  5.22697e-09
16705.0  5.22376e-09
16710.0  5.22056e-09
16715.0  5.21735e-09
16720.0  5.21416e-09
16725.0  5.21095e-09
16730.0  5.20775e-09
16735.0  5.20454e-09
16740.0  5.20133e-09
16745.0  5.19813e-09
16750.0  5.19493e-09
16755.0  5.19173e-09
16760.0  5.18853e-09
16765.0  5.18532e-09
16770.0  5.18212e-09
16775.0  5.17893e-09
16780.0  5.17572e-09
16785.0  5.17252e-09
16790.0  5.16931e-09
16795.0  5.16612e-09
16800.0  5.16291e-09
16805.0  5.15972e-09
16810.0  5.15651e-09
16815.0  5.15333e-09
16820.0  5.15012e-09
16825.0  5.14693e-09
16830.0  5.14374e-09
16835.0  5.14053e-09
16840.0  5.13734e-09
16845.0  5.13414e-09
16850.0  5.13095e-09
16855.0  5.12776e-09
16860.0  5.12455e-09
16865.0  5.12136e-09
16870.0  5.11817e-09
16875.0  5.11497e-09
16880.0  5.11179e-09
16885.0  5.10859e-09
16890.0  5.1054e-09
16895.0  5.1022e-09
16900.0  5.09901e-09
16905.0  5.09582e-09
16910.0  5.09262e-09
16915.0  5.08943e-09
16920.0  5.08624e-09
16925.0  5.08306e-09
16930.0  5.07986e-09
16935.0  5.07667e-09
16940.0  5.07349e-09
16945.0  5.0703e-09
16950.0  5.06711e-09
16955.0  5.06393e-09
16960.0  5.06073e-09
16965.0  5.05755e-09
16970.0  5.05436e-09
16975.0  5.05118e-09
16980.0  5.04799e-09
16985.0  5.0448e-09
16990.0  5.04162e-09
16995.0  5.03843e-09
17000.0  5.03525e-09
17005.0  5.03206e-09
17010.0  5.02888e-09
17015.0  5.0257e-09
17020.0  5.02251e-09
17025.0  5.01934e-09
17030.0  5.01615e-09
17035.0  5.01297e-09
17040.0  5.00979e-09
17045.0  5.00661e-09
17050.0  5.00344e-09
17055.0  5.00025e-09
17060.0  4.99706e-09
17065.0  4.99388e-09
17070.0  4.99071e-09
17075.0  4.98753e-09
17080.0  4.98435e-09
17085.0  4.98118e-09
17090.0  4.978e-09
17095.0  4.97483e-09
17100.0  4.97164e-09
17105.0  4.96846e-09
17110.0  4.96529e-09
17115.0  4.96212e-09
17120.0  4.95894e-09
17125.0  4.95577e-09
17130.0  4.95259e-09
17135.0  4.94943e-09
17140.0  4.94625e-09
17145.0  4.94307e-09
17150.0  4.93991e-09
17155.0  4.93673e-09
17160.0  4.93357e-09
17165.0  4.9304e-09
17170.0  4.92722e-09
17175.0  4.92406e-09
17180.0  4.92089e-09
17185.0  4.91772e-09
17190.0  4.91455e-09
17195.0  4.91137e-09
17200.0  4.90822e-09
17205.0  4.90505e-09
17210.0  4.90188e-09
17215.0  4.89872e-09
17220.0  4.89555e-09
17225.0  4.89238e-09
17230.0  4.88922e-09
17235.0  4.88605e-09
17240.0  4.88289e-09
17245.0  4.87972e-09
17250.0  4.87656e-09
17255.0  4.87341e-09
17260.0  4.87024e-09
17265.0  4.86708e-09
17270.0  4.86392e-09
17275.0  4.86075e-09
17280.0  4.8576e-09
17285.0  4.85443e-09
17290.0  4.85128e-09
17295.0  4.84811e-09
17300.0  4.84496e-09
17305.0  4.8418e-09
17310.0  4.83864e-09
17315.0  4.83548e-09
17320.0  4.83234e-09
17325.0  4.82917e-09
17330.0  4.82602e-09
17335.0  4.82286e-09
17340.0  4.81971e-09
17345.0  4.81656e-09
17350.0  4.81341e-09
17355.0  4.81026e-09
17360.0  4.8071e-09
17365.0  4.80396e-09
17370.0  4.8008e-09
17375.0  4.79765e-09
17380.0  4.7945e-09
17385.0  4.79134e-09
17390.0  4.78819e-09
17395.0  4.78504e-09
17400.0  4.7819e-09
17405.0  4.77876e-09
17410.0  4.7756e-09
17415.0  4.77245e-09
17420.0  4.76931e-09
17425.0  4.76617e-09
17430.0  4.76303e-09
17435.0  4.75988e-09
17440.0  4.75673e-09
17445.0  4.75359e-09
17450.0  4.75044e-09
17455.0  4.74729e-09
17460.0  4.74416e-09
17465.0  4.74102e-09
17470.0  4.73787e-09
17475.0  4.73473e-09
17480.0  4.73159e-09
17485.0  4.72846e-09
17490.0  4.72532e-09
17495.0  4.72217e-09
17500.0  4.71905e-09
17505.0  4.71591e-09
17510.0  4.71276e-09
17515.0  4.70963e-09
17520.0  4.70649e-09
17525.0  4.70336e-09
17530.0  4.70022e-09
17535.0  4.69709e-09
17540.0  4.69396e-09
17545.0  4.69082e-09
17550.0  4.68768e-09
17555.0  4.68456e-09
17560.0  4.68143e-09
17565.0  4.67829e-09
17570.0  4.67516e-09
17575.0  4.67204e-09
17580.0  4.6689e-09
17585.0  4.66578e-09
17590.0  4.66265e-09
17595.0  4.65952e-09
17600.0  4.65639e-09
17605.0  4.65327e-09
17610.0  4.65014e-09
17615.0  4.64702e-09
17620.0  4.64389e-09
17625.0  4.64076e-09
17630.0  4.63764e-09
17635.0  4.63452e-09
17640.0  4.6314e-09
17645.0  4.62827e-09
17650.0  4.62515e-09
17655.0  4.62204e-09
17660.0  4.61891e-09
17665.0  4.61579e-09
17670.0  4.61267e-09
17675.0  4.60956e-09
17680.0  4.60643e-09
17685.0  4.60332e-09
17690.0  4.60021e-09
17695.0  4.59708e-09
17700.0  4.59397e-09
17705.0  4.59085e-09
17710.0  4.58774e-09
17715.0  4.58462e-09
17720.0  4.58151e-09
17725.0  4.5784e-09
17730.0  4.57528e-09
17735.0  4.57218e-09
17740.0  4.56907e-09
17745.0  4.56596e-09
17750.0  4.56284e-09
17755.0  4.55974e-09
17760.0  4.55663e-09
17765.0  4.55352e-09
17770.0  4.55042e-09
17775.0  4.5473e-09
17780.0  4.5442e-09
17785.0  4.5411e-09
17790.0  4.53799e-09
17795.0  4.53488e-09
17800.0  4.53178e-09
17805.0  4.52868e-09
17810.0  4.52557e-09
17815.0  4.52247e-09
17820.0  4.51937e-09
17825.0  4.51627e-09
17830.0  4.51317e-09
17835.0  4.51007e-09
17840.0  4.50698e-09
17845.0  4.50387e-09
17850.0  4.50078e-09
17855.0  4.49768e-09
17860.0  4.49458e-09
17865.0  4.49148e-09
17870.0  4.48839e-09
17875.0  4.48529e-09
17880.0  4.48221e-09
17885.0  4.47911e-09
17890.0  4.47602e-09
17895.0  4.47292e-09
17900.0  4.46984e-09
17905.0  4.46675e-09
17910.0  4.46366e-09
17915.0  4.46057e-09
17920.0  4.45748e-09
17925.0  4.45438e-09
17930.0  4.4513e-09
17935.0  4.44822e-09
17940.0  4.44513e-09
17945.0  4.44204e-09
17950.0  4.43895e-09
17955.0  4.43587e-09
17960.0  4.43279e-09
17965.0  4.42971e-09
17970.0  4.42662e-09
17975.0  4.42354e-09
17980.0  4.42046e-09
17985.0  4.41738e-09
17990.0  4.4143e-09
17995.0  4.41122e-09
18000.0  4.40815e-09
18005.0  4.40507e-09
18010.0  4.40199e-09
18015.0  4.39891e-09
18020.0  4.39584e-09
18025.0  4.39276e-09
18030.0  4.38969e-09
18035.0  4.38661e-09
18040.0  4.38354e-09
18045.0  4.38047e-09
18050.0  4.37739e-09
18055.0  4.37432e-09
18060.0  4.37125e-09
18065.0  4.36819e-09
18070.0  4.36512e-09
18075.0  4.36205e-09
18080.0  4.35898e-09
18085.0  4.35592e-09
18090.0  4.35285e-09
18095.0  4.34979e-09
18100.0  4.34671e-09
18105.0  4.34365e-09
18110.0  4.34059e-09
18115.0  4.33753e-09
18120.0  4.33448e-09
18125.0  4.3314e-09
18130.0  4.32835e-09
18135.0  4.32529e-09
18140.0  4.32223e-09
18145.0  4.31917e-09
18150.0  4.31612e-09
18155.0  4.31306e-09
18160.0  4.31e-09
18165.0  4.30695e-09
18170.0  4.30389e-09
18175.0  4.30083e-09
18180.0  4.29778e-09
18185.0  4.29472e-09
18190.0  4.29168e-09
18195.0  4.28862e-09
18200.0  4.28557e-09
18205.0  4.28253e-09
18210.0  4.27948e-09
18215.0  4.27643e-09
18220.0  4.27338e-09
18225.0  4.27033e-09
18230.0  4.26729e-09
18235.0  4.26424e-09
18240.0  4.2612e-09
18245.0  4.25815e-09
18250.0  4.25511e-09
18255.0  4.25207e-09
18260.0  4.24903e-09
18265.0  4.24599e-09
18270.0  4.24294e-09
18275.0  4.2399e-09
18280.0  4.23686e-09
18285.0  4.23382e-09
18290.0  4.23079e-09
18295.0  4.22775e-09
18300.0  4.22471e-09
18305.0  4.22168e-09
18310.0  4.21864e-09
18315.0  4.21561e-09
18320.0  4.21258e-09
18325.0  4.20955e-09
18330.0  4.20652e-09
18335.0  4.20348e-09
18340.0  4.20045e-09
18345.0  4.19743e-09
18350.0  4.1944e-09
18355.0  4.19137e-09
18360.0  4.18834e-09
18365.0  4.18532e-09
18370.0  4.18229e-09
18375.0  4.17927e-09
18380.0  4.17624e-09
18385.0  4.17322e-09
18390.0  4.1702e-09
18395.0  4.16717e-09
18400.0  4.16416e-09
18405.0  4.16114e-09
18410.0  4.15811e-09
18415.0  4.1551e-09
18420.0  4.15208e-09
18425.0  4.14906e-09
18430.0  4.14605e-09
18435.0  4.14303e-09
18440.0  4.14001e-09
18445.0  4.137e-09
18450.0  4.13399e-09
18455.0  4.13098e-09
18460.0  4.12796e-09
18465.0  4.12496e-09
18470.0  4.12195e-09
18475.0  4.11894e-09
18480.0  4.11593e-09
18485.0  4.11292e-09
18490.0  4.10991e-09
18495.0  4.10691e-09
18500.0  4.10391e-09
18505.0  4.1009e-09
18510.0  4.09789e-09
18515.0  4.09489e-09
18520.0  4.09189e-09
18525.0  4.08889e-09
18530.0  4.08589e-09
18535.0  4.08289e-09
18540.0  4.07989e-09
18545.0  4.07689e-09
18550.0  4.0739e-09
18555.0  4.0709e-09
18560.0  4.0679e-09
18565.0  4.06491e-09
18570.0  4.06191e-09
18575.0  4.05893e-09
18580.0  4.05593e-09
18585.0  4.05294e-09
18590.0  4.04995e-09
18595.0  4.04695e-09
18600.0  4.04397e-09
18605.0  4.04098e-09
18610.0  4.03799e-09
18615.0  4.03501e-09
18620.0  4.03202e-09
18625.0  4.02903e-09
18630.0  4.02606e-09
18635.0  4.02307e-09
18640.0  4.02009e-09
18645.0  4.01711e-09
18650.0  4.01413e-09
18655.0  4.01115e-09
18660.0  4.00816e-09
18665.0  4.00519e-09
18670.0  4.00221e-09
18675.0  3.99924e-09
18680.0  3.99626e-09
18685.0  3.99329e-09
18690.0  3.99032e-09
18695.0  3.98734e-09
18700.0  3.98437e-09
18705.0  3.98139e-09
18710.0  3.97843e-09
18715.0  3.97545e-09
18720.0  3.97249e-09
18725.0  3.96952e-09
18730.0  3.96655e-09
18735.0  3.96359e-09
18740.0  3.96062e-09
18745.0  3.95766e-09
18750.0  3.9547e-09
18755.0  3.95172e-09
18760.0  3.94877e-09
18765.0  3.94581e-09
18770.0  3.94284e-09
18775.0  3.93989e-09
18780.0  3.93693e-09
18785.0  3.93397e-09
18790.0  3.93101e-09
18795.0  3.92806e-09
18800.0  3.92511e-09
18805.0  3.92215e-09
18810.0  3.91919e-09
18815.0  3.91624e-09
18820.0  3.91329e-09
18825.0  3.91035e-09
18830.0  3.90739e-09
18835.0  3.90444e-09
18840.0  3.90149e-09
18845.0  3.89856e-09
18850.0  3.8956e-09
18855.0  3.89266e-09
18860.0  3.88972e-09
18865.0  3.88677e-09
18870.0  3.88383e-09
18875.0  3.88089e-09
18880.0  3.87795e-09
18885.0  3.87501e-09
18890.0  3.87207e-09
18895.0  3.86913e-09
18900.0  3.86619e-09
18905.0  3.86327e-09
18910.0  3.86032e-09
18915.0  3.85739e-09
18920.0  3.85446e-09
18925.0  3.85152e-09
18930.0  3.84859e-09
18935.0  3.84566e-09
18940.0  3.84273e-09
18945.0  3.83981e-09
18950.0  3.83687e-09
18955.0  3.83395e-09
18960.0  3.83102e-09
18965.0  3.82809e-09
18970.0  3.82517e-09
18975.0  3.82225e-09
18980.0  3.81933e-09
18985.0  3.81641e-09
18990.0  3.81349e-09
18995.0  3.81057e-09
19000.0  3.80764e-09
19005.0  3.80473e-09
19010.0  3.80181e-09
19015.0  3.7989e-09
19020.0  3.79598e-09
19025.0  3.79307e-09
19030.0  3.79016e-09
19035.0  3.78725e-09
19040.0  3.78433e-09
19045.0  3.78142e-09
19050.0  3.77851e-09
19055.0  3.77561e-09
19060.0  3.7727e-09
19065.0  3.76979e-09
19070.0  3.76688e-09
19075.0  3.76398e-09
19080.0  3.76108e-09
19085.0  3.75818e-09
19090.0  3.75527e-09
19095.0  3.75238e-09
19100.0  3.74947e-09
19105.0  3.74658e-09
19110.0  3.74368e-09
19115.0  3.74078e-09
19120.0  3.73788e-09
19125.0  3.73498e-09
19130.0  3.7321e-09
19135.0  3.7292e-09
19140.0  3.72631e-09
19145.0  3.72342e-09
19150.0  3.72053e-09
19155.0  3.71764e-09
19160.0  3.71475e-09
19165.0  3.71187e-09
19170.0  3.70898e-09
19175.0  3.70609e-09
19180.0  3.7032e-09
19185.0  3.70032e-09
19190.0  3.69744e-09
19195.0  3.69456e-09
19200.0  3.69168e-09
19205.0  3.6888e-09
19210.0  3.68592e-09
19215.0  3.68305e-09
19220.0  3.68018e-09
19225.0  3.6773e-09
19230.0  3.67442e-09
19235.0  3.67155e-09
19240.0  3.66867e-09
19245.0  3.6658e-09
19250.0  3.66294e-09
19255.0  3.66007e-09
19260.0  3.6572e-09
19265.0  3.65433e-09
19270.0  3.65146e-09
19275.0  3.6486e-09
19280.0  3.64573e-09
19285.0  3.64287e-09
19290.0  3.64e-09
19295.0  3.63714e-09
19300.0  3.63428e-09
19305.0  3.63142e-09
19310.0  3.62857e-09
19315.0  3.62572e-09
19320.0  3.62285e-09
19325.0  3.62e-09
19330.0  3.61715e-09
19335.0  3.61429e-09
19340.0  3.61144e-09
19345.0  3.60859e-09
19350.0  3.60574e-09
19355.0  3.60289e-09
19360.0  3.60004e-09
19365.0  3.59719e-09
19370.0  3.59435e-09
19375.0  3.5915e-09
19380.0  3.58866e-09
19385.0  3.58582e-09
19390.0  3.58297e-09
19395.0  3.58014e-09
19400.0  3.57729e-09
19405.0  3.57446e-09
19410.0  3.57162e-09
19415.0  3.56878e-09
19420.0  3.56595e-09
19425.0  3.56311e-09
19430.0  3.56028e-09
19435.0  3.55744e-09
19440.0  3.55461e-09
19445.0  3.55178e-09
19450.0  3.54895e-09
19455.0  3.54613e-09
19460.0  3.5433e-09
19465.0  3.54048e-09
19470.0  3.53765e-09
19475.0  3.53482e-09
19480.0  3.532e-09
19485.0  3.52918e-09
19490.0  3.52636e-09
19495.0  3.52354e-09
19500.0  3.52072e-09
19505.0  3.5179e-09
19510.0  3.51508e-09
19515.0  3.51227e-09
19520.0  3.50945e-09
19525.0  3.50663e-09
19530.0  3.50382e-09
19535.0  3.50102e-09
19540.0  3.49821e-09
19545.0  3.4954e-09
19550.0  3.49259e-09
19555.0  3.48978e-09
19560.0  3.48698e-09
19565.0  3.48417e-09
19570.0  3.48137e-09
19575.0  3.47857e-09
19580.0  3.47576e-09
19585.0  3.47296e-09
19590.0  3.47016e-09
19595.0  3.46736e-09
19600.0  3.46457e-09
19605.0  3.46177e-09
19610.0  3.45898e-09
19615.0  3.45618e-09
19620.0  3.45339e-09
19625.0  3.4506e-09
19630.0  3.44781e-09
19635.0  3.44502e-09
19640.0  3.44223e-09
19645.0  3.43944e-09
19650.0  3.43666e-09
19655.0  3.43387e-09
19660.0  3.43108e-09
19665.0  3.4283e-09
19670.0  3.42553e-09
19675.0  3.42274e-09
19680.0  3.41996e-09
19685.0  3.41718e-09
19690.0  3.41441e-09
19695.0  3.41163e-09
19700.0  3.40885e-09
19705.0  3.40608e-09
19710.0  3.40331e-09
19715.0  3.40054e-09
19720.0  3.39776e-09
19725.0  3.39499e-09
19730.0  3.39223e-09
19735.0  3.38946e-09
19740.0  3.38669e-09
19745.0  3.38393e-09
19750.0  3.38117e-09
19755.0  3.37841e-09
19760.0  3.37564e-09
19765.0  3.37288e-09
19770.0  3.37012e-09
19775.0  3.36737e-09
19780.0  3.36461e-09
19785.0  3.36185e-09
19790.0  3.3591e-09
19795.0  3.35634e-09
19800.0  3.3536e-09
19805.0  3.35084e-09
19810.0  3.34809e-09
19815.0  3.34534e-09
19820.0  3.3426e-09
19825.0  3.33985e-09
19830.0  3.3371e-09
19835.0  3.33436e-09
19840.0  3.33161e-09
19845.0  3.32887e-09
19850.0  3.32614e-09
19855.0  3.3234e-09
19860.0  3.32065e-09
19865.0  3.31791e-09
19870.0  3.31518e-09
19875.0  3.31244e-09
19880.0  3.30971e-09
19885.0  3.30697e-09
19890.0  3.30424e-09
19895.0  3.30151e-09
19900.0  3.29879e-09
19905.0  3.29606e-09
19910.0  3.29333e-09
19915.0  3.2906e-09
19920.0  3.28788e-09
19925.0  3.28516e-09
19930.0  3.28243e-09
19935.0  3.27971e-09
19940.0  3.27699e-09
19945.0  3.27428e-09
19950.0  3.27156e-09
19955.0  3.26884e-09
19960.0  3.26613e-09
19965.0  3.26341e-09
19970.0  3.2607e-09
19975.0  3.25799e-09
19980.0  3.25528e-09
19985.0  3.25257e-09
19990.0  3.24987e-09
19995.0  3.24715e-09
20000.0  3.24445e-09
20005.0  3.24174e-09
20010.0  3.23904e-09
20015.0  3.23634e-09
20020.0  3.23364e-09
20025.0  3.23094e-09
20030.0  3.22824e-09
20035.0  3.22554e-09
20040.0  3.22284e-09
20045.0  3.22016e-09
20050.0  3.21746e-09
20055.0  3.21477e-09
20060.0  3.21208e-09
20065.0  3.20938e-09
20070.0  3.2067e-09
20075.0  3.20401e-09
20080.0  3.20133e-09
20085.0  3.19864e-09
20090.0  3.19595e-09
20095.0  3.19327e-09
20100.0  3.19059e-09
20105.0  3.18791e-09
20110.0  3.18523e-09
20115.0  3.18256e-09
20120.0  3.17988e-09
20125.0  3.17721e-09
20130.0  3.17453e-09
20135.0  3.17186e-09
20140.0  3.16919e-09
20145.0  3.16652e-09
20150.0  3.16385e-09
20155.0  3.16118e-09
20160.0  3.15852e-09
20165.0  3.15584e-09
20170.0  3.15318e-09
20175.0  3.15052e-09
20180.0  3.14786e-09
20185.0  3.1452e-09
20190.0  3.14254e-09
20195.0  3.13988e-09
20200.0  3.13723e-09
20205.0  3.13457e-09
20210.0  3.13192e-09
20215.0  3.12927e-09
20220.0  3.12661e-09
20225.0  3.12396e-09
20230.0  3.12132e-09
20235.0  3.11867e-09
20240.0  3.11602e-09
20245.0  3.11337e-09
20250.0  3.11074e-09
20255.0  3.10809e-09
20260.0  3.10545e-09
20265.0  3.10281e-09
20270.0  3.10017e-09
20275.0  3.09753e-09
20280.0  3.0949e-09
20285.0  3.09226e-09
20290.0  3.08963e-09
20295.0  3.08699e-09
20300.0  3.08436e-09
20305.0  3.08174e-09
20310.0  3.0791e-09
20315.0  3.07648e-09
20320.0  3.07385e-09
20325.0  3.07123e-09
20330.0  3.0686e-09
20335.0  3.06598e-09
20340.0  3.06336e-09
20345.0  3.06074e-09
20350.0  3.05812e-09
20355.0  3.05551e-09
20360.0  3.05289e-09
20365.0  3.05027e-09
20370.0  3.04766e-09
20375.0  3.04505e-09
20380.0  3.04244e-09
20385.0  3.03983e-09
20390.0  3.03722e-09
20395.0  3.03462e-09
20400.0  3.03201e-09
20405.0  3.0294e-09
20410.0  3.0268e-09
20415.0  3.0242e-09
20420.0  3.0216e-09
20425.0  3.019e-09
20430.0  3.0164e-09
20435.0  3.01381e-09
20440.0  3.01121e-09
20445.0  3.00862e-09
20450.0  3.00602e-09
20455.0  3.00344e-09
20460.0  3.00085e-09
20465.0  2.99826e-09
20470.0  2.99567e-09
20475.0  2.99308e-09
20480.0  2.99051e-09
20485.0  2.98791e-09
20490.0  2.98534e-09
20495.0  2.98276e-09
20500.0  2.98018e-09
20505.0  2.9776e-09
20510.0  2.97503e-09
20515.0  2.97245e-09
20520.0  2.96988e-09
20525.0  2.9673e-09
20530.0  2.96473e-09
20535.0  2.96217e-09
20540.0  2.9596e-09
20545.0  2.95703e-09
20550.0  2.95446e-09
20555.0  2.9519e-09
20560.0  2.94934e-09
20565.0  2.94677e-09
20570.0  2.94422e-09
20575.0  2.94166e-09
20580.0  2.9391e-09
20585.0  2.93654e-09
20590.0  2.93399e-09
20595.0  2.93143e-09
20600.0  2.92888e-09
20605.0  2.92634e-09
20610.0  2.92378e-09
20615.0  2.92123e-09
20620.0  2.91869e-09
20625.0  2.91614e-09
20630.0  2.9136e-09
20635.0  2.91106e-09
20640.0  2.90852e-09
20645.0  2.90598e-09
20650.0  2.90344e-09
20655.0  2.9009e-09
20660.0  2.89837e-09
20665.0  2.89583e-09
20670.0  2.89329e-09
20675.0  2.89076e-09
20680.0  2.88823e-09
20685.0  2.8857e-09
20690.0  2.88318e-09
20695.0  2.88065e-09
20700.0  2.87813e-09
20705.0  2.8756e-09
20710.0  2.87308e-09
20715.0  2.87057e-09
20720.0  2.86805e-09
20725.0  2.86553e-09
20730.0  2.86301e-09
20735.0  2.8605e-09
20740.0  2.85798e-09
20745.0  2.85547e-09
20750.0  2.85296e-09
20755.0  2.85045e-09
20760.0  2.84794e-09
20765.0  2.84544e-09
20770.0  2.84293e-09
20775.0  2.84043e-09
20780.0  2.83793e-09
20785.0  2.83543e-09
20790.0  2.83293e-09
20795.0  2.83043e-09
20800.0  2.82793e-09
20805.0  2.82543e-09
20810.0  2.82294e-09
20815.0  2.82045e-09
20820.0  2.81796e-09
20825.0  2.81547e-09
20830.0  2.81298e-09
20835.0  2.8105e-09
20840.0  2.80801e-09
20845.0  2.80553e-09
20850.0  2.80305e-09
20855.0  2.80057e-09
20860.0  2.79808e-09
20865.0  2.7956e-09
20870.0  2.79313e-09
20875.0  2.79065e-09
20880.0  2.78818e-09
20885.0  2.78571e-09
20890.0  2.78324e-09
20895.0  2.78077e-09
20900.0  2.7783e-09
20905.0  2.77584e-09
20910.0  2.77337e-09
20915.0  2.77091e-09
20920.0  2.76844e-09
20925.0  2.76598e-09
20930.0  2.76352e-09
20935.0  2.76106e-09
20940.0  2.75861e-09
20945.0  2.75615e-09
20950.0  2.7537e-09
20955.0  2.75125e-09
20960.0  2.74879e-09
20965.0  2.74635e-09
20970.0  2.7439e-09
20975.0  2.74145e-09
20980.0  2.73901e-09
20985.0  2.73656e-09
20990.0  2.73412e-09
20995.0  2.73169e-09
21000.0  2.72924e-09
21005.0  2.7268e-09
21010.0  2.72437e-09
21015.0  2.72193e-09
21020.0  2.7195e-09
21025.0  2.71707e-09
21030.0  2.71464e-09
21035.0  2.71221e-09
21040.0  2.70978e-09
21045.0  2.70736e-09
21050.0  2.70493e-09
21055.0  2.70251e-09
21060.0  2.70009e-09
21065.0  2.69767e-09
21070.0  2.69525e-09
21075.0  2.69284e-09
21080.0  2.69043e-09
21085.0  2.68801e-09
21090.0  2.6856e-09
21095.0  2.68319e-09
21100.0  2.68077e-09
21105.0  2.67837e-09
21110.0  2.67596e-09
21115.0  2.67356e-09
21120.0  2.67115e-09
21125.0  2.66875e-09
21130.0  2.66635e-09
21135.0  2.66395e-09
21140.0  2.66155e-09
21145.0  2.65916e-09
21150.0  2.65676e-09
21155.0  2.65437e-09
21160.0  2.65198e-09
21165.0  2.64959e-09
21170.0  2.6472e-09
21175.0  2.64481e-09
21180.0  2.64243e-09
21185.0  2.64004e-09
21190.0  2.63766e-09
21195.0  2.63528e-09
21200.0  2.6329e-09
21205.0  2.63053e-09
21210.0  2.62815e-09
21215.0  2.62578e-09
21220.0  2.6234e-09
21225.0  2.62103e-09
21230.0  2.61866e-09
21235.0  2.61629e-09
21240.0  2.61392e-09
21245.0  2.61156e-09
21250.0  2.60919e-09
21255.0  2.60683e-09
21260.0  2.60447e-09
21265.0  2.60211e-09
21270.0  2.59975e-09
21275.0  2.5974e-09
21280.0  2.59504e-09
21285.0  2.59269e-09
21290.0  2.59033e-09
21295.0  2.58799e-09
21300.0  2.58564e-09
21305.0  2.5833e-09
21310.0  2.58095e-09
21315.0  2.5786e-09
21320.0  2.57626e-09
21325.0  2.57392e-09
21330.0  2.57158e-09
21335.0  2.56924e-09
21340.0  2.56691e-09
21345.0  2.56457e-09
21350.0  2.56224e-09
21355.0  2.55991e-09
21360.0  2.55758e-09
21365.0  2.55525e-09
21370.0  2.55292e-09
21375.0  2.55059e-09
21380.0  2.54827e-09
21385.0  2.54595e-09
21390.0  2.54363e-09
21395.0  2.54131e-09
21400.0  2.53899e-09
21405.0  2.53668e-09
21410.0  2.53437e-09
21415.0  2.53205e-09
21420.0  2.52974e-09
21425.0  2.52743e-09
21430.0  2.52512e-09
21435.0  2.52282e-09
21440.0  2.52051e-09
21445.0  2.51821e-09
21450.0  2.5159e-09
21455.0  2.5136e-09
21460.0  2.51131e-09
21465.0  2.50901e-09
21470.0  2.50672e-09
21475.0  2.50442e-09
21480.0  2.50213e-09
21485.0  2.49984e-09
21490.0  2.49755e-09
21495.0  2.49527e-09
21500.0  2.49298e-09
21505.0  2.49069e-09
21510.0  2.48842e-09
21515.0  2.48613e-09
21520.0  2.48385e-09
21525.0  2.48158e-09
21530.0  2.4793e-09
21535.0  2.47703e-09
21540.0  2.47475e-09
21545.0  2.47248e-09
21550.0  2.47021e-09
21555.0  2.46794e-09
21560.0  2.46568e-09
21565.0  2.46341e-09
21570.0  2.46115e-09
21575.0  2.45889e-09
21580.0  2.45663e-09
21585.0  2.45437e-09
21590.0  2.45211e-09
21595.0  2.44986e-09
21600.0  2.4476e-09
21605.0  2.44535e-09
21610.0  2.4431e-09
21615.0  2.44086e-09
21620.0  2.43861e-09
21625.0  2.43636e-09
21630.0  2.43412e-09
21635.0  2.43188e-09
21640.0  2.42963e-09
21645.0  2.4274e-09
21650.0  2.42516e-09
21655.0  2.42293e-09
21660.0  2.42069e-09
21665.0  2.41846e-09
21670.0  2.41623e-09
21675.0  2.414e-09
21680.0  2.41177e-09
21685.0  2.40955e-09
21690.0  2.40732e-09
21695.0  2.4051e-09
21700.0  2.40288e-09
21705.0  2.40066e-09
21710.0  2.39844e-09
21715.0  2.39623e-09
21720.0  2.39401e-09
21725.0  2.3918e-09
21730.0  2.38959e-09
21735.0  2.38739e-09
21740.0  2.38518e-09
21745.0  2.38297e-09
21750.0  2.38077e-09
21755.0  2.37857e-09
21760.0  2.37636e-09
21765.0  2.37417e-09
21770.0  2.37197e-09
21775.0  2.36977e-09
21780.0  2.36758e-09
21785.0  2.36538e-09
21790.0  2.36319e-09
21795.0  2.36101e-09
21800.0  2.35882e-09
21805.0  2.35663e-09
21810.0  2.35445e-09
21815.0  2.35227e-09
21820.0  2.35009e-09
21825.0  2.34791e-09
21830.0  2.34573e-09
21835.0  2.34355e-09
21840.0  2.34138e-09
21845.0  2.33921e-09
21850.0  2.33704e-09
21855.0  2.33487e-09
21860.0  2.3327e-09
21865.0  2.33054e-09
21870.0  2.32837e-09
21875.0  2.32621e-09
21880.0  2.32405e-09
21885.0  2.32189e-09
21890.0  2.31974e-09
21895.0  2.31758e-09
21900.0  2.31543e-09
21905.0  2.31327e-09
21910.0  2.31112e-09
21915.0  2.30898e-09
21920.0  2.30684e-09
21925.0  2.30469e-09
21930.0  2.30254e-09
21935.0  2.30041e-09
21940.0  2.29826e-09
21945.0  2.29612e-09
21950.0  2.29398e-09
21955.0  2.29185e-09
21960.0  2.28972e-09
21965.0  2.28759e-09
21970.0  2.28546e-09
21975.0  2.28333e-09
21980.0  2.28121e-09
21985.0  2.27908e-09
21990.0  2.27695e-09
21995.0  2.27484e-09
22000.0  2.27272e-09
22005.0  2.2706e-09
22010.0  2.26848e-09
22015.0  2.26637e-09
22020.0  2.26425e-09
22025.0  2.26214e-09
22030.0  2.26004e-09
22035.0  2.25793e-09
22040.0  2.25582e-09
22045.0  2.25372e-09
22050.0  2.25162e-09
22055.0  2.24951e-09
22060.0  2.24742e-09
22065.0  2.24532e-09
22070.0  2.24322e-09
22075.0  2.24113e-09
22080.0  2.23903e-09
22085.0  2.23694e-09
22090.0  2.23485e-09
22095.0  2.23276e-09
22100.0  2.23068e-09
22105.0  2.2286e-09
22110.0  2.22651e-09
22115.0  2.22443e-09
22120.0  2.22235e-09
22125.0  2.22028e-09
22130.0  2.2182e-09
22135.0  2.21612e-09
22140.0  2.21406e-09
22145.0  2.21198e-09
22150.0  2.20991e-09
22155.0  2.20784e-09
22160.0  2.20578e-09
22165.0  2.20371e-09
22170.0  2.20165e-09
22175.0  2.19959e-09
22180.0  2.19753e-09
22185.0  2.19548e-09
22190.0  2.19342e-09
22195.0  2.19137e-09
22200.0  2.18931e-09
22205.0  2.18726e-09
22210.0  2.18521e-09
22215.0  2.18317e-09
22220.0  2.18112e-09
22225.0  2.17908e-09
22230.0  2.17703e-09
22235.0  2.17499e-09
22240.0  2.17295e-09
22245.0  2.17091e-09
22250.0  2.16888e-09
22255.0  2.16684e-09
22260.0  2.16481e-09
22265.0  2.16278e-09
22270.0  2.16075e-09
22275.0  2.15872e-09
22280.0  2.15669e-09
22285.0  2.15467e-09
22290.0  2.15265e-09
22295.0  2.15062e-09
22300.0  2.14861e-09
22305.0  2.14659e-09
22310.0  2.14458e-09
22315.0  2.14256e-09
22320.0  2.14055e-09
22325.0  2.13853e-09
22330.0  2.13653e-09
22335.0  2.13452e-09
22340.0  2.13252e-09
22345.0  2.13051e-09
22350.0  2.1285e-09
22355.0  2.1265e-09
22360.0  2.12451e-09
22365.0  2.12251e-09
22370.0  2.12051e-09
22375.0  2.11851e-09
22380.0  2.11652e-09
22385.0  2.11453e-09
22390.0  2.11254e-09
22395.0  2.11055e-09
22400.0  2.10856e-09
22405.0  2.10658e-09
22410.0  2.1046e-09
22415.0  2.10261e-09
22420.0  2.10063e-09
22425.0  2.09866e-09
22430.0  2.09667e-09
22435.0  2.0947e-09
22440.0  2.09273e-09
22445.0  2.09076e-09
22450.0  2.08879e-09
22455.0  2.08682e-09
22460.0  2.08485e-09
22465.0  2.08289e-09
22470.0  2.08092e-09
22475.0  2.07896e-09
22480.0  2.077e-09
22485.0  2.07504e-09
22490.0  2.07308e-09
22495.0  2.07113e-09
22500.0  2.06917e-09
22505.0  2.06722e-09
22510.0  2.06527e-09
22515.0  2.06332e-09
22520.0  2.06137e-09
22525.0  2.05942e-09
22530.0  2.05748e-09
22535.0  2.05554e-09
22540.0  2.05359e-09
22545.0  2.05166e-09
22550.0  2.04971e-09
22555.0  2.04778e-09
22560.0  2.04585e-09
22565.0  2.04391e-09
22570.0  2.04198e-09
22575.0  2.04005e-09
22580.0  2.03812e-09
22585.0  2.0362e-09
22590.0  2.03427e-09
22595.0  2.03235e-09
22600.0  2.03042e-09
22605.0  2.0285e-09
22610.0  2.02659e-09
22615.0  2.02467e-09
22620.0  2.02275e-09
22625.0  2.02084e-09
22630.0  2.01893e-09
22635.0  2.01702e-09
22640.0  2.01511e-09
22645.0  2.0132e-09
22650.0  2.01129e-09
22655.0  2.00939e-09
22660.0  2.00749e-09
22665.0  2.00559e-09
22670.0  2.00369e-09
22675.0  2.00179e-09
22680.0  1.99989e-09
22685.0  1.998e-09
22690.0  1.99611e-09
22695.0  1.99421e-09
22700.0  1.99232e-09
22705.0  1.99044e-09
22710.0  1.98855e-09
22715.0  1.98667e-09
22720.0  1.98478e-09
22725.0  1.9829e-09
22730.0  1.98102e-09
22735.0  1.97914e-09
22740.0  1.97726e-09
22745.0  1.97538e-09
22750.0  1.97351e-09
22755.0  1.97164e-09
22760.0  1.96977e-09
22765.0  1.9679e-09
22770.0  1.96603e-09
22775.0  1.96416e-09
22780.0  1.9623e-09
22785.0  1.96044e-09
22790.0  1.95858e-09
22795.0  1.95672e-09
22800.0  1.95486e-09
22805.0  1.953e-09
22810.0  1.95115e-09
22815.0  1.94929e-09
22820.0  1.94744e-09
22825.0  1.94559e-09
22830.0  1.94374e-09
22835.0  1.9419e-09
22840.0  1.94005e-09
22845.0  1.93821e-09
22850.0  1.93636e-09
22855.0  1.93452e-09
22860.0  1.93268e-09
22865.0  1.93085e-09
22870.0  1.92901e-09
22875.0  1.92717e-09
22880.0  1.92534e-09
22885.0  1.92351e-09
22890.0  1.92168e-09
22895.0  1.91985e-09
22900.0  1.91803e-09
22905.0  1.91619e-09
22910.0  1.91437e-09
22915.0  1.91255e-09
22920.0  1.91073e-09
22925.0  1.90891e-09
22930.0  1.90709e-09
22935.0  1.90528e-09
22940.0  1.90347e-09
22945.0  1.90165e-09
22950.0  1.89984e-09
22955.0  1.89803e-09
22960.0  1.89622e-09
22965.0  1.89442e-09
22970.0  1.89261e-09
22975.0  1.89081e-09
22980.0  1.889e-09
22985.0  1.88721e-09
22990.0  1.88541e-09
22995.0  1.88361e-09
23000.0  1.88181e-09
23005.0  1.88002e-09
23010.0  1.87823e-09
23015.0  1.87644e-09
23020.0  1.87465e-09
23025.0  1.87286e-09
23030.0  1.87107e-09
23035.0  1.86929e-09
23040.0  1.8675e-09
23045.0  1.86572e-09
23050.0  1.86394e-09
23055.0  1.86216e-09
23060.0  1.86039e-09
23065.0  1.85861e-09
23070.0  1.85683e-09
23075.0  1.85507e-09
23080.0  1.85329e-09
23085.0  1.85152e-09
23090.0  1.84976e-09
23095.0  1.84799e-09
23100.0  1.84623e-09
23105.0  1.84446e-09
23110.0  1.8427e-09
23115.0  1.84094e-09
23120.0  1.83918e-09
23125.0  1.83742e-09
23130.0  1.83567e-09
23135.0  1.83392e-09
23140.0  1.83216e-09
23145.0  1.83041e-09
23150.0  1.82866e-09
23155.0  1.82692e-09
23160.0  1.82517e-09
23165.0  1.82343e-09
23170.0  1.82168e-09
23175.0  1.81994e-09
23180.0  1.8182e-09
23185.0  1.81646e-09
23190.0  1.81472e-09
23195.0  1.81299e-09
23200.0  1.81125e-09
23205.0  1.80952e-09
23210.0  1.80779e-09
23215.0  1.80606e-09
23220.0  1.80433e-09
23225.0  1.80261e-09
23230.0  1.80088e-09
23235.0  1.79916e-09
23240.0  1.79743e-09
23245.0  1.79572e-09
23250.0  1.79399e-09
23255.0  1.79228e-09
23260.0  1.79056e-09
23265.0  1.78885e-09
23270.0  1.78713e-09
23275.0  1.78542e-09
23280.0  1.78372e-09
23285.0  1.78201e-09
23290.0  1.7803e-09
23295.0  1.77859e-09
23300.0  1.77689e-09
23305.0  1.77519e-09
23310.0  1.77349e-09
23315.0  1.77179e-09
23320.0  1.77009e-09
23325.0  1.7684e-09
23330.0  1.7667e-09
23335.0  1.76501e-09
23340.0  1.76331e-09
23345.0  1.76162e-09
23350.0  1.75994e-09
23355.0  1.75825e-09
23360.0  1.75656e-09
23365.0  1.75488e-09
23370.0  1.7532e-09
23375.0  1.75151e-09
23380.0  1.74983e-09
23385.0  1.74816e-09
23390.0  1.74648e-09
23395.0  1.7448e-09
23400.0  1.74313e-09
23405.0  1.74146e-09
23410.0  1.73979e-09
23415.0  1.73812e-09
23420.0  1.73645e-09
23425.0  1.73479e-09
23430.0  1.73312e-09
23435.0  1.73146e-09
23440.0  1.7298e-09
23445.0  1.72814e-09
23450.0  1.72648e-09
23455.0  1.72482e-09
23460.0  1.72316e-09
23465.0  1.72151e-09
23470.0  1.71986e-09
23475.0  1.71821e-09
23480.0  1.71656e-09
23485.0  1.71491e-09
23490.0  1.71326e-09
23495.0  1.71162e-09
23500.0  1.70997e-09
23505.0  1.70833e-09
23510.0  1.70669e-09
23515.0  1.70505e-09
23520.0  1.70341e-09
23525.0  1.70178e-09
23530.0  1.70014e-09
23535.0  1.69851e-09
23540.0  1.69687e-09
23545.0  1.69524e-09
23550.0  1.69362e-09
23555.0  1.69199e-09
23560.0  1.69036e-09
23565.0  1.68874e-09
23570.0  1.68712e-09
23575.0  1.6855e-09
23580.0  1.68387e-09
23585.0  1.68225e-09
23590.0  1.68063e-09
23595.0  1.67902e-09
23600.0  1.67741e-09
23605.0  1.67579e-09
23610.0  1.67418e-09
23615.0  1.67257e-09
23620.0  1.67096e-09
23625.0  1.66936e-09
23630.0  1.66775e-09
23635.0  1.66614e-09
23640.0  1.66455e-09
23645.0  1.66294e-09
23650.0  1.66135e-09
23655.0  1.65974e-09
23660.0  1.65815e-09
23665.0  1.65656e-09
23670.0  1.65496e-09
23675.0  1.65337e-09
23680.0  1.65178e-09
23685.0  1.65019e-09
23690.0  1.6486e-09
23695.0  1.64701e-09
23700.0  1.64543e-09
23705.0  1.64384e-09
23710.0  1.64226e-09
23715.0  1.64068e-09
23720.0  1.6391e-09
23725.0  1.63753e-09
23730.0  1.63595e-09
23735.0  1.63437e-09
23740.0  1.6328e-09
23745.0  1.63123e-09
23750.0  1.62966e-09
23755.0  1.62809e-09
23760.0  1.62652e-09
23765.0  1.62495e-09
23770.0  1.62339e-09
23775.0  1.62183e-09
23780.0  1.62026e-09
23785.0  1.61871e-09
23790.0  1.61715e-09
23795.0  1.61559e-09
23800.0  1.61403e-09
23805.0  1.61248e-09
23810.0  1.61093e-09
23815.0  1.60937e-09
23820.0  1.60782e-09
23825.0  1.60627e-09
23830.0  1.60473e-09
23835.0  1.60318e-09
23840.0  1.60164e-09
23845.0  1.6001e-09
23850.0  1.59855e-09
23855.0  1.59702e-09
23860.0  1.59548e-09
23865.0  1.59394e-09
23870.0  1.5924e-09
23875.0  1.59087e-09
23880.0  1.58933e-09
23885.0  1.5878e-09
23890.0  1.58627e-09
23895.0  1.58474e-09
23900.0  1.58322e-09
23905.0  1.58169e-09
23910.0  1.58017e-09
23915.0  1.57864e-09
23920.0  1.57712e-09
23925.0  1.5756e-09
23930.0  1.57408e-09
23935.0  1.57257e-09
23940.0  1.57105e-09
23945.0  1.56954e-09
23950.0  1.56802e-09
23955.0  1.56651e-09
23960.0  1.565e-09
23965.0  1.56349e-09
23970.0  1.56199e-09
23975.0  1.56048e-09
23980.0  1.55897e-09
23985.0  1.55747e-09
23990.0  1.55597e-09
23995.0  1.55447e-09
24000.0  1.55297e-09
24005.0  1.55147e-09
24010.0  1.54998e-09
24015.0  1.54848e-09
24020.0  1.54699e-09
24025.0  1.5455e-09
24030.0  1.54401e-09
24035.0  1.54252e-09
24040.0  1.54103e-09
24045.0  1.53955e-09
24050.0  1.53806e-09
24055.0  1.53658e-09
24060.0  1.53509e-09
24065.0  1.53362e-09
24070.0  1.53214e-09
24075.0  1.53066e-09
24080.0  1.52918e-09
24085.0  1.52771e-09
24090.0  1.52624e-09
24095.0  1.52477e-09
24100.0  1.52329e-09
24105.0  1.52183e-09
24110.0  1.52036e-09
24115.0  1.51889e-09
24120.0  1.51743e-09
24125.0  1.51596e-09
24130.0  1.5145e-09
24135.0  1.51304e-09
24140.0  1.51158e-09
24145.0  1.51012e-09
24150.0  1.50867e-09
24155.0  1.50721e-09
24160.0  1.50576e-09
24165.0  1.5043e-09
24170.0  1.50285e-09
24175.0  1.5014e-09
24180.0  1.49995e-09
24185.0  1.49851e-09
24190.0  1.49706e-09
24195.0  1.49562e-09
24200.0  1.49418e-09
24205.0  1.49274e-09
24210.0  1.49129e-09
24215.0  1.48986e-09
24220.0  1.48842e-09
24225.0  1.48698e-09
24230.0  1.48555e-09
24235.0  1.48412e-09
24240.0  1.48269e-09
24245.0  1.48125e-09
24250.0  1.47983e-09
24255.0  1.4784e-09
24260.0  1.47698e-09
24265.0  1.47555e-09
24270.0  1.47413e-09
24275.0  1.4727e-09
24280.0  1.47128e-09
24285.0  1.46986e-09
24290.0  1.46845e-09
24295.0  1.46703e-09
24300.0  1.46562e-09
24305.0  1.4642e-09
24310.0  1.46279e-09
24315.0  1.46138e-09
24320.0  1.45997e-09
24325.0  1.45856e-09
24330.0  1.45715e-09
24335.0  1.45575e-09
24340.0  1.45434e-09
24345.0  1.45294e-09
24350.0  1.45154e-09
24355.0  1.45014e-09
24360.0  1.44875e-09
24365.0  1.44735e-09
24370.0  1.44595e-09
24375.0  1.44456e-09
24380.0  1.44316e-09
24385.0  1.44177e-09
24390.0  1.44038e-09
24395.0  1.43899e-09
24400.0  1.4376e-09
24405.0  1.43622e-09
24410.0  1.43483e-09
24415.0  1.43345e-09
24420.0  1.43207e-09
24425.0  1.43069e-09
24430.0  1.42931e-09
24435.0  1.42793e-09
24440.0  1.42655e-09
24445.0  1.42518e-09
24450.0  1.42381e-09
24455.0  1.42243e-09
24460.0  1.42106e-09
24465.0  1.41969e-09
24470.0  1.41832e-09
24475.0  1.41695e-09
24480.0  1.41559e-09
24485.0  1.41422e-09
24490.0  1.41286e-09
24495.0  1.4115e-09
24500.0  1.41014e-09
24505.0  1.40878e-09
24510.0  1.40742e-09
24515.0  1.40607e-09
24520.0  1.40471e-09
24525.0  1.40336e-09
24530.0  1.40201e-09
24535.0  1.40065e-09
24540.0  1.39931e-09
24545.0  1.39796e-09
24550.0  1.39661e-09
24555.0  1.39526e-09
24560.0  1.39392e-09
24565.0  1.39258e-09
24570.0  1.39124e-09
24575.0  1.3899e-09
24580.0  1.38856e-09
24585.0  1.38722e-09
24590.0  1.38588e-09
24595.0  1.38455e-09
24600.0  1.38321e-09
24605.0  1.38188e-09
24610.0  1.38055e-09
24615.0  1.37922e-09
24620.0  1.37789e-09
24625.0  1.37657e-09
24630.0  1.37524e-09
24635.0  1.37392e-09
24640.0  1.37259e-09
24645.0  1.37127e-09
24650.0  1.36995e-09
24655.0  1.36863e-09
24660.0  1.36732e-09
24665.0  1.366e-09
24670.0  1.36468e-09
24675.0  1.36337e-09
24680.0  1.36206e-09
24685.0  1.36075e-09
24690.0  1.35944e-09
24695.0  1.35813e-09
24700.0  1.35682e-09
24705.0  1.35551e-09
24710.0  1.35421e-09
24715.0  1.35291e-09
24720.0  1.35161e-09
24725.0  1.35031e-09
24730.0  1.34901e-09
24735.0  1.34771e-09
24740.0  1.34641e-09
24745.0  1.34512e-09
24750.0  1.34382e-09
24755.0  1.34254e-09
24760.0  1.34124e-09
24765.0  1.33996e-09
24770.0  1.33866e-09
24775.0  1.33738e-09
24780.0  1.33609e-09
24785.0  1.33481e-09
24790.0  1.33353e-09
24795.0  1.33224e-09
24800.0  1.33096e-09
24805.0  1.32968e-09
24810.0  1.32841e-09
24815.0  1.32713e-09
24820.0  1.32585e-09
24825.0  1.32458e-09
24830.0  1.32331e-09
24835.0  1.32203e-09
24840.0  1.32076e-09
24845.0  1.31949e-09
24850.0  1.31823e-09
24855.0  1.31696e-09
24860.0  1.3157e-09
24865.0  1.31443e-09
24870.0  1.31317e-09
24875.0  1.31191e-09
24880.0  1.31065e-09
24885.0  1.30939e-09
24890.0  1.30813e-09
24895.0  1.30688e-09
24900.0  1.30562e-09
24905.0  1.30437e-09
24910.0  1.30312e-09
24915.0  1.30187e-09
24920.0  1.30062e-09
24925.0  1.29937e-09
24930.0  1.29812e-09
24935.0  1.29688e-09
24940.0  1.29563e-09
24945.0  1.29439e-09
24950.0  1.29315e-09
24955.0  1.29191e-09
24960.0  1.29067e-09
24965.0  1.28943e-09
24970.0  1.28819e-09
24975.0  1.28696e-09
24980.0  1.28572e-09
24985.0  1.28449e-09
24990.0  1.28326e-09
24995.0  1.1219e-09
25000.0  1.60222e-10
