# Extracted from file: pickles_uk_15.fits
#SIMPLETrueFits standard
#BITPIX16Bits per pixel
#NAXIS0Number of axes
#EXTENDTrueFile may contain extensions
#DATE2007-01-11T21:02:18Date FITS file was generated
#IRAF-TLM16:02:34 (11/01/2007)Time of last modification
#COMMENT  FITS (Flexible Image Transport System) format is defined in 'Astronomy
#COMMENT  and Astrophysics', volume 376, page 359; bibcode: 2001A&A...376..359H
#ORIGINSTScI-STSDAS/TABLESTables version 2002-02-22
#FILENAMEpickles_uk_15.fitsname of file
#NEXTEND1number of extensions in file
#COMMENT1spectral type: F2V
#COMMENT2metallicity: solar
#COMMENT3original filename: ukf2v.dat
#HISTORY  File created by F.R.Boffi.
#HISTORY  SEDs from Pickles UVKLIB Library (1998, PASP 110, 863).
#HISTORY  Wavelength is in Angstrom.
#HISTORY  Fluxes are tabulated in units of erg/s/cm^2/A
#HISTORY  and were calculated by normalizing the original fluxes
#HISTORY  in the Pickles V band to a 0 magnitude in vegamag.
#HISTORY  In the vegamag system, Vega has magnitude zero in all passbands.
#HISTORY  Please refer to the SYNPHOT manual for further information.
#
#
#
#
#
#
#
#
#
#
#
#
#
#  
#Columns WAVELENGTH FLUX
#Units  angstroms flam
1150.0  1.14841e-11
1155.0  3.3061e-11
1160.0  3.04422e-11
1165.0  4.29872e-12
1170.0  0.0
1175.0  0.0
1180.0  0.0
1185.0  0.0
1190.0  0.0
1195.0  0.0
1200.0  1.10947e-12
1205.0  1.42667e-11
1210.0  5.85245e-11
1215.0  8.49138e-11
1220.0  5.45664e-11
1225.0  1.68629e-11
1230.0  3.42913e-12
1235.0  4.06528e-12
1240.0  7.32842e-12
1245.0  8.68571e-12
1250.0  6.26802e-12
1255.0  7.42543e-12
1260.0  7.75819e-12
1265.0  3.38592e-12
1270.0  5.12267e-12
1275.0  4.77041e-12
1280.0  7.74075e-12
1285.0  9.90375e-12
1290.0  3.92426e-12
1295.0  7.33057e-13
1300.0  3.08302e-12
1305.0  8.66072e-12
1310.0  9.08581e-12
1315.0  4.81358e-12
1320.0  1.25549e-12
1325.0  3.91416e-12
1330.0  5.95472e-12
1335.0  7.94146e-12
1340.0  8.48188e-12
1345.0  4.78216e-12
1350.0  3.70048e-12
1355.0  6.93773e-12
1360.0  6.33319e-12
1365.0  2.08962e-12
1370.0  4.11598e-13
1375.0  1.65546e-12
1380.0  2.68888e-12
1385.0  4.1233e-13
1390.0  0.0
1395.0  5.54639e-13
1400.0  4.46687e-12
1405.0  7.45722e-12
1410.0  1.29544e-12
1415.0  2.17543e-13
1420.0  1.66021e-12
1425.0  3.76126e-12
1430.0  3.73612e-12
1435.0  1.674e-12
1440.0  2.27533e-12
1445.0  4.66983e-12
1450.0  4.04358e-12
1455.0  4.40314e-12
1460.0  5.84914e-12
1465.0  5.70703e-12
1470.0  9.6609e-12
1475.0  7.77711e-12
1480.0  3.02547e-12
1485.0  3.34127e-13
1490.0  7.00531e-13
1495.0  4.50311e-12
1500.0  3.00077e-12
1505.0  3.78176e-12
1510.0  6.57426e-12
1515.0  5.3498e-12
1520.0  2.90436e-12
1525.0  4.87988e-13
1530.0  2.60028e-12
1535.0  1.36863e-11
1540.0  1.68722e-11
1545.0  1.33483e-11
1550.0  1.10837e-11
1555.0  1.30725e-11
1560.0  1.31044e-11
1565.0  1.22896e-11
1570.0  6.27855e-12
1575.0  7.88046e-12
1580.0  1.37227e-11
1585.0  1.2046e-11
1590.0  6.21381e-12
1595.0  1.34862e-11
1600.0  1.48357e-11
1605.0  7.35368e-12
1610.0  8.23656e-12
1615.0  1.11733e-11
1620.0  1.42085e-11
1625.0  1.12577e-11
1630.0  8.20268e-12
1635.0  1.03006e-11
1640.0  9.90923e-12
1645.0  9.08248e-12
1650.0  8.67203e-12
1655.0  1.15809e-11
1660.0  1.53824e-11
1665.0  1.9006e-11
1670.0  1.90853e-11
1675.0  1.91192e-11
1680.0  1.95823e-11
1685.0  2.1022e-11
1690.0  2.60842e-11
1695.0  2.91109e-11
1700.0  4.23471e-11
1705.0  5.66375e-11
1710.0  7.19971e-11
1715.0  8.35776e-11
1720.0  8.65827e-11
1725.0  9.45005e-11
1730.0  1.04588e-10
1735.0  1.05485e-10
1740.0  1.15764e-10
1745.0  1.36649e-10
1750.0  1.64056e-10
1755.0  1.87132e-10
1760.0  1.8684e-10
1765.0  1.89088e-10
1770.0  2.27176e-10
1775.0  2.83351e-10
1780.0  3.04674e-10
1785.0  2.77748e-10
1790.0  2.73385e-10
1795.0  3.10666e-10
1800.0  3.37027e-10
1805.0  3.08615e-10
1810.0  3.20289e-10
1815.0  3.45893e-10
1820.0  3.57123e-10
1825.0  3.7474e-10
1830.0  3.7309e-10
1835.0  3.43597e-10
1840.0  2.92116e-10
1845.0  2.39415e-10
1850.0  2.3448e-10
1855.0  2.8367e-10
1860.0  3.26354e-10
1865.0  3.62812e-10
1870.0  3.95277e-10
1875.0  4.10369e-10
1880.0  4.31993e-10
1885.0  4.37066e-10
1890.0  4.15868e-10
1895.0  3.97776e-10
1900.0  3.8314e-10
1905.0  3.96514e-10
1910.0  4.22906e-10
1915.0  4.5556e-10
1920.0  4.64526e-10
1925.0  4.12425e-10
1930.0  3.17574e-10
1935.0  3.23413e-10
1940.0  4.48907e-10
1945.0  5.4121e-10
1950.0  5.49631e-10
1955.0  5.28484e-10
1960.0  5.39755e-10
1965.0  4.87079e-10
1970.0  5.14471e-10
1975.0  6.08133e-10
1980.0  5.77765e-10
1985.0  5.29676e-10
1990.0  4.14792e-10
1995.0  3.42135e-10
2000.0  3.94863e-10
2005.0  4.58478e-10
2010.0  4.50896e-10
2015.0  4.61765e-10
2020.0  4.63614e-10
2025.0  4.69613e-10
2030.0  5.21833e-10
2035.0  5.36661e-10
2040.0  5.49793e-10
2045.0  6.4988e-10
2050.0  6.75943e-10
2055.0  6.83734e-10
2060.0  6.57281e-10
2065.0  6.65411e-10
2070.0  6.61121e-10
2075.0  7.22117e-10
2080.0  8.52295e-10
2085.0  8.8166e-10
2090.0  8.62861e-10
2095.0  7.69148e-10
2100.0  7.13571e-10
2105.0  7.65715e-10
2110.0  8.26995e-10
2115.0  7.94756e-10
2120.0  8.03489e-10
2125.0  8.59218e-10
2130.0  8.2983e-10
2135.0  7.76565e-10
2140.0  7.66023e-10
2145.0  7.89426e-10
2150.0  8.21106e-10
2155.0  8.3509e-10
2160.0  7.92081e-10
2165.0  6.62736e-10
2170.0  6.38597e-10
2175.0  6.46345e-10
2180.0  6.70463e-10
2185.0  7.68221e-10
2190.0  8.34044e-10
2195.0  8.4483e-10
2200.0  8.54902e-10
2205.0  9.00125e-10
2210.0  9.0045e-10
2215.0  7.41125e-10
2220.0  6.54661e-10
2225.0  6.61692e-10
2230.0  7.61862e-10
2235.0  8.56475e-10
2240.0  8.96773e-10
2245.0  8.06019e-10
2250.0  8.14952e-10
2255.0  8.62119e-10
2260.0  8.29376e-10
2265.0  7.47299e-10
2270.0  7.16228e-10
2275.0  7.4108e-10
2280.0  7.76628e-10
2285.0  8.01181e-10
2290.0  8.44619e-10
2295.0  8.72283e-10
2300.0  8.33396e-10
2305.0  7.97074e-10
2310.0  8.26522e-10
2315.0  8.48871e-10
2320.0  8.03373e-10
2325.0  7.48453e-10
2330.0  7.61397e-10
2335.0  7.01127e-10
2340.0  6.33643e-10
2345.0  5.82392e-10
2350.0  5.7126e-10
2355.0  5.92763e-10
2360.0  6.32104e-10
2365.0  6.3194e-10
2370.0  6.32083e-10
2375.0  6.95328e-10
2380.0  6.61572e-10
2385.0  5.2733e-10
2390.0  4.81064e-10
2395.0  5.15755e-10
2400.0  5.29648e-10
2405.0  4.70542e-10
2410.0  4.17952e-10
2415.0  4.29873e-10
2420.0  5.79505e-10
2425.0  7.689e-10
2430.0  8.3977e-10
2435.0  8.47739e-10
2440.0  8.51658e-10
2445.0  8.58312e-10
2450.0  8.31247e-10
2455.0  7.79021e-10
2460.0  7.54588e-10
2465.0  7.48441e-10
2470.0  7.32936e-10
2475.0  7.40594e-10
2480.0  7.13422e-10
2485.0  6.61327e-10
2490.0  6.11599e-10
2495.0  6.38128e-10
2500.0  7.77704e-10
2505.0  7.97018e-10
2510.0  7.08103e-10
2515.0  6.47866e-10
2520.0  5.56558e-10
2525.0  4.99243e-10
2530.0  5.44776e-10
2535.0  5.82203e-10
2540.0  5.94841e-10
2545.0  5.90841e-10
2550.0  6.34119e-10
2555.0  7.17883e-10
2560.0  7.75046e-10
2565.0  8.44793e-10
2570.0  9.43945e-10
2575.0  9.45436e-10
2580.0  8.30924e-10
2585.0  8.48087e-10
2590.0  8.99133e-10
2595.0  9.23177e-10
2600.0  8.39159e-10
2605.0  7.72184e-10
2610.0  7.58148e-10
2615.0  7.37636e-10
2620.0  7.78717e-10
2625.0  8.42396e-10
2630.0  8.5519e-10
2635.0  1.01802e-09
2640.0  1.28172e-09
2645.0  1.50673e-09
2650.0  1.56361e-09
2655.0  1.55342e-09
2660.0  1.53915e-09
2665.0  1.45718e-09
2670.0  1.39236e-09
2675.0  1.40513e-09
2680.0  1.48674e-09
2685.0  1.50098e-09
2690.0  1.44659e-09
2695.0  1.3602e-09
2700.0  1.37676e-09
2705.0  1.42004e-09
2710.0  1.33791e-09
2715.0  1.25415e-09
2720.0  1.26439e-09
2725.0  1.28306e-09
2730.0  1.34559e-09
2735.0  1.34757e-09
2740.0  1.17823e-09
2745.0  9.68413e-10
2750.0  8.65015e-10
2755.0  9.45287e-10
2760.0  1.06137e-09
2765.0  1.23176e-09
2770.0  1.29917e-09
2775.0  1.32414e-09
2780.0  1.30044e-09
2785.0  1.21323e-09
2790.0  1.04568e-09
2795.0  7.55449e-10
2800.0  5.32892e-10
2805.0  5.21095e-10
2810.0  7.64258e-10
2815.0  1.15975e-09
2820.0  1.46197e-09
2825.0  1.64215e-09
2830.0  1.70617e-09
2835.0  1.68405e-09
2840.0  1.61636e-09
2845.0  1.51171e-09
2850.0  1.40876e-09
2855.0  1.32892e-09
2860.0  1.42998e-09
2865.0  1.58372e-09
2870.0  1.65038e-09
2875.0  1.66954e-09
2880.0  1.725e-09
2885.0  1.75961e-09
2890.0  1.70864e-09
2895.0  1.80994e-09
2900.0  1.93911e-09
2905.0  1.98742e-09
2910.0  2.02631e-09
2915.0  2.06835e-09
2920.0  2.06858e-09
2925.0  1.90627e-09
2930.0  1.89842e-09
2935.0  1.96594e-09
2940.0  1.97221e-09
2945.0  1.99689e-09
2950.0  2.01458e-09
2955.0  2.07889e-09
2960.0  2.17031e-09
2965.0  2.13061e-09
2970.0  2.12046e-09
2975.0  2.20046e-09
2980.0  2.1081e-09
2985.0  2.01928e-09
2990.0  2.10169e-09
2995.0  2.17072e-09
3000.0  2.04221e-09
3005.0  1.97375e-09
3010.0  2.05884e-09
3015.0  2.06082e-09
3020.0  2.00409e-09
3025.0  1.99777e-09
3030.0  2.05084e-09
3035.0  2.02077e-09
3040.0  1.96649e-09
3045.0  2.00155e-09
3050.0  2.07274e-09
3055.0  2.07563e-09
3060.0  2.04322e-09
3065.0  1.99001e-09
3070.0  2.01425e-09
3075.0  2.08822e-09
3080.0  2.19389e-09
3085.0  2.23012e-09
3090.0  2.13795e-09
3095.0  2.02909e-09
3100.0  2.00305e-09
3105.0  2.02966e-09
3110.0  2.11512e-09
3115.0  2.13952e-09
3120.0  2.13159e-09
3125.0  2.19354e-09
3130.0  2.25279e-09
3135.0  2.2547e-09
3140.0  2.34343e-09
3145.0  2.32336e-09
3150.0  2.2851e-09
3155.0  2.22988e-09
3160.0  2.19427e-09
3165.0  2.23546e-09
3170.0  2.33152e-09
3175.0  2.34531e-09
3180.0  2.26607e-09
3185.0  2.20862e-09
3190.0  2.20232e-09
3195.0  2.20641e-09
3200.0  2.40186e-09
3205.0  2.49801e-09
3210.0  2.46275e-09
3215.0  2.3335e-09
3220.0  2.20117e-09
3225.0  2.14895e-09
3230.0  2.18261e-09
3235.0  2.26701e-09
3240.0  2.33905e-09
3245.0  2.35376e-09
3250.0  2.33992e-09
3255.0  2.35232e-09
3260.0  2.43528e-09
3265.0  2.56901e-09
3270.0  2.58789e-09
3275.0  2.40221e-09
3280.0  2.25637e-09
3285.0  2.36958e-09
3290.0  2.56446e-09
3295.0  2.61348e-09
3300.0  2.55963e-09
3305.0  2.51828e-09
3310.0  2.51387e-09
3315.0  2.53173e-09
3320.0  2.55366e-09
3325.0  2.55946e-09
3330.0  2.52648e-09
3335.0  2.4596e-09
3340.0  2.43534e-09
3345.0  2.50735e-09
3350.0  2.59932e-09
3355.0  2.61859e-09
3360.0  2.56193e-09
3365.0  2.472e-09
3370.0  2.417e-09
3375.0  2.43833e-09
3380.0  2.48628e-09
3385.0  2.50509e-09
3390.0  2.51281e-09
3395.0  2.53916e-09
3400.0  2.56909e-09
3405.0  2.5798e-09
3410.0  2.57548e-09
3415.0  2.57153e-09
3420.0  2.58351e-09
3425.0  2.61311e-09
3430.0  2.62693e-09
3435.0  2.59253e-09
3440.0  2.5163e-09
3445.0  2.43235e-09
3450.0  2.40462e-09
3455.0  2.46341e-09
3460.0  2.52531e-09
3465.0  2.51553e-09
3470.0  2.49215e-09
3475.0  2.51691e-09
3480.0  2.52934e-09
3485.0  2.47062e-09
3490.0  2.40946e-09
3495.0  2.42237e-09
3500.0  2.47608e-09
3505.0  2.51387e-09
3510.0  2.54372e-09
3515.0  2.57437e-09
3520.0  2.56343e-09
3525.0  2.55976e-09
3530.0  2.62743e-09
3535.0  2.72789e-09
3540.0  2.80537e-09
3545.0  2.85874e-09
3550.0  2.82404e-09
3555.0  2.75116e-09
3560.0  2.68531e-09
3565.0  2.56896e-09
3570.0  2.45363e-09
3575.0  2.41972e-09
3580.0  2.38483e-09
3585.0  2.374e-09
3590.0  2.47366e-09
3595.0  2.63392e-09
3600.0  2.68148e-09
3605.0  2.60232e-09
3610.0  2.54642e-09
3615.0  2.49532e-09
3620.0  2.52216e-09
3625.0  2.618e-09
3630.0  2.61896e-09
3635.0  2.54241e-09
3640.0  2.64638e-09
3645.0  2.66025e-09
3650.0  2.71598e-09
3655.0  2.88082e-09
3660.0  2.99171e-09
3665.0  2.99905e-09
3670.0  2.95822e-09
3675.0  2.88436e-09
3680.0  2.78971e-09
3685.0  2.82306e-09
3690.0  2.91739e-09
3695.0  3.00358e-09
3700.0  2.98041e-09
3705.0  2.85291e-09
3710.0  2.88444e-09
3715.0  3.03477e-09
3720.0  2.97364e-09
3725.0  2.93007e-09
3730.0  2.9151e-09
3735.0  2.76838e-09
3740.0  2.94144e-09
3745.0  2.92036e-09
3750.0  2.78064e-09
3755.0  3.1096e-09
3760.0  3.1808e-09
3765.0  3.14489e-09
3770.0  3.03791e-09
3775.0  3.35815e-09
3780.0  3.81723e-09
3785.0  3.83316e-09
3790.0  3.47854e-09
3795.0  3.0706e-09
3800.0  3.23779e-09
3805.0  3.80068e-09
3810.0  4.11353e-09
3815.0  4.03707e-09
3820.0  3.90427e-09
3825.0  3.55485e-09
3830.0  3.06192e-09
3835.0  2.75973e-09
3840.0  3.2312e-09
3845.0  3.93584e-09
3850.0  4.32686e-09
3855.0  4.39332e-09
3860.0  4.40473e-09
3865.0  4.48937e-09
3870.0  4.31555e-09
3875.0  4.0682e-09
3880.0  3.77037e-09
3885.0  3.20297e-09
3890.0  3.0637e-09
3895.0  3.56767e-09
3900.0  3.92712e-09
3905.0  3.98143e-09
3910.0  4.27176e-09
3915.0  4.41643e-09
3920.0  4.29461e-09
3925.0  3.79963e-09
3930.0  3.04032e-09
3935.0  2.76851e-09
3940.0  3.18614e-09
3945.0  3.62393e-09
3950.0  3.90943e-09
3955.0  3.94791e-09
3960.0  3.6406e-09
3965.0  3.00585e-09
3970.0  2.70229e-09
3975.0  3.05264e-09
3980.0  3.53893e-09
3985.0  3.96942e-09
3990.0  4.39875e-09
3995.0  4.65779e-09
4000.0  4.75168e-09
4005.0  4.77021e-09
4010.0  4.80696e-09
4015.0  4.82773e-09
4020.0  4.82213e-09
4025.0  4.83278e-09
4030.0  4.80092e-09
4035.0  4.82026e-09
4040.0  4.8336e-09
4045.0  4.77913e-09
4050.0  4.77605e-09
4055.0  4.72275e-09
4060.0  4.67024e-09
4065.0  4.6401e-09
4070.0  4.60465e-09
4075.0  4.55341e-09
4080.0  4.53325e-09
4085.0  4.50325e-09
4090.0  4.34661e-09
4095.0  3.95034e-09
4100.0  3.48712e-09
4105.0  3.45282e-09
4110.0  3.75698e-09
4115.0  4.08081e-09
4120.0  4.31916e-09
4125.0  4.50639e-09
4130.0  4.62007e-09
4135.0  4.70243e-09
4140.0  4.73202e-09
4145.0  4.68997e-09
4150.0  4.65794e-09
4155.0  4.6236e-09
4160.0  4.65135e-09
4165.0  4.67204e-09
4170.0  4.60711e-09
4175.0  4.54857e-09
4180.0  4.59875e-09
4185.0  4.6538e-09
4190.0  4.71608e-09
4195.0  4.70488e-09
4200.0  4.64102e-09
4205.0  4.67784e-09
4210.0  4.73568e-09
4215.0  4.74288e-09
4220.0  4.69629e-09
4225.0  4.61412e-09
4230.0  4.62932e-09
4235.0  4.5974e-09
4240.0  4.54664e-09
4245.0  4.5387e-09
4250.0  4.55646e-09
4255.0  4.61381e-09
4260.0  4.63405e-09
4265.0  4.6774e-09
4270.0  4.63864e-09
4275.0  4.62782e-09
4280.0  4.6491e-09
4285.0  4.59178e-09
4290.0  4.50344e-09
4295.0  4.41694e-09
4300.0  4.26273e-09
4305.0  4.19853e-09
4310.0  4.23499e-09
4315.0  4.32723e-09
4320.0  4.361e-09
4325.0  4.24905e-09
4330.0  4.07101e-09
4335.0  3.70598e-09
4340.0  3.36719e-09
4345.0  3.47682e-09
4350.0  3.79159e-09
4355.0  4.12717e-09
4360.0  4.40598e-09
4365.0  4.57113e-09
4370.0  4.61945e-09
4375.0  4.62915e-09
4380.0  4.61643e-09
4385.0  4.56323e-09
4390.0  4.56975e-09
4395.0  4.54085e-09
4400.0  4.4989e-09
4405.0  4.47762e-09
4410.0  4.5095e-09
4415.0  4.55518e-09
4420.0  4.63721e-09
4425.0  4.68443e-09
4430.0  4.66883e-09
4435.0  4.64895e-09
4440.0  4.66078e-09
4445.0  4.65902e-09
4450.0  4.66327e-09
4455.0  4.61449e-09
4460.0  4.5622e-09
4465.0  4.55261e-09
4470.0  4.61022e-09
4475.0  4.67511e-09
4480.0  4.65196e-09
4485.0  4.63595e-09
4490.0  4.61393e-09
4495.0  4.63715e-09
4500.0  4.71267e-09
4505.0  4.79233e-09
4510.0  4.82451e-09
4515.0  4.78235e-09
4520.0  4.70895e-09
4525.0  4.58978e-09
4530.0  4.4636e-09
4535.0  4.46294e-09
4540.0  4.54263e-09
4545.0  4.56222e-09
4550.0  4.55147e-09
4555.0  4.57405e-09
4560.0  4.61439e-09
4565.0  4.62635e-09
4570.0  4.63732e-09
4575.0  4.63431e-09
4580.0  4.5774e-09
4585.0  4.52987e-09
4590.0  4.53024e-09
4595.0  4.53064e-09
4600.0  4.52407e-09
4605.0  4.54887e-09
4610.0  4.61748e-09
4615.0  4.67623e-09
4620.0  4.69267e-09
4625.0  4.6634e-09
4630.0  4.6197e-09
4635.0  4.60514e-09
4640.0  4.63311e-09
4645.0  4.63935e-09
4650.0  4.65517e-09
4655.0  4.68887e-09
4660.0  4.67262e-09
4665.0  4.59051e-09
4670.0  4.55717e-09
4675.0  4.60378e-09
4680.0  4.65774e-09
4685.0  4.70788e-09
4690.0  4.67493e-09
4695.0  4.60262e-09
4700.0  4.49928e-09
4705.0  4.45422e-09
4710.0  4.47528e-09
4715.0  4.50699e-09
4720.0  4.53771e-09
4725.0  4.50724e-09
4730.0  4.45006e-09
4735.0  4.42533e-09
4740.0  4.44003e-09
4745.0  4.47183e-09
4750.0  4.48309e-09
4755.0  4.46871e-09
4760.0  4.44164e-09
4765.0  4.4017e-09
4770.0  4.41143e-09
4775.0  4.43359e-09
4780.0  4.41261e-09
4785.0  4.41778e-09
4790.0  4.45097e-09
4795.0  4.47303e-09
4800.0  4.43764e-09
4805.0  4.41545e-09
4810.0  4.43277e-09
4815.0  4.44332e-09
4820.0  4.38054e-09
4825.0  4.32506e-09
4830.0  4.30273e-09
4835.0  4.29352e-09
4840.0  4.28639e-09
4845.0  4.21237e-09
4850.0  3.98121e-09
4855.0  3.57468e-09
4860.0  3.17577e-09
4865.0  3.13944e-09
4870.0  3.37454e-09
4875.0  3.62258e-09
4880.0  3.84722e-09
4885.0  4.00234e-09
4890.0  4.07111e-09
4895.0  4.13101e-09
4900.0  4.10706e-09
4905.0  4.09585e-09
4910.0  4.12251e-09
4915.0  4.13508e-09
4920.0  4.11177e-09
4925.0  4.10631e-09
4930.0  4.11138e-09
4935.0  4.08677e-09
4940.0  4.10767e-09
4945.0  4.17237e-09
4950.0  4.19645e-09
4955.0  4.15473e-09
4960.0  4.15266e-09
4965.0  4.17241e-09
4970.0  4.16257e-09
4975.0  4.15459e-09
4980.0  4.10574e-09
4985.0  4.06877e-09
4990.0  4.085e-09
4995.0  4.09349e-09
5000.0  4.0475e-09
5005.0  4.01015e-09
5010.0  3.98524e-09
5015.0  3.95367e-09
5020.0  3.97922e-09
5025.0  4.0165e-09
5030.0  4.03988e-09
5035.0  4.0391e-09
5040.0  4.02608e-09
5045.0  4.06538e-09
5050.0  4.06277e-09
5055.0  4.05855e-09
5060.0  4.08807e-09
5065.0  4.0879e-09
5070.0  4.07595e-09
5075.0  4.07573e-09
5080.0  4.04713e-09
5085.0  4.05419e-09
5090.0  4.07849e-09
5095.0  4.07815e-09
5100.0  4.0325e-09
5105.0  4.03639e-09
5110.0  4.06916e-09
5115.0  4.11587e-09
5120.0  4.0993e-09
5125.0  4.05349e-09
5130.0  4.04278e-09
5135.0  4.01871e-09
5140.0  3.98941e-09
5145.0  3.98206e-09
5150.0  3.99012e-09
5155.0  3.98029e-09
5160.0  3.93929e-09
5165.0  3.80701e-09
5170.0  3.73574e-09
5175.0  3.80927e-09
5180.0  3.84881e-09
5185.0  3.80466e-09
5190.0  3.81234e-09
5195.0  3.82876e-09
5200.0  3.86543e-09
5205.0  3.87612e-09
5210.0  3.90094e-09
5215.0  3.93402e-09
5220.0  3.95958e-09
5225.0  3.90729e-09
5230.0  3.86504e-09
5235.0  3.86147e-09
5240.0  3.85271e-09
5245.0  3.86567e-09
5250.0  3.88036e-09
5255.0  3.88562e-09
5260.0  3.84859e-09
5265.0  3.75444e-09
5270.0  3.7278e-09
5275.0  3.7592e-09
5280.0  3.80859e-09
5285.0  3.85567e-09
5290.0  3.91968e-09
5295.0  3.91291e-09
5300.0  3.85851e-09
5305.0  3.83374e-09
5310.0  3.83842e-09
5315.0  3.83096e-09
5320.0  3.79777e-09
5325.0  3.75176e-09
5330.0  3.73412e-09
5335.0  3.75118e-09
5340.0  3.735e-09
5345.0  3.7306e-09
5350.0  3.78014e-09
5355.0  3.84476e-09
5360.0  3.83138e-09
5365.0  3.78178e-09
5370.0  3.75336e-09
5375.0  3.74026e-09
5380.0  3.72696e-09
5385.0  3.74613e-09
5390.0  3.76756e-09
5395.0  3.74198e-09
5400.0  3.6996e-09
5405.0  3.66016e-09
5410.0  3.66258e-09
5415.0  3.69176e-09
5420.0  3.70563e-09
5425.0  3.69355e-09
5430.0  3.67583e-09
5435.0  3.66011e-09
5440.0  3.67581e-09
5445.0  3.67107e-09
5450.0  3.69951e-09
5455.0  3.73385e-09
5460.0  3.74735e-09
5465.0  3.73689e-09
5470.0  3.70379e-09
5475.0  3.6489e-09
5480.0  3.61227e-09
5485.0  3.62204e-09
5490.0  3.64635e-09
5495.0  3.66496e-09
5500.0  3.65644e-09
5505.0  3.64673e-09
5510.0  3.64938e-09
5515.0  3.67261e-09
5520.0  3.66274e-09
5525.0  3.61315e-09
5530.0  3.57651e-09
5535.0  3.57113e-09
5540.0  3.59549e-09
5545.0  3.63583e-09
5550.0  3.66592e-09
5555.0  3.65297e-09
5560.0  3.62267e-09
5565.0  3.56291e-09
5570.0  3.50605e-09
5575.0  3.5042e-09
5580.0  3.5127e-09
5585.0  3.49614e-09
5590.0  3.4719e-09
5595.0  3.45705e-09
5600.0  3.47439e-09
5605.0  3.5239e-09
5610.0  3.56041e-09
5615.0  3.54039e-09
5620.0  3.52774e-09
5625.0  3.51699e-09
5630.0  3.51003e-09
5635.0  3.51087e-09
5640.0  3.49673e-09
5645.0  3.48819e-09
5650.0  3.46513e-09
5655.0  3.44758e-09
5660.0  3.45731e-09
5665.0  3.49295e-09
5670.0  3.52938e-09
5675.0  3.5325e-09
5680.0  3.47548e-09
5685.0  3.39782e-09
5690.0  3.37994e-09
5695.0  3.39459e-09
5700.0  3.3987e-09
5705.0  3.36559e-09
5710.0  3.34197e-09
5715.0  3.36219e-09
5720.0  3.3888e-09
5725.0  3.40525e-09
5730.0  3.41829e-09
5735.0  3.44665e-09
5740.0  3.44416e-09
5745.0  3.42522e-09
5750.0  3.3796e-09
5755.0  3.3473e-09
5760.0  3.35129e-09
5765.0  3.35096e-09
5770.0  3.34493e-09
5775.0  3.33659e-09
5780.0  3.32707e-09
5785.0  3.33699e-09
5790.0  3.34474e-09
5795.0  3.35531e-09
5800.0  3.3605e-09
5805.0  3.35226e-09
5810.0  3.35099e-09
5815.0  3.363e-09
5820.0  3.37693e-09
5825.0  3.39229e-09
5830.0  3.40236e-09
5835.0  3.40342e-09
5840.0  3.38504e-09
5845.0  3.36577e-09
5850.0  3.32288e-09
5855.0  3.27704e-09
5860.0  3.28435e-09
5865.0  3.33904e-09
5870.0  3.34534e-09
5875.0  3.29149e-09
5880.0  3.22535e-09
5885.0  3.12396e-09
5890.0  3.01866e-09
5895.0  2.99752e-09
5900.0  3.0931e-09
5905.0  3.1918e-09
5910.0  3.22502e-09
5915.0  3.21327e-09
5920.0  3.18729e-09
5925.0  3.15797e-09
5930.0  3.12556e-09
5935.0  3.12314e-09
5940.0  3.10726e-09
5945.0  3.08361e-09
5950.0  3.06677e-09
5955.0  3.06689e-09
5960.0  3.08577e-09
5965.0  3.11192e-09
5970.0  3.12715e-09
5975.0  3.12053e-09
5980.0  3.09709e-09
5985.0  3.07407e-09
5990.0  3.06739e-09
5995.0  3.07506e-09
6000.0  3.08221e-09
6005.0  3.10373e-09
6010.0  3.10684e-09
6015.0  3.08301e-09
6020.0  3.06259e-09
6025.0  3.06106e-09
6030.0  3.09569e-09
6035.0  3.12268e-09
6040.0  3.10277e-09
6045.0  3.10195e-09
6050.0  3.10215e-09
6055.0  3.08482e-09
6060.0  3.07351e-09
6065.0  3.08254e-09
6070.0  3.09725e-09
6075.0  3.08425e-09
6080.0  3.08502e-09
6085.0  3.07644e-09
6090.0  3.08129e-09
6095.0  3.07213e-09
6100.0  3.06263e-09
6105.0  3.05198e-09
6110.0  3.05377e-09
6115.0  3.04559e-09
6120.0  3.03449e-09
6125.0  3.02369e-09
6130.0  3.02077e-09
6135.0  2.99728e-09
6140.0  2.97309e-09
6145.0  2.97305e-09
6150.0  2.98408e-09
6155.0  2.97943e-09
6160.0  2.96054e-09
6165.0  2.94687e-09
6170.0  2.95157e-09
6175.0  2.96621e-09
6180.0  2.98605e-09
6185.0  2.98988e-09
6190.0  2.98357e-09
6195.0  2.98334e-09
6200.0  2.97821e-09
6205.0  2.99209e-09
6210.0  2.96725e-09
6215.0  2.9535e-09
6220.0  2.96239e-09
6225.0  2.96452e-09
6230.0  2.93555e-09
6235.0  2.90871e-09
6240.0  2.90231e-09
6245.0  2.87961e-09
6250.0  2.88464e-09
6255.0  2.89638e-09
6260.0  2.92083e-09
6265.0  2.93207e-09
6270.0  2.91168e-09
6275.0  2.87081e-09
6280.0  2.8285e-09
6285.0  2.86114e-09
6290.0  2.86687e-09
6295.0  2.85715e-09
6300.0  2.84875e-09
6305.0  2.86378e-09
6310.0  2.86067e-09
6315.0  2.84124e-09
6320.0  2.8381e-09
6325.0  2.85428e-09
6330.0  2.8532e-09
6335.0  2.83734e-09
6340.0  2.82796e-09
6345.0  2.81103e-09
6350.0  2.83397e-09
6355.0  2.84944e-09
6360.0  2.83525e-09
6365.0  2.83461e-09
6370.0  2.83926e-09
6375.0  2.85703e-09
6380.0  2.84451e-09
6385.0  2.83497e-09
6390.0  2.82345e-09
6395.0  2.81011e-09
6400.0  2.79956e-09
6405.0  2.78103e-09
6410.0  2.75969e-09
6415.0  2.75647e-09
6420.0  2.7784e-09
6425.0  2.8021e-09
6430.0  2.78858e-09
6435.0  2.78614e-09
6440.0  2.7829e-09
6445.0  2.76908e-09
6450.0  2.73688e-09
6455.0  2.71409e-09
6460.0  2.70977e-09
6465.0  2.72996e-09
6470.0  2.7304e-09
6475.0  2.72665e-09
6480.0  2.713e-09
6485.0  2.68839e-09
6490.0  2.64823e-09
6495.0  2.63401e-09
6500.0  2.70021e-09
6505.0  2.73193e-09
6510.0  2.73045e-09
6515.0  2.70629e-09
6520.0  2.70398e-09
6525.0  2.6898e-09
6530.0  2.6707e-09
6535.0  2.66719e-09
6540.0  2.64934e-09
6545.0  2.59627e-09
6550.0  2.48223e-09
6555.0  2.27976e-09
6560.0  2.0126e-09
6565.0  2.00705e-09
6570.0  2.24895e-09
6575.0  2.41188e-09
6580.0  2.52513e-09
6585.0  2.58266e-09
6590.0  2.60249e-09
6595.0  2.61245e-09
6600.0  2.63068e-09
6605.0  2.6439e-09
6610.0  2.65525e-09
6615.0  2.67504e-09
6620.0  2.67476e-09
6625.0  2.65322e-09
6630.0  2.62594e-09
6635.0  2.61615e-09
6640.0  2.62318e-09
6645.0  2.63122e-09
6650.0  2.63714e-09
6655.0  2.6298e-09
6660.0  2.61408e-09
6665.0  2.59785e-09
6670.0  2.58914e-09
6675.0  2.5752e-09
6680.0  2.5737e-09
6685.0  2.58953e-09
6690.0  2.59775e-09
6695.0  2.60148e-09
6700.0  2.59514e-09
6705.0  2.58117e-09
6710.0  2.56487e-09
6715.0  2.54016e-09
6720.0  2.52822e-09
6725.0  2.53092e-09
6730.0  2.54134e-09
6735.0  2.54012e-09
6740.0  2.53724e-09
6745.0  2.53355e-09
6750.0  2.52226e-09
6755.0  2.5085e-09
6760.0  2.50539e-09
6765.0  2.50705e-09
6770.0  2.51852e-09
6775.0  2.5265e-09
6780.0  2.52273e-09
6785.0  2.52195e-09
6790.0  2.52649e-09
6795.0  2.52237e-09
6800.0  2.50218e-09
6805.0  2.48837e-09
6810.0  2.49122e-09
6815.0  2.4878e-09
6820.0  2.47833e-09
6825.0  2.4757e-09
6830.0  2.47936e-09
6835.0  2.47682e-09
6840.0  2.46639e-09
6845.0  2.46291e-09
6850.0  2.46185e-09
6855.0  2.46254e-09
6860.0  2.46105e-09
6865.0  2.44993e-09
6870.0  2.42634e-09
6875.0  2.39637e-09
6880.0  2.3727e-09
6885.0  2.36646e-09
6890.0  2.37886e-09
6895.0  2.39952e-09
6900.0  2.41285e-09
6905.0  2.40995e-09
6910.0  2.39446e-09
6915.0  2.37826e-09
6920.0  2.37089e-09
6925.0  2.37256e-09
6930.0  2.37549e-09
6935.0  2.37165e-09
6940.0  2.36089e-09
6945.0  2.35056e-09
6950.0  2.34894e-09
6955.0  2.35941e-09
6960.0  2.3752e-09
6965.0  2.38519e-09
6970.0  2.38678e-09
6975.0  2.39497e-09
6980.0  2.38246e-09
6985.0  2.3753e-09
6990.0  2.36196e-09
6995.0  2.36602e-09
7000.0  2.35579e-09
7005.0  2.33758e-09
7010.0  2.34038e-09
7015.0  2.33258e-09
7020.0  2.31717e-09
7025.0  2.31822e-09
7030.0  2.33455e-09
7035.0  2.34131e-09
7040.0  2.35386e-09
7045.0  2.35642e-09
7050.0  2.34895e-09
7055.0  2.34817e-09
7060.0  2.34424e-09
7065.0  2.32099e-09
7070.0  2.31125e-09
7075.0  2.32383e-09
7080.0  2.3231e-09
7085.0  2.31895e-09
7090.0  2.31388e-09
7095.0  2.31365e-09
7100.0  2.31588e-09
7105.0  2.3069e-09
7110.0  2.29033e-09
7115.0  2.2866e-09
7120.0  2.29379e-09
7125.0  2.30027e-09
7130.0  2.30976e-09
7135.0  2.31539e-09
7140.0  2.30438e-09
7145.0  2.29265e-09
7150.0  2.29193e-09
7155.0  2.30698e-09
7160.0  2.29931e-09
7165.0  2.27496e-09
7170.0  2.25891e-09
7175.0  2.23537e-09
7180.0  2.20468e-09
7185.0  2.16231e-09
7190.0  2.17462e-09
7195.0  2.18482e-09
7200.0  2.17439e-09
7205.0  2.18238e-09
7210.0  2.22772e-09
7215.0  2.25889e-09
7220.0  2.25937e-09
7225.0  2.24691e-09
7230.0  2.21834e-09
7235.0  2.20308e-09
7240.0  2.20355e-09
7245.0  2.20678e-09
7250.0  2.19239e-09
7255.0  2.18571e-09
7260.0  2.18763e-09
7265.0  2.18429e-09
7270.0  2.19075e-09
7275.0  2.1751e-09
7280.0  2.16883e-09
7285.0  2.16539e-09
7290.0  2.15345e-09
7295.0  2.17861e-09
7300.0  2.18328e-09
7305.0  2.15898e-09
7310.0  2.14773e-09
7315.0  2.15664e-09
7320.0  2.16538e-09
7325.0  2.16169e-09
7330.0  2.15514e-09
7335.0  2.16726e-09
7340.0  2.18286e-09
7345.0  2.17244e-09
7350.0  2.15108e-09
7355.0  2.13574e-09
7360.0  2.11939e-09
7365.0  2.1145e-09
7370.0  2.11699e-09
7375.0  2.13269e-09
7380.0  2.13282e-09
7385.0  2.10402e-09
7390.0  2.10256e-09
7395.0  2.11767e-09
7400.0  2.12754e-09
7405.0  2.12332e-09
7410.0  2.09998e-09
7415.0  2.09696e-09
7420.0  2.10185e-09
7425.0  2.08278e-09
7430.0  2.09167e-09
7435.0  2.09276e-09
7440.0  2.08865e-09
7445.0  2.08225e-09
7450.0  2.08205e-09
7455.0  2.08348e-09
7460.0  2.07347e-09
7465.0  2.07521e-09
7470.0  2.07844e-09
7475.0  2.07537e-09
7480.0  2.07359e-09
7485.0  2.07002e-09
7490.0  2.0628e-09
7495.0  2.05488e-09
7500.0  2.06678e-09
7505.0  2.05773e-09
7510.0  2.0432e-09
7515.0  2.05085e-09
7520.0  2.05368e-09
7525.0  2.04894e-09
7530.0  2.04519e-09
7535.0  2.05131e-09
7540.0  2.05845e-09
7545.0  2.05249e-09
7550.0  2.04565e-09
7555.0  2.04224e-09
7560.0  2.03872e-09
7565.0  2.03545e-09
7570.0  2.03185e-09
7575.0  2.02787e-09
7580.0  2.02435e-09
7585.0  2.02098e-09
7590.0  2.01755e-09
7595.0  2.0141e-09
7600.0  2.01105e-09
7605.0  2.00835e-09
7610.0  2.00552e-09
7615.0  2.00257e-09
7620.0  1.99962e-09
7625.0  1.99668e-09
7630.0  1.99375e-09
7635.0  1.99082e-09
7640.0  1.98788e-09
7645.0  1.98494e-09
7650.0  1.98198e-09
7655.0  1.97901e-09
7660.0  1.97602e-09
7665.0  1.973e-09
7670.0  1.96986e-09
7675.0  1.96641e-09
7680.0  1.96354e-09
7685.0  1.96126e-09
7690.0  1.95875e-09
7695.0  1.95539e-09
7700.0  1.95179e-09
7705.0  1.94875e-09
7710.0  1.94767e-09
7715.0  1.94752e-09
7720.0  1.94593e-09
7725.0  1.94304e-09
7730.0  1.94254e-09
7735.0  1.94723e-09
7740.0  1.92599e-09
7745.0  1.90994e-09
7750.0  1.91416e-09
7755.0  1.93161e-09
7760.0  1.93064e-09
7765.0  1.91111e-09
7770.0  1.85727e-09
7775.0  1.83866e-09
7780.0  1.87313e-09
7785.0  1.90258e-09
7790.0  1.90589e-09
7795.0  1.89273e-09
7800.0  1.88598e-09
7805.0  1.90042e-09
7810.0  1.89218e-09
7815.0  1.89698e-09
7820.0  1.90032e-09
7825.0  1.89255e-09
7830.0  1.87428e-09
7835.0  1.86217e-09
7840.0  1.86863e-09
7845.0  1.86158e-09
7850.0  1.85733e-09
7855.0  1.85969e-09
7860.0  1.866e-09
7865.0  1.86302e-09
7870.0  1.86169e-09
7875.0  1.84922e-09
7880.0  1.84838e-09
7885.0  1.8588e-09
7890.0  1.85471e-09
7895.0  1.83791e-09
7900.0  1.84004e-09
7905.0  1.84607e-09
7910.0  1.84946e-09
7915.0  1.83446e-09
7920.0  1.82142e-09
7925.0  1.82522e-09
7930.0  1.80884e-09
7935.0  1.80309e-09
7940.0  1.80177e-09
7945.0  1.79777e-09
7950.0  1.81231e-09
7955.0  1.83288e-09
7960.0  1.82644e-09
7965.0  1.81818e-09
7970.0  1.81921e-09
7975.0  1.82312e-09
7980.0  1.8209e-09
7985.0  1.81387e-09
7990.0  1.80462e-09
7995.0  1.79694e-09
8000.0  1.79156e-09
8005.0  1.79724e-09
8010.0  1.79124e-09
8015.0  1.78789e-09
8020.0  1.78399e-09
8025.0  1.78099e-09
8030.0  1.7864e-09
8035.0  1.79285e-09
8040.0  1.7817e-09
8045.0  1.76743e-09
8050.0  1.7689e-09
8055.0  1.77306e-09
8060.0  1.77586e-09
8065.0  1.76734e-09
8070.0  1.77188e-09
8075.0  1.7677e-09
8080.0  1.76016e-09
8085.0  1.754e-09
8090.0  1.7548e-09
8095.0  1.75394e-09
8100.0  1.75955e-09
8105.0  1.76706e-09
8110.0  1.76195e-09
8115.0  1.75638e-09
8120.0  1.76375e-09
8125.0  1.76411e-09
8130.0  1.75519e-09
8135.0  1.7449e-09
8140.0  1.74043e-09
8145.0  1.7286e-09
8150.0  1.71852e-09
8155.0  1.70615e-09
8160.0  1.68716e-09
8165.0  1.6814e-09
8170.0  1.69788e-09
8175.0  1.69642e-09
8180.0  1.68244e-09
8185.0  1.68689e-09
8190.0  1.68285e-09
8195.0  1.66819e-09
8200.0  1.6934e-09
8205.0  1.73388e-09
8210.0  1.72554e-09
8215.0  1.70841e-09
8220.0  1.68667e-09
8225.0  1.64337e-09
8230.0  1.61983e-09
8235.0  1.67078e-09
8240.0  1.70355e-09
8245.0  1.70735e-09
8250.0  1.71181e-09
8255.0  1.69418e-09
8260.0  1.69996e-09
8265.0  1.70749e-09
8270.0  1.70617e-09
8275.0  1.68176e-09
8280.0  1.67556e-09
8285.0  1.66955e-09
8290.0  1.66925e-09
8295.0  1.66532e-09
8300.0  1.66682e-09
8305.0  1.66182e-09
8310.0  1.67009e-09
8315.0  1.66288e-09
8320.0  1.65257e-09
8325.0  1.64651e-09
8330.0  1.63244e-09
8335.0  1.62435e-09
8340.0  1.6364e-09
8345.0  1.65144e-09
8350.0  1.65981e-09
8355.0  1.66423e-09
8360.0  1.6568e-09
8365.0  1.65493e-09
8370.0  1.65656e-09
8375.0  1.65634e-09
8380.0  1.65263e-09
8385.0  1.64118e-09
8390.0  1.63569e-09
8395.0  1.6432e-09
8400.0  1.64489e-09
8405.0  1.63844e-09
8410.0  1.63377e-09
8415.0  1.63098e-09
8420.0  1.63785e-09
8425.0  1.63786e-09
8430.0  1.62425e-09
8435.0  1.6131e-09
8440.0  1.60322e-09
8445.0  1.59613e-09
8450.0  1.6086e-09
8455.0  1.62498e-09
8460.0  1.62492e-09
8465.0  1.59984e-09
8470.0  1.59056e-09
8475.0  1.60688e-09
8480.0  1.61625e-09
8485.0  1.61902e-09
8490.0  1.5947e-09
8495.0  1.52431e-09
8500.0  1.50089e-09
8505.0  1.54589e-09
8510.0  1.57938e-09
8515.0  1.57601e-09
8520.0  1.58087e-09
8525.0  1.5708e-09
8530.0  1.5445e-09
8535.0  1.4656e-09
8540.0  1.34122e-09
8545.0  1.36754e-09
8550.0  1.48927e-09
8555.0  1.53857e-09
8560.0  1.56413e-09
8565.0  1.57383e-09
8570.0  1.57091e-09
8575.0  1.56495e-09
8580.0  1.55568e-09
8585.0  1.54592e-09
8590.0  1.52336e-09
8595.0  1.50536e-09
8600.0  1.50354e-09
8605.0  1.51938e-09
8610.0  1.53158e-09
8615.0  1.5463e-09
8620.0  1.55438e-09
8625.0  1.56643e-09
8630.0  1.56225e-09
8635.0  1.55916e-09
8640.0  1.55319e-09
8645.0  1.53719e-09
8650.0  1.50306e-09
8655.0  1.43691e-09
8660.0  1.33176e-09
8665.0  1.33452e-09
8670.0  1.42304e-09
8675.0  1.47385e-09
8680.0  1.50728e-09
8685.0  1.52249e-09
8690.0  1.53655e-09
8695.0  1.55362e-09
8700.0  1.56431e-09
8705.0  1.56637e-09
8710.0  1.57143e-09
8715.0  1.57066e-09
8720.0  1.56876e-09
8725.0  1.5456e-09
8730.0  1.52913e-09
8735.0  1.50857e-09
8740.0  1.47538e-09
8745.0  1.45199e-09
8750.0  1.43006e-09
8755.0  1.45e-09
8760.0  1.48363e-09
8765.0  1.50705e-09
8770.0  1.51821e-09
8775.0  1.53236e-09
8780.0  1.5442e-09
8785.0  1.53989e-09
8790.0  1.53015e-09
8795.0  1.52769e-09
8800.0  1.53582e-09
8805.0  1.5169e-09
8810.0  1.51178e-09
8815.0  1.50567e-09
8820.0  1.50399e-09
8825.0  1.50675e-09
8830.0  1.5073e-09
8835.0  1.49102e-09
8840.0  1.4792e-09
8845.0  1.47771e-09
8850.0  1.44604e-09
8855.0  1.39934e-09
8860.0  1.35549e-09
8865.0  1.35033e-09
8870.0  1.38962e-09
8875.0  1.43067e-09
8880.0  1.44602e-09
8885.0  1.46242e-09
8890.0  1.47476e-09
8895.0  1.49348e-09
8900.0  1.49372e-09
8905.0  1.49124e-09
8910.0  1.47845e-09
8915.0  1.48348e-09
8920.0  1.47627e-09
8925.0  1.45467e-09
8930.0  1.46111e-09
8935.0  1.48281e-09
8940.0  1.48553e-09
8945.0  1.48354e-09
8950.0  1.48293e-09
8955.0  1.48976e-09
8960.0  1.48088e-09
8965.0  1.46616e-09
8970.0  1.4561e-09
8975.0  1.45839e-09
8980.0  1.44012e-09
8985.0  1.39824e-09
8990.0  1.36645e-09
8995.0  1.38156e-09
9000.0  1.3556e-09
9005.0  1.32573e-09
9010.0  1.28104e-09
9015.0  1.25408e-09
9020.0  1.30331e-09
9025.0  1.37258e-09
9030.0  1.43526e-09
9035.0  1.47099e-09
9040.0  1.49266e-09
9045.0  1.49364e-09
9050.0  1.49368e-09
9055.0  1.46959e-09
9060.0  1.43346e-09
9065.0  1.41829e-09
9070.0  1.40937e-09
9075.0  1.39798e-09
9080.0  1.38127e-09
9085.0  1.36881e-09
9090.0  1.34902e-09
9095.0  1.36241e-09
9100.0  1.38335e-09
9105.0  1.3938e-09
9110.0  1.40254e-09
9115.0  1.41043e-09
9120.0  1.41766e-09
9125.0  1.42373e-09
9130.0  1.40016e-09
9135.0  1.38183e-09
9140.0  1.41096e-09
9145.0  1.41619e-09
9150.0  1.38319e-09
9155.0  1.36125e-09
9160.0  1.38345e-09
9165.0  1.3984e-09
9170.0  1.39303e-09
9175.0  1.37367e-09
9180.0  1.3953e-09
9185.0  1.40945e-09
9190.0  1.40711e-09
9195.0  1.40525e-09
9200.0  1.41105e-09
9205.0  1.38712e-09
9210.0  1.3418e-09
9215.0  1.30599e-09
9220.0  1.28505e-09
9225.0  1.2289e-09
9230.0  1.20649e-09
9235.0  1.25304e-09
9240.0  1.31054e-09
9245.0  1.34038e-09
9250.0  1.37146e-09
9255.0  1.37225e-09
9260.0  1.38337e-09
9265.0  1.41146e-09
9270.0  1.43939e-09
9275.0  1.42136e-09
9280.0  1.40227e-09
9285.0  1.44339e-09
9290.0  1.43252e-09
9295.0  1.40058e-09
9300.0  1.37363e-09
9305.0  1.35774e-09
9310.0  1.32283e-09
9315.0  1.25682e-09
9320.0  1.23727e-09
9325.0  1.21382e-09
9330.0  1.22527e-09
9335.0  1.18187e-09
9340.0  1.1329e-09
9345.0  1.15131e-09
9350.0  1.22409e-09
9355.0  1.20226e-09
9360.0  1.2403e-09
9365.0  1.24308e-09
9370.0  1.22809e-09
9375.0  1.2553e-09
9380.0  1.27795e-09
9385.0  1.34303e-09
9390.0  1.43555e-09
9395.0  1.47455e-09
9400.0  1.4373e-09
9405.0  1.39194e-09
9410.0  1.36783e-09
9415.0  1.34879e-09
9420.0  1.32531e-09
9425.0  1.28067e-09
9430.0  1.28087e-09
9435.0  1.25859e-09
9440.0  1.1408e-09
9445.0  1.22768e-09
9450.0  1.28232e-09
9455.0  1.24108e-09
9460.0  1.1953e-09
9465.0  1.2662e-09
9470.0  1.32943e-09
9475.0  1.31664e-09
9480.0  1.2418e-09
9485.0  1.31915e-09
9490.0  1.3118e-09
9495.0  1.24551e-09
9500.0  1.22433e-09
9505.0  1.29309e-09
9510.0  1.32173e-09
9515.0  1.29037e-09
9520.0  1.25236e-09
9525.0  1.22032e-09
9530.0  1.25278e-09
9535.0  1.22821e-09
9540.0  1.15323e-09
9545.0  1.08223e-09
9550.0  1.09257e-09
9555.0  1.08273e-09
9560.0  1.1948e-09
9565.0  1.204e-09
9570.0  1.23932e-09
9575.0  1.28052e-09
9580.0  1.26237e-09
9585.0  1.22958e-09
9590.0  1.22179e-09
9595.0  1.25404e-09
9600.0  1.28525e-09
9605.0  1.24842e-09
9610.0  1.24627e-09
9615.0  1.2422e-09
9620.0  1.19245e-09
9625.0  1.19343e-09
9630.0  1.20487e-09
9635.0  1.21081e-09
9640.0  1.20781e-09
9645.0  1.21659e-09
9650.0  1.22337e-09
9655.0  1.20263e-09
9660.0  1.1835e-09
9665.0  1.20775e-09
9670.0  1.22176e-09
9675.0  1.18018e-09
9680.0  1.1779e-09
9685.0  1.19702e-09
9690.0  1.21075e-09
9695.0  1.20782e-09
9700.0  1.19957e-09
9705.0  1.22712e-09
9710.0  1.23072e-09
9715.0  1.20501e-09
9720.0  1.20083e-09
9725.0  1.18753e-09
9730.0  1.17952e-09
9735.0  1.17731e-09
9740.0  1.14162e-09
9745.0  1.14029e-09
9750.0  1.13897e-09
9755.0  1.16314e-09
9760.0  1.16025e-09
9765.0  1.16267e-09
9770.0  1.19027e-09
9775.0  1.22316e-09
9780.0  1.20384e-09
9785.0  1.17066e-09
9790.0  1.17595e-09
9795.0  1.17967e-09
9800.0  1.18755e-09
9805.0  1.19281e-09
9810.0  1.2002e-09
9815.0  1.20557e-09
9820.0  1.20312e-09
9825.0  1.18968e-09
9830.0  1.16906e-09
9835.0  1.14771e-09
9840.0  1.13216e-09
9845.0  1.12667e-09
9850.0  1.12967e-09
9855.0  1.13737e-09
9860.0  1.14582e-09
9865.0  1.1521e-09
9870.0  1.15581e-09
9875.0  1.15754e-09
9880.0  1.15796e-09
9885.0  1.15757e-09
9890.0  1.15638e-09
9895.0  1.15426e-09
9900.0  1.15104e-09
9905.0  1.14685e-09
9910.0  1.14243e-09
9915.0  1.13882e-09
9920.0  1.137e-09
9925.0  1.13744e-09
9930.0  1.13915e-09
9935.0  1.14067e-09
9940.0  1.14051e-09
9945.0  1.13799e-09
9950.0  1.13442e-09
9955.0  1.1319e-09
9960.0  1.1325e-09
9965.0  1.13726e-09
9970.0  1.14455e-09
9975.0  1.15167e-09
9980.0  1.15599e-09
9985.0  1.15602e-09
9990.0  1.1534e-09
9995.0  1.15096e-09
10000.0  1.15145e-09
10005.0  1.15573e-09
10010.0  1.15973e-09
10015.0  1.15751e-09
10020.0  1.14323e-09
10025.0  1.11436e-09
10030.0  1.07689e-09
10035.0  1.04006e-09
10040.0  1.01317e-09
10045.0  1.00238e-09
10050.0  1.00585e-09
10055.0  1.01863e-09
10060.0  1.03555e-09
10065.0  1.05243e-09
10070.0  1.06757e-09
10075.0  1.08025e-09
10080.0  1.08987e-09
10085.0  1.09613e-09
10090.0  1.09951e-09
10095.0  1.10076e-09
10100.0  1.10068e-09
10105.0  1.09979e-09
10110.0  1.09807e-09
10115.0  1.09522e-09
10120.0  1.09099e-09
10125.0  1.08562e-09
10130.0  1.08057e-09
10135.0  1.07779e-09
10140.0  1.07914e-09
10145.0  1.0853e-09
10150.0  1.09372e-09
10155.0  1.10067e-09
10160.0  1.1025e-09
10165.0  1.09755e-09
10170.0  1.08942e-09
10175.0  1.08375e-09
10180.0  1.08603e-09
10185.0  1.09882e-09
10190.0  1.11689e-09
10195.0  1.13204e-09
10200.0  1.13613e-09
10205.0  1.12447e-09
10210.0  1.10144e-09
10215.0  1.07487e-09
10220.0  1.05271e-09
10225.0  1.04037e-09
10230.0  1.03674e-09
10235.0  1.03816e-09
10240.0  1.04084e-09
10245.0  1.0419e-09
10250.0  1.04081e-09
10255.0  1.03797e-09
10260.0  1.03389e-09
10265.0  1.0292e-09
10270.0  1.02493e-09
10275.0  1.02224e-09
10280.0  1.02224e-09
10285.0  1.02547e-09
10290.0  1.03101e-09
10295.0  1.03735e-09
10300.0  1.04225e-09
10305.0  1.0416e-09
10310.0  1.04137e-09
10315.0  1.04057e-09
10320.0  1.03892e-09
10325.0  1.03667e-09
10330.0  1.0344e-09
10335.0  1.03279e-09
10340.0  1.03255e-09
10345.0  1.034e-09
10350.0  1.03653e-09
10355.0  1.03919e-09
10360.0  1.041e-09
10365.0  1.04114e-09
10370.0  1.03921e-09
10375.0  1.03496e-09
10380.0  1.02824e-09
10385.0  1.01931e-09
10390.0  1.00967e-09
10395.0  1.00129e-09
10400.0  9.96088e-10
10405.0  9.95166e-10
10410.0  9.97503e-10
10415.0  1.00127e-09
10420.0  1.0046e-09
10425.0  1.00597e-09
10430.0  1.00484e-09
10435.0  1.00106e-09
10440.0  9.94537e-10
10445.0  9.85739e-10
10450.0  9.76537e-10
10455.0  9.69337e-10
10460.0  9.66503e-10
10465.0  9.69247e-10
10470.0  9.75843e-10
10475.0  9.83439e-10
10480.0  9.89158e-10
10485.0  9.91112e-10
10490.0  9.89944e-10
10495.0  9.87294e-10
10500.0  9.84829e-10
10505.0  9.83622e-10
10510.0  9.83186e-10
10515.0  9.82451e-10
10520.0  9.80317e-10
10525.0  9.76183e-10
10530.0  9.70687e-10
10535.0  9.64952e-10
10540.0  9.60124e-10
10545.0  9.57127e-10
10550.0  9.56325e-10
10555.0  9.57852e-10
10560.0  9.61773e-10
10565.0  9.67622e-10
10570.0  9.73567e-10
10575.0  9.77247e-10
10580.0  9.76367e-10
10585.0  9.69862e-10
10590.0  9.59816e-10
10595.0  9.49543e-10
10600.0  9.42369e-10
10605.0  9.40562e-10
10610.0  9.43624e-10
10615.0  9.50005e-10
10620.0  9.56087e-10
10625.0  9.51405e-10
10630.0  9.49312e-10
10635.0  9.47975e-10
10640.0  9.46643e-10
10645.0  9.45308e-10
10650.0  9.43973e-10
10655.0  9.42637e-10
10660.0  9.41302e-10
10665.0  9.39966e-10
10670.0  9.38633e-10
10675.0  9.37296e-10
10680.0  9.35962e-10
10685.0  9.34627e-10
10690.0  9.33289e-10
10695.0  9.31958e-10
10700.0  9.30623e-10
10705.0  9.29286e-10
10710.0  9.27952e-10
10715.0  9.26619e-10
10720.0  9.25285e-10
10725.0  9.23949e-10
10730.0  9.22615e-10
10735.0  9.21279e-10
10740.0  9.19947e-10
10745.0  9.18613e-10
10750.0  9.1728e-10
10755.0  9.15946e-10
10760.0  9.14613e-10
10765.0  9.1328e-10
10770.0  9.11945e-10
10775.0  9.10613e-10
10780.0  9.09279e-10
10785.0  9.0795e-10
10790.0  9.06616e-10
10795.0  9.05286e-10
10800.0  9.03951e-10
10805.0  9.02621e-10
10810.0  9.01288e-10
10815.0  8.99956e-10
10820.0  8.98626e-10
10825.0  8.97295e-10
10830.0  8.95964e-10
10835.0  8.94636e-10
10840.0  8.93306e-10
10845.0  8.91974e-10
10850.0  8.90646e-10
10855.0  8.89316e-10
10860.0  8.87989e-10
10865.0  8.8666e-10
10870.0  8.85331e-10
10875.0  8.84005e-10
10880.0  8.82675e-10
10885.0  8.81347e-10
10890.0  8.8002e-10
10895.0  8.78694e-10
10900.0  8.77368e-10
10905.0  8.76043e-10
10910.0  8.74718e-10
10915.0  8.73389e-10
10920.0  8.72065e-10
10925.0  8.70743e-10
10930.0  8.69418e-10
10935.0  8.68094e-10
10940.0  8.66771e-10
10945.0  8.65447e-10
10950.0  8.64126e-10
10955.0  8.62802e-10
10960.0  8.61482e-10
10965.0  8.6016e-10
10970.0  8.5884e-10
10975.0  8.5752e-10
10980.0  8.56199e-10
10985.0  8.54879e-10
10990.0  8.5356e-10
10995.0  8.52245e-10
11000.0  8.50926e-10
11005.0  8.49607e-10
11010.0  8.48293e-10
11015.0  8.46976e-10
11020.0  8.45658e-10
11025.0  8.44344e-10
11030.0  8.4303e-10
11035.0  8.41715e-10
11040.0  8.40401e-10
11045.0  8.39091e-10
11050.0  8.37776e-10
11055.0  8.36466e-10
11060.0  8.35155e-10
11065.0  8.33841e-10
11070.0  8.32534e-10
11075.0  8.31221e-10
11080.0  8.29912e-10
11085.0  8.28604e-10
11090.0  8.27298e-10
11095.0  8.2599e-10
11100.0  8.24684e-10
11105.0  8.23376e-10
11110.0  8.22074e-10
11115.0  8.20768e-10
11120.0  8.19463e-10
11125.0  8.18161e-10
11130.0  8.16859e-10
11135.0  8.15556e-10
11140.0  8.14256e-10
11145.0  8.12955e-10
11150.0  8.11656e-10
11155.0  8.10357e-10
11160.0  8.09057e-10
11165.0  8.07759e-10
11170.0  8.06463e-10
11175.0  8.05166e-10
11180.0  8.0387e-10
11185.0  8.02577e-10
11190.0  8.01281e-10
11195.0  7.99988e-10
11200.0  7.987e-10
11205.0  7.97405e-10
11210.0  7.96114e-10
11215.0  7.94823e-10
11220.0  7.93535e-10
11225.0  7.92245e-10
11230.0  7.9096e-10
11235.0  7.89673e-10
11240.0  7.88388e-10
11245.0  7.87103e-10
11250.0  7.85818e-10
11255.0  7.84536e-10
11260.0  7.83252e-10
11265.0  7.81971e-10
11270.0  7.80689e-10
11275.0  7.79411e-10
11280.0  7.78133e-10
11285.0  7.76854e-10
11290.0  7.75576e-10
11295.0  7.743e-10
11300.0  7.73026e-10
11305.0  7.71751e-10
11310.0  7.70475e-10
11315.0  7.69203e-10
11320.0  7.67932e-10
11325.0  7.66661e-10
11330.0  7.6539e-10
11335.0  7.64121e-10
11340.0  7.62854e-10
11345.0  7.61586e-10
11350.0  7.60322e-10
11355.0  7.59057e-10
11360.0  7.57794e-10
11365.0  7.56529e-10
11370.0  7.55269e-10
11375.0  7.54008e-10
11380.0  7.52747e-10
11385.0  7.51487e-10
11390.0  7.50228e-10
11395.0  7.48972e-10
11400.0  7.47719e-10
11405.0  7.46464e-10
11410.0  7.45211e-10
11415.0  7.43958e-10
11420.0  7.42706e-10
11425.0  7.41456e-10
11430.0  7.40208e-10
11435.0  7.38959e-10
11440.0  7.37712e-10
11445.0  7.36466e-10
11450.0  7.35223e-10
11455.0  7.33977e-10
11460.0  7.32737e-10
11465.0  7.31494e-10
11470.0  7.30256e-10
11475.0  7.29016e-10
11480.0  7.27777e-10
11485.0  7.26541e-10
11490.0  7.25306e-10
11495.0  7.24072e-10
11500.0  7.22838e-10
11505.0  7.21607e-10
11510.0  7.20377e-10
11515.0  7.19148e-10
11520.0  7.1792e-10
11525.0  7.16692e-10
11530.0  7.15467e-10
11535.0  7.14241e-10
11540.0  7.1302e-10
11545.0  7.11795e-10
11550.0  7.10577e-10
11555.0  7.09356e-10
11560.0  7.08138e-10
11565.0  7.06923e-10
11570.0  7.05705e-10
11575.0  7.04492e-10
11580.0  7.0328e-10
11585.0  7.02067e-10
11590.0  7.00858e-10
11595.0  6.99649e-10
11600.0  6.98442e-10
11605.0  6.97236e-10
11610.0  6.96032e-10
11615.0  6.94829e-10
11620.0  6.93625e-10
11625.0  6.92423e-10
11630.0  6.91225e-10
11635.0  6.90029e-10
11640.0  6.88832e-10
11645.0  6.87635e-10
11650.0  6.86443e-10
11655.0  6.85249e-10
11660.0  6.84057e-10
11665.0  6.82869e-10
11670.0  6.81682e-10
11675.0  6.80492e-10
11680.0  6.79308e-10
11685.0  6.78124e-10
11690.0  6.76943e-10
11695.0  6.75762e-10
11700.0  6.74581e-10
11705.0  6.73404e-10
11710.0  6.72229e-10
11715.0  6.71055e-10
11720.0  6.69882e-10
11725.0  6.68708e-10
11730.0  6.67539e-10
11735.0  6.6637e-10
11740.0  6.65204e-10
11745.0  6.64037e-10
11750.0  6.62871e-10
11755.0  6.61712e-10
11760.0  6.60551e-10
11765.0  6.59389e-10
11770.0  6.58232e-10
11775.0  6.57076e-10
11780.0  6.55922e-10
11785.0  6.54768e-10
11790.0  6.53619e-10
11795.0  6.52469e-10
11800.0  6.51318e-10
11805.0  6.50172e-10
11810.0  6.49029e-10
11815.0  6.47884e-10
11820.0  6.46744e-10
11825.0  6.45604e-10
11830.0  6.44465e-10
11835.0  6.4333e-10
11840.0  6.42194e-10
11845.0  6.41061e-10
11850.0  6.39931e-10
11855.0  6.38798e-10
11860.0  6.3767e-10
11865.0  6.36544e-10
11870.0  6.3542e-10
11875.0  6.34298e-10
11880.0  6.33176e-10
11885.0  6.32055e-10
11890.0  6.30938e-10
11895.0  6.29823e-10
11900.0  6.28709e-10
11905.0  6.27595e-10
11910.0  6.26485e-10
11915.0  6.25377e-10
11920.0  6.2427e-10
11925.0  6.23163e-10
11930.0  6.2206e-10
11935.0  6.20959e-10
11940.0  6.19859e-10
11945.0  6.1876e-10
11950.0  6.17663e-10
11955.0  6.16571e-10
11960.0  6.15478e-10
11965.0  6.14389e-10
11970.0  6.13299e-10
11975.0  6.12211e-10
11980.0  6.11128e-10
11985.0  6.10043e-10
11990.0  6.08963e-10
11995.0  6.07882e-10
12000.0  6.06807e-10
12005.0  6.05731e-10
12010.0  6.04657e-10
12015.0  6.03585e-10
12020.0  6.02514e-10
12025.0  6.01445e-10
12030.0  6.00381e-10
12035.0  5.99317e-10
12040.0  5.98256e-10
12045.0  5.97196e-10
12050.0  5.96136e-10
12055.0  5.95082e-10
12060.0  5.94028e-10
12065.0  5.92975e-10
12070.0  5.91924e-10
12075.0  5.90878e-10
12080.0  5.89832e-10
12085.0  5.88786e-10
12090.0  5.87746e-10
12095.0  5.86704e-10
12100.0  5.85667e-10
12105.0  5.84632e-10
12110.0  5.83597e-10
12115.0  5.82564e-10
12120.0  5.81536e-10
12125.0  5.80507e-10
12130.0  5.79483e-10
12135.0  5.78461e-10
12140.0  5.7744e-10
12145.0  5.76418e-10
12150.0  5.75404e-10
12155.0  5.74389e-10
12160.0  5.73376e-10
12165.0  5.72364e-10
12170.0  5.71358e-10
12175.0  5.70351e-10
12180.0  5.69347e-10
12185.0  5.68344e-10
12190.0  5.67343e-10
12195.0  5.66346e-10
12200.0  5.6535e-10
12205.0  5.64357e-10
12210.0  5.63366e-10
12215.0  5.62379e-10
12220.0  5.6139e-10
12225.0  5.60407e-10
12230.0  5.59426e-10
12235.0  5.58443e-10
12240.0  5.57466e-10
12245.0  5.56491e-10
12250.0  5.55519e-10
12255.0  5.54547e-10
12260.0  5.53577e-10
12265.0  5.52611e-10
12270.0  5.51644e-10
12275.0  5.50683e-10
12280.0  5.49722e-10
12285.0  5.48765e-10
12290.0  5.47808e-10
12295.0  5.46854e-10
12300.0  5.45901e-10
12305.0  5.44955e-10
12310.0  5.44005e-10
12315.0  5.43062e-10
12320.0  5.4212e-10
12325.0  5.41177e-10
12330.0  5.40238e-10
12335.0  5.39302e-10
12340.0  5.38367e-10
12345.0  5.37434e-10
12350.0  5.36506e-10
12355.0  5.35578e-10
12360.0  5.34652e-10
12365.0  5.33728e-10
12370.0  5.32805e-10
12375.0  5.31884e-10
12380.0  5.30966e-10
12385.0  5.30052e-10
12390.0  5.29138e-10
12395.0  5.28227e-10
12400.0  5.27319e-10
12405.0  5.26413e-10
12410.0  5.25506e-10
12415.0  5.24604e-10
12420.0  5.23703e-10
12425.0  5.22805e-10
12430.0  5.21909e-10
12435.0  5.21014e-10
12440.0  5.20123e-10
12445.0  5.19232e-10
12450.0  5.18345e-10
12455.0  5.17457e-10
12460.0  5.16575e-10
12465.0  5.15693e-10
12470.0  5.14813e-10
12475.0  5.13936e-10
12480.0  5.1306e-10
12485.0  5.12185e-10
12490.0  5.11313e-10
12495.0  5.10443e-10
12500.0  5.09577e-10
12505.0  5.08711e-10
12510.0  5.07845e-10
12515.0  5.06985e-10
12520.0  5.06127e-10
12525.0  5.0527e-10
12530.0  5.04414e-10
12535.0  5.0356e-10
12540.0  5.0271e-10
12545.0  5.01861e-10
12550.0  5.01014e-10
12555.0  5.00167e-10
12560.0  4.99325e-10
12565.0  4.98485e-10
12570.0  4.97646e-10
12575.0  4.96807e-10
12580.0  4.95972e-10
12585.0  4.95139e-10
12590.0  4.94307e-10
12595.0  4.93478e-10
12600.0  4.92654e-10
12605.0  4.91829e-10
12610.0  4.91004e-10
12615.0  4.90182e-10
12620.0  4.89363e-10
12625.0  4.88547e-10
12630.0  4.87732e-10
12635.0  4.86918e-10
12640.0  4.86108e-10
12645.0  4.85296e-10
12650.0  4.8449e-10
12655.0  4.83686e-10
12660.0  4.82882e-10
12665.0  4.82079e-10
12670.0  4.81279e-10
12675.0  4.80482e-10
12680.0  4.79686e-10
12685.0  4.78893e-10
12690.0  4.78101e-10
12695.0  4.77311e-10
12700.0  4.76525e-10
12705.0  4.7574e-10
12710.0  4.74954e-10
12715.0  4.74172e-10
12720.0  4.73393e-10
12725.0  4.72614e-10
12730.0  4.7184e-10
12735.0  4.71065e-10
12740.0  4.70291e-10
12745.0  4.69522e-10
12750.0  4.68751e-10
12755.0  4.67986e-10
12760.0  4.67222e-10
12765.0  4.66458e-10
12770.0  4.65697e-10
12775.0  4.64936e-10
12780.0  4.64179e-10
12785.0  4.63425e-10
12790.0  4.62672e-10
12795.0  4.6192e-10
12800.0  4.61172e-10
12805.0  4.60422e-10
12810.0  4.59676e-10
12815.0  4.58932e-10
12820.0  4.58191e-10
12825.0  4.57451e-10
12830.0  4.56713e-10
12835.0  4.55975e-10
12840.0  4.5524e-10
12845.0  4.54508e-10
12850.0  4.53776e-10
12855.0  4.53047e-10
12860.0  4.5232e-10
12865.0  4.51595e-10
12870.0  4.50873e-10
12875.0  4.50151e-10
12880.0  4.4943e-10
12885.0  4.48713e-10
12890.0  4.47994e-10
12895.0  4.4728e-10
12900.0  4.46569e-10
12905.0  4.45858e-10
12910.0  4.45148e-10
12915.0  4.44441e-10
12920.0  4.43737e-10
12925.0  4.43034e-10
12930.0  4.42331e-10
12935.0  4.41631e-10
12940.0  4.40933e-10
12945.0  4.40237e-10
12950.0  4.39542e-10
12955.0  4.38851e-10
12960.0  4.38159e-10
12965.0  4.37471e-10
12970.0  4.36784e-10
12975.0  4.36098e-10
12980.0  4.35413e-10
12985.0  4.3473e-10
12990.0  4.34052e-10
12995.0  4.33374e-10
13000.0  4.32696e-10
13005.0  4.3202e-10
13010.0  4.31348e-10
13015.0  4.30677e-10
13020.0  4.30006e-10
13025.0  4.29338e-10
13030.0  4.28673e-10
13035.0  4.28009e-10
13040.0  4.27345e-10
13045.0  4.26685e-10
13050.0  4.26027e-10
13055.0  4.2537e-10
13060.0  4.24713e-10
13065.0  4.24059e-10
13070.0  4.23406e-10
13075.0  4.22757e-10
13080.0  4.22109e-10
13085.0  4.21461e-10
13090.0  4.20816e-10
13095.0  4.20171e-10
13100.0  4.19531e-10
13105.0  4.18889e-10
13110.0  4.18251e-10
13115.0  4.17614e-10
13120.0  4.16981e-10
13125.0  4.16346e-10
13130.0  4.15714e-10
13135.0  4.15085e-10
13140.0  4.14457e-10
13145.0  4.13831e-10
13150.0  4.13206e-10
13155.0  4.12582e-10
13160.0  4.1196e-10
13165.0  4.11341e-10
13170.0  4.10722e-10
13175.0  4.10106e-10
13180.0  4.09492e-10
13185.0  4.08878e-10
13190.0  4.08267e-10
13195.0  4.07657e-10
13200.0  4.07049e-10
13205.0  4.06443e-10
13210.0  4.05838e-10
13215.0  4.05235e-10
13220.0  4.04632e-10
13225.0  4.04032e-10
13230.0  4.03436e-10
13235.0  4.02838e-10
13240.0  4.02243e-10
13245.0  4.01649e-10
13250.0  4.01057e-10
13255.0  4.00467e-10
13260.0  3.99878e-10
13265.0  3.99292e-10
13270.0  3.98707e-10
13275.0  3.98122e-10
13280.0  3.97542e-10
13285.0  3.96961e-10
13290.0  3.96381e-10
13295.0  3.95804e-10
13300.0  3.95228e-10
13305.0  3.94654e-10
13310.0  3.94082e-10
13315.0  3.93511e-10
13320.0  3.92943e-10
13325.0  3.92375e-10
13330.0  3.91807e-10
13335.0  3.91242e-10
13340.0  3.90682e-10
13345.0  3.90121e-10
13350.0  3.89561e-10
13355.0  3.89003e-10
13360.0  3.88447e-10
13365.0  3.87889e-10
13370.0  3.87336e-10
13375.0  3.86786e-10
13380.0  3.86235e-10
13385.0  3.85686e-10
13390.0  3.85139e-10
13395.0  3.84593e-10
13400.0  3.84051e-10
13405.0  3.83508e-10
13410.0  3.82965e-10
13415.0  3.82425e-10
13420.0  3.81886e-10
13425.0  3.8135e-10
13430.0  3.80815e-10
13435.0  3.80282e-10
13440.0  3.79751e-10
13445.0  3.79221e-10
13450.0  3.7869e-10
13455.0  3.78165e-10
13460.0  3.7764e-10
13465.0  3.77114e-10
13470.0  3.7659e-10
13475.0  3.76069e-10
13480.0  3.7555e-10
13485.0  3.75032e-10
13490.0  3.74515e-10
13495.0  3.74e-10
13500.0  3.73486e-10
13505.0  3.72973e-10
13510.0  3.72462e-10
13515.0  3.71954e-10
13520.0  3.71444e-10
13525.0  3.70939e-10
13530.0  3.70433e-10
13535.0  3.6993e-10
13540.0  3.69429e-10
13545.0  3.6893e-10
13550.0  3.68429e-10
13555.0  3.6793e-10
13560.0  3.67434e-10
13565.0  3.6694e-10
13570.0  3.66447e-10
13575.0  3.65955e-10
13580.0  3.65465e-10
13585.0  3.64975e-10
13590.0  3.64487e-10
13595.0  3.64001e-10
13600.0  3.63518e-10
13605.0  3.63033e-10
13610.0  3.62551e-10
13615.0  3.62072e-10
13620.0  3.61593e-10
13625.0  3.61116e-10
13630.0  3.6064e-10
13635.0  3.60165e-10
13640.0  3.5969e-10
13645.0  3.59219e-10
13650.0  3.58748e-10
13655.0  3.5828e-10
13660.0  3.57813e-10
13665.0  3.57347e-10
13670.0  3.5688e-10
13675.0  3.56419e-10
13680.0  3.55955e-10
13685.0  3.55494e-10
13690.0  3.55036e-10
13695.0  3.54578e-10
13700.0  3.54122e-10
13705.0  3.53666e-10
13710.0  3.53212e-10
13715.0  3.52759e-10
13720.0  3.52308e-10
13725.0  3.51859e-10
13730.0  3.51412e-10
13735.0  3.50963e-10
13740.0  3.50518e-10
13745.0  3.50073e-10
13750.0  3.49631e-10
13755.0  3.49191e-10
13760.0  3.48748e-10
13765.0  3.4831e-10
13770.0  3.47873e-10
13775.0  3.47437e-10
13780.0  3.47002e-10
13785.0  3.4657e-10
13790.0  3.46137e-10
13795.0  3.45706e-10
13800.0  3.45276e-10
13805.0  3.44848e-10
13810.0  3.4442e-10
13815.0  3.43995e-10
13820.0  3.4357e-10
13825.0  3.43148e-10
13830.0  3.42726e-10
13835.0  3.42305e-10
13840.0  3.41887e-10
13845.0  3.4147e-10
13850.0  3.41052e-10
13855.0  3.40637e-10
13860.0  3.40223e-10
13865.0  3.39809e-10
13870.0  3.39398e-10
13875.0  3.38988e-10
13880.0  3.3858e-10
13885.0  3.38173e-10
13890.0  3.37766e-10
13895.0  3.37359e-10
13900.0  3.36956e-10
13905.0  3.36555e-10
13910.0  3.36152e-10
13915.0  3.35752e-10
13920.0  3.35355e-10
13925.0  3.34956e-10
13930.0  3.34559e-10
13935.0  3.34166e-10
13940.0  3.33773e-10
13945.0  3.3338e-10
13950.0  3.32988e-10
13955.0  3.32598e-10
13960.0  3.32209e-10
13965.0  3.31823e-10
13970.0  3.31435e-10
13975.0  3.31051e-10
13980.0  3.30667e-10
13985.0  3.30284e-10
13990.0  3.29903e-10
13995.0  3.29523e-10
14000.0  3.29142e-10
14005.0  3.28765e-10
14010.0  3.28389e-10
14015.0  3.28013e-10
14020.0  3.27638e-10
14025.0  3.27267e-10
14030.0  3.26895e-10
14035.0  3.26524e-10
14040.0  3.26153e-10
14045.0  3.25785e-10
14050.0  3.2542e-10
14055.0  3.25053e-10
14060.0  3.24688e-10
14065.0  3.24324e-10
14070.0  3.23963e-10
14075.0  3.23603e-10
14080.0  3.23242e-10
14085.0  3.22881e-10
14090.0  3.22524e-10
14095.0  3.22167e-10
14100.0  3.21813e-10
14105.0  3.21459e-10
14110.0  3.21106e-10
14115.0  3.20753e-10
14120.0  3.20402e-10
14125.0  3.20052e-10
14130.0  3.19703e-10
14135.0  3.19356e-10
14140.0  3.19009e-10
14145.0  3.18664e-10
14150.0  3.18321e-10
14155.0  3.17978e-10
14160.0  3.17635e-10
14165.0  3.17295e-10
14170.0  3.16956e-10
14175.0  3.16618e-10
14180.0  3.16281e-10
14185.0  3.15942e-10
14190.0  3.1561e-10
14195.0  3.15275e-10
14200.0  3.14942e-10
14205.0  3.14609e-10
14210.0  3.14278e-10
14215.0  3.13949e-10
14220.0  3.1362e-10
14225.0  3.13293e-10
14230.0  3.12967e-10
14235.0  3.12642e-10
14240.0  3.12317e-10
14245.0  3.11995e-10
14250.0  3.11671e-10
14255.0  3.11349e-10
14260.0  3.11031e-10
14265.0  3.10713e-10
14270.0  3.10393e-10
14275.0  3.10077e-10
14280.0  3.0976e-10
14285.0  3.09446e-10
14290.0  3.09132e-10
14295.0  3.08821e-10
14300.0  3.08735e-10
14305.0  3.09731e-10
14310.0  3.09362e-10
14315.0  3.0862e-10
14320.0  3.08135e-10
14325.0  3.08443e-10
14330.0  3.09315e-10
14335.0  3.10009e-10
14340.0  3.10032e-10
14345.0  3.09238e-10
14350.0  3.076e-10
14355.0  3.0522e-10
14360.0  3.02571e-10
14365.0  3.00647e-10
14370.0  3.00415e-10
14375.0  3.01786e-10
14380.0  3.03631e-10
14385.0  3.04849e-10
14390.0  3.04959e-10
14395.0  3.04023e-10
14400.0  3.02488e-10
14405.0  3.01134e-10
14410.0  3.00748e-10
14415.0  3.01518e-10
14420.0  3.02821e-10
14425.0  3.03721e-10
14430.0  3.03609e-10
14435.0  3.02001e-10
14440.0  2.99268e-10
14445.0  2.96073e-10
14450.0  2.93879e-10
14455.0  2.94202e-10
14460.0  2.97121e-10
14465.0  3.01037e-10
14470.0  3.04257e-10
14475.0  3.06053e-10
14480.0  3.0641e-10
14485.0  3.05491e-10
14490.0  3.03395e-10
14495.0  3.00286e-10
14500.0  2.96506e-10
14505.0  2.92285e-10
14510.0  2.90824e-10
14515.0  2.91257e-10
14520.0  2.91657e-10
14525.0  2.91167e-10
14530.0  2.89964e-10
14535.0  2.8863e-10
14540.0  2.87855e-10
14545.0  2.88324e-10
14550.0  2.90401e-10
14555.0  2.93247e-10
14560.0  2.95621e-10
14565.0  2.96467e-10
14570.0  2.95596e-10
14575.0  2.93534e-10
14580.0  2.91099e-10
14585.0  2.88993e-10
14590.0  2.87661e-10
14595.0  2.87288e-10
14600.0  2.87576e-10
14605.0  2.879e-10
14610.0  2.8768e-10
14615.0  2.86736e-10
14620.0  2.85342e-10
14625.0  2.84023e-10
14630.0  2.83303e-10
14635.0  2.83577e-10
14640.0  2.85017e-10
14645.0  2.87428e-10
14650.0  2.9023e-10
14655.0  2.92626e-10
14660.0  2.9392e-10
14665.0  2.93733e-10
14670.0  2.92463e-10
14675.0  2.90453e-10
14680.0  2.88099e-10
14685.0  2.85777e-10
14690.0  2.8374e-10
14695.0  2.82142e-10
14700.0  2.81134e-10
14705.0  2.80874e-10
14710.0  2.81393e-10
14715.0  2.82441e-10
14720.0  2.83514e-10
14725.0  2.842e-10
14730.0  2.84438e-10
14735.0  2.8441e-10
14740.0  2.84377e-10
14745.0  2.84589e-10
14750.0  2.85132e-10
14755.0  2.85847e-10
14760.0  2.86359e-10
14765.0  2.86224e-10
14770.0  2.85197e-10
14775.0  2.83476e-10
14780.0  2.81542e-10
14785.0  2.7998e-10
14790.0  2.79232e-10
14795.0  2.79532e-10
14800.0  2.80786e-10
14805.0  2.82444e-10
14810.0  2.83556e-10
14815.0  2.82993e-10
14820.0  2.80629e-10
14825.0  2.77341e-10
14830.0  2.73396e-10
14835.0  2.6968e-10
14840.0  2.67028e-10
14845.0  2.66066e-10
14850.0  2.67205e-10
14855.0  2.70248e-10
14860.0  2.74108e-10
14865.0  2.77446e-10
14870.0  2.79009e-10
14875.0  2.78382e-10
14880.0  2.7603e-10
14885.0  2.73078e-10
14890.0  2.71092e-10
14895.0  2.71381e-10
14900.0  2.71242e-10
14905.0  2.72671e-10
14910.0  2.75291e-10
14915.0  2.78152e-10
14920.0  2.8021e-10
14925.0  2.8073e-10
14930.0  2.79554e-10
14935.0  2.77193e-10
14940.0  2.7464e-10
14945.0  2.72947e-10
14950.0  2.72771e-10
14955.0  2.74154e-10
14960.0  2.76463e-10
14965.0  2.78715e-10
14970.0  2.79846e-10
14975.0  2.79025e-10
14980.0  2.76265e-10
14985.0  2.72441e-10
14990.0  2.6893e-10
14995.0  2.68362e-10
15000.0  2.70492e-10
15005.0  2.71829e-10
15010.0  2.70726e-10
15015.0  2.66926e-10
15020.0  2.60671e-10
15025.0  2.5384e-10
15030.0  2.48124e-10
15035.0  2.45049e-10
15040.0  2.45334e-10
15045.0  2.48667e-10
15050.0  2.53815e-10
15055.0  2.58194e-10
15060.0  2.60002e-10
15065.0  2.6144e-10
15070.0  2.62403e-10
15075.0  2.62589e-10
15080.0  2.62043e-10
15085.0  2.6113e-10
15090.0  2.60313e-10
15095.0  2.59843e-10
15100.0  2.59607e-10
15105.0  2.59704e-10
15110.0  2.60213e-10
15115.0  2.60814e-10
15120.0  2.61279e-10
15125.0  2.61542e-10
15130.0  2.61592e-10
15135.0  2.61594e-10
15140.0  2.61817e-10
15145.0  2.62186e-10
15150.0  2.62515e-10
15155.0  2.62581e-10
15160.0  2.62195e-10
15165.0  2.61301e-10
15170.0  2.5999e-10
15175.0  2.58451e-10
15180.0  2.56941e-10
15185.0  2.55733e-10
15190.0  2.55023e-10
15195.0  2.54872e-10
15200.0  2.55205e-10
15205.0  2.55784e-10
15210.0  2.56453e-10
15215.0  2.57082e-10
15220.0  2.57566e-10
15225.0  2.57848e-10
15230.0  2.57863e-10
15235.0  2.57458e-10
15240.0  2.56498e-10
15245.0  2.54966e-10
15250.0  2.53039e-10
15255.0  2.51063e-10
15260.0  2.49431e-10
15265.0  2.4862e-10
15270.0  2.48847e-10
15275.0  2.50007e-10
15280.0  2.51895e-10
15285.0  2.54112e-10
15290.0  2.56118e-10
15295.0  2.57343e-10
15300.0  2.57408e-10
15305.0  2.56282e-10
15310.0  2.5429e-10
15315.0  2.51951e-10
15320.0  2.49787e-10
15325.0  2.48203e-10
15330.0  2.47409e-10
15335.0  2.47398e-10
15340.0  2.48011e-10
15345.0  2.49007e-10
15350.0  2.50138e-10
15355.0  2.51199e-10
15360.0  2.52047e-10
15365.0  2.52602e-10
15370.0  2.52818e-10
15375.0  2.5262e-10
15380.0  2.51931e-10
15385.0  2.5078e-10
15390.0  2.49299e-10
15395.0  2.47704e-10
15400.0  2.46348e-10
15405.0  2.45491e-10
15410.0  2.45238e-10
15415.0  2.45512e-10
15420.0  2.46059e-10
15425.0  2.46527e-10
15430.0  2.46549e-10
15435.0  2.45866e-10
15440.0  2.44462e-10
15445.0  2.42642e-10
15450.0  2.40845e-10
15455.0  2.39584e-10
15460.0  2.39234e-10
15465.0  2.39769e-10
15470.0  2.40929e-10
15475.0  2.42271e-10
15480.0  2.43296e-10
15485.0  2.43621e-10
15490.0  2.43108e-10
15495.0  2.41941e-10
15500.0  2.40583e-10
15505.0  2.396e-10
15510.0  2.39444e-10
15515.0  2.40249e-10
15520.0  2.41846e-10
15525.0  2.43756e-10
15530.0  2.45274e-10
15535.0  2.45861e-10
15540.0  2.45108e-10
15545.0  2.4307e-10
15550.0  2.4027e-10
15555.0  2.37509e-10
15560.0  2.35622e-10
15565.0  2.35174e-10
15570.0  2.36261e-10
15575.0  2.38629e-10
15580.0  2.41672e-10
15585.0  2.44593e-10
15590.0  2.46651e-10
15595.0  2.47356e-10
15600.0  2.46602e-10
15605.0  2.44693e-10
15610.0  2.42212e-10
15615.0  2.39829e-10
15620.0  2.38084e-10
15625.0  2.37241e-10
15630.0  2.37273e-10
15635.0  2.37894e-10
15640.0  2.38743e-10
15645.0  2.39479e-10
15650.0  2.39855e-10
15655.0  2.39627e-10
15660.0  2.38716e-10
15665.0  2.37229e-10
15670.0  2.36008e-10
15675.0  2.35231e-10
15680.0  2.34731e-10
15685.0  2.34065e-10
15690.0  2.32627e-10
15695.0  2.30262e-10
15700.0  2.27483e-10
15705.0  2.24851e-10
15710.0  2.23014e-10
15715.0  2.22602e-10
15720.0  2.23948e-10
15725.0  2.26876e-10
15730.0  2.30746e-10
15735.0  2.3471e-10
15740.0  2.37846e-10
15745.0  2.39567e-10
15750.0  2.39737e-10
15755.0  2.3841e-10
15760.0  2.35978e-10
15765.0  2.3307e-10
15770.0  2.30321e-10
15775.0  2.2825e-10
15780.0  2.27079e-10
15785.0  2.26763e-10
15790.0  2.26025e-10
15795.0  2.25166e-10
15800.0  2.25751e-10
15805.0  2.27111e-10
15810.0  2.28896e-10
15815.0  2.30664e-10
15820.0  2.3193e-10
15825.0  2.32278e-10
15830.0  2.31501e-10
15835.0  2.29694e-10
15840.0  2.27248e-10
15845.0  2.24741e-10
15850.0  2.22784e-10
15855.0  2.21874e-10
15860.0  2.22228e-10
15865.0  2.23359e-10
15870.0  2.23749e-10
15875.0  2.22387e-10
15880.0  2.19768e-10
15885.0  2.16524e-10
15890.0  2.13228e-10
15895.0  2.10651e-10
15900.0  2.09575e-10
15905.0  2.10421e-10
15910.0  2.13175e-10
15915.0  2.16515e-10
15920.0  2.19028e-10
15925.0  2.21464e-10
15930.0  2.23963e-10
15935.0  2.26415e-10
15940.0  2.28129e-10
15945.0  2.28654e-10
15950.0  2.27956e-10
15955.0  2.26386e-10
15960.0  2.24596e-10
15965.0  2.23233e-10
15970.0  2.22652e-10
15975.0  2.22936e-10
15980.0  2.23829e-10
15985.0  2.24821e-10
15990.0  2.25386e-10
15995.0  2.25135e-10
16000.0  2.23929e-10
16005.0  2.21953e-10
16010.0  2.19685e-10
16015.0  2.17754e-10
16020.0  2.16707e-10
16025.0  2.16778e-10
16030.0  2.17778e-10
16035.0  2.19198e-10
16040.0  2.20422e-10
16045.0  2.20954e-10
16050.0  2.20541e-10
16055.0  2.193e-10
16060.0  2.17578e-10
16065.0  2.15476e-10
16070.0  2.12696e-10
16075.0  2.09285e-10
16080.0  2.06082e-10
16085.0  2.03664e-10
16090.0  2.01952e-10
16095.0  2.00693e-10
16100.0  1.99657e-10
16105.0  1.98767e-10
16110.0  1.98147e-10
16115.0  1.98052e-10
16120.0  1.98763e-10
16125.0  2.00507e-10
16130.0  2.03356e-10
16135.0  2.07043e-10
16140.0  2.11693e-10
16145.0  2.1764e-10
16150.0  2.21009e-10
16155.0  2.20916e-10
16160.0  2.18812e-10
16165.0  2.15585e-10
16170.0  2.1216e-10
16175.0  2.09478e-10
16180.0  2.08238e-10
16185.0  2.08767e-10
16190.0  2.1095e-10
16195.0  2.14263e-10
16200.0  2.17817e-10
16205.0  2.20654e-10
16210.0  2.2202e-10
16215.0  2.21595e-10
16220.0  2.19593e-10
16225.0  2.16627e-10
16230.0  2.13475e-10
16235.0  2.10857e-10
16240.0  2.09198e-10
16245.0  2.08594e-10
16250.0  2.08928e-10
16255.0  2.09789e-10
16260.0  2.10661e-10
16265.0  2.11116e-10
16270.0  2.10944e-10
16275.0  2.10207e-10
16280.0  2.09168e-10
16285.0  2.08161e-10
16290.0  2.07491e-10
16295.0  2.07337e-10
16300.0  2.07717e-10
16305.0  2.08473e-10
16310.0  2.09298e-10
16315.0  2.09844e-10
16320.0  2.09854e-10
16325.0  2.09274e-10
16330.0  2.08277e-10
16335.0  2.07152e-10
16340.0  2.06209e-10
16345.0  2.05764e-10
16350.0  2.05791e-10
16355.0  2.06225e-10
16360.0  2.06735e-10
16365.0  2.0662e-10
16370.0  2.05754e-10
16375.0  2.04543e-10
16380.0  2.03049e-10
16385.0  2.0115e-10
16390.0  1.98996e-10
16395.0  1.96609e-10
16400.0  1.94043e-10
16405.0  1.91819e-10
16410.0  1.90319e-10
16415.0  1.89901e-10
16420.0  1.90715e-10
16425.0  1.9234e-10
16430.0  1.94911e-10
16435.0  1.98391e-10
16440.0  2.01847e-10
16445.0  2.04451e-10
16450.0  2.06296e-10
16455.0  2.07709e-10
16460.0  2.08673e-10
16465.0  2.09062e-10
16470.0  2.08795e-10
16475.0  2.07878e-10
16480.0  2.06432e-10
16485.0  2.04689e-10
16490.0  2.02948e-10
16495.0  2.01493e-10
16500.0  2.00509e-10
16505.0  2.00039e-10
16510.0  1.99986e-10
16515.0  2.0016e-10
16520.0  2.00309e-10
16525.0  2.00198e-10
16530.0  1.99661e-10
16535.0  1.98667e-10
16540.0  1.97338e-10
16545.0  1.9593e-10
16550.0  1.9476e-10
16555.0  1.94117e-10
16560.0  1.94191e-10
16565.0  1.95027e-10
16570.0  1.96493e-10
16575.0  1.98319e-10
16580.0  2.00126e-10
16585.0  2.0153e-10
16590.0  2.02291e-10
16595.0  2.02335e-10
16600.0  2.01701e-10
16605.0  2.00549e-10
16610.0  1.99147e-10
16615.0  1.97861e-10
16620.0  1.97021e-10
16625.0  1.96844e-10
16630.0  1.97348e-10
16635.0  1.98457e-10
16640.0  1.99955e-10
16645.0  2.014e-10
16650.0  2.0247e-10
16655.0  2.0286e-10
16660.0  2.02377e-10
16665.0  2.00991e-10
16670.0  1.98841e-10
16675.0  1.96204e-10
16680.0  1.9343e-10
16685.0  1.90863e-10
16690.0  1.88755e-10
16695.0  1.8724e-10
16700.0  1.8635e-10
16705.0  1.86027e-10
16710.0  1.86173e-10
16715.0  1.86673e-10
16720.0  1.87415e-10
16725.0  1.88308e-10
16730.0  1.89287e-10
16735.0  1.90312e-10
16740.0  1.91345e-10
16745.0  1.92327e-10
16750.0  1.93141e-10
16755.0  1.93628e-10
16760.0  1.93628e-10
16765.0  1.93032e-10
16770.0  1.91778e-10
16775.0  1.89825e-10
16780.0  1.87208e-10
16785.0  1.83932e-10
16790.0  1.80013e-10
16795.0  1.75853e-10
16800.0  1.71772e-10
16805.0  1.68267e-10
16810.0  1.65868e-10
16815.0  1.64949e-10
16820.0  1.65674e-10
16825.0  1.67951e-10
16830.0  1.7143e-10
16835.0  1.75563e-10
16840.0  1.79752e-10
16845.0  1.83331e-10
16850.0  1.8574e-10
16855.0  1.86935e-10
16860.0  1.87205e-10
16865.0  1.86848e-10
16870.0  1.86105e-10
16875.0  1.85225e-10
16880.0  1.84418e-10
16885.0  1.83822e-10
16890.0  1.83468e-10
16895.0  1.83305e-10
16900.0  1.8321e-10
16905.0  1.83052e-10
16910.0  1.82742e-10
16915.0  1.8226e-10
16920.0  1.81668e-10
16925.0  1.81094e-10
16930.0  1.80663e-10
16935.0  1.80628e-10
16940.0  1.81112e-10
16945.0  1.82101e-10
16950.0  1.8344e-10
16955.0  1.84805e-10
16960.0  1.85974e-10
16965.0  1.86732e-10
16970.0  1.86905e-10
16975.0  1.86415e-10
16980.0  1.8532e-10
16985.0  1.83797e-10
16990.0  1.82108e-10
16995.0  1.80565e-10
17000.0  1.79446e-10
17005.0  1.78963e-10
17010.0  1.79185e-10
17015.0  1.80029e-10
17020.0  1.81261e-10
17025.0  1.82546e-10
17030.0  1.83552e-10
17035.0  1.84014e-10
17040.0  1.83807e-10
17045.0  1.82956e-10
17050.0  1.81615e-10
17055.0  1.80018e-10
17060.0  1.78415e-10
17065.0  1.77038e-10
17070.0  1.76063e-10
17075.0  1.7557e-10
17080.0  1.75535e-10
17085.0  1.75822e-10
17090.0  1.76246e-10
17095.0  1.76609e-10
17100.0  1.76764e-10
17105.0  1.76641e-10
17110.0  1.76271e-10
17115.0  1.7576e-10
17120.0  1.75265e-10
17125.0  1.74941e-10
17130.0  1.74899e-10
17135.0  1.75173e-10
17140.0  1.75697e-10
17145.0  1.76329e-10
17150.0  1.76872e-10
17155.0  1.77141e-10
17160.0  1.77028e-10
17165.0  1.76519e-10
17170.0  1.75684e-10
17175.0  1.74668e-10
17180.0  1.73676e-10
17185.0  1.72911e-10
17190.0  1.72532e-10
17195.0  1.72617e-10
17200.0  1.73171e-10
17205.0  1.74122e-10
17210.0  1.7527e-10
17215.0  1.76253e-10
17220.0  1.76818e-10
17225.0  1.76874e-10
17230.0  1.76389e-10
17235.0  1.7543e-10
17240.0  1.74159e-10
17245.0  1.72769e-10
17250.0  1.71539e-10
17255.0  1.70656e-10
17260.0  1.70195e-10
17265.0  1.70211e-10
17270.0  1.70639e-10
17275.0  1.71341e-10
17280.0  1.72131e-10
17285.0  1.72823e-10
17290.0  1.73241e-10
17295.0  1.73273e-10
17300.0  1.7286e-10
17305.0  1.72016e-10
17310.0  1.70757e-10
17315.0  1.69002e-10
17320.0  1.6669e-10
17325.0  1.64006e-10
17330.0  1.61296e-10
17335.0  1.58712e-10
17340.0  1.56336e-10
17345.0  1.543e-10
17350.0  1.52754e-10
17355.0  1.51764e-10
17360.0  1.51321e-10
17365.0  1.51355e-10
17370.0  1.51819e-10
17375.0  1.52677e-10
17380.0  1.53875e-10
17385.0  1.55352e-10
17390.0  1.57052e-10
17395.0  1.58886e-10
17400.0  1.60648e-10
17405.0  1.62112e-10
17410.0  1.63168e-10
17415.0  1.63843e-10
17420.0  1.64185e-10
17425.0  1.64209e-10
17430.0  1.63983e-10
17435.0  1.63618e-10
17440.0  1.63215e-10
17445.0  1.62833e-10
17450.0  1.62521e-10
17455.0  1.62404e-10
17460.0  1.62463e-10
17465.0  1.62576e-10
17470.0  1.6268e-10
17475.0  1.62707e-10
17480.0  1.62612e-10
17485.0  1.62382e-10
17490.0  1.62029e-10
17495.0  1.61588e-10
17500.0  1.61098e-10
17505.0  1.60611e-10
17510.0  1.60172e-10
17515.0  1.59815e-10
17520.0  1.59568e-10
17525.0  1.59449e-10
17530.0  1.59456e-10
17535.0  1.59559e-10
17540.0  1.59729e-10
17545.0  1.59949e-10
17550.0  1.60214e-10
17555.0  1.60525e-10
17560.0  1.60885e-10
17565.0  1.61286e-10
17570.0  1.61706e-10
17575.0  1.6211e-10
17580.0  1.62443e-10
17585.0  1.62679e-10
17590.0  1.62793e-10
17595.0  1.62754e-10
17600.0  1.6254e-10
17605.0  1.62158e-10
17610.0  1.61637e-10
17615.0  1.61031e-10
17620.0  1.60408e-10
17625.0  1.59839e-10
17630.0  1.59371e-10
17635.0  1.59025e-10
17640.0  1.58776e-10
17645.0  1.58551e-10
17650.0  1.58269e-10
17655.0  1.57869e-10
17660.0  1.57301e-10
17665.0  1.56542e-10
17670.0  1.55631e-10
17675.0  1.54645e-10
17680.0  1.53697e-10
17685.0  1.52906e-10
17690.0  1.52381e-10
17695.0  1.52204e-10
17700.0  1.52408e-10
17705.0  1.52975e-10
17710.0  1.5384e-10
17715.0  1.54898e-10
17720.0  1.56016e-10
17725.0  1.5705e-10
17730.0  1.57873e-10
17735.0  1.58404e-10
17740.0  1.58636e-10
17745.0  1.58559e-10
17750.0  1.5824e-10
17755.0  1.57851e-10
17760.0  1.57489e-10
17765.0  1.57226e-10
17770.0  1.57097e-10
17775.0  1.57073e-10
17780.0  1.57077e-10
17785.0  1.56998e-10
17790.0  1.56731e-10
17795.0  1.56192e-10
17800.0  1.5536e-10
17805.0  1.54264e-10
17810.0  1.52992e-10
17815.0  1.51671e-10
17820.0  1.50451e-10
17825.0  1.49477e-10
17830.0  1.48872e-10
17835.0  1.48701e-10
17840.0  1.48972e-10
17845.0  1.49593e-10
17850.0  1.50404e-10
17855.0  1.51198e-10
17860.0  1.51751e-10
17865.0  1.51945e-10
17870.0  1.51775e-10
17875.0  1.51283e-10
17880.0  1.50562e-10
17885.0  1.49757e-10
17890.0  1.49022e-10
17895.0  1.485e-10
17900.0  1.48301e-10
17905.0  1.48488e-10
17910.0  1.49044e-10
17915.0  1.49874e-10
17920.0  1.50807e-10
17925.0  1.51578e-10
17930.0  1.51914e-10
17935.0  1.51627e-10
17940.0  1.50685e-10
17945.0  1.49228e-10
17950.0  1.47499e-10
17955.0  1.45769e-10
17960.0  1.44285e-10
17965.0  1.43229e-10
17970.0  1.42716e-10
17975.0  1.42861e-10
17980.0  1.43656e-10
17985.0  1.45294e-10
17990.0  1.47642e-10
17995.0  1.47704e-10
18000.0  1.4643e-10
18005.0  1.46374e-10
18010.0  1.46164e-10
18015.0  1.45665e-10
18020.0  1.45127e-10
18025.0  1.44614e-10
18030.0  1.44243e-10
18035.0  1.44086e-10
18040.0  1.44161e-10
18045.0  1.44446e-10
18050.0  1.44882e-10
18055.0  1.45387e-10
18060.0  1.45856e-10
18065.0  1.46192e-10
18070.0  1.46317e-10
18075.0  1.46201e-10
18080.0  1.45882e-10
18085.0  1.45438e-10
18090.0  1.45001e-10
18095.0  1.44719e-10
18100.0  1.44661e-10
18105.0  1.44872e-10
18110.0  1.45353e-10
18115.0  1.46034e-10
18120.0  1.46769e-10
18125.0  1.4735e-10
18130.0  1.47526e-10
18135.0  1.47084e-10
18140.0  1.45927e-10
18145.0  1.4414e-10
18150.0  1.41947e-10
18155.0  1.39629e-10
18160.0  1.37426e-10
18165.0  1.35491e-10
18170.0  1.33886e-10
18175.0  1.32609e-10
18180.0  1.31641e-10
18185.0  1.3096e-10
18190.0  1.30606e-10
18195.0  1.30696e-10
18200.0  1.31412e-10
18205.0  1.32885e-10
18210.0  1.34972e-10
18215.0  1.37231e-10
18220.0  1.391e-10
18225.0  1.40255e-10
18230.0  1.40714e-10
18235.0  1.40702e-10
18240.0  1.40456e-10
18245.0  1.40144e-10
18250.0  1.39847e-10
18255.0  1.39566e-10
18260.0  1.39253e-10
18265.0  1.38839e-10
18270.0  1.38096e-10
18275.0  1.36863e-10
18280.0  1.35237e-10
18285.0  1.33401e-10
18290.0  1.317e-10
18295.0  1.30469e-10
18300.0  1.29826e-10
18305.0  1.2967e-10
18310.0  1.29805e-10
18315.0  1.30056e-10
18320.0  1.30313e-10
18325.0  1.3051e-10
18330.0  1.30602e-10
18335.0  1.30551e-10
18340.0  1.30326e-10
18345.0  1.2992e-10
18350.0  1.29343e-10
18355.0  1.28648e-10
18360.0  1.27951e-10
18365.0  1.27371e-10
18370.0  1.26952e-10
18375.0  1.26638e-10
18380.0  1.26289e-10
18385.0  1.2576e-10
18390.0  1.25004e-10
18395.0  1.24186e-10
18400.0  1.23731e-10
18405.0  1.24084e-10
18410.0  1.25333e-10
18415.0  1.27075e-10
18420.0  1.28697e-10
18425.0  1.29833e-10
18430.0  1.30441e-10
18435.0  1.30675e-10
18440.0  1.30716e-10
18445.0  1.30688e-10
18450.0  1.30685e-10
18455.0  1.30756e-10
18460.0  1.30848e-10
18465.0  1.30845e-10
18470.0  1.30579e-10
18475.0  1.29913e-10
18480.0  1.29077e-10
18485.0  1.2884e-10
18490.0  1.29907e-10
18495.0  1.31858e-10
18500.0  1.33569e-10
18505.0  1.3428e-10
18510.0  1.34084e-10
18515.0  1.33408e-10
18520.0  1.32588e-10
18525.0  1.31782e-10
18530.0  1.31032e-10
18535.0  1.3032e-10
18540.0  1.29609e-10
18545.0  1.28867e-10
18550.0  1.28091e-10
18555.0  1.27408e-10
18560.0  1.27049e-10
18565.0  1.27187e-10
18570.0  1.27696e-10
18575.0  1.28272e-10
18580.0  1.28652e-10
18585.0  1.2873e-10
18590.0  1.28523e-10
18595.0  1.28115e-10
18600.0  1.27608e-10
18605.0  1.27122e-10
18610.0  1.26792e-10
18615.0  1.26746e-10
18620.0  1.27054e-10
18625.0  1.27651e-10
18630.0  1.28397e-10
18635.0  1.29097e-10
18640.0  1.29562e-10
18645.0  1.29797e-10
18650.0  1.29867e-10
18655.0  1.29808e-10
18660.0  1.29668e-10
18665.0  1.29294e-10
18670.0  1.28754e-10
18675.0  1.27627e-10
18680.0  1.227e-10
18685.0  1.16795e-10
18690.0  1.16065e-10
18695.0  1.16748e-10
18700.0  1.16793e-10
18705.0  1.16982e-10
18710.0  1.17196e-10
18715.0  1.17374e-10
18720.0  1.17566e-10
18725.0  1.17756e-10
18730.0  1.17946e-10
18735.0  1.18135e-10
18740.0  1.18325e-10
18745.0  1.18516e-10
18750.0  1.18704e-10
18755.0  1.18895e-10
18760.0  1.19083e-10
18765.0  1.19265e-10
18770.0  1.19476e-10
18775.0  1.1965e-10
18780.0  1.19752e-10
18785.0  1.20642e-10
18790.0  1.22058e-10
18795.0  1.22589e-10
18800.0  1.22588e-10
18805.0  1.2251e-10
18810.0  1.22331e-10
18815.0  1.2204e-10
18820.0  1.21622e-10
18825.0  1.21048e-10
18830.0  1.20317e-10
18835.0  1.19592e-10
18840.0  1.19117e-10
18845.0  1.19062e-10
18850.0  1.19349e-10
18855.0  1.19756e-10
18860.0  1.20071e-10
18865.0  1.20227e-10
18870.0  1.20263e-10
18875.0  1.20238e-10
18880.0  1.202e-10
18885.0  1.20159e-10
18890.0  1.20077e-10
18895.0  1.19868e-10
18900.0  1.1942e-10
18905.0  1.18674e-10
18910.0  1.17763e-10
18915.0  1.17046e-10
18920.0  1.16865e-10
18925.0  1.17272e-10
18930.0  1.17968e-10
18935.0  1.18586e-10
18940.0  1.18952e-10
18945.0  1.19097e-10
18950.0  1.19137e-10
18955.0  1.19157e-10
18960.0  1.19204e-10
18965.0  1.19281e-10
18970.0  1.19355e-10
18975.0  1.19353e-10
18980.0  1.19182e-10
18985.0  1.18776e-10
18990.0  1.18203e-10
18995.0  1.17672e-10
19000.0  1.1746e-10
19005.0  1.1762e-10
19010.0  1.17991e-10
19015.0  1.1832e-10
19020.0  1.1835e-10
19025.0  1.17958e-10
19030.0  1.17209e-10
19035.0  1.16053e-10
19040.0  1.14402e-10
19045.0  1.12294e-10
19050.0  1.10039e-10
19055.0  1.0823e-10
19060.0  1.07513e-10
19065.0  1.08087e-10
19070.0  1.09602e-10
19075.0  1.11417e-10
19080.0  1.13044e-10
19085.0  1.14285e-10
19090.0  1.15163e-10
19095.0  1.15773e-10
19100.0  1.16192e-10
19105.0  1.16453e-10
19110.0  1.16508e-10
19115.0  1.16217e-10
19120.0  1.15354e-10
19125.0  1.13762e-10
19130.0  1.11712e-10
19135.0  1.09969e-10
19140.0  1.09458e-10
19145.0  1.10457e-10
19150.0  1.12454e-10
19155.0  1.14557e-10
19160.0  1.16258e-10
19165.0  1.17487e-10
19170.0  1.18409e-10
19175.0  1.19178e-10
19180.0  1.19884e-10
19185.0  1.20575e-10
19190.0  1.21237e-10
19195.0  1.21789e-10
19200.0  1.22087e-10
19205.0  1.2196e-10
19210.0  1.21332e-10
19215.0  1.20234e-10
19220.0  1.18818e-10
19225.0  1.17405e-10
19230.0  1.16258e-10
19235.0  1.15427e-10
19240.0  1.14878e-10
19245.0  1.14558e-10
19250.0  1.14392e-10
19255.0  1.14313e-10
19260.0  1.14293e-10
19265.0  1.14325e-10
19270.0  1.14361e-10
19275.0  1.14322e-10
19280.0  1.14123e-10
19285.0  1.13729e-10
19290.0  1.1318e-10
19295.0  1.12573e-10
19300.0  1.12035e-10
19305.0  1.11659e-10
19310.0  1.11468e-10
19315.0  1.11426e-10
19320.0  1.11485e-10
19325.0  1.11604e-10
19330.0  1.11759e-10
19335.0  1.11938e-10
19340.0  1.12136e-10
19345.0  1.12343e-10
19350.0  1.12552e-10
19355.0  1.1275e-10
19360.0  1.12924e-10
19365.0  1.1307e-10
19370.0  1.13184e-10
19375.0  1.13263e-10
19380.0  1.13307e-10
19385.0  1.13319e-10
19390.0  1.13285e-10
19395.0  1.13193e-10
19400.0  1.13022e-10
19405.0  1.12746e-10
19410.0  1.12361e-10
19415.0  1.11857e-10
19420.0  1.1119e-10
19425.0  1.10367e-10
19430.0  1.09453e-10
19435.0  1.08488e-10
19440.0  1.07519e-10
19445.0  1.06618e-10
19450.0  1.05866e-10
19455.0  1.0533e-10
19460.0  1.0506e-10
19465.0  1.05072e-10
19470.0  1.05349e-10
19475.0  1.05845e-10
19480.0  1.06499e-10
19485.0  1.07206e-10
19490.0  1.07882e-10
19495.0  1.08582e-10
19500.0  1.08996e-10
19505.0  1.09003e-10
19510.0  1.10796e-10
19515.0  1.14141e-10
19520.0  1.14948e-10
19525.0  1.13952e-10
19530.0  1.13408e-10
19535.0  1.13094e-10
19540.0  1.12843e-10
19545.0  1.12784e-10
19550.0  1.12852e-10
19555.0  1.12921e-10
19560.0  1.12874e-10
19565.0  1.12602e-10
19570.0  1.12069e-10
19575.0  1.11296e-10
19580.0  1.10351e-10
19585.0  1.09307e-10
19590.0  1.08229e-10
19595.0  1.07154e-10
19600.0  1.06296e-10
19605.0  1.05864e-10
19610.0  1.056e-10
19615.0  1.05336e-10
19620.0  1.05193e-10
19625.0  1.05193e-10
19630.0  1.05322e-10
19635.0  1.05617e-10
19640.0  1.0608e-10
19645.0  1.06666e-10
19650.0  1.07298e-10
19655.0  1.07889e-10
19660.0  1.08371e-10
19665.0  1.08714e-10
19670.0  1.08914e-10
19675.0  1.08974e-10
19680.0  1.08916e-10
19685.0  1.08763e-10
19690.0  1.08538e-10
19695.0  1.0825e-10
19700.0  1.07908e-10
19705.0  1.0752e-10
19710.0  1.07099e-10
19715.0  1.0667e-10
19720.0  1.06268e-10
19725.0  1.05926e-10
19730.0  1.05673e-10
19735.0  1.05523e-10
19740.0  1.05468e-10
19745.0  1.05501e-10
19750.0  1.05597e-10
19755.0  1.05734e-10
19760.0  1.05884e-10
19765.0  1.06023e-10
19770.0  1.06123e-10
19775.0  1.06155e-10
19780.0  1.06088e-10
19785.0  1.05901e-10
19790.0  1.05585e-10
19795.0  1.05152e-10
19800.0  1.04631e-10
19805.0  1.04074e-10
19810.0  1.03538e-10
19815.0  1.03075e-10
19820.0  1.02726e-10
19825.0  1.02504e-10
19830.0  1.02407e-10
19835.0  1.02454e-10
19840.0  1.02641e-10
19845.0  1.02909e-10
19850.0  1.03221e-10
19855.0  1.03559e-10
19860.0  1.03882e-10
19865.0  1.04145e-10
19870.0  1.04318e-10
19875.0  1.04377e-10
19880.0  1.04314e-10
19885.0  1.04139e-10
19890.0  1.03879e-10
19895.0  1.0357e-10
19900.0  1.03252e-10
19905.0  1.02956e-10
19910.0  1.02708e-10
19915.0  1.02523e-10
19920.0  1.02409e-10
19925.0  1.02365e-10
19930.0  1.0238e-10
19935.0  1.02438e-10
19940.0  1.02512e-10
19945.0  1.02572e-10
19950.0  1.02582e-10
19955.0  1.02512e-10
19960.0  1.02336e-10
19965.0  1.02027e-10
19970.0  1.01571e-10
19975.0  1.00972e-10
19980.0  1.00233e-10
19985.0  9.93699e-11
19990.0  9.84601e-11
19995.0  9.76702e-11
20000.0  9.69307e-11
20005.0  9.65862e-11
20010.0  9.82085e-11
20015.0  1.00874e-10
20020.0  1.01107e-10
20025.0  9.9441e-11
20030.0  9.78945e-11
20035.0  9.65906e-11
20040.0  9.55235e-11
20045.0  9.50198e-11
20050.0  9.52706e-11
20055.0  9.62166e-11
20060.0  9.74406e-11
20065.0  9.80441e-11
20070.0  9.75977e-11
20075.0  9.69924e-11
20080.0  9.67398e-11
20085.0  9.66807e-11
20090.0  9.66794e-11
20095.0  9.66907e-11
20100.0  9.67152e-11
20105.0  9.67804e-11
20110.0  9.69438e-11
20115.0  9.72553e-11
20120.0  9.77464e-11
20125.0  9.84004e-11
20130.0  9.9141e-11
20135.0  9.98661e-11
20140.0  1.00468e-10
20145.0  1.00876e-10
20150.0  1.01072e-10
20155.0  1.01101e-10
20160.0  1.01025e-10
20165.0  1.00889e-10
20170.0  1.00722e-10
20175.0  1.00532e-10
20180.0  1.00307e-10
20185.0  1.0003e-10
20190.0  9.96776e-11
20195.0  9.92351e-11
20200.0  9.87049e-11
20205.0  9.81015e-11
20210.0  9.74575e-11
20215.0  9.68187e-11
20220.0  9.6242e-11
20225.0  9.57724e-11
20230.0  9.54488e-11
20235.0  9.52857e-11
20240.0  9.52908e-11
20245.0  9.54487e-11
20250.0  9.57371e-11
20255.0  9.61223e-11
20260.0  9.65711e-11
20265.0  9.70429e-11
20270.0  9.7488e-11
20275.0  9.78675e-11
20280.0  9.81558e-11
20285.0  9.83204e-11
20290.0  9.83366e-11
20295.0  9.81911e-11
20300.0  9.78901e-11
20305.0  9.74539e-11
20310.0  9.69106e-11
20315.0  9.63111e-11
20320.0  9.57141e-11
20325.0  9.51755e-11
20330.0  9.47473e-11
20335.0  9.44411e-11
20340.0  9.42652e-11
20345.0  9.42376e-11
20350.0  9.43626e-11
20355.0  9.4614e-11
20360.0  9.49477e-11
20365.0  9.53198e-11
20370.0  9.568e-11
20375.0  9.59924e-11
20380.0  9.62192e-11
20385.0  9.63419e-11
20390.0  9.6345e-11
20395.0  9.62245e-11
20400.0  9.59866e-11
20405.0  9.56433e-11
20410.0  9.52179e-11
20415.0  9.47362e-11
20420.0  9.42301e-11
20425.0  9.37344e-11
20430.0  9.32853e-11
20435.0  9.29172e-11
20440.0  9.26533e-11
20445.0  9.25e-11
20450.0  9.24591e-11
20455.0  9.25175e-11
20460.0  9.26579e-11
20465.0  9.28591e-11
20470.0  9.30988e-11
20475.0  9.33287e-11
20480.0  9.35148e-11
20485.0  9.37036e-11
20490.0  9.3935e-11
20495.0  9.41658e-11
20500.0  9.43808e-11
20505.0  9.45826e-11
20510.0  9.47575e-11
20515.0  9.48805e-11
20520.0  9.49292e-11
20525.0  9.48705e-11
20530.0  9.46901e-11
20535.0  9.43787e-11
20540.0  9.39537e-11
20545.0  9.34457e-11
20550.0  9.29015e-11
20555.0  9.23666e-11
20560.0  9.18783e-11
20565.0  9.14684e-11
20570.0  9.11485e-11
20575.0  9.09252e-11
20580.0  9.07895e-11
20585.0  9.07373e-11
20590.0  9.07547e-11
20595.0  9.08352e-11
20600.0  9.0966e-11
20605.0  9.11355e-11
20610.0  9.13296e-11
20615.0  9.15309e-11
20620.0  9.17203e-11
20625.0  9.18706e-11
20630.0  9.1957e-11
20635.0  9.19545e-11
20640.0  9.18475e-11
20645.0  9.16337e-11
20650.0  9.13195e-11
20655.0  9.093e-11
20660.0  9.04948e-11
20665.0  9.00466e-11
20670.0  8.96239e-11
20675.0  8.92489e-11
20680.0  8.89458e-11
20685.0  8.87212e-11
20690.0  8.8577e-11
20695.0  8.85049e-11
20700.0  8.84945e-11
20705.0  8.85248e-11
20710.0  8.85807e-11
20715.0  8.86503e-11
20720.0  8.8719e-11
20725.0  8.87691e-11
20730.0  8.87981e-11
20735.0  8.88083e-11
20740.0  8.87976e-11
20745.0  8.87673e-11
20750.0  8.87279e-11
20755.0  8.86829e-11
20760.0  8.86406e-11
20765.0  8.86057e-11
20770.0  8.85828e-11
20775.0  8.85637e-11
20780.0  8.85379e-11
20785.0  8.84993e-11
20790.0  8.84556e-11
20795.0  8.84209e-11
20800.0  8.8379e-11
20805.0  8.83119e-11
20810.0  8.82208e-11
20815.0  8.80919e-11
20820.0  8.78985e-11
20825.0  8.7636e-11
20830.0  8.73228e-11
20835.0  8.70125e-11
20840.0  8.67352e-11
20845.0  8.6482e-11
20850.0  8.62545e-11
20855.0  8.6057e-11
20860.0  8.58861e-11
20865.0  8.57418e-11
20870.0  8.56169e-11
20875.0  8.5509e-11
20880.0  8.54125e-11
20885.0  8.53264e-11
20890.0  8.52479e-11
20895.0  8.51771e-11
20900.0  8.51206e-11
20905.0  8.50817e-11
20910.0  8.50652e-11
20915.0  8.50803e-11
20920.0  8.51338e-11
20925.0  8.52278e-11
20930.0  8.53669e-11
20935.0  8.55517e-11
20940.0  8.57753e-11
20945.0  8.6028e-11
20950.0  8.62998e-11
20955.0  8.65665e-11
20960.0  8.67937e-11
20965.0  8.69669e-11
20970.0  8.70719e-11
20975.0  8.70923e-11
20980.0  8.70218e-11
20985.0  8.68659e-11
20990.0  8.66357e-11
20995.0  8.63459e-11
21000.0  8.60205e-11
21005.0  8.56834e-11
21010.0  8.53539e-11
21015.0  8.50522e-11
21020.0  8.47925e-11
21025.0  8.45827e-11
21030.0  8.44286e-11
21035.0  8.43273e-11
21040.0  8.42684e-11
21045.0  8.42366e-11
21050.0  8.4212e-11
21055.0  8.4192e-11
21060.0  8.41606e-11
21065.0  8.40968e-11
21070.0  8.39769e-11
21075.0  8.37871e-11
21080.0  8.35496e-11
21085.0  8.33014e-11
21090.0  8.30616e-11
21095.0  8.28539e-11
21100.0  8.27031e-11
21105.0  8.26305e-11
21110.0  8.26516e-11
21115.0  8.27661e-11
21120.0  8.29747e-11
21125.0  8.32607e-11
21130.0  8.36e-11
21135.0  8.39635e-11
21140.0  8.43153e-11
21145.0  8.46143e-11
21150.0  8.48241e-11
21155.0  8.49094e-11
21160.0  8.48406e-11
21165.0  8.46075e-11
21170.0  8.42075e-11
21175.0  8.36651e-11
21180.0  8.30129e-11
21185.0  8.22889e-11
21190.0  8.15326e-11
21195.0  8.08065e-11
21200.0  8.01764e-11
21205.0  7.96648e-11
21210.0  7.92725e-11
21215.0  7.90226e-11
21220.0  7.89181e-11
21225.0  7.89501e-11
21230.0  7.90945e-11
21235.0  7.93297e-11
21240.0  7.96252e-11
21245.0  7.99465e-11
21250.0  8.02649e-11
21255.0  8.0556e-11
21260.0  8.08034e-11
21265.0  8.099e-11
21270.0  8.11192e-11
21275.0  8.12001e-11
21280.0  8.12493e-11
21285.0  8.1288e-11
21290.0  8.13407e-11
21295.0  8.14282e-11
21300.0  8.15654e-11
21305.0  8.17612e-11
21310.0  8.20129e-11
21315.0  8.23069e-11
21320.0  8.26207e-11
21325.0  8.29238e-11
21330.0  8.31823e-11
21335.0  8.33532e-11
21340.0  8.34028e-11
21345.0  8.32996e-11
21350.0  8.30215e-11
21355.0  8.25691e-11
21360.0  8.19549e-11
21365.0  8.12081e-11
21370.0  8.03787e-11
21375.0  7.95176e-11
21380.0  7.86788e-11
21385.0  7.79197e-11
21390.0  7.72847e-11
21395.0  7.68057e-11
21400.0  7.65073e-11
21405.0  7.64039e-11
21410.0  7.6495e-11
21415.0  7.67678e-11
21420.0  7.72034e-11
21425.0  7.77734e-11
21430.0  7.8441e-11
21435.0  7.91694e-11
21440.0  7.99029e-11
21445.0  8.05734e-11
21450.0  8.11407e-11
21455.0  8.15706e-11
21460.0  8.18208e-11
21465.0  8.1868e-11
21470.0  8.17408e-11
21475.0  8.14747e-11
21480.0  8.10884e-11
21485.0  8.06091e-11
21490.0  8.00809e-11
21495.0  7.954e-11
21500.0  7.90247e-11
21505.0  7.85597e-11
21510.0  7.81641e-11
21515.0  7.78462e-11
21520.0  7.76061e-11
21525.0  7.74378e-11
21530.0  7.73359e-11
21535.0  7.72873e-11
21540.0  7.72748e-11
21545.0  7.72832e-11
21550.0  7.7295e-11
21555.0  7.72896e-11
21560.0  7.72526e-11
21565.0  7.71722e-11
21570.0  7.70361e-11
21575.0  7.68378e-11
21580.0  7.65641e-11
21585.0  7.61976e-11
21590.0  7.57222e-11
21595.0  7.51338e-11
21600.0  7.44383e-11
21605.0  7.36455e-11
21610.0  7.27767e-11
21615.0  7.18263e-11
21620.0  7.07746e-11
21625.0  6.96603e-11
21630.0  6.85626e-11
21635.0  6.75556e-11
21640.0  6.66971e-11
21645.0  6.60328e-11
21650.0  6.55922e-11
21655.0  6.53937e-11
21660.0  6.54458e-11
21665.0  6.57405e-11
21670.0  6.62605e-11
21675.0  6.69699e-11
21680.0  6.78279e-11
21685.0  6.87849e-11
21690.0  6.97845e-11
21695.0  7.07685e-11
21700.0  7.16928e-11
21705.0  7.25247e-11
21710.0  7.32349e-11
21715.0  7.38276e-11
21720.0  7.43755e-11
21725.0  7.49223e-11
21730.0  7.5354e-11
21735.0  7.55548e-11
21740.0  7.55882e-11
21745.0  7.55388e-11
21750.0  7.54223e-11
21755.0  7.52529e-11
21760.0  7.50704e-11
21765.0  7.49016e-11
21770.0  7.47661e-11
21775.0  7.46669e-11
21780.0  7.46093e-11
21785.0  7.45896e-11
21790.0  7.45967e-11
21795.0  7.46272e-11
21800.0  7.46692e-11
21805.0  7.47137e-11
21810.0  7.47485e-11
21815.0  7.47651e-11
21820.0  7.47549e-11
21825.0  7.47186e-11
21830.0  7.46547e-11
21835.0  7.4566e-11
21840.0  7.44562e-11
21845.0  7.43325e-11
21850.0  7.42045e-11
21855.0  7.40775e-11
21860.0  7.39638e-11
21865.0  7.38674e-11
21870.0  7.37888e-11
21875.0  7.37285e-11
21880.0  7.36879e-11
21885.0  7.36589e-11
21890.0  7.36361e-11
21895.0  7.36106e-11
21900.0  7.35771e-11
21905.0  7.35272e-11
21910.0  7.34588e-11
21915.0  7.337e-11
21920.0  7.32638e-11
21925.0  7.31468e-11
21930.0  7.30267e-11
21935.0  7.29116e-11
21940.0  7.27974e-11
21945.0  7.26884e-11
21950.0  7.26179e-11
21955.0  7.25844e-11
21960.0  7.25117e-11
21965.0  7.23656e-11
21970.0  7.21929e-11
21975.0  7.20336e-11
21980.0  7.18795e-11
21985.0  7.1725e-11
21990.0  7.15634e-11
21995.0  7.1388e-11
22000.0  7.11951e-11
22005.0  7.09853e-11
22010.0  7.07646e-11
22015.0  7.0542e-11
22020.0  7.03309e-11
22025.0  7.01292e-11
22030.0  6.99277e-11
22035.0  6.97433e-11
22040.0  6.96098e-11
22045.0  6.9547e-11
22050.0  6.95645e-11
22055.0  6.96607e-11
22060.0  6.9835e-11
22065.0  7.00782e-11
22070.0  7.03693e-11
22075.0  7.06908e-11
22080.0  7.10166e-11
22085.0  7.13242e-11
22090.0  7.1588e-11
22095.0  7.17772e-11
22100.0  7.18651e-11
22105.0  7.18411e-11
22110.0  7.17108e-11
22115.0  7.1488e-11
22120.0  7.11889e-11
22125.0  7.08233e-11
22130.0  7.0408e-11
22135.0  6.99644e-11
22140.0  6.95148e-11
22145.0  6.90885e-11
22150.0  6.8706e-11
22155.0  6.83904e-11
22160.0  6.81601e-11
22165.0  6.80282e-11
22170.0  6.79993e-11
22175.0  6.80694e-11
22180.0  6.82275e-11
22185.0  6.84546e-11
22190.0  6.87373e-11
22195.0  6.90514e-11
22200.0  6.9368e-11
22205.0  6.9651e-11
22210.0  6.98786e-11
22215.0  7.00422e-11
22220.0  7.01326e-11
22225.0  7.01367e-11
22230.0  7.00554e-11
22235.0  6.98961e-11
22240.0  6.96706e-11
22245.0  6.9401e-11
22250.0  6.91046e-11
22255.0  6.88078e-11
22260.0  6.85345e-11
22265.0  6.83014e-11
22270.0  6.81287e-11
22275.0  6.80324e-11
22280.0  6.80154e-11
22285.0  6.80819e-11
22290.0  6.82238e-11
22295.0  6.84324e-11
22300.0  6.86912e-11
22305.0  6.89841e-11
22310.0  6.92858e-11
22315.0  6.95792e-11
22320.0  6.98413e-11
22325.0  7.00545e-11
22330.0  7.02103e-11
22335.0  7.02987e-11
22340.0  7.03144e-11
22345.0  7.02645e-11
22350.0  7.01515e-11
22355.0  6.99853e-11
22360.0  6.97799e-11
22365.0  6.95497e-11
22370.0  6.93082e-11
22375.0  6.90667e-11
22380.0  6.88363e-11
22385.0  6.86291e-11
22390.0  6.84476e-11
22395.0  6.82944e-11
22400.0  6.81724e-11
22405.0  6.80788e-11
22410.0  6.80073e-11
22415.0  6.7955e-11
22420.0  6.79091e-11
22425.0  6.7868e-11
22430.0  6.78217e-11
22435.0  6.77672e-11
22440.0  6.76987e-11
22445.0  6.76132e-11
22450.0  6.75096e-11
22455.0  6.73884e-11
22460.0  6.72533e-11
22465.0  6.71069e-11
22470.0  6.6951e-11
22475.0  6.6794e-11
22480.0  6.66381e-11
22485.0  6.64912e-11
22490.0  6.63534e-11
22495.0  6.62315e-11
22500.0  6.61252e-11
22505.0  6.60391e-11
22510.0  6.59716e-11
22515.0  6.59247e-11
22520.0  6.58958e-11
22525.0  6.58814e-11
22530.0  6.5881e-11
22535.0  6.58914e-11
22540.0  6.59083e-11
22545.0  6.59261e-11
22550.0  6.59434e-11
22555.0  6.59574e-11
22560.0  6.59641e-11
22565.0  6.59597e-11
22570.0  6.59387e-11
22575.0  6.59016e-11
22580.0  6.58418e-11
22585.0  6.57627e-11
22590.0  6.56627e-11
22595.0  6.55417e-11
22600.0  6.5403e-11
22605.0  6.52489e-11
22610.0  6.50798e-11
22615.0  6.49079e-11
22620.0  6.47342e-11
22625.0  6.45678e-11
22630.0  6.44182e-11
22635.0  6.42905e-11
22640.0  6.41909e-11
22645.0  6.41231e-11
22650.0  6.40882e-11
22655.0  6.40909e-11
22660.0  6.41258e-11
22665.0  6.41865e-11
22670.0  6.4271e-11
22675.0  6.43696e-11
22680.0  6.44722e-11
22685.0  6.45709e-11
22690.0  6.46556e-11
22695.0  6.47186e-11
22700.0  6.47507e-11
22705.0  6.47503e-11
22710.0  6.4715e-11
22715.0  6.46471e-11
22720.0  6.45489e-11
22725.0  6.44328e-11
22730.0  6.43123e-11
22735.0  6.41949e-11
22740.0  6.40874e-11
22745.0  6.40115e-11
22750.0  6.39883e-11
22755.0  6.40298e-11
22760.0  6.41289e-11
22765.0  6.42794e-11
22770.0  6.44824e-11
22775.0  6.47342e-11
22780.0  6.50213e-11
22785.0  6.53257e-11
22790.0  6.56266e-11
22795.0  6.59021e-11
22800.0  6.61278e-11
22805.0  6.6282e-11
22810.0  6.63403e-11
22815.0  6.62864e-11
22820.0  6.61137e-11
22825.0  6.58158e-11
22830.0  6.54068e-11
22835.0  6.49034e-11
22840.0  6.43325e-11
22845.0  6.37253e-11
22850.0  6.31124e-11
22855.0  6.25293e-11
22860.0  6.20003e-11
22865.0  6.15491e-11
22870.0  6.11938e-11
22875.0  6.09481e-11
22880.0  6.08205e-11
22885.0  6.08161e-11
22890.0  6.0929e-11
22895.0  6.11495e-11
22900.0  6.14687e-11
22905.0  6.18683e-11
22910.0  6.23191e-11
22915.0  6.27959e-11
22920.0  6.32597e-11
22925.0  6.36762e-11
22930.0  6.40078e-11
22935.0  6.42222e-11
22940.0  6.42931e-11
22945.0  6.42141e-11
22950.0  6.39846e-11
22955.0  6.36236e-11
22960.0  6.31566e-11
22965.0  6.262e-11
22970.0  6.20593e-11
22975.0  6.15075e-11
22980.0  6.10035e-11
22985.0  6.05741e-11
22990.0  6.02407e-11
22995.0  6.00191e-11
23000.0  5.9913e-11
23005.0  5.99254e-11
23010.0  6.00465e-11
23015.0  6.02682e-11
23020.0  6.05697e-11
23025.0  6.09299e-11
23030.0  6.13183e-11
23035.0  6.17e-11
23040.0  6.20428e-11
23045.0  6.23183e-11
23050.0  6.25017e-11
23055.0  6.25754e-11
23060.0  6.25302e-11
23065.0  6.23744e-11
23070.0  6.212e-11
23075.0  6.17879e-11
23080.0  6.14057e-11
23085.0  6.10022e-11
23090.0  6.06049e-11
23095.0  6.02371e-11
23100.0  5.99241e-11
23105.0  5.96794e-11
23110.0  5.95162e-11
23115.0  5.94415e-11
23120.0  5.94595e-11
23125.0  5.95688e-11
23130.0  5.97607e-11
23135.0  6.00268e-11
23140.0  6.03526e-11
23145.0  6.07179e-11
23150.0  6.11e-11
23155.0  6.14714e-11
23160.0  6.18035e-11
23165.0  6.20678e-11
23170.0  6.22384e-11
23175.0  6.23043e-11
23180.0  6.22539e-11
23185.0  6.20852e-11
23190.0  6.18147e-11
23195.0  6.14545e-11
23200.0  6.10321e-11
23205.0  6.05719e-11
23210.0  6.01035e-11
23215.0  5.96522e-11
23220.0  5.92367e-11
23225.0  5.88741e-11
23230.0  5.85787e-11
23235.0  5.83568e-11
23240.0  5.82067e-11
23245.0  5.81274e-11
23250.0  5.81118e-11
23255.0  5.81492e-11
23260.0  5.82259e-11
23265.0  5.83273e-11
23270.0  5.84367e-11
23275.0  5.85421e-11
23280.0  5.86305e-11
23285.0  5.86938e-11
23290.0  5.8726e-11
23295.0  5.8726e-11
23300.0  5.86947e-11
23305.0  5.8638e-11
23310.0  5.85608e-11
23315.0  5.84733e-11
23320.0  5.8388e-11
23325.0  5.83117e-11
23330.0  5.82572e-11
23335.0  5.82223e-11
23340.0  5.82121e-11
23345.0  5.823e-11
23350.0  5.82759e-11
23355.0  5.83478e-11
23360.0  5.84456e-11
23365.0  5.8556e-11
23370.0  5.8671e-11
23375.0  5.87737e-11
23380.0  5.88545e-11
23385.0  5.89028e-11
23390.0  5.89068e-11
23395.0  5.88666e-11
23400.0  5.87787e-11
23405.0  5.86501e-11
23410.0  5.84844e-11
23415.0  5.82961e-11
23420.0  5.80952e-11
23425.0  5.78991e-11
23430.0  5.77165e-11
23435.0  5.75666e-11
23440.0  5.74541e-11
23445.0  5.73899e-11
23450.0  5.73764e-11
23455.0  5.74179e-11
23460.0  5.75072e-11
23465.0  5.76425e-11
23470.0  5.78194e-11
23475.0  5.80256e-11
23480.0  5.82514e-11
23485.0  5.84777e-11
23490.0  5.86867e-11
23495.0  5.88629e-11
23500.0  5.89899e-11
23505.0  5.90527e-11
23510.0  5.90415e-11
23515.0  5.89523e-11
23520.0  5.87858e-11
23525.0  5.85505e-11
23530.0  5.82531e-11
23535.0  5.79126e-11
23540.0  5.75466e-11
23545.0  5.71705e-11
23550.0  5.68046e-11
23555.0  5.64635e-11
23560.0  5.61605e-11
23565.0  5.59011e-11
23570.0  5.56934e-11
23575.0  5.55368e-11
23580.0  5.54327e-11
23585.0  5.53783e-11
23590.0  5.53666e-11
23595.0  5.53903e-11
23600.0  5.54395e-11
23605.0  5.55061e-11
23610.0  5.558e-11
23615.0  5.56538e-11
23620.0  5.57167e-11
23625.0  5.57609e-11
23630.0  5.57922e-11
23635.0  5.58073e-11
23640.0  5.58105e-11
23645.0  5.58006e-11
23650.0  5.57845e-11
23655.0  5.57747e-11
23660.0  5.57792e-11
23665.0  5.58055e-11
23670.0  5.58636e-11
23675.0  5.59596e-11
23680.0  5.60925e-11
23685.0  5.62671e-11
23690.0  5.64796e-11
23695.0  5.67185e-11
23700.0  5.69764e-11
23705.0  5.72345e-11
23710.0  5.74707e-11
23715.0  5.76617e-11
23720.0  5.77907e-11
23725.0  5.78358e-11
23730.0  5.77859e-11
23735.0  5.76394e-11
23740.0  5.73978e-11
23745.0  5.70711e-11
23750.0  5.66734e-11
23755.0  5.6222e-11
23760.0  5.57355e-11
23765.0  5.52337e-11
23770.0  5.47328e-11
23775.0  5.42529e-11
23780.0  5.38109e-11
23785.0  5.34168e-11
23790.0  5.30855e-11
23795.0  5.28252e-11
23800.0  5.26409e-11
23805.0  5.25409e-11
23810.0  5.25266e-11
23815.0  5.25976e-11
23820.0  5.27503e-11
23825.0  5.29776e-11
23830.0  5.32687e-11
23835.0  5.36084e-11
23840.0  5.39739e-11
23845.0  5.43467e-11
23850.0  5.47069e-11
23855.0  5.50265e-11
23860.0  5.52886e-11
23865.0  5.54765e-11
23870.0  5.55796e-11
23875.0  5.55944e-11
23880.0  5.55247e-11
23885.0  5.53824e-11
23890.0  5.51743e-11
23895.0  5.49189e-11
23900.0  5.4632e-11
23905.0  5.43296e-11
23910.0  5.4023e-11
23915.0  5.37185e-11
23920.0  5.34355e-11
23925.0  5.31935e-11
23930.0  5.29999e-11
23935.0  5.28489e-11
23940.0  5.27354e-11
23945.0  5.26632e-11
23950.0  5.26289e-11
23955.0  5.26378e-11
23960.0  5.26802e-11
23965.0  5.27507e-11
23970.0  5.28427e-11
23975.0  5.2948e-11
23980.0  5.30543e-11
23985.0  5.31533e-11
23990.0  5.32391e-11
23995.0  5.33091e-11
24000.0  5.3356e-11
24005.0  5.3381e-11
24010.0  5.33842e-11
24015.0  5.33633e-11
24020.0  5.33212e-11
24025.0  5.32641e-11
24030.0  5.31931e-11
24035.0  5.31114e-11
24040.0  5.30217e-11
24045.0  5.29231e-11
24050.0  5.28221e-11
24055.0  5.27154e-11
24060.0  5.26052e-11
24065.0  5.24936e-11
24070.0  5.2377e-11
24075.0  5.22625e-11
24080.0  5.21486e-11
24085.0  5.20382e-11
24090.0  5.19347e-11
24095.0  5.18382e-11
24100.0  5.17494e-11
24105.0  5.16712e-11
24110.0  5.16075e-11
24115.0  5.15611e-11
24120.0  5.15334e-11
24125.0  5.15303e-11
24130.0  5.15553e-11
24135.0  5.16089e-11
24140.0  5.16919e-11
24145.0  5.18092e-11
24150.0  5.19593e-11
24155.0  5.21396e-11
24160.0  5.23392e-11
24165.0  5.25513e-11
24170.0  5.2761e-11
24175.0  5.29579e-11
24180.0  5.31208e-11
24185.0  5.32365e-11
24190.0  5.32892e-11
24195.0  5.32703e-11
24200.0  5.31749e-11
24205.0  5.30075e-11
24210.0  5.27748e-11
24215.0  5.24971e-11
24220.0  5.21856e-11
24225.0  5.18583e-11
24230.0  5.15294e-11
24235.0  5.12217e-11
24240.0  5.09579e-11
24245.0  5.07433e-11
24250.0  5.05741e-11
24255.0  5.04442e-11
24260.0  5.03651e-11
24265.0  5.0337e-11
24270.0  5.03606e-11
24275.0  5.0428e-11
24280.0  5.05338e-11
24285.0  5.06695e-11
24290.0  5.08312e-11
24295.0  5.10021e-11
24300.0  5.11754e-11
24305.0  5.1337e-11
24310.0  5.14677e-11
24315.0  5.15553e-11
24320.0  5.1586e-11
24325.0  5.15491e-11
24330.0  5.14346e-11
24335.0  5.12428e-11
24340.0  5.09807e-11
24345.0  5.06638e-11
24350.0  5.03035e-11
24355.0  4.99272e-11
24360.0  4.95548e-11
24365.0  4.92072e-11
24370.0  4.89017e-11
24375.0  4.86531e-11
24380.0  4.84706e-11
24385.0  4.83527e-11
24390.0  4.82991e-11
24395.0  4.83089e-11
24400.0  4.8375e-11
24405.0  4.84857e-11
24410.0  4.86367e-11
24415.0  4.88116e-11
24420.0  4.90058e-11
24425.0  4.92045e-11
24430.0  4.9396e-11
24435.0  4.95692e-11
24440.0  4.97107e-11
24445.0  4.98085e-11
24450.0  4.98468e-11
24455.0  4.98178e-11
24460.0  4.97165e-11
24465.0  4.9536e-11
24470.0  4.92865e-11
24475.0  4.89754e-11
24480.0  4.8624e-11
24485.0  4.82522e-11
24490.0  4.78843e-11
24495.0  4.75487e-11
24500.0  4.72718e-11
24505.0  4.70701e-11
24510.0  4.69572e-11
24515.0  4.69425e-11
24520.0  4.70238e-11
24525.0  4.71939e-11
24530.0  4.74411e-11
24535.0  4.77465e-11
24540.0  4.80946e-11
24545.0  4.84714e-11
24550.0  4.88607e-11
24555.0  4.92353e-11
24560.0  4.95655e-11
24565.0  4.98361e-11
24570.0  5.00401e-11
24575.0  5.01776e-11
24580.0  5.02375e-11
24585.0  5.02121e-11
24590.0  5.0099e-11
24595.0  4.9907e-11
24600.0  4.96454e-11
24605.0  4.93321e-11
24610.0  4.89777e-11
24615.0  4.86018e-11
24620.0  4.82258e-11
24625.0  4.78705e-11
24630.0  4.7551e-11
24635.0  4.72818e-11
24640.0  4.70791e-11
24645.0  4.69509e-11
24650.0  4.69014e-11
24655.0  4.69327e-11
24660.0  4.70398e-11
24665.0  4.72201e-11
24670.0  4.74617e-11
24675.0  4.77518e-11
24680.0  4.8071e-11
24685.0  4.84009e-11
24690.0  4.87223e-11
24695.0  4.90098e-11
24700.0  4.92468e-11
24705.0  4.94165e-11
24710.0  4.95049e-11
24715.0  4.95048e-11
24720.0  4.94165e-11
24725.0  4.92455e-11
24730.0  4.89981e-11
24735.0  4.86928e-11
24740.0  4.83459e-11
24745.0  4.79804e-11
24750.0  4.76148e-11
24755.0  4.72669e-11
24760.0  4.69536e-11
24765.0  4.66849e-11
24770.0  4.64773e-11
24775.0  4.63322e-11
24780.0  4.62563e-11
24785.0  4.6246e-11
24790.0  4.63019e-11
24795.0  4.64148e-11
24800.0  4.65737e-11
24805.0  4.67657e-11
24810.0  4.69813e-11
24815.0  4.72041e-11
24820.0  4.74165e-11
24825.0  4.76036e-11
24830.0  4.77491e-11
24835.0  4.78434e-11
24840.0  4.78715e-11
24845.0  4.78286e-11
24850.0  4.77134e-11
24855.0  4.75219e-11
24860.0  4.72635e-11
24865.0  4.69531e-11
24870.0  4.65978e-11
24875.0  4.62107e-11
24880.0  4.58112e-11
24885.0  4.54296e-11
24890.0  4.50966e-11
24895.0  4.48327e-11
24900.0  4.4642e-11
24905.0  4.45189e-11
24910.0  4.44724e-11
24915.0  4.45055e-11
24920.0  4.46202e-11
24925.0  4.47975e-11
24930.0  4.50251e-11
24935.0  4.52961e-11
24940.0  4.56032e-11
24945.0  4.59161e-11
24950.0  4.6176e-11
24955.0  4.63666e-11
24960.0  4.66215e-11
24965.0  4.70608e-11
24970.0  4.73991e-11
24975.0  4.69562e-11
24980.0  4.51273e-11
24985.0  3.71046e-11
24990.0  5.23893e-12
24995.0  0.0
25000.0  0.0
