# Extracted from file: pickles_uk_116.fits
#SIMPLETrueFits standard
#BITPIX16Bits per pixel
#NAXIS0Number of axes
#EXTENDTrueFile may contain extensions
#DATE2007-01-11T21:02:26Date FITS file was generated
#IRAF-TLM16:02:42 (11/01/2007)Time of last modification
#COMMENT  FITS (Flexible Image Transport System) format is defined in 'Astronomy
#COMMENT  and Astrophysics', volume 376, page 359; bibcode: 2001A&A...376..359H
#ORIGINSTScI-STSDAS/TABLESTables version 2002-02-22
#FILENAMEpickles_uk_116.fitsname of file
#NEXTEND1number of extensions in file
#COMMENT1spectral type: B3I
#COMMENT2metallicity: solar
#COMMENT3original filename: ukb3i.dat
#HISTORY  File created by F.R.Boffi.
#HISTORY  SEDs from Pickles UVKLIB Library (1998, PASP 110, 863).
#HISTORY  Wavelength is in Angstrom.
#HISTORY  Fluxes are tabulated in units of erg/s/cm^2/A
#HISTORY  and were calculated by normalizing the original fluxes
#HISTORY  in the Pickles V band to a 0 magnitude in vegamag.
#HISTORY  In the vegamag system, Vega has magnitude zero in all passbands.
#HISTORY  Please refer to the SYNPHOT manual for further information.
#
#
#
#
#
#
#
#
#
#
#
#
#
#  
#Columns WAVELENGTH FLUX
#Units  angstroms flam
1150.0  2.615e-08
1155.0  2.9939e-08
1160.0  2.81245e-08
1165.0  2.83912e-08
1170.0  2.4636e-08
1175.0  2.11856e-08
1180.0  2.4985e-08
1185.0  2.70782e-08
1190.0  2.20021e-08
1195.0  1.78618e-08
1200.0  1.44137e-08
1205.0  9.0198e-09
1210.0  7.81972e-09
1215.0  8.26671e-09
1220.0  1.44472e-08
1225.0  1.95041e-08
1230.0  2.28159e-08
1235.0  2.91418e-08
1240.0  3.51423e-08
1245.0  3.34791e-08
1250.0  2.96199e-08
1255.0  2.9775e-08
1260.0  2.6779e-08
1265.0  2.7048e-08
1270.0  3.09068e-08
1275.0  3.14941e-08
1280.0  3.15114e-08
1285.0  2.88627e-08
1290.0  2.51141e-08
1295.0  2.09788e-08
1300.0  1.99912e-08
1305.0  2.44933e-08
1310.0  3.05773e-08
1315.0  3.42294e-08
1320.0  3.43881e-08
1325.0  3.00779e-08
1330.0  2.65827e-08
1335.0  2.71481e-08
1340.0  3.1321e-08
1345.0  3.1168e-08
1350.0  3.31354e-08
1355.0  3.4009e-08
1360.0  3.28514e-08
1365.0  3.09806e-08
1370.0  3.00637e-08
1375.0  2.78356e-08
1380.0  2.70455e-08
1385.0  2.69215e-08
1390.0  2.45119e-08
1395.0  2.33756e-08
1400.0  2.54009e-08
1405.0  2.9287e-08
1410.0  2.97776e-08
1415.0  2.77787e-08
1420.0  2.65324e-08
1425.0  2.86364e-08
1430.0  3.08095e-08
1435.0  3.12198e-08
1440.0  3.22056e-08
1445.0  3.21703e-08
1450.0  3.26017e-08
1455.0  3.17747e-08
1460.0  3.21293e-08
1465.0  3.0729e-08
1470.0  2.90489e-08
1475.0  2.86509e-08
1480.0  2.89762e-08
1485.0  3.01695e-08
1490.0  3.09734e-08
1495.0  2.85206e-08
1500.0  2.66318e-08
1505.0  2.60311e-08
1510.0  2.571e-08
1515.0  2.51496e-08
1520.0  2.63029e-08
1525.0  2.44853e-08
1530.0  2.16934e-08
1535.0  2.04669e-08
1540.0  2.03321e-08
1545.0  1.9834e-08
1550.0  2.44083e-08
1555.0  2.66833e-08
1560.0  2.44902e-08
1565.0  2.37795e-08
1570.0  2.40215e-08
1575.0  2.45586e-08
1580.0  2.49906e-08
1585.0  2.63196e-08
1590.0  2.70137e-08
1595.0  2.55898e-08
1600.0  2.4218e-08
1605.0  2.29449e-08
1610.0  2.2611e-08
1615.0  2.35635e-08
1620.0  2.40668e-08
1625.0  2.41481e-08
1630.0  2.41912e-08
1635.0  2.5181e-08
1640.0  2.59411e-08
1645.0  2.67832e-08
1650.0  2.66234e-08
1655.0  2.51529e-08
1660.0  2.46122e-08
1665.0  2.53275e-08
1670.0  2.53656e-08
1675.0  2.567e-08
1680.0  2.66064e-08
1685.0  2.66652e-08
1690.0  2.50125e-08
1695.0  2.38107e-08
1700.0  2.39557e-08
1705.0  2.29864e-08
1710.0  2.08954e-08
1715.0  1.93925e-08
1720.0  1.82752e-08
1725.0  2.00225e-08
1730.0  2.25642e-08
1735.0  2.32815e-08
1740.0  2.25816e-08
1745.0  2.12529e-08
1750.0  2.13364e-08
1755.0  2.33957e-08
1760.0  2.40089e-08
1765.0  2.30544e-08
1770.0  2.13368e-08
1775.0  2.10547e-08
1780.0  2.32074e-08
1785.0  2.31747e-08
1790.0  2.16062e-08
1795.0  2.4182e-08
1800.0  2.68241e-08
1805.0  2.63854e-08
1810.0  2.44465e-08
1815.0  2.30774e-08
1820.0  2.28654e-08
1825.0  2.3199e-08
1830.0  2.3188e-08
1835.0  2.22768e-08
1840.0  2.01681e-08
1845.0  1.72454e-08
1850.0  1.56311e-08
1855.0  1.68697e-08
1860.0  1.83996e-08
1865.0  1.9664e-08
1870.0  2.05923e-08
1875.0  2.05046e-08
1880.0  1.78357e-08
1885.0  1.47885e-08
1890.0  1.34103e-08
1895.0  1.41381e-08
1900.0  1.5751e-08
1905.0  1.59933e-08
1910.0  1.53727e-08
1915.0  1.42167e-08
1920.0  1.36361e-08
1925.0  1.34393e-08
1930.0  1.45366e-08
1935.0  1.62638e-08
1940.0  1.65284e-08
1945.0  1.6499e-08
1950.0  1.55259e-08
1955.0  1.46763e-08
1960.0  1.33187e-08
1965.0  1.25572e-08
1970.0  1.32286e-08
1975.0  1.6268e-08
1980.0  1.75355e-08
1985.0  1.76927e-08
1990.0  1.62719e-08
1995.0  1.45038e-08
2000.0  1.35085e-08
2005.0  1.44122e-08
2010.0  1.49695e-08
2015.0  1.64987e-08
2020.0  1.76564e-08
2025.0  1.90435e-08
2030.0  2.03969e-08
2035.0  2.0345e-08
2040.0  1.85277e-08
2045.0  1.5855e-08
2050.0  1.60716e-08
2055.0  1.71766e-08
2060.0  1.725e-08
2065.0  1.65259e-08
2070.0  1.74569e-08
2075.0  1.89275e-08
2080.0  1.99566e-08
2085.0  2.05034e-08
2090.0  1.95566e-08
2095.0  1.76625e-08
2100.0  1.70352e-08
2105.0  1.70317e-08
2110.0  1.74277e-08
2115.0  1.8839e-08
2120.0  1.87074e-08
2125.0  1.81034e-08
2130.0  1.9333e-08
2135.0  2.07271e-08
2140.0  2.09221e-08
2145.0  1.97117e-08
2150.0  1.77008e-08
2155.0  1.73941e-08
2160.0  1.89421e-08
2165.0  1.95822e-08
2170.0  1.9807e-08
2175.0  1.92155e-08
2180.0  1.89195e-08
2185.0  1.92427e-08
2190.0  1.98833e-08
2195.0  2.03164e-08
2200.0  2.06177e-08
2205.0  2.02316e-08
2210.0  1.8806e-08
2215.0  1.82912e-08
2220.0  1.79392e-08
2225.0  1.74023e-08
2230.0  1.7018e-08
2235.0  1.74594e-08
2240.0  1.78116e-08
2245.0  1.77834e-08
2250.0  1.83302e-08
2255.0  1.81802e-08
2260.0  1.74375e-08
2265.0  1.67558e-08
2270.0  1.76242e-08
2275.0  1.84717e-08
2280.0  1.84602e-08
2285.0  1.83869e-08
2290.0  1.94079e-08
2295.0  1.92338e-08
2300.0  1.77923e-08
2305.0  1.67669e-08
2310.0  1.79171e-08
2315.0  1.90014e-08
2320.0  1.82885e-08
2325.0  1.73921e-08
2330.0  1.68721e-08
2335.0  1.68889e-08
2340.0  1.64941e-08
2345.0  1.62122e-08
2350.0  1.57675e-08
2355.0  1.65062e-08
2360.0  1.75657e-08
2365.0  1.74352e-08
2370.0  1.70074e-08
2375.0  1.69115e-08
2380.0  1.68821e-08
2385.0  1.6744e-08
2390.0  1.61817e-08
2395.0  1.61929e-08
2400.0  1.65254e-08
2405.0  1.67249e-08
2410.0  1.62831e-08
2415.0  1.58946e-08
2420.0  1.59962e-08
2425.0  1.65255e-08
2430.0  1.72909e-08
2435.0  1.71987e-08
2440.0  1.66052e-08
2445.0  1.64626e-08
2450.0  1.68693e-08
2455.0  1.72792e-08
2460.0  1.7793e-08
2465.0  1.76983e-08
2470.0  1.69689e-08
2475.0  1.65066e-08
2480.0  1.6714e-08
2485.0  1.66876e-08
2490.0  1.62588e-08
2495.0  1.60158e-08
2500.0  1.63683e-08
2505.0  1.66418e-08
2510.0  1.67662e-08
2515.0  1.62961e-08
2520.0  1.56836e-08
2525.0  1.57626e-08
2530.0  1.59916e-08
2535.0  1.56346e-08
2540.0  1.53628e-08
2545.0  1.45928e-08
2550.0  1.48026e-08
2555.0  1.56547e-08
2560.0  1.64356e-08
2565.0  1.64191e-08
2570.0  1.57457e-08
2575.0  1.57521e-08
2580.0  1.4528e-08
2585.0  1.41529e-08
2590.0  1.54184e-08
2595.0  1.59143e-08
2600.0  1.62722e-08
2605.0  1.58783e-08
2610.0  1.5919e-08
2615.0  1.59181e-08
2620.0  1.59972e-08
2625.0  1.60301e-08
2630.0  1.5864e-08
2635.0  1.59419e-08
2640.0  1.65344e-08
2645.0  1.73322e-08
2650.0  1.73338e-08
2655.0  1.73653e-08
2660.0  1.74206e-08
2665.0  1.68406e-08
2670.0  1.64025e-08
2675.0  1.63931e-08
2680.0  1.70346e-08
2685.0  1.71051e-08
2690.0  1.7156e-08
2695.0  1.65587e-08
2700.0  1.557e-08
2705.0  1.54683e-08
2710.0  1.55081e-08
2715.0  1.52159e-08
2720.0  1.52998e-08
2725.0  1.58998e-08
2730.0  1.63961e-08
2735.0  1.64241e-08
2740.0  1.57677e-08
2745.0  1.48176e-08
2750.0  1.46159e-08
2755.0  1.41756e-08
2760.0  1.49036e-08
2765.0  1.69861e-08
2770.0  1.67118e-08
2775.0  1.55744e-08
2780.0  1.54687e-08
2785.0  1.52364e-08
2790.0  1.50144e-08
2795.0  1.4561e-08
2800.0  1.32172e-08
2805.0  1.30643e-08
2810.0  1.41811e-08
2815.0  1.53706e-08
2820.0  1.55778e-08
2825.0  1.53399e-08
2830.0  1.48044e-08
2835.0  1.44453e-08
2840.0  1.43579e-08
2845.0  1.42503e-08
2850.0  1.44723e-08
2855.0  1.44718e-08
2860.0  1.45271e-08
2865.0  1.48414e-08
2870.0  1.51785e-08
2875.0  1.47708e-08
2880.0  1.45012e-08
2885.0  1.49576e-08
2890.0  1.50451e-08
2895.0  1.52644e-08
2900.0  1.49451e-08
2905.0  1.45009e-08
2910.0  1.46894e-08
2915.0  1.47002e-08
2920.0  1.45253e-08
2925.0  1.43636e-08
2930.0  1.40479e-08
2935.0  1.41351e-08
2940.0  1.43902e-08
2945.0  1.452e-08
2950.0  1.41421e-08
2955.0  1.42094e-08
2960.0  1.42612e-08
2965.0  1.39635e-08
2970.0  1.43067e-08
2975.0  1.44955e-08
2980.0  1.40982e-08
2985.0  1.3831e-08
2990.0  1.34536e-08
2995.0  1.33474e-08
3000.0  1.35529e-08
3005.0  1.36388e-08
3010.0  1.36755e-08
3015.0  1.33229e-08
3020.0  1.31335e-08
3025.0  1.31737e-08
3030.0  1.32634e-08
3035.0  1.33282e-08
3040.0  1.32746e-08
3045.0  1.28991e-08
3050.0  1.29823e-08
3055.0  1.33118e-08
3060.0  1.30418e-08
3065.0  1.31139e-08
3070.0  1.32595e-08
3075.0  1.31015e-08
3080.0  1.33948e-08
3085.0  1.32527e-08
3090.0  1.31342e-08
3095.0  1.28817e-08
3100.0  1.23842e-08
3105.0  1.28855e-08
3110.0  1.34829e-08
3115.0  1.36101e-08
3120.0  1.34436e-08
3125.0  1.33278e-08
3130.0  1.33948e-08
3135.0  1.36149e-08
3140.0  1.35688e-08
3145.0  1.35199e-08
3150.0  1.3735e-08
3155.0  1.30761e-08
3160.0  1.26424e-08
3165.0  1.27028e-08
3170.0  1.29336e-08
3175.0  1.30773e-08
3180.0  1.29562e-08
3185.0  1.2846e-08
3190.0  1.29585e-08
3195.0  1.29088e-08
3200.0  1.28053e-08
3205.0  1.27658e-08
3210.0  1.27427e-08
3215.0  1.27246e-08
3220.0  1.27104e-08
3225.0  1.2699e-08
3230.0  1.26895e-08
3235.0  1.26808e-08
3240.0  1.26719e-08
3245.0  1.26618e-08
3250.0  1.26493e-08
3255.0  1.26338e-08
3260.0  1.26149e-08
3265.0  1.25925e-08
3270.0  1.25663e-08
3275.0  1.25363e-08
3280.0  1.25024e-08
3285.0  1.24644e-08
3290.0  1.24223e-08
3295.0  1.23758e-08
3300.0  1.23248e-08
3305.0  1.22695e-08
3310.0  1.22103e-08
3315.0  1.21479e-08
3320.0  1.20829e-08
3325.0  1.2016e-08
3330.0  1.1948e-08
3335.0  1.18793e-08
3340.0  1.18108e-08
3345.0  1.17431e-08
3350.0  1.16769e-08
3355.0  1.16126e-08
3360.0  1.15502e-08
3365.0  1.14897e-08
3370.0  1.14307e-08
3375.0  1.13731e-08
3380.0  1.13168e-08
3385.0  1.12615e-08
3390.0  1.12071e-08
3395.0  1.11533e-08
3400.0  1.11001e-08
3405.0  1.10472e-08
3410.0  1.09947e-08
3415.0  1.09427e-08
3420.0  1.08912e-08
3425.0  1.08402e-08
3430.0  1.07898e-08
3435.0  1.07401e-08
3440.0  1.06911e-08
3445.0  1.06429e-08
3450.0  1.05956e-08
3455.0  1.05492e-08
3460.0  1.05036e-08
3465.0  1.04588e-08
3470.0  1.04147e-08
3475.0  1.03714e-08
3480.0  1.03286e-08
3485.0  1.02865e-08
3490.0  1.02449e-08
3495.0  1.02038e-08
3500.0  1.01631e-08
3505.0  1.00128e-08
3510.0  9.31887e-09
3515.0  9.21247e-09
3520.0  9.27409e-09
3525.0  9.3115e-09
3530.0  9.24845e-09
3535.0  9.1481e-09
3540.0  9.11168e-09
3545.0  9.11985e-09
3550.0  9.08538e-09
3555.0  9.00606e-09
3560.0  8.93677e-09
3565.0  8.98538e-09
3570.0  8.97496e-09
3575.0  8.8601e-09
3580.0  8.76835e-09
3585.0  8.64188e-09
3590.0  8.5451e-09
3595.0  8.53671e-09
3600.0  8.23285e-09
3605.0  8.25353e-09
3610.0  8.34296e-09
3615.0  8.33234e-09
3620.0  8.26144e-09
3625.0  8.22458e-09
3630.0  8.1635e-09
3635.0  8.0509e-09
3640.0  8.11838e-09
3645.0  8.25576e-09
3650.0  8.3223e-09
3655.0  8.41622e-09
3660.0  8.39925e-09
3665.0  8.3414e-09
3670.0  8.37537e-09
3675.0  8.2991e-09
3680.0  8.32387e-09
3685.0  8.35862e-09
3690.0  8.42558e-09
3695.0  8.49583e-09
3700.0  8.58815e-09
3705.0  8.64687e-09
3710.0  8.80334e-09
3715.0  9.10056e-09
3720.0  9.26736e-09
3725.0  9.41437e-09
3730.0  9.43532e-09
3735.0  9.34342e-09
3740.0  9.94322e-09
3745.0  9.96996e-09
3750.0  9.50764e-09
3755.0  9.96548e-09
3760.0  1.0388e-08
3765.0  9.99203e-09
3770.0  9.50995e-09
3775.0  1.01566e-08
3780.0  1.10386e-08
3785.0  1.10972e-08
3790.0  1.06038e-08
3795.0  9.78548e-09
3800.0  9.766e-09
3805.0  1.06951e-08
3810.0  1.13342e-08
3815.0  1.12523e-08
3820.0  1.09644e-08
3825.0  1.07104e-08
3830.0  9.88502e-09
3835.0  9.36259e-09
3840.0  1.01858e-08
3845.0  1.09918e-08
3850.0  1.12194e-08
3855.0  1.10773e-08
3860.0  1.09288e-08
3865.0  1.08145e-08
3870.0  1.07016e-08
3875.0  1.05777e-08
3880.0  1.00641e-08
3885.0  9.11749e-09
3890.0  9.00136e-09
3895.0  9.9945e-09
3900.0  1.06538e-08
3905.0  1.07726e-08
3910.0  1.07764e-08
3915.0  1.06036e-08
3920.0  1.0343e-08
3925.0  1.01013e-08
3930.0  9.82428e-09
3935.0  9.90338e-09
3940.0  1.02673e-08
3945.0  1.0435e-08
3950.0  1.03276e-08
3955.0  1.00509e-08
3960.0  9.4652e-09
3965.0  8.44833e-09
3970.0  8.01583e-09
3975.0  8.8614e-09
3980.0  9.61329e-09
3985.0  9.86681e-09
3990.0  9.85979e-09
3995.0  9.75208e-09
4000.0  9.63898e-09
4005.0  9.53158e-09
4010.0  9.50237e-09
4015.0  9.52165e-09
4020.0  9.33415e-09
4025.0  9.05721e-09
4030.0  9.12924e-09
4035.0  9.33014e-09
4040.0  9.41201e-09
4045.0  9.41954e-09
4050.0  9.40777e-09
4055.0  9.4486e-09
4060.0  9.49055e-09
4065.0  9.44662e-09
4070.0  9.34276e-09
4075.0  9.27156e-09
4080.0  9.21674e-09
4085.0  9.08884e-09
4090.0  8.79961e-09
4095.0  8.1687e-09
4100.0  7.51892e-09
4105.0  7.74532e-09
4110.0  8.43082e-09
4115.0  8.7554e-09
4120.0  8.71878e-09
4125.0  8.6263e-09
4130.0  8.58889e-09
4135.0  8.55943e-09
4140.0  8.43725e-09
4145.0  8.39407e-09
4150.0  8.54074e-09
4155.0  8.68799e-09
4160.0  8.66059e-09
4165.0  8.50728e-09
4170.0  8.43822e-09
4175.0  8.47719e-09
4180.0  8.50021e-09
4185.0  8.46724e-09
4190.0  8.43815e-09
4195.0  8.38089e-09
4200.0  8.34754e-09
4205.0  8.34472e-09
4210.0  8.33575e-09
4215.0  8.33212e-09
4220.0  8.30182e-09
4225.0  8.2469e-09
4230.0  8.17167e-09
4235.0  8.1232e-09
4240.0  8.12246e-09
4245.0  8.12293e-09
4250.0  8.09994e-09
4255.0  8.0542e-09
4260.0  7.94964e-09
4265.0  7.81364e-09
4270.0  7.76581e-09
4275.0  7.82736e-09
4280.0  7.84033e-09
4285.0  7.82372e-09
4290.0  7.80744e-09
4295.0  7.7841e-09
4300.0  7.76386e-09
4305.0  7.75758e-09
4310.0  7.73375e-09
4315.0  7.69047e-09
4320.0  7.62514e-09
4325.0  7.49475e-09
4330.0  7.20904e-09
4335.0  6.65539e-09
4340.0  6.2299e-09
4345.0  6.55064e-09
4350.0  7.08262e-09
4355.0  7.36573e-09
4360.0  7.44481e-09
4365.0  7.42488e-09
4370.0  7.38018e-09
4375.0  7.36102e-09
4380.0  7.29263e-09
4385.0  7.08858e-09
4390.0  7.03491e-09
4395.0  7.14295e-09
4400.0  7.1471e-09
4405.0  7.10494e-09
4410.0  7.00597e-09
4415.0  6.84289e-09
4420.0  6.72463e-09
4425.0  6.6147e-09
4430.0  6.52928e-09
4435.0  6.5491e-09
4440.0  6.68441e-09
4445.0  6.78246e-09
4450.0  6.82304e-09
4455.0  6.84587e-09
4460.0  6.80697e-09
4465.0  6.63293e-09
4470.0  6.35109e-09
4475.0  6.32143e-09
4480.0  6.39529e-09
4485.0  6.54142e-09
4490.0  6.63694e-09
4495.0  6.65966e-09
4500.0  6.6649e-09
4505.0  6.62574e-09
4510.0  6.60743e-09
4515.0  6.61315e-09
4520.0  6.62614e-09
4525.0  6.57507e-09
4530.0  6.53282e-09
4535.0  6.53916e-09
4540.0  6.50314e-09
4545.0  6.43898e-09
4550.0  6.3167e-09
4555.0  6.29595e-09
4560.0  6.322e-09
4565.0  6.30091e-09
4570.0  6.27393e-09
4575.0  6.23831e-09
4580.0  6.22694e-09
4585.0  6.1989e-09
4590.0  6.14082e-09
4595.0  6.13314e-09
4600.0  6.09684e-09
4605.0  6.06986e-09
4610.0  6.07767e-09
4615.0  6.06242e-09
4620.0  6.02998e-09
4625.0  5.9985e-09
4630.0  5.91143e-09
4635.0  5.88651e-09
4640.0  5.92022e-09
4645.0  5.95058e-09
4650.0  5.95278e-09
4655.0  5.95737e-09
4660.0  5.95574e-09
4665.0  5.88672e-09
4670.0  5.85564e-09
4675.0  5.87927e-09
4680.0  5.86548e-09
4685.0  5.86698e-09
4690.0  5.83441e-09
4695.0  5.79492e-09
4700.0  5.74173e-09
4705.0  5.71068e-09
4710.0  5.6433e-09
4715.0  5.574e-09
4720.0  5.59081e-09
4725.0  5.56107e-09
4730.0  5.55025e-09
4735.0  5.56002e-09
4740.0  5.53806e-09
4745.0  5.51819e-09
4750.0  5.48928e-09
4755.0  5.45442e-09
4760.0  5.447e-09
4765.0  5.41997e-09
4770.0  5.40461e-09
4775.0  5.37595e-09
4780.0  5.33192e-09
4785.0  5.34063e-09
4790.0  5.35447e-09
4795.0  5.34184e-09
4800.0  5.28946e-09
4805.0  5.2662e-09
4810.0  5.24697e-09
4815.0  5.22965e-09
4820.0  5.22452e-09
4825.0  5.23082e-09
4830.0  5.2228e-09
4835.0  5.21909e-09
4840.0  5.19571e-09
4845.0  5.11026e-09
4850.0  4.95127e-09
4855.0  4.64175e-09
4860.0  4.30002e-09
4865.0  4.41872e-09
4870.0  4.79427e-09
4875.0  4.87161e-09
4880.0  4.85235e-09
4885.0  4.88203e-09
4890.0  4.92429e-09
4895.0  4.96963e-09
4900.0  4.97754e-09
4905.0  4.95351e-09
4910.0  4.94031e-09
4915.0  4.84933e-09
4920.0  4.67895e-09
4925.0  4.69269e-09
4930.0  4.86941e-09
4935.0  4.92379e-09
4940.0  4.93423e-09
4945.0  4.94522e-09
4950.0  4.93402e-09
4955.0  4.90306e-09
4960.0  4.87991e-09
4965.0  4.82921e-09
4970.0  4.78952e-09
4975.0  4.78741e-09
4980.0  4.76981e-09
4985.0  4.75874e-09
4990.0  4.74656e-09
4995.0  4.72834e-09
5000.0  4.67657e-09
5005.0  4.57939e-09
5010.0  4.51972e-09
5015.0  4.46939e-09
5020.0  4.53486e-09
5025.0  4.61929e-09
5030.0  4.60978e-09
5035.0  4.59205e-09
5040.0  4.55404e-09
5045.0  4.50092e-09
5050.0  4.49954e-09
5055.0  4.50617e-09
5060.0  4.51654e-09
5065.0  4.54771e-09
5070.0  4.54555e-09
5075.0  4.52749e-09
5080.0  4.51124e-09
5085.0  4.50587e-09
5090.0  4.514e-09
5095.0  4.50976e-09
5100.0  4.48056e-09
5105.0  4.45686e-09
5110.0  4.44536e-09
5115.0  4.43973e-09
5120.0  4.42471e-09
5125.0  4.4132e-09
5130.0  4.40522e-09
5135.0  4.39646e-09
5140.0  4.38319e-09
5145.0  4.38803e-09
5150.0  4.39207e-09
5155.0  4.36707e-09
5160.0  4.34086e-09
5165.0  4.30366e-09
5170.0  4.26323e-09
5175.0  4.28488e-09
5180.0  4.30656e-09
5185.0  4.29364e-09
5190.0  4.29429e-09
5195.0  4.30435e-09
5200.0  4.28878e-09
5205.0  4.26581e-09
5210.0  4.23885e-09
5215.0  4.22687e-09
5220.0  4.22256e-09
5225.0  4.2093e-09
5230.0  4.20869e-09
5235.0  4.18297e-09
5240.0  4.15179e-09
5245.0  4.13604e-09
5250.0  4.12639e-09
5255.0  4.13175e-09
5260.0  4.13305e-09
5265.0  4.11673e-09
5270.0  4.08924e-09
5275.0  4.06064e-09
5280.0  4.0429e-09
5285.0  4.03798e-09
5290.0  4.03395e-09
5295.0  4.01972e-09
5300.0  4.00707e-09
5305.0  4.01372e-09
5310.0  4.0133e-09
5315.0  3.98223e-09
5320.0  3.95018e-09
5325.0  3.94778e-09
5330.0  3.93478e-09
5335.0  3.93132e-09
5340.0  3.92775e-09
5345.0  3.91721e-09
5350.0  3.92172e-09
5355.0  3.91394e-09
5360.0  3.86476e-09
5365.0  3.85867e-09
5370.0  3.88188e-09
5375.0  3.87367e-09
5380.0  3.87127e-09
5385.0  3.85119e-09
5390.0  3.83702e-09
5395.0  3.81435e-09
5400.0  3.79317e-09
5405.0  3.78801e-09
5410.0  3.79345e-09
5415.0  3.7803e-09
5420.0  3.74992e-09
5425.0  3.71586e-09
5430.0  3.68283e-09
5435.0  3.67421e-09
5440.0  3.66366e-09
5445.0  3.63749e-09
5450.0  3.61517e-09
5455.0  3.58724e-09
5460.0  3.61232e-09
5465.0  3.64431e-09
5470.0  3.65253e-09
5475.0  3.64275e-09
5480.0  3.62576e-09
5485.0  3.60219e-09
5490.0  3.58948e-09
5495.0  3.60422e-09
5500.0  3.61104e-09
5505.0  3.56815e-09
5510.0  3.53658e-09
5515.0  3.56267e-09
5520.0  3.55686e-09
5525.0  3.52601e-09
5530.0  3.50542e-09
5535.0  3.49269e-09
5540.0  3.49972e-09
5545.0  3.51147e-09
5550.0  3.5187e-09
5555.0  3.51154e-09
5560.0  3.50249e-09
5565.0  3.49184e-09
5570.0  3.48023e-09
5575.0  3.47684e-09
5580.0  3.48645e-09
5585.0  3.49561e-09
5590.0  3.47706e-09
5595.0  3.46014e-09
5600.0  3.43825e-09
5605.0  3.413e-09
5610.0  3.40458e-09
5615.0  3.40439e-09
5620.0  3.40085e-09
5625.0  3.38913e-09
5630.0  3.36839e-09
5635.0  3.33659e-09
5640.0  3.29779e-09
5645.0  3.29955e-09
5650.0  3.31615e-09
5655.0  3.32715e-09
5660.0  3.28951e-09
5665.0  3.24165e-09
5670.0  3.23177e-09
5675.0  3.23077e-09
5680.0  3.22052e-09
5685.0  3.2286e-09
5690.0  3.22914e-09
5695.0  3.21618e-09
5700.0  3.19312e-09
5705.0  3.16681e-09
5710.0  3.17125e-09
5715.0  3.18632e-09
5720.0  3.18103e-09
5725.0  3.15946e-09
5730.0  3.15867e-09
5735.0  3.14455e-09
5740.0  3.11709e-09
5745.0  3.10605e-09
5750.0  3.10147e-09
5755.0  3.09939e-09
5760.0  3.102e-09
5765.0  3.08794e-09
5770.0  3.0509e-09
5775.0  2.96535e-09
5780.0  2.87974e-09
5785.0  2.91974e-09
5790.0  2.96625e-09
5795.0  2.95854e-09
5800.0  2.97625e-09
5805.0  3.00528e-09
5810.0  3.00592e-09
5815.0  2.99678e-09
5820.0  2.98821e-09
5825.0  2.98392e-09
5830.0  2.97407e-09
5835.0  2.96514e-09
5840.0  2.95143e-09
5845.0  2.94398e-09
5850.0  2.92569e-09
5855.0  2.93085e-09
5860.0  2.93536e-09
5865.0  2.90282e-09
5870.0  2.80679e-09
5875.0  2.68459e-09
5880.0  2.73536e-09
5885.0  2.70395e-09
5890.0  2.50689e-09
5895.0  2.50414e-09
5900.0  2.68667e-09
5905.0  2.83486e-09
5910.0  2.82901e-09
5915.0  2.82788e-09
5920.0  2.80532e-09
5925.0  2.79609e-09
5930.0  2.7959e-09
5935.0  2.78546e-09
5940.0  2.76407e-09
5945.0  2.73997e-09
5950.0  2.74021e-09
5955.0  2.7443e-09
5960.0  2.74471e-09
5965.0  2.74438e-09
5970.0  2.72765e-09
5975.0  2.71202e-09
5980.0  2.70542e-09
5985.0  2.70382e-09
5990.0  2.69551e-09
5995.0  2.69162e-09
6000.0  2.68273e-09
6005.0  2.67202e-09
6010.0  2.66384e-09
6015.0  2.65909e-09
6020.0  2.66099e-09
6025.0  2.66275e-09
6030.0  2.65994e-09
6035.0  2.62783e-09
6040.0  2.61869e-09
6045.0  2.6218e-09
6050.0  2.61966e-09
6055.0  2.61448e-09
6060.0  2.61211e-09
6065.0  2.61403e-09
6070.0  2.60505e-09
6075.0  2.58848e-09
6080.0  2.58364e-09
6085.0  2.58304e-09
6090.0  2.58141e-09
6095.0  2.56545e-09
6100.0  2.55326e-09
6105.0  2.54816e-09
6110.0  2.54804e-09
6115.0  2.54931e-09
6120.0  2.5525e-09
6125.0  2.54332e-09
6130.0  2.52753e-09
6135.0  2.51548e-09
6140.0  2.49794e-09
6145.0  2.48986e-09
6150.0  2.4902e-09
6155.0  2.47686e-09
6160.0  2.46042e-09
6165.0  2.45035e-09
6170.0  2.43778e-09
6175.0  2.42437e-09
6180.0  2.41769e-09
6185.0  2.41311e-09
6190.0  2.41257e-09
6195.0  2.40764e-09
6200.0  2.40054e-09
6205.0  2.39518e-09
6210.0  2.39784e-09
6215.0  2.39949e-09
6220.0  2.39691e-09
6225.0  2.39465e-09
6230.0  2.39015e-09
6235.0  2.38997e-09
6240.0  2.39196e-09
6245.0  2.38407e-09
6250.0  2.37059e-09
6255.0  2.36295e-09
6260.0  2.35549e-09
6265.0  2.3321e-09
6270.0  2.29817e-09
6275.0  2.24126e-09
6280.0  2.15528e-09
6285.0  2.15011e-09
6290.0  2.22536e-09
6295.0  2.27137e-09
6300.0  2.27118e-09
6305.0  2.26477e-09
6310.0  2.26225e-09
6315.0  2.26569e-09
6320.0  2.27163e-09
6325.0  2.27289e-09
6330.0  2.26364e-09
6335.0  2.25258e-09
6340.0  2.23653e-09
6345.0  2.2059e-09
6350.0  2.20246e-09
6355.0  2.23343e-09
6360.0  2.24204e-09
6365.0  2.22972e-09
6370.0  2.19609e-09
6375.0  2.17903e-09
6380.0  2.18973e-09
6385.0  2.20617e-09
6390.0  2.21855e-09
6395.0  2.20885e-09
6400.0  2.19195e-09
6405.0  2.18879e-09
6410.0  2.20207e-09
6415.0  2.20232e-09
6420.0  2.20349e-09
6425.0  2.20057e-09
6430.0  2.19476e-09
6435.0  2.18932e-09
6440.0  2.17182e-09
6445.0  2.14884e-09
6450.0  2.13891e-09
6455.0  2.13376e-09
6460.0  2.132e-09
6465.0  2.12579e-09
6470.0  2.11764e-09
6475.0  2.10911e-09
6480.0  2.10191e-09
6485.0  2.0908e-09
6490.0  2.09068e-09
6495.0  2.09198e-09
6500.0  2.09734e-09
6505.0  2.09539e-09
6510.0  2.09595e-09
6515.0  2.09107e-09
6520.0  2.09409e-09
6525.0  2.0885e-09
6530.0  2.07619e-09
6535.0  2.07457e-09
6540.0  2.07505e-09
6545.0  2.06937e-09
6550.0  2.05976e-09
6555.0  2.04631e-09
6560.0  2.01607e-09
6565.0  1.9899e-09
6570.0  2.00131e-09
6575.0  1.99471e-09
6580.0  1.95373e-09
6585.0  1.96782e-09
6590.0  2.00698e-09
6595.0  2.01717e-09
6600.0  2.01305e-09
6605.0  2.00865e-09
6610.0  1.99142e-09
6615.0  1.97998e-09
6620.0  1.98321e-09
6625.0  1.98987e-09
6630.0  1.98529e-09
6635.0  1.97599e-09
6640.0  1.9701e-09
6645.0  1.96622e-09
6650.0  1.96647e-09
6655.0  1.95674e-09
6660.0  1.9449e-09
6665.0  1.93161e-09
6670.0  1.90526e-09
6675.0  1.84212e-09
6680.0  1.79889e-09
6685.0  1.86262e-09
6690.0  1.9096e-09
6695.0  1.91601e-09
6700.0  1.91087e-09
6705.0  1.90503e-09
6710.0  1.89888e-09
6715.0  1.89197e-09
6720.0  1.88823e-09
6725.0  1.8839e-09
6730.0  1.87736e-09
6735.0  1.87193e-09
6740.0  1.86431e-09
6745.0  1.86099e-09
6750.0  1.86288e-09
6755.0  1.85792e-09
6760.0  1.85343e-09
6765.0  1.85052e-09
6770.0  1.84411e-09
6775.0  1.8366e-09
6780.0  1.83366e-09
6785.0  1.8286e-09
6790.0  1.82386e-09
6795.0  1.82331e-09
6800.0  1.82042e-09
6805.0  1.81715e-09
6810.0  1.81534e-09
6815.0  1.81243e-09
6820.0  1.80591e-09
6825.0  1.79616e-09
6830.0  1.79029e-09
6835.0  1.78577e-09
6840.0  1.78355e-09
6845.0  1.77962e-09
6850.0  1.7752e-09
6855.0  1.77099e-09
6860.0  1.76688e-09
6865.0  1.7628e-09
6870.0  1.75877e-09
6875.0  1.75472e-09
6880.0  1.7508e-09
6885.0  1.7469e-09
6890.0  1.74302e-09
6895.0  1.73912e-09
6900.0  1.73521e-09
6905.0  1.7313e-09
6910.0  1.72739e-09
6915.0  1.7235e-09
6920.0  1.71971e-09
6925.0  1.71597e-09
6930.0  1.71235e-09
6935.0  1.70879e-09
6940.0  1.70521e-09
6945.0  1.70172e-09
6950.0  1.69822e-09
6955.0  1.69456e-09
6960.0  1.69085e-09
6965.0  1.68713e-09
6970.0  1.6847e-09
6975.0  1.6878e-09
6980.0  1.68011e-09
6985.0  1.66833e-09
6990.0  1.64933e-09
6995.0  1.64759e-09
7000.0  1.64632e-09
7005.0  1.63978e-09
7010.0  1.64107e-09
7015.0  1.63904e-09
7020.0  1.62889e-09
7025.0  1.61792e-09
7030.0  1.61825e-09
7035.0  1.6286e-09
7040.0  1.63334e-09
7045.0  1.62802e-09
7050.0  1.62166e-09
7055.0  1.61515e-09
7060.0  1.57801e-09
7065.0  1.53268e-09
7070.0  1.56127e-09
7075.0  1.60114e-09
7080.0  1.61118e-09
7085.0  1.61477e-09
7090.0  1.61556e-09
7095.0  1.60706e-09
7100.0  1.59504e-09
7105.0  1.58862e-09
7110.0  1.58672e-09
7115.0  1.58308e-09
7120.0  1.58565e-09
7125.0  1.5887e-09
7130.0  1.58573e-09
7135.0  1.58521e-09
7140.0  1.5797e-09
7145.0  1.57462e-09
7150.0  1.57661e-09
7155.0  1.56704e-09
7160.0  1.5539e-09
7165.0  1.54047e-09
7170.0  1.51621e-09
7175.0  1.48998e-09
7180.0  1.48158e-09
7185.0  1.46821e-09
7190.0  1.4703e-09
7195.0  1.47222e-09
7200.0  1.46947e-09
7205.0  1.47584e-09
7210.0  1.50457e-09
7215.0  1.52105e-09
7220.0  1.52274e-09
7225.0  1.50264e-09
7230.0  1.47541e-09
7235.0  1.45683e-09
7240.0  1.4562e-09
7245.0  1.46228e-09
7250.0  1.45928e-09
7255.0  1.45151e-09
7260.0  1.45496e-09
7265.0  1.45334e-09
7270.0  1.44407e-09
7275.0  1.4198e-09
7280.0  1.41264e-09
7285.0  1.41374e-09
7290.0  1.41561e-09
7295.0  1.42338e-09
7300.0  1.42381e-09
7305.0  1.4145e-09
7310.0  1.41685e-09
7315.0  1.41163e-09
7320.0  1.40855e-09
7325.0  1.41222e-09
7330.0  1.40764e-09
7335.0  1.39775e-09
7340.0  1.3925e-09
7345.0  1.39198e-09
7350.0  1.38482e-09
7355.0  1.38052e-09
7360.0  1.37639e-09
7365.0  1.3672e-09
7370.0  1.36149e-09
7375.0  1.36101e-09
7380.0  1.36214e-09
7385.0  1.36466e-09
7390.0  1.36554e-09
7395.0  1.35649e-09
7400.0  1.35262e-09
7405.0  1.35363e-09
7410.0  1.34861e-09
7415.0  1.35401e-09
7420.0  1.35371e-09
7425.0  1.33981e-09
7430.0  1.33647e-09
7435.0  1.33435e-09
7440.0  1.33197e-09
7445.0  1.33248e-09
7450.0  1.33284e-09
7455.0  1.32942e-09
7460.0  1.32714e-09
7465.0  1.32164e-09
7470.0  1.31626e-09
7475.0  1.31477e-09
7480.0  1.31246e-09
7485.0  1.31111e-09
7490.0  1.30706e-09
7495.0  1.3061e-09
7500.0  1.30327e-09
7505.0  1.29986e-09
7510.0  1.30045e-09
7515.0  1.29859e-09
7520.0  1.29399e-09
7525.0  1.28949e-09
7530.0  1.28497e-09
7535.0  1.27853e-09
7540.0  1.2766e-09
7545.0  1.27292e-09
7550.0  1.26655e-09
7555.0  1.26307e-09
7560.0  1.25998e-09
7565.0  1.25684e-09
7570.0  1.25367e-09
7575.0  1.25054e-09
7580.0  1.24742e-09
7585.0  1.24428e-09
7590.0  1.24115e-09
7595.0  1.238e-09
7600.0  1.23478e-09
7605.0  1.23159e-09
7610.0  1.22836e-09
7615.0  1.22507e-09
7620.0  1.22176e-09
7625.0  1.21846e-09
7630.0  1.21515e-09
7635.0  1.21184e-09
7640.0  1.20853e-09
7645.0  1.20522e-09
7650.0  1.20192e-09
7655.0  1.19862e-09
7660.0  1.19533e-09
7665.0  1.19205e-09
7670.0  1.18882e-09
7675.0  1.18565e-09
7680.0  1.18251e-09
7685.0  1.17939e-09
7690.0  1.17626e-09
7695.0  1.1731e-09
7700.0  1.17004e-09
7705.0  1.16716e-09
7710.0  1.1648e-09
7715.0  1.16315e-09
7720.0  1.16105e-09
7725.0  1.15812e-09
7730.0  1.15425e-09
7735.0  1.15071e-09
7740.0  1.14845e-09
7745.0  1.14652e-09
7750.0  1.14561e-09
7755.0  1.14302e-09
7760.0  1.13506e-09
7765.0  1.11897e-09
7770.0  1.08043e-09
7775.0  1.05906e-09
7780.0  1.09718e-09
7785.0  1.12456e-09
7790.0  1.12809e-09
7795.0  1.12755e-09
7800.0  1.12458e-09
7805.0  1.12108e-09
7810.0  1.11983e-09
7815.0  1.1151e-09
7820.0  1.11287e-09
7825.0  1.11069e-09
7830.0  1.10687e-09
7835.0  1.10367e-09
7840.0  1.1009e-09
7845.0  1.10023e-09
7850.0  1.10417e-09
7855.0  1.10051e-09
7860.0  1.09499e-09
7865.0  1.08706e-09
7870.0  1.08487e-09
7875.0  1.08003e-09
7880.0  1.07815e-09
7885.0  1.07788e-09
7890.0  1.07229e-09
7895.0  1.06424e-09
7900.0  1.06244e-09
7905.0  1.06568e-09
7910.0  1.06717e-09
7915.0  1.06207e-09
7920.0  1.05551e-09
7925.0  1.05086e-09
7930.0  1.04819e-09
7935.0  1.04916e-09
7940.0  1.04827e-09
7945.0  1.04701e-09
7950.0  1.04187e-09
7955.0  1.0393e-09
7960.0  1.03737e-09
7965.0  1.03266e-09
7970.0  1.0335e-09
7975.0  1.03414e-09
7980.0  1.03342e-09
7985.0  1.02933e-09
7990.0  1.03016e-09
7995.0  1.02775e-09
8000.0  1.02136e-09
8005.0  1.01976e-09
8010.0  1.01829e-09
8015.0  1.01346e-09
8020.0  1.01257e-09
8025.0  1.00823e-09
8030.0  1.00463e-09
8035.0  1.00035e-09
8040.0  9.99409e-10
8045.0  1.00185e-09
8050.0  1.00201e-09
8055.0  1.00053e-09
8060.0  9.97925e-10
8065.0  9.9622e-10
8070.0  9.92231e-10
8075.0  9.9164e-10
8080.0  9.87608e-10
8085.0  9.81696e-10
8090.0  9.83999e-10
8095.0  9.84446e-10
8100.0  9.82901e-10
8105.0  9.82027e-10
8110.0  9.79008e-10
8115.0  9.77631e-10
8120.0  9.75228e-10
8125.0  9.73085e-10
8130.0  9.69839e-10
8135.0  9.65922e-10
8140.0  9.63652e-10
8145.0  9.60372e-10
8150.0  9.52864e-10
8155.0  9.46472e-10
8160.0  9.4125e-10
8165.0  9.30752e-10
8170.0  9.3618e-10
8175.0  9.40739e-10
8180.0  9.36991e-10
8185.0  9.40813e-10
8190.0  9.39631e-10
8195.0  9.39034e-10
8200.0  9.37212e-10
8205.0  9.4436e-10
8210.0  9.47381e-10
8215.0  9.40679e-10
8220.0  9.31415e-10
8225.0  9.15032e-10
8230.0  8.97806e-10
8235.0  9.09605e-10
8240.0  9.24223e-10
8245.0  9.26811e-10
8250.0  9.29226e-10
8255.0  9.2202e-10
8260.0  9.15474e-10
8265.0  9.15489e-10
8270.0  9.1368e-10
8275.0  9.05611e-10
8280.0  9.01741e-10
8285.0  9.01922e-10
8290.0  8.99696e-10
8295.0  8.97585e-10
8300.0  8.97271e-10
8305.0  8.93932e-10
8310.0  8.92518e-10
8315.0  8.88013e-10
8320.0  8.84807e-10
8325.0  8.85529e-10
8330.0  8.87273e-10
8335.0  8.85408e-10
8340.0  8.81461e-10
8345.0  8.80495e-10
8350.0  8.81104e-10
8355.0  8.78139e-10
8360.0  8.7253e-10
8365.0  8.72194e-10
8370.0  8.73063e-10
8375.0  8.65899e-10
8380.0  8.66155e-10
8385.0  8.68637e-10
8390.0  8.63479e-10
8395.0  8.60013e-10
8400.0  8.61117e-10
8405.0  8.60151e-10
8410.0  8.47063e-10
8415.0  8.4068e-10
8420.0  8.55634e-10
8425.0  8.69811e-10
8430.0  8.59402e-10
8435.0  8.32004e-10
8440.0  8.13126e-10
8445.0  8.20133e-10
8450.0  8.43542e-10
8455.0  8.58629e-10
8460.0  8.44272e-10
8465.0  8.1611e-10
8470.0  8.16126e-10
8475.0  8.4092e-10
8480.0  8.58996e-10
8485.0  8.63535e-10
8490.0  8.55529e-10
8495.0  8.28954e-10
8500.0  7.9253e-10
8505.0  7.85461e-10
8510.0  8.16532e-10
8515.0  8.40986e-10
8520.0  8.52437e-10
8525.0  8.5191e-10
8530.0  8.42312e-10
8535.0  8.22162e-10
8540.0  7.8717e-10
8545.0  7.57753e-10
8550.0  7.72721e-10
8555.0  8.08733e-10
8560.0  8.30523e-10
8565.0  8.38528e-10
8570.0  8.37363e-10
8575.0  8.30687e-10
8580.0  8.17991e-10
8585.0  8.02258e-10
8590.0  7.81031e-10
8595.0  7.44124e-10
8600.0  7.28201e-10
8605.0  7.64047e-10
8610.0  8.02713e-10
8615.0  8.15408e-10
8620.0  8.17353e-10
8625.0  8.21351e-10
8630.0  8.24178e-10
8635.0  8.19567e-10
8640.0  8.14707e-10
8645.0  8.05889e-10
8650.0  7.92593e-10
8655.0  7.71171e-10
8660.0  7.31987e-10
8665.0  6.99822e-10
8670.0  7.20853e-10
8675.0  7.60507e-10
8680.0  7.77719e-10
8685.0  7.87383e-10
8690.0  8.00539e-10
8695.0  8.0893e-10
8700.0  8.09822e-10
8705.0  8.059e-10
8710.0  8.05919e-10
8715.0  8.1007e-10
8720.0  8.03897e-10
8725.0  7.97876e-10
8730.0  7.87654e-10
8735.0  7.73424e-10
8740.0  7.51887e-10
8745.0  7.11465e-10
8750.0  6.77185e-10
8755.0  6.95304e-10
8760.0  7.44676e-10
8765.0  7.70591e-10
8770.0  7.75357e-10
8775.0  7.67991e-10
8780.0  7.63975e-10
8785.0  7.70743e-10
8790.0  7.76774e-10
8795.0  7.77887e-10
8800.0  7.80768e-10
8805.0  7.82278e-10
8810.0  7.82414e-10
8815.0  7.7865e-10
8820.0  7.75323e-10
8825.0  7.75508e-10
8830.0  7.73407e-10
8835.0  7.69727e-10
8840.0  7.60649e-10
8845.0  7.4374e-10
8850.0  7.28596e-10
8855.0  7.0021e-10
8860.0  6.63006e-10
8865.0  6.54497e-10
8870.0  6.96853e-10
8875.0  7.29885e-10
8880.0  7.48558e-10
8885.0  7.58606e-10
8890.0  7.62689e-10
8895.0  7.62483e-10
8900.0  7.63984e-10
8905.0  7.63282e-10
8910.0  7.61558e-10
8915.0  7.58962e-10
8920.0  7.59328e-10
8925.0  7.54934e-10
8930.0  7.51024e-10
8935.0  7.49808e-10
8940.0  7.50779e-10
8945.0  7.50575e-10
8950.0  7.40928e-10
8955.0  7.35638e-10
8960.0  7.3391e-10
8965.0  7.24016e-10
8970.0  7.19708e-10
8975.0  7.15893e-10
8980.0  7.1395e-10
8985.0  6.9988e-10
8990.0  6.71564e-10
8995.0  6.76049e-10
9000.0  6.71397e-10
9005.0  6.59076e-10
9010.0  6.39073e-10
9015.0  5.96618e-10
9020.0  6.09019e-10
9025.0  6.50338e-10
9030.0  6.9052e-10
9035.0  7.17018e-10
9040.0  7.26719e-10
9045.0  7.2821e-10
9050.0  7.2529e-10
9055.0  7.15042e-10
9060.0  7.10359e-10
9065.0  6.86017e-10
9070.0  6.75117e-10
9075.0  6.79566e-10
9080.0  6.81252e-10
9085.0  6.73128e-10
9090.0  6.76982e-10
9095.0  6.87858e-10
9100.0  6.81269e-10
9105.0  6.83704e-10
9110.0  6.88238e-10
9115.0  6.9405e-10
9120.0  6.91375e-10
9125.0  6.91593e-10
9130.0  6.82458e-10
9135.0  6.69232e-10
9140.0  6.75347e-10
9145.0  6.86869e-10
9150.0  6.75121e-10
9155.0  6.45555e-10
9160.0  6.56402e-10
9165.0  6.72952e-10
9170.0  6.6923e-10
9175.0  6.52178e-10
9180.0  6.64505e-10
9185.0  6.77333e-10
9190.0  6.8585e-10
9195.0  6.82192e-10
9200.0  6.84561e-10
9205.0  6.87227e-10
9210.0  6.67607e-10
9215.0  6.53473e-10
9220.0  6.48996e-10
9225.0  6.25422e-10
9230.0  5.86684e-10
9235.0  6.01454e-10
9240.0  6.4093e-10
9245.0  6.58283e-10
9250.0  6.61054e-10
9255.0  6.72486e-10
9260.0  6.57708e-10
9265.0  6.61727e-10
9270.0  6.80904e-10
9275.0  6.9261e-10
9280.0  6.90299e-10
9285.0  6.9672e-10
9290.0  6.94653e-10
9295.0  6.79488e-10
9300.0  6.57615e-10
9305.0  6.50777e-10
9310.0  6.32529e-10
9315.0  6.06199e-10
9320.0  5.83038e-10
9325.0  5.85973e-10
9330.0  5.95341e-10
9335.0  5.70969e-10
9340.0  5.40744e-10
9345.0  5.09803e-10
9350.0  5.70504e-10
9355.0  5.61614e-10
9360.0  5.64279e-10
9365.0  5.89425e-10
9370.0  5.76448e-10
9375.0  5.80228e-10
9380.0  5.81593e-10
9385.0  6.15265e-10
9390.0  6.76716e-10
9395.0  7.19485e-10
9400.0  7.00398e-10
9405.0  6.94895e-10
9410.0  6.87207e-10
9415.0  6.71408e-10
9420.0  6.4884e-10
9425.0  6.14845e-10
9430.0  5.76021e-10
9435.0  5.9618e-10
9440.0  5.49469e-10
9445.0  5.52279e-10
9450.0  5.97565e-10
9455.0  5.84583e-10
9460.0  5.62681e-10
9465.0  5.81678e-10
9470.0  6.01808e-10
9475.0  6.07562e-10
9480.0  5.90555e-10
9485.0  5.94328e-10
9490.0  6.33561e-10
9495.0  5.91657e-10
9500.0  5.56227e-10
9505.0  5.97404e-10
9510.0  6.38838e-10
9515.0  6.10087e-10
9520.0  5.59025e-10
9525.0  5.44244e-10
9530.0  5.26006e-10
9535.0  5.43715e-10
9540.0  5.47749e-10
9545.0  5.12931e-10
9550.0  5.07742e-10
9555.0  5.33784e-10
9560.0  5.68861e-10
9565.0  5.79743e-10
9570.0  5.94687e-10
9575.0  6.1049e-10
9580.0  5.9936e-10
9585.0  5.73906e-10
9590.0  5.58489e-10
9595.0  5.52648e-10
9600.0  5.66305e-10
9605.0  5.73644e-10
9610.0  5.8222e-10
9615.0  5.76425e-10
9620.0  5.5801e-10
9625.0  5.39466e-10
9630.0  5.59269e-10
9635.0  5.60695e-10
9640.0  5.43634e-10
9645.0  5.47346e-10
9650.0  5.5375e-10
9655.0  5.67916e-10
9660.0  5.56714e-10
9665.0  5.42123e-10
9670.0  5.59172e-10
9675.0  5.65949e-10
9680.0  5.65222e-10
9685.0  5.64903e-10
9690.0  5.69052e-10
9695.0  5.70539e-10
9700.0  5.63501e-10
9705.0  5.55728e-10
9710.0  5.58289e-10
9715.0  5.5218e-10
9720.0  5.38126e-10
9725.0  5.3524e-10
9730.0  5.37754e-10
9735.0  5.35194e-10
9740.0  5.41116e-10
9745.0  5.44716e-10
9750.0  5.36563e-10
9755.0  5.34112e-10
9760.0  5.23897e-10
9765.0  5.2374e-10
9770.0  5.38301e-10
9775.0  5.34667e-10
9780.0  5.30719e-10
9785.0  5.3088e-10
9790.0  5.32289e-10
9795.0  5.25341e-10
9800.0  5.31673e-10
9805.0  5.30436e-10
9810.0  5.24834e-10
9815.0  5.23676e-10
9820.0  5.27796e-10
9825.0  5.21145e-10
9830.0  5.12428e-10
9835.0  5.20603e-10
9840.0  5.19965e-10
9845.0  5.16461e-10
9850.0  5.15903e-10
9855.0  5.21714e-10
9860.0  5.15659e-10
9865.0  5.2256e-10
9870.0  5.28058e-10
9875.0  5.12465e-10
9880.0  4.99753e-10
9885.0  5.07395e-10
9890.0  5.0952e-10
9895.0  5.08839e-10
9900.0  5.12564e-10
9905.0  5.17539e-10
9910.0  5.10375e-10
9915.0  5.14237e-10
9920.0  4.99993e-10
9925.0  4.99007e-10
9930.0  5.10159e-10
9935.0  5.10349e-10
9940.0  5.06959e-10
9945.0  5.02141e-10
9950.0  4.94239e-10
9955.0  4.95007e-10
9960.0  5.0666e-10
9965.0  5.10833e-10
9970.0  4.87027e-10
9975.0  4.79956e-10
9980.0  4.9523e-10
9985.0  4.90451e-10
9990.0  4.96723e-10
9995.0  4.97239e-10
10000.0  4.94913e-10
10005.0  4.95863e-10
10010.0  5.00608e-10
10015.0  4.93798e-10
10020.0  4.81752e-10
10025.0  4.86259e-10
10030.0  4.84614e-10
10035.0  4.87837e-10
10040.0  4.61893e-10
10045.0  4.39907e-10
10050.0  4.24868e-10
10055.0  4.28076e-10
10060.0  4.53128e-10
10065.0  4.51645e-10
10070.0  4.59431e-10
10075.0  4.7221e-10
10080.0  4.71988e-10
10085.0  4.8284e-10
10090.0  4.77022e-10
10095.0  4.71299e-10
10100.0  4.85682e-10
10105.0  4.80203e-10
10110.0  4.8031e-10
10115.0  4.76857e-10
10120.0  4.78077e-10
10125.0  4.7401e-10
10130.0  4.70481e-10
10135.0  4.76142e-10
10140.0  4.69213e-10
10145.0  4.61827e-10
10150.0  4.642e-10
10155.0  4.64103e-10
10160.0  4.63371e-10
10165.0  4.62701e-10
10170.0  4.62065e-10
10175.0  4.61439e-10
10180.0  4.60803e-10
10185.0  4.60135e-10
10190.0  4.59405e-10
10195.0  4.58597e-10
10200.0  4.57683e-10
10205.0  4.56653e-10
10210.0  4.55528e-10
10215.0  4.54339e-10
10220.0  4.53118e-10
10225.0  4.51897e-10
10230.0  4.50706e-10
10235.0  4.4958e-10
10240.0  4.48551e-10
10245.0  4.4765e-10
10250.0  4.46908e-10
10255.0  4.4634e-10
10260.0  4.45923e-10
10265.0  4.45617e-10
10270.0  4.45384e-10
10275.0  4.45184e-10
10280.0  4.44975e-10
10285.0  4.44719e-10
10290.0  4.44374e-10
10295.0  4.43898e-10
10300.0  4.42997e-10
10305.0  4.40628e-10
10310.0  4.39555e-10
10315.0  4.38693e-10
10320.0  4.37794e-10
10325.0  4.36873e-10
10330.0  4.35954e-10
10335.0  4.35056e-10
10340.0  4.34201e-10
10345.0  4.33406e-10
10350.0  4.32698e-10
10355.0  4.32084e-10
10360.0  4.31556e-10
10365.0  4.31089e-10
10370.0  4.30669e-10
10375.0  4.30269e-10
10380.0  4.29873e-10
10385.0  4.29462e-10
10390.0  4.29011e-10
10395.0  4.285e-10
10400.0  4.27912e-10
10405.0  4.27232e-10
10410.0  4.26472e-10
10415.0  4.25647e-10
10420.0  4.24775e-10
10425.0  4.23876e-10
10430.0  4.22968e-10
10435.0  4.22068e-10
10440.0  4.21192e-10
10445.0  4.20359e-10
10450.0  4.1959e-10
10455.0  4.18891e-10
10460.0  4.18266e-10
10465.0  4.17702e-10
10470.0  4.17195e-10
10475.0  4.16734e-10
10480.0  4.16314e-10
10485.0  4.15925e-10
10490.0  4.15557e-10
10495.0  4.15206e-10
10500.0  4.14862e-10
10505.0  4.14516e-10
10510.0  4.14172e-10
10515.0  4.13826e-10
10520.0  4.13477e-10
10525.0  4.13128e-10
10530.0  4.1278e-10
10535.0  4.12427e-10
10540.0  4.12077e-10
10545.0  4.11724e-10
10550.0  4.11367e-10
10555.0  4.11011e-10
10560.0  4.10654e-10
10565.0  4.10297e-10
10570.0  4.09936e-10
10575.0  4.09576e-10
10580.0  4.09213e-10
10585.0  4.08852e-10
10590.0  4.08485e-10
10595.0  4.0812e-10
10600.0  4.07754e-10
10605.0  4.07386e-10
10610.0  4.07016e-10
10615.0  4.06645e-10
10620.0  4.05646e-10
10625.0  4.01486e-10
10630.0  4.00313e-10
10635.0  3.99742e-10
10640.0  3.99174e-10
10645.0  3.98605e-10
10650.0  3.98036e-10
10655.0  3.97468e-10
10660.0  3.96903e-10
10665.0  3.96336e-10
10670.0  3.95769e-10
10675.0  3.95205e-10
10680.0  3.9464e-10
10685.0  3.94076e-10
10690.0  3.9351e-10
10695.0  3.92945e-10
10700.0  3.92383e-10
10705.0  3.9182e-10
10710.0  3.91259e-10
10715.0  3.90697e-10
10720.0  3.90134e-10
10725.0  3.89573e-10
10730.0  3.89014e-10
10735.0  3.88454e-10
10740.0  3.87895e-10
10745.0  3.87335e-10
10750.0  3.86776e-10
10755.0  3.86218e-10
10760.0  3.8566e-10
10765.0  3.85103e-10
10770.0  3.84547e-10
10775.0  3.8399e-10
10780.0  3.83434e-10
10785.0  3.82879e-10
10790.0  3.82325e-10
10795.0  3.81769e-10
10800.0  3.81217e-10
10805.0  3.80664e-10
10810.0  3.80108e-10
10815.0  3.79558e-10
10820.0  3.79005e-10
10825.0  3.78453e-10
10830.0  3.77903e-10
10835.0  3.77351e-10
10840.0  3.76802e-10
10845.0  3.76253e-10
10850.0  3.75703e-10
10855.0  3.75154e-10
10860.0  3.74605e-10
10865.0  3.74059e-10
10870.0  3.73513e-10
10875.0  3.72964e-10
10880.0  3.72418e-10
10885.0  3.71873e-10
10890.0  3.71328e-10
10895.0  3.70784e-10
10900.0  3.70239e-10
10905.0  3.69697e-10
10910.0  3.69151e-10
10915.0  3.68609e-10
10920.0  3.68067e-10
10925.0  3.67525e-10
10930.0  3.66985e-10
10935.0  3.66444e-10
10940.0  3.65904e-10
10945.0  3.65363e-10
10950.0  3.64824e-10
10955.0  3.64285e-10
10960.0  3.63746e-10
10965.0  3.63211e-10
10970.0  3.62673e-10
10975.0  3.62137e-10
10980.0  3.61598e-10
10985.0  3.61064e-10
10990.0  3.60528e-10
10995.0  3.59993e-10
11000.0  3.59461e-10
11005.0  3.58926e-10
11010.0  3.58394e-10
11015.0  3.57861e-10
11020.0  3.57328e-10
11025.0  3.56796e-10
11030.0  3.56267e-10
11035.0  3.55736e-10
11040.0  3.55204e-10
11045.0  3.54676e-10
11050.0  3.54147e-10
11055.0  3.5362e-10
11060.0  3.53091e-10
11065.0  3.52563e-10
11070.0  3.52035e-10
11075.0  3.51508e-10
11080.0  3.50982e-10
11085.0  3.50457e-10
11090.0  3.49932e-10
11095.0  3.49407e-10
11100.0  3.48883e-10
11105.0  3.48361e-10
11110.0  3.47837e-10
11115.0  3.47316e-10
11120.0  3.46794e-10
11125.0  3.46273e-10
11130.0  3.45751e-10
11135.0  3.45231e-10
11140.0  3.44712e-10
11145.0  3.44192e-10
11150.0  3.43673e-10
11155.0  3.43156e-10
11160.0  3.42638e-10
11165.0  3.42121e-10
11170.0  3.41604e-10
11175.0  3.41088e-10
11180.0  3.40574e-10
11185.0  3.40057e-10
11190.0  3.39542e-10
11195.0  3.39028e-10
11200.0  3.38517e-10
11205.0  3.38003e-10
11210.0  3.37491e-10
11215.0  3.36979e-10
11220.0  3.36467e-10
11225.0  3.35957e-10
11230.0  3.35446e-10
11235.0  3.34938e-10
11240.0  3.34428e-10
11245.0  3.3392e-10
11250.0  3.33413e-10
11255.0  3.32906e-10
11260.0  3.32398e-10
11265.0  3.31891e-10
11270.0  3.31385e-10
11275.0  3.30881e-10
11280.0  3.30377e-10
11285.0  3.29873e-10
11290.0  3.29369e-10
11295.0  3.28866e-10
11300.0  3.28363e-10
11305.0  3.27862e-10
11310.0  3.27358e-10
11315.0  3.26858e-10
11320.0  3.26357e-10
11325.0  3.25857e-10
11330.0  3.2536e-10
11335.0  3.24861e-10
11340.0  3.24364e-10
11345.0  3.23864e-10
11350.0  3.23366e-10
11355.0  3.2287e-10
11360.0  3.22376e-10
11365.0  3.2188e-10
11370.0  3.21386e-10
11375.0  3.20891e-10
11380.0  3.20397e-10
11385.0  3.19904e-10
11390.0  3.1941e-10
11395.0  3.18919e-10
11400.0  3.18428e-10
11405.0  3.17937e-10
11410.0  3.17448e-10
11415.0  3.16957e-10
11420.0  3.16468e-10
11425.0  3.15978e-10
11430.0  3.15492e-10
11435.0  3.15003e-10
11440.0  3.14516e-10
11445.0  3.1403e-10
11450.0  3.13544e-10
11455.0  3.1306e-10
11460.0  3.12575e-10
11465.0  3.12092e-10
11470.0  3.11609e-10
11475.0  3.11126e-10
11480.0  3.10643e-10
11485.0  3.10161e-10
11490.0  3.09679e-10
11495.0  3.09199e-10
11500.0  3.0872e-10
11505.0  3.0824e-10
11510.0  3.07761e-10
11515.0  3.07283e-10
11520.0  3.06806e-10
11525.0  3.06327e-10
11530.0  3.05851e-10
11535.0  3.05375e-10
11540.0  3.049e-10
11545.0  3.04424e-10
11550.0  3.03951e-10
11555.0  3.03476e-10
11560.0  3.03003e-10
11565.0  3.02531e-10
11570.0  3.02059e-10
11575.0  3.01587e-10
11580.0  3.01118e-10
11585.0  3.00646e-10
11590.0  3.00177e-10
11595.0  2.99708e-10
11600.0  2.9924e-10
11605.0  2.98774e-10
11610.0  2.98306e-10
11615.0  2.9784e-10
11620.0  2.97372e-10
11625.0  2.96907e-10
11630.0  2.96444e-10
11635.0  2.95979e-10
11640.0  2.95514e-10
11645.0  2.95052e-10
11650.0  2.94591e-10
11655.0  2.94128e-10
11660.0  2.93667e-10
11665.0  2.93205e-10
11670.0  2.92747e-10
11675.0  2.92285e-10
11680.0  2.91827e-10
11685.0  2.91369e-10
11690.0  2.90911e-10
11695.0  2.90456e-10
11700.0  2.89998e-10
11705.0  2.89542e-10
11710.0  2.89087e-10
11715.0  2.88633e-10
11720.0  2.88178e-10
11725.0  2.87727e-10
11730.0  2.87273e-10
11735.0  2.86821e-10
11740.0  2.8637e-10
11745.0  2.85918e-10
11750.0  2.85467e-10
11755.0  2.85019e-10
11760.0  2.84569e-10
11765.0  2.8412e-10
11770.0  2.83673e-10
11775.0  2.83225e-10
11780.0  2.82777e-10
11785.0  2.82333e-10
11790.0  2.81887e-10
11795.0  2.81441e-10
11800.0  2.80997e-10
11805.0  2.80556e-10
11810.0  2.80112e-10
11815.0  2.7967e-10
11820.0  2.79226e-10
11825.0  2.78786e-10
11830.0  2.78345e-10
11835.0  2.77907e-10
11840.0  2.77467e-10
11845.0  2.77029e-10
11850.0  2.76589e-10
11855.0  2.76152e-10
11860.0  2.75717e-10
11865.0  2.7528e-10
11870.0  2.74844e-10
11875.0  2.74409e-10
11880.0  2.73975e-10
11885.0  2.73542e-10
11890.0  2.73108e-10
11895.0  2.72677e-10
11900.0  2.72244e-10
11905.0  2.71814e-10
11910.0  2.71383e-10
11915.0  2.70954e-10
11920.0  2.70526e-10
11925.0  2.70097e-10
11930.0  2.69669e-10
11935.0  2.69242e-10
11940.0  2.68816e-10
11945.0  2.68389e-10
11950.0  2.67963e-10
11955.0  2.67539e-10
11960.0  2.67116e-10
11965.0  2.66692e-10
11970.0  2.66269e-10
11975.0  2.65846e-10
11980.0  2.65426e-10
11985.0  2.65003e-10
11990.0  2.64582e-10
11995.0  2.64163e-10
12000.0  2.63746e-10
12005.0  2.63327e-10
12010.0  2.6291e-10
12015.0  2.62491e-10
12020.0  2.62075e-10
12025.0  2.61661e-10
12030.0  2.61245e-10
12035.0  2.6083e-10
12040.0  2.60417e-10
12045.0  2.60004e-10
12050.0  2.59591e-10
12055.0  2.59181e-10
12060.0  2.58769e-10
12065.0  2.5836e-10
12070.0  2.5795e-10
12075.0  2.57541e-10
12080.0  2.57132e-10
12085.0  2.56723e-10
12090.0  2.56316e-10
12095.0  2.55911e-10
12100.0  2.55505e-10
12105.0  2.55099e-10
12110.0  2.54694e-10
12115.0  2.5429e-10
12120.0  2.53886e-10
12125.0  2.53483e-10
12130.0  2.53084e-10
12135.0  2.52682e-10
12140.0  2.5228e-10
12145.0  2.51881e-10
12150.0  2.51482e-10
12155.0  2.51083e-10
12160.0  2.50685e-10
12165.0  2.50288e-10
12170.0  2.4989e-10
12175.0  2.49495e-10
12180.0  2.491e-10
12185.0  2.48705e-10
12190.0  2.48312e-10
12195.0  2.47918e-10
12200.0  2.47526e-10
12205.0  2.47134e-10
12210.0  2.46742e-10
12215.0  2.46353e-10
12220.0  2.45962e-10
12225.0  2.45574e-10
12230.0  2.45185e-10
12235.0  2.44797e-10
12240.0  2.44411e-10
12245.0  2.44024e-10
12250.0  2.43639e-10
12255.0  2.43254e-10
12260.0  2.42869e-10
12265.0  2.42485e-10
12270.0  2.42103e-10
12275.0  2.41719e-10
12280.0  2.41338e-10
12285.0  2.40956e-10
12290.0  2.40575e-10
12295.0  2.40197e-10
12300.0  2.39818e-10
12305.0  2.39438e-10
12310.0  2.39061e-10
12315.0  2.38685e-10
12320.0  2.38308e-10
12325.0  2.37933e-10
12330.0  2.37556e-10
12335.0  2.37181e-10
12340.0  2.36808e-10
12345.0  2.36436e-10
12350.0  2.36063e-10
12355.0  2.35691e-10
12360.0  2.3532e-10
12365.0  2.3495e-10
12370.0  2.34579e-10
12375.0  2.34211e-10
12380.0  2.33841e-10
12385.0  2.33473e-10
12390.0  2.33106e-10
12395.0  2.32739e-10
12400.0  2.32375e-10
12405.0  2.32008e-10
12410.0  2.31644e-10
12415.0  2.3128e-10
12420.0  2.30916e-10
12425.0  2.30553e-10
12430.0  2.30192e-10
12435.0  2.29829e-10
12440.0  2.29468e-10
12445.0  2.29108e-10
12450.0  2.2875e-10
12455.0  2.28391e-10
12460.0  2.28033e-10
12465.0  2.27674e-10
12470.0  2.27317e-10
12475.0  2.2696e-10
12480.0  2.26606e-10
12485.0  2.2625e-10
12490.0  2.25896e-10
12495.0  2.25543e-10
12500.0  2.2519e-10
12505.0  2.24836e-10
12510.0  2.24483e-10
12515.0  2.24133e-10
12520.0  2.23784e-10
12525.0  2.23433e-10
12530.0  2.23083e-10
12535.0  2.22734e-10
12540.0  2.22387e-10
12545.0  2.22038e-10
12550.0  2.21691e-10
12555.0  2.21345e-10
12560.0  2.20999e-10
12565.0  2.20656e-10
12570.0  2.2031e-10
12575.0  2.19967e-10
12580.0  2.19624e-10
12585.0  2.19281e-10
12590.0  2.18939e-10
12595.0  2.18598e-10
12600.0  2.18257e-10
12605.0  2.17917e-10
12610.0  2.17577e-10
12615.0  2.17238e-10
12620.0  2.16902e-10
12625.0  2.16564e-10
12630.0  2.16227e-10
12635.0  2.15891e-10
12640.0  2.15556e-10
12645.0  2.1522e-10
12650.0  2.14884e-10
12655.0  2.14551e-10
12660.0  2.14219e-10
12665.0  2.13887e-10
12670.0  2.13554e-10
12675.0  2.13222e-10
12680.0  2.1289e-10
12685.0  2.12561e-10
12690.0  2.12232e-10
12695.0  2.11904e-10
12700.0  2.11574e-10
12705.0  2.11246e-10
12710.0  2.1092e-10
12715.0  2.10592e-10
12720.0  2.10266e-10
12725.0  2.09941e-10
12730.0  2.09616e-10
12735.0  2.09293e-10
12740.0  2.08969e-10
12745.0  2.08647e-10
12750.0  2.08325e-10
12755.0  2.08003e-10
12760.0  2.07681e-10
12765.0  2.0736e-10
12770.0  2.07041e-10
12775.0  2.0672e-10
12780.0  2.06401e-10
12785.0  2.06082e-10
12790.0  2.05764e-10
12795.0  2.05449e-10
12800.0  2.05131e-10
12805.0  2.04816e-10
12810.0  2.04501e-10
12815.0  2.04186e-10
12820.0  2.03872e-10
12825.0  2.0356e-10
12830.0  2.03246e-10
12835.0  2.02934e-10
12840.0  2.02622e-10
12845.0  2.02312e-10
12850.0  2.02e-10
12855.0  2.01689e-10
12860.0  2.01381e-10
12865.0  2.01072e-10
12870.0  2.00762e-10
12875.0  2.00454e-10
12880.0  2.00149e-10
12885.0  1.99842e-10
12890.0  1.99537e-10
12895.0  1.9923e-10
12900.0  1.98925e-10
12905.0  1.98621e-10
12910.0  1.98317e-10
12915.0  1.98015e-10
12920.0  1.97712e-10
12925.0  1.9741e-10
12930.0  1.9711e-10
12935.0  1.96809e-10
12940.0  1.96508e-10
12945.0  1.96208e-10
12950.0  1.9591e-10
12955.0  1.95612e-10
12960.0  1.95312e-10
12965.0  1.95015e-10
12970.0  1.9472e-10
12975.0  1.94423e-10
12980.0  1.94126e-10
12985.0  1.93832e-10
12990.0  1.93538e-10
12995.0  1.93244e-10
13000.0  1.9295e-10
13005.0  1.92656e-10
13010.0  1.92366e-10
13015.0  1.92072e-10
13020.0  1.91782e-10
13025.0  1.91491e-10
13030.0  1.91201e-10
13035.0  1.90911e-10
13040.0  1.90623e-10
13045.0  1.90334e-10
13050.0  1.90047e-10
13055.0  1.8976e-10
13060.0  1.89473e-10
13065.0  1.89186e-10
13070.0  1.889e-10
13075.0  1.88615e-10
13080.0  1.8833e-10
13085.0  1.88045e-10
13090.0  1.87762e-10
13095.0  1.87479e-10
13100.0  1.87199e-10
13105.0  1.86916e-10
13110.0  1.86635e-10
13115.0  1.86353e-10
13120.0  1.86073e-10
13125.0  1.85793e-10
13130.0  1.85516e-10
13135.0  1.85236e-10
13140.0  1.84957e-10
13145.0  1.84681e-10
13150.0  1.84404e-10
13155.0  1.84128e-10
13160.0  1.83851e-10
13165.0  1.83576e-10
13170.0  1.83302e-10
13175.0  1.83026e-10
13180.0  1.82753e-10
13185.0  1.8248e-10
13190.0  1.82207e-10
13195.0  1.81935e-10
13200.0  1.81665e-10
13205.0  1.81393e-10
13210.0  1.81123e-10
13215.0  1.80853e-10
13220.0  1.80584e-10
13225.0  1.80315e-10
13230.0  1.80046e-10
13235.0  1.79779e-10
13240.0  1.7951e-10
13245.0  1.79244e-10
13250.0  1.78978e-10
13255.0  1.78713e-10
13260.0  1.78447e-10
13265.0  1.78181e-10
13270.0  1.77918e-10
13275.0  1.77653e-10
13280.0  1.7739e-10
13285.0  1.77128e-10
13290.0  1.76865e-10
13295.0  1.76603e-10
13300.0  1.76344e-10
13305.0  1.76082e-10
13310.0  1.75823e-10
13315.0  1.75564e-10
13320.0  1.75305e-10
13325.0  1.75046e-10
13330.0  1.74788e-10
13335.0  1.74529e-10
13340.0  1.74273e-10
13345.0  1.74018e-10
13350.0  1.7376e-10
13355.0  1.73504e-10
13360.0  1.73249e-10
13365.0  1.72996e-10
13370.0  1.72742e-10
13375.0  1.72489e-10
13380.0  1.72234e-10
13385.0  1.71982e-10
13390.0  1.7173e-10
13395.0  1.71479e-10
13400.0  1.71229e-10
13405.0  1.70978e-10
13410.0  1.70729e-10
13415.0  1.70478e-10
13420.0  1.70229e-10
13425.0  1.69981e-10
13430.0  1.69733e-10
13435.0  1.69487e-10
13440.0  1.6924e-10
13445.0  1.68994e-10
13450.0  1.68747e-10
13455.0  1.68501e-10
13460.0  1.68256e-10
13465.0  1.68011e-10
13470.0  1.67767e-10
13475.0  1.67525e-10
13480.0  1.67281e-10
13485.0  1.67039e-10
13490.0  1.66797e-10
13495.0  1.66556e-10
13500.0  1.66315e-10
13505.0  1.66074e-10
13510.0  1.65835e-10
13515.0  1.65595e-10
13520.0  1.65356e-10
13525.0  1.65118e-10
13530.0  1.6488e-10
13535.0  1.64643e-10
13540.0  1.64405e-10
13545.0  1.64167e-10
13550.0  1.63932e-10
13555.0  1.63695e-10
13560.0  1.6346e-10
13565.0  1.63226e-10
13570.0  1.62992e-10
13575.0  1.62758e-10
13580.0  1.62526e-10
13585.0  1.62292e-10
13590.0  1.62061e-10
13595.0  1.61827e-10
13600.0  1.61596e-10
13605.0  1.61365e-10
13610.0  1.61135e-10
13615.0  1.60906e-10
13620.0  1.60676e-10
13625.0  1.60445e-10
13630.0  1.60217e-10
13635.0  1.5999e-10
13640.0  1.59763e-10
13645.0  1.59535e-10
13650.0  1.59308e-10
13655.0  1.59081e-10
13660.0  1.58857e-10
13665.0  1.58632e-10
13670.0  1.58406e-10
13675.0  1.58181e-10
13680.0  1.57958e-10
13685.0  1.57734e-10
13690.0  1.57513e-10
13695.0  1.5729e-10
13700.0  1.57066e-10
13705.0  1.56845e-10
13710.0  1.56625e-10
13715.0  1.56404e-10
13720.0  1.56184e-10
13725.0  1.55964e-10
13730.0  1.55744e-10
13735.0  1.55526e-10
13740.0  1.55307e-10
13745.0  1.55089e-10
13750.0  1.54872e-10
13755.0  1.54655e-10
13760.0  1.54439e-10
13765.0  1.54222e-10
13770.0  1.54005e-10
13775.0  1.53791e-10
13780.0  1.53575e-10
13785.0  1.53361e-10
13790.0  1.53148e-10
13795.0  1.52934e-10
13800.0  1.52721e-10
13805.0  1.52508e-10
13810.0  1.52297e-10
13815.0  1.52085e-10
13820.0  1.51874e-10
13825.0  1.51661e-10
13830.0  1.51451e-10
13835.0  1.51241e-10
13840.0  1.51032e-10
13845.0  1.50824e-10
13850.0  1.50616e-10
13855.0  1.50408e-10
13860.0  1.50199e-10
13865.0  1.49992e-10
13870.0  1.49786e-10
13875.0  1.49579e-10
13880.0  1.49373e-10
13885.0  1.49167e-10
13890.0  1.48961e-10
13895.0  1.48757e-10
13900.0  1.48551e-10
13905.0  1.48348e-10
13910.0  1.48145e-10
13915.0  1.47942e-10
13920.0  1.4774e-10
13925.0  1.47537e-10
13930.0  1.47337e-10
13935.0  1.47135e-10
13940.0  1.46935e-10
13945.0  1.46732e-10
13950.0  1.46533e-10
13955.0  1.46333e-10
13960.0  1.46134e-10
13965.0  1.45935e-10
13970.0  1.45738e-10
13975.0  1.45539e-10
13980.0  1.45343e-10
13985.0  1.45144e-10
13990.0  1.44948e-10
13995.0  1.44752e-10
14000.0  1.44556e-10
14005.0  1.4436e-10
14010.0  1.44165e-10
14015.0  1.43972e-10
14020.0  1.43776e-10
14025.0  1.43583e-10
14030.0  1.43388e-10
14035.0  1.43195e-10
14040.0  1.43003e-10
14045.0  1.42811e-10
14050.0  1.42621e-10
14055.0  1.42429e-10
14060.0  1.42237e-10
14065.0  1.42047e-10
14070.0  1.41856e-10
14075.0  1.41667e-10
14080.0  1.41478e-10
14085.0  1.41289e-10
14090.0  1.411e-10
14095.0  1.40912e-10
14100.0  1.40725e-10
14105.0  1.40537e-10
14110.0  1.40351e-10
14115.0  1.40165e-10
14120.0  1.39977e-10
14125.0  1.39792e-10
14130.0  1.39606e-10
14135.0  1.39421e-10
14140.0  1.39238e-10
14145.0  1.39054e-10
14150.0  1.38871e-10
14155.0  1.38687e-10
14160.0  1.38504e-10
14165.0  1.38322e-10
14170.0  1.38141e-10
14175.0  1.37958e-10
14180.0  1.37777e-10
14185.0  1.37595e-10
14190.0  1.37413e-10
14195.0  1.37234e-10
14200.0  1.37053e-10
14205.0  1.36874e-10
14210.0  1.36696e-10
14215.0  1.36517e-10
14220.0  1.36339e-10
14225.0  1.36161e-10
14230.0  1.35982e-10
14235.0  1.35807e-10
14240.0  1.35629e-10
14245.0  1.35453e-10
14250.0  1.35276e-10
14255.0  1.351e-10
14260.0  1.34926e-10
14265.0  1.34751e-10
14270.0  1.34576e-10
14275.0  1.34401e-10
14280.0  1.34229e-10
14285.0  1.34055e-10
14290.0  1.33883e-10
14295.0  1.33709e-10
14300.0  1.33537e-10
14305.0  1.33365e-10
14310.0  1.33194e-10
14315.0  1.33023e-10
14320.0  1.32851e-10
14325.0  1.3268e-10
14330.0  1.32511e-10
14335.0  1.32341e-10
14340.0  1.32172e-10
14345.0  1.32004e-10
14350.0  1.31834e-10
14355.0  1.31665e-10
14360.0  1.31498e-10
14365.0  1.31332e-10
14370.0  1.31165e-10
14375.0  1.30997e-10
14380.0  1.3083e-10
14385.0  1.30665e-10
14390.0  1.305e-10
14395.0  1.30333e-10
14400.0  1.30168e-10
14405.0  1.30003e-10
14410.0  1.29839e-10
14415.0  1.29675e-10
14420.0  1.29513e-10
14425.0  1.29349e-10
14430.0  1.29185e-10
14435.0  1.29024e-10
14440.0  1.28863e-10
14445.0  1.28699e-10
14450.0  1.28538e-10
14455.0  1.28377e-10
14460.0  1.28216e-10
14465.0  1.28055e-10
14470.0  1.27897e-10
14475.0  1.27737e-10
14480.0  1.27576e-10
14485.0  1.27418e-10
14490.0  1.27258e-10
14495.0  1.271e-10
14500.0  1.26943e-10
14505.0  1.26785e-10
14510.0  1.26628e-10
14515.0  1.2647e-10
14520.0  1.26313e-10
14525.0  1.26159e-10
14530.0  1.26002e-10
14535.0  1.25847e-10
14540.0  1.25691e-10
14545.0  1.25536e-10
14550.0  1.25383e-10
14555.0  1.25229e-10
14560.0  1.25075e-10
14565.0  1.24921e-10
14570.0  1.24767e-10
14575.0  1.24613e-10
14580.0  1.24462e-10
14585.0  1.24309e-10
14590.0  1.24158e-10
14595.0  1.24005e-10
14600.0  1.23854e-10
14605.0  1.23703e-10
14610.0  1.23553e-10
14615.0  1.23402e-10
14620.0  1.23252e-10
14625.0  1.23102e-10
14630.0  1.22952e-10
14635.0  1.22804e-10
14640.0  1.22654e-10
14645.0  1.22507e-10
14650.0  1.2236e-10
14655.0  1.2221e-10
14660.0  1.22063e-10
14665.0  1.21916e-10
14670.0  1.21769e-10
14675.0  1.21622e-10
14680.0  1.21475e-10
14685.0  1.21331e-10
14690.0  1.21185e-10
14695.0  1.21041e-10
14700.0  1.20895e-10
14705.0  1.20751e-10
14710.0  1.20607e-10
14715.0  1.20463e-10
14720.0  1.20318e-10
14725.0  1.20174e-10
14730.0  1.20033e-10
14735.0  1.1989e-10
14740.0  1.19747e-10
14745.0  1.19604e-10
14750.0  1.19463e-10
14755.0  1.19321e-10
14760.0  1.1918e-10
14765.0  1.1904e-10
14770.0  1.189e-10
14775.0  1.1876e-10
14780.0  1.1862e-10
14785.0  1.1848e-10
14790.0  1.18341e-10
14795.0  1.18201e-10
14800.0  1.18061e-10
14805.0  1.17924e-10
14810.0  1.17785e-10
14815.0  1.17647e-10
14820.0  1.17508e-10
14825.0  1.17372e-10
14830.0  1.17235e-10
14835.0  1.17099e-10
14840.0  1.16962e-10
14845.0  1.16826e-10
14850.0  1.1669e-10
14855.0  1.16554e-10
14860.0  1.16419e-10
14865.0  1.16284e-10
14870.0  1.1615e-10
14875.0  1.16015e-10
14880.0  1.15881e-10
14885.0  1.15748e-10
14890.0  1.15612e-10
14895.0  1.15479e-10
14900.0  1.15346e-10
14905.0  1.15214e-10
14910.0  1.15083e-10
14915.0  1.14951e-10
14920.0  1.14818e-10
14925.0  1.14688e-10
14930.0  1.14556e-10
14935.0  1.14426e-10
14940.0  1.14294e-10
14945.0  1.14164e-10
14950.0  1.14034e-10
14955.0  1.13905e-10
14960.0  1.13775e-10
14965.0  1.13646e-10
14970.0  1.13517e-10
14975.0  1.13387e-10
14980.0  1.13258e-10
14985.0  1.13129e-10
14990.0  1.13002e-10
14995.0  1.12873e-10
15000.0  1.12747e-10
15005.0  1.1262e-10
15010.0  1.12492e-10
15015.0  1.12366e-10
15020.0  1.1224e-10
15025.0  1.12114e-10
15030.0  1.11988e-10
15035.0  1.11862e-10
15040.0  1.11736e-10
15045.0  1.1161e-10
15050.0  1.11487e-10
15055.0  1.11362e-10
15060.0  1.11239e-10
15065.0  1.11114e-10
15070.0  1.10991e-10
15075.0  1.10868e-10
15080.0  1.10743e-10
15085.0  1.1062e-10
15090.0  1.10498e-10
15095.0  1.10375e-10
15100.0  1.10253e-10
15105.0  1.1013e-10
15110.0  1.10008e-10
15115.0  1.09888e-10
15120.0  1.09767e-10
15125.0  1.09647e-10
15130.0  1.09526e-10
15135.0  1.09406e-10
15140.0  1.09284e-10
15145.0  1.09165e-10
15150.0  1.09046e-10
15155.0  1.08927e-10
15160.0  1.08808e-10
15165.0  1.08689e-10
15170.0  1.0857e-10
15175.0  1.08451e-10
15180.0  1.08332e-10
15185.0  1.08214e-10
15190.0  1.08097e-10
15195.0  1.07979e-10
15200.0  1.0786e-10
15205.0  1.07745e-10
15210.0  1.07629e-10
15215.0  1.07511e-10
15220.0  1.07395e-10
15225.0  1.07279e-10
15230.0  1.07164e-10
15235.0  1.07049e-10
15240.0  1.06933e-10
15245.0  1.06818e-10
15250.0  1.06702e-10
15255.0  1.06587e-10
15260.0  1.06472e-10
15265.0  1.06359e-10
15270.0  1.06244e-10
15275.0  1.06132e-10
15280.0  1.06017e-10
15285.0  1.05904e-10
15290.0  1.05792e-10
15295.0  1.05678e-10
15300.0  1.05565e-10
15305.0  1.05453e-10
15310.0  1.05341e-10
15315.0  1.05229e-10
15320.0  1.05117e-10
15325.0  1.05005e-10
15330.0  1.04894e-10
15335.0  1.04785e-10
15340.0  1.04673e-10
15345.0  1.04562e-10
15350.0  1.04452e-10
15355.0  1.04341e-10
15360.0  1.04232e-10
15365.0  1.04121e-10
15370.0  1.04012e-10
15375.0  1.03904e-10
15380.0  1.03795e-10
15385.0  1.03686e-10
15390.0  1.03575e-10
15395.0  1.03466e-10
15400.0  1.03358e-10
15405.0  1.03252e-10
15410.0  1.03144e-10
15415.0  1.03036e-10
15420.0  1.02928e-10
15425.0  1.02822e-10
15430.0  1.02714e-10
15435.0  1.02609e-10
15440.0  1.02501e-10
15445.0  1.02395e-10
15450.0  1.02288e-10
15455.0  1.02182e-10
15460.0  1.02077e-10
15465.0  1.01973e-10
15470.0  1.01867e-10
15475.0  1.0176e-10
15480.0  1.01654e-10
15485.0  1.0155e-10
15490.0  1.01448e-10
15495.0  1.01343e-10
15500.0  1.01238e-10
15505.0  1.01133e-10
15510.0  1.01031e-10
15515.0  1.00926e-10
15520.0  1.00822e-10
15525.0  1.0072e-10
15530.0  1.00616e-10
15535.0  1.00514e-10
15540.0  1.00412e-10
15545.0  1.00308e-10
15550.0  1.00206e-10
15555.0  1.00104e-10
15560.0  1.00003e-10
15565.0  9.99016e-11
15570.0  9.98001e-11
15575.0  9.96987e-11
15580.0  9.95972e-11
15585.0  9.94957e-11
15590.0  9.93948e-11
15595.0  9.92959e-11
15600.0  9.9195e-11
15605.0  9.90939e-11
15610.0  9.8995e-11
15615.0  9.88946e-11
15620.0  9.87956e-11
15625.0  9.8695e-11
15630.0  9.85964e-11
15635.0  9.84958e-11
15640.0  9.83974e-11
15645.0  9.82995e-11
15650.0  9.82009e-11
15655.0  9.81003e-11
15660.0  9.8002e-11
15665.0  9.79041e-11
15670.0  9.78062e-11
15675.0  9.77086e-11
15680.0  9.76132e-11
15685.0  9.75159e-11
15690.0  9.74177e-11
15695.0  9.73198e-11
15700.0  9.72223e-11
15705.0  9.71271e-11
15710.0  9.70299e-11
15715.0  9.69347e-11
15720.0  9.68377e-11
15725.0  9.67423e-11
15730.0  9.66452e-11
15735.0  9.655e-11
15740.0  9.64527e-11
15745.0  9.63579e-11
15750.0  9.62635e-11
15755.0  9.61691e-11
15760.0  9.60745e-11
15765.0  9.59798e-11
15770.0  9.58827e-11
15775.0  9.57877e-11
15780.0  9.56937e-11
15785.0  9.56018e-11
15790.0  9.5508e-11
15795.0  9.54134e-11
15800.0  9.5319e-11
15805.0  9.5225e-11
15810.0  9.51331e-11
15815.0  9.50391e-11
15820.0  9.49452e-11
15825.0  9.48533e-11
15830.0  9.47596e-11
15835.0  9.46679e-11
15840.0  9.45744e-11
15845.0  9.44824e-11
15850.0  9.43887e-11
15855.0  9.42975e-11
15860.0  9.42066e-11
15865.0  9.41152e-11
15870.0  9.40215e-11
15875.0  9.39303e-11
15880.0  9.3839e-11
15885.0  9.37482e-11
15890.0  9.36573e-11
15895.0  9.35663e-11
15900.0  9.34753e-11
15905.0  9.33846e-11
15910.0  9.32934e-11
15915.0  9.32029e-11
15920.0  9.31146e-11
15925.0  9.30241e-11
15930.0  9.29332e-11
15935.0  9.28426e-11
15940.0  9.27542e-11
15945.0  9.26643e-11
15950.0  9.25758e-11
15955.0  9.24858e-11
15960.0  9.23974e-11
15965.0  9.23074e-11
15970.0  9.22192e-11
15975.0  9.21291e-11
15980.0  9.20411e-11
15985.0  9.19532e-11
15990.0  9.18632e-11
15995.0  9.17753e-11
16000.0  9.16877e-11
16005.0  9.16e-11
16010.0  9.15097e-11
16015.0  9.14219e-11
16020.0  9.13345e-11
16025.0  9.1247e-11
16030.0  9.11595e-11
16035.0  9.10721e-11
16040.0  9.09848e-11
16045.0  9.08976e-11
16050.0  9.08128e-11
16055.0  9.07258e-11
16060.0  9.06384e-11
16065.0  9.0551e-11
16070.0  9.04639e-11
16075.0  9.03791e-11
16080.0  9.02921e-11
16085.0  9.0205e-11
16090.0  9.01201e-11
16095.0  9.00336e-11
16100.0  8.99488e-11
16105.0  8.98622e-11
16110.0  8.97772e-11
16115.0  8.96908e-11
16120.0  8.96059e-11
16125.0  8.95194e-11
16130.0  8.94351e-11
16135.0  8.93507e-11
16140.0  8.9264e-11
16145.0  8.91794e-11
16150.0  8.90953e-11
16155.0  8.90087e-11
16160.0  8.89242e-11
16165.0  8.88403e-11
16170.0  8.87562e-11
16175.0  8.86723e-11
16180.0  8.85884e-11
16185.0  8.85046e-11
16190.0  8.84204e-11
16195.0  8.83366e-11
16200.0  8.82526e-11
16205.0  8.81687e-11
16210.0  8.80847e-11
16215.0  8.80008e-11
16220.0  8.79167e-11
16225.0  8.78329e-11
16230.0  8.77494e-11
16235.0  8.76679e-11
16240.0  8.75843e-11
16245.0  8.75004e-11
16250.0  8.74169e-11
16255.0  8.73356e-11
16260.0  8.7252e-11
16265.0  8.71686e-11
16270.0  8.70872e-11
16275.0  8.70041e-11
16280.0  8.69228e-11
16285.0  8.68397e-11
16290.0  8.67583e-11
16295.0  8.66754e-11
16300.0  8.6594e-11
16305.0  8.6511e-11
16310.0  8.64296e-11
16315.0  8.63465e-11
16320.0  8.62656e-11
16325.0  8.61847e-11
16330.0  8.61015e-11
16335.0  8.60208e-11
16340.0  8.59398e-11
16345.0  8.58568e-11
16350.0  8.57759e-11
16355.0  8.56955e-11
16360.0  8.56145e-11
16365.0  8.55313e-11
16370.0  8.54505e-11
16375.0  8.53699e-11
16380.0  8.52896e-11
16385.0  8.52091e-11
16390.0  8.51286e-11
16395.0  8.50482e-11
16400.0  8.49677e-11
16405.0  8.48873e-11
16410.0  8.48069e-11
16415.0  8.47264e-11
16420.0  8.46458e-11
16425.0  8.45656e-11
16430.0  8.44851e-11
16435.0  8.44046e-11
16440.0  8.43241e-11
16445.0  8.42436e-11
16450.0  8.41636e-11
16455.0  8.40858e-11
16460.0  8.40056e-11
16465.0  8.39253e-11
16470.0  8.38453e-11
16475.0  8.37673e-11
16480.0  8.36874e-11
16485.0  8.36075e-11
16490.0  8.35295e-11
16495.0  8.34496e-11
16500.0  8.33697e-11
16505.0  8.32917e-11
16510.0  8.3212e-11
16515.0  8.31343e-11
16520.0  8.30547e-11
16525.0  8.29769e-11
16530.0  8.28973e-11
16535.0  8.28195e-11
16540.0  8.27398e-11
16545.0  8.2662e-11
16550.0  8.25823e-11
16555.0  8.2505e-11
16560.0  8.24277e-11
16565.0  8.23481e-11
16570.0  8.22707e-11
16575.0  8.21934e-11
16580.0  8.21135e-11
16585.0  8.20363e-11
16590.0  8.19592e-11
16595.0  8.18823e-11
16600.0  8.18049e-11
16605.0  8.17254e-11
16610.0  8.1648e-11
16615.0  8.15709e-11
16620.0  8.1494e-11
16625.0  8.14171e-11
16630.0  8.13401e-11
16635.0  8.12631e-11
16640.0  8.11862e-11
16645.0  8.11093e-11
16650.0  8.10324e-11
16655.0  8.09554e-11
16660.0  8.08784e-11
16665.0  8.08015e-11
16670.0  8.07244e-11
16675.0  8.06475e-11
16680.0  8.05711e-11
16685.0  8.04966e-11
16690.0  8.04201e-11
16695.0  8.03431e-11
16700.0  8.02663e-11
16705.0  8.01896e-11
16710.0  8.01154e-11
16715.0  8.00388e-11
16720.0  7.99623e-11
16725.0  7.9888e-11
16730.0  7.98115e-11
16735.0  7.9735e-11
16740.0  7.96605e-11
16745.0  7.95845e-11
16750.0  7.951e-11
16755.0  7.9434e-11
16760.0  7.93597e-11
16765.0  7.92835e-11
16770.0  7.92093e-11
16775.0  7.91331e-11
16780.0  7.90589e-11
16785.0  7.89829e-11
16790.0  7.89084e-11
16795.0  7.88323e-11
16800.0  7.87584e-11
16805.0  7.86847e-11
16810.0  7.86085e-11
16815.0  7.85346e-11
16820.0  7.84611e-11
16825.0  7.83871e-11
16830.0  7.83111e-11
16835.0  7.82372e-11
16840.0  7.81639e-11
16845.0  7.80904e-11
16850.0  7.80164e-11
16855.0  7.79403e-11
16860.0  7.78665e-11
16865.0  7.7793e-11
16870.0  7.77196e-11
16875.0  7.7646e-11
16880.0  7.75725e-11
16885.0  7.74992e-11
16890.0  7.74257e-11
16895.0  7.73523e-11
16900.0  7.72788e-11
16905.0  7.72052e-11
16910.0  7.71318e-11
16915.0  7.70583e-11
16920.0  7.69854e-11
16925.0  7.69144e-11
16930.0  7.68415e-11
16935.0  7.67681e-11
16940.0  7.66944e-11
16945.0  7.66214e-11
16950.0  7.65506e-11
16955.0  7.64776e-11
16960.0  7.64042e-11
16965.0  7.63311e-11
16970.0  7.62603e-11
16975.0  7.61878e-11
16980.0  7.6117e-11
16985.0  7.60439e-11
16990.0  7.59709e-11
16995.0  7.59e-11
17000.0  7.58275e-11
17005.0  7.57565e-11
17010.0  7.5684e-11
17015.0  7.56132e-11
17020.0  7.55406e-11
17025.0  7.54696e-11
17030.0  7.53971e-11
17035.0  7.53262e-11
17040.0  7.52537e-11
17045.0  7.51833e-11
17050.0  7.51128e-11
17055.0  7.50403e-11
17060.0  7.497e-11
17065.0  7.48994e-11
17070.0  7.4827e-11
17075.0  7.47565e-11
17080.0  7.46865e-11
17085.0  7.46167e-11
17090.0  7.45463e-11
17095.0  7.44736e-11
17100.0  7.44033e-11
17105.0  7.43331e-11
17110.0  7.42633e-11
17115.0  7.41932e-11
17120.0  7.41233e-11
17125.0  7.40533e-11
17130.0  7.39834e-11
17135.0  7.39135e-11
17140.0  7.38435e-11
17145.0  7.37735e-11
17150.0  7.37037e-11
17155.0  7.36337e-11
17160.0  7.35636e-11
17165.0  7.34937e-11
17170.0  7.34237e-11
17175.0  7.33537e-11
17180.0  7.32838e-11
17185.0  7.32143e-11
17190.0  7.31468e-11
17195.0  7.30773e-11
17200.0  7.30075e-11
17205.0  7.2938e-11
17210.0  7.28706e-11
17215.0  7.28011e-11
17220.0  7.2731e-11
17225.0  7.26616e-11
17230.0  7.25941e-11
17235.0  7.25252e-11
17240.0  7.24577e-11
17245.0  7.23882e-11
17250.0  7.23188e-11
17255.0  7.22514e-11
17260.0  7.21823e-11
17265.0  7.2115e-11
17270.0  7.20459e-11
17275.0  7.19785e-11
17280.0  7.19094e-11
17285.0  7.18421e-11
17290.0  7.17729e-11
17295.0  7.17061e-11
17300.0  7.16392e-11
17305.0  7.15701e-11
17310.0  7.15032e-11
17315.0  7.14362e-11
17320.0  7.13671e-11
17325.0  7.13003e-11
17330.0  7.12334e-11
17335.0  7.11643e-11
17340.0  7.10975e-11
17345.0  7.1031e-11
17350.0  7.09644e-11
17355.0  7.08975e-11
17360.0  7.08284e-11
17365.0  7.07616e-11
17370.0  7.06952e-11
17375.0  7.06286e-11
17380.0  7.05621e-11
17385.0  7.04958e-11
17390.0  7.04293e-11
17395.0  7.03629e-11
17400.0  7.02964e-11
17405.0  7.02298e-11
17410.0  7.01634e-11
17415.0  7.00969e-11
17420.0  7.00305e-11
17425.0  6.99641e-11
17430.0  6.98976e-11
17435.0  6.9831e-11
17440.0  6.9765e-11
17445.0  6.97012e-11
17450.0  6.96352e-11
17455.0  6.95687e-11
17460.0  6.95023e-11
17465.0  6.94362e-11
17470.0  6.93724e-11
17475.0  6.93064e-11
17480.0  6.92399e-11
17485.0  6.91738e-11
17490.0  6.911e-11
17495.0  6.9044e-11
17500.0  6.89779e-11
17505.0  6.8914e-11
17510.0  6.88485e-11
17515.0  6.87847e-11
17520.0  6.8719e-11
17525.0  6.86554e-11
17530.0  6.85892e-11
17535.0  6.85232e-11
17540.0  6.84599e-11
17545.0  6.83964e-11
17550.0  6.83307e-11
17555.0  6.8267e-11
17560.0  6.82013e-11
17565.0  6.81375e-11
17570.0  6.80718e-11
17575.0  6.80085e-11
17580.0  6.7945e-11
17585.0  6.78794e-11
17590.0  6.78161e-11
17595.0  6.77527e-11
17600.0  6.76872e-11
17605.0  6.76237e-11
17610.0  6.75607e-11
17615.0  6.74978e-11
17620.0  6.74344e-11
17625.0  6.73689e-11
17630.0  6.73053e-11
17635.0  6.72424e-11
17640.0  6.71794e-11
17645.0  6.71165e-11
17650.0  6.70535e-11
17655.0  6.69904e-11
17660.0  6.69275e-11
17665.0  6.68646e-11
17670.0  6.68015e-11
17675.0  6.67387e-11
17680.0  6.66756e-11
17685.0  6.66127e-11
17690.0  6.65498e-11
17695.0  6.64867e-11
17700.0  6.64239e-11
17705.0  6.63609e-11
17710.0  6.62979e-11
17715.0  6.62349e-11
17720.0  6.61719e-11
17725.0  6.61095e-11
17730.0  6.60491e-11
17735.0  6.59866e-11
17740.0  6.59236e-11
17745.0  6.58611e-11
17750.0  6.58007e-11
17755.0  6.57382e-11
17760.0  6.56752e-11
17765.0  6.56127e-11
17770.0  6.55524e-11
17775.0  6.54902e-11
17780.0  6.543e-11
17785.0  6.53674e-11
17790.0  6.53048e-11
17795.0  6.52445e-11
17800.0  6.51824e-11
17805.0  6.51221e-11
17810.0  6.506e-11
17815.0  6.49996e-11
17820.0  6.49375e-11
17825.0  6.48772e-11
17830.0  6.4815e-11
17835.0  6.47548e-11
17840.0  6.46925e-11
17845.0  6.46326e-11
17850.0  6.45728e-11
17855.0  6.45108e-11
17860.0  6.44504e-11
17865.0  6.43883e-11
17870.0  6.43285e-11
17875.0  6.42689e-11
17880.0  6.4209e-11
17885.0  6.41468e-11
17890.0  6.4087e-11
17895.0  6.40275e-11
17900.0  6.39676e-11
17905.0  6.39054e-11
17910.0  6.38455e-11
17915.0  6.37861e-11
17920.0  6.37267e-11
17925.0  6.36673e-11
17930.0  6.36078e-11
17935.0  6.35483e-11
17940.0  6.34884e-11
17945.0  6.34263e-11
17950.0  6.33664e-11
17955.0  6.33069e-11
17960.0  6.32475e-11
17965.0  6.3188e-11
17970.0  6.3129e-11
17975.0  6.30722e-11
17980.0  6.30131e-11
17985.0  6.29536e-11
17990.0  6.28941e-11
17995.0  6.28346e-11
18000.0  6.27753e-11
18005.0  6.27158e-11
18010.0  6.26562e-11
18015.0  6.25972e-11
18020.0  6.25404e-11
18025.0  6.24813e-11
18030.0  6.24218e-11
18035.0  6.23629e-11
18040.0  6.2306e-11
18045.0  6.2247e-11
18050.0  6.2188e-11
18055.0  6.21312e-11
18060.0  6.20721e-11
18065.0  6.20129e-11
18070.0  6.19562e-11
18075.0  6.18971e-11
18080.0  6.18381e-11
18085.0  6.17814e-11
18090.0  6.17227e-11
18095.0  6.16658e-11
18100.0  6.16072e-11
18105.0  6.15504e-11
18110.0  6.14918e-11
18115.0  6.14349e-11
18120.0  6.13764e-11
18125.0  6.13195e-11
18130.0  6.12609e-11
18135.0  6.12045e-11
18140.0  6.11482e-11
18145.0  6.10895e-11
18150.0  6.10327e-11
18155.0  6.0974e-11
18160.0  6.09175e-11
18165.0  6.08613e-11
18170.0  6.08026e-11
18175.0  6.07462e-11
18180.0  6.06903e-11
18185.0  6.06338e-11
18190.0  6.05753e-11
18195.0  6.05188e-11
18200.0  6.04628e-11
18205.0  6.04069e-11
18210.0  6.03509e-11
18215.0  6.02946e-11
18220.0  6.0236e-11
18225.0  6.01795e-11
18230.0  6.01236e-11
18235.0  6.00675e-11
18240.0  6.00116e-11
18245.0  5.99555e-11
18250.0  5.98996e-11
18255.0  5.98437e-11
18260.0  5.97877e-11
18265.0  5.97318e-11
18270.0  5.96758e-11
18275.0  5.96199e-11
18280.0  5.95638e-11
18285.0  5.95079e-11
18290.0  5.9452e-11
18295.0  5.93959e-11
18300.0  5.93404e-11
18305.0  5.92871e-11
18310.0  5.92315e-11
18315.0  5.91754e-11
18320.0  5.91195e-11
18325.0  5.9064e-11
18330.0  5.90107e-11
18335.0  5.89552e-11
18340.0  5.88992e-11
18345.0  5.88437e-11
18350.0  5.87902e-11
18355.0  5.87348e-11
18360.0  5.86793e-11
18365.0  5.86258e-11
18370.0  5.85704e-11
18375.0  5.85149e-11
18380.0  5.84614e-11
18385.0  5.8406e-11
18390.0  5.83504e-11
18395.0  5.8297e-11
18400.0  5.8242e-11
18405.0  5.81887e-11
18410.0  5.81336e-11
18415.0  5.80802e-11
18420.0  5.80251e-11
18425.0  5.79717e-11
18430.0  5.79166e-11
18435.0  5.78637e-11
18440.0  5.78108e-11
18445.0  5.77557e-11
18450.0  5.77023e-11
18455.0  5.76473e-11
18460.0  5.75944e-11
18465.0  5.75414e-11
18470.0  5.74863e-11
18475.0  5.74335e-11
18480.0  5.73806e-11
18485.0  5.73254e-11
18490.0  5.72725e-11
18495.0  5.72201e-11
18500.0  5.71671e-11
18505.0  5.71121e-11
18510.0  5.70591e-11
18515.0  5.70066e-11
18520.0  5.69542e-11
18525.0  5.69012e-11
18530.0  5.68462e-11
18535.0  5.67933e-11
18540.0  5.67409e-11
18545.0  5.66883e-11
18550.0  5.66359e-11
18555.0  5.65834e-11
18560.0  5.65309e-11
18565.0  5.64784e-11
18570.0  5.6426e-11
18575.0  5.63735e-11
18580.0  5.6321e-11
18585.0  5.62686e-11
18590.0  5.6216e-11
18595.0  5.61635e-11
18600.0  5.61111e-11
18605.0  5.60587e-11
18610.0  5.60062e-11
18615.0  5.59541e-11
18620.0  5.59042e-11
18625.0  5.58522e-11
18630.0  5.57998e-11
18635.0  5.57473e-11
18640.0  5.56949e-11
18645.0  5.56428e-11
18650.0  5.5593e-11
18655.0  5.55409e-11
18660.0  5.54884e-11
18665.0  5.54364e-11
18670.0  5.53866e-11
18675.0  5.53345e-11
18680.0  5.52825e-11
18685.0  5.52327e-11
18690.0  5.51806e-11
18695.0  5.51285e-11
18700.0  5.50787e-11
18705.0  5.50267e-11
18710.0  5.49746e-11
18715.0  5.49248e-11
18720.0  5.48732e-11
18725.0  5.48233e-11
18730.0  5.47717e-11
18735.0  5.47219e-11
18740.0  5.46703e-11
18745.0  5.46205e-11
18750.0  5.45689e-11
18755.0  5.4519e-11
18760.0  5.44674e-11
18765.0  5.44175e-11
18770.0  5.43659e-11
18775.0  5.43165e-11
18780.0  5.42672e-11
18785.0  5.42155e-11
18790.0  5.41661e-11
18795.0  5.41166e-11
18800.0  5.40652e-11
18805.0  5.40158e-11
18810.0  5.39663e-11
18815.0  5.39147e-11
18820.0  5.38653e-11
18825.0  5.38163e-11
18830.0  5.37669e-11
18835.0  5.37152e-11
18840.0  5.36659e-11
18845.0  5.36169e-11
18850.0  5.35679e-11
18855.0  5.35186e-11
18860.0  5.3467e-11
18865.0  5.34176e-11
18870.0  5.33686e-11
18875.0  5.33196e-11
18880.0  5.32706e-11
18885.0  5.32216e-11
18890.0  5.31726e-11
18895.0  5.31237e-11
18900.0  5.30747e-11
18905.0  5.30257e-11
18910.0  5.29767e-11
18915.0  5.29278e-11
18920.0  5.28787e-11
18925.0  5.28298e-11
18930.0  5.27809e-11
18935.0  5.27319e-11
18940.0  5.26829e-11
18945.0  5.26339e-11
18950.0  5.25849e-11
18955.0  5.25359e-11
18960.0  5.24874e-11
18965.0  5.2441e-11
18970.0  5.23925e-11
18975.0  5.23436e-11
18980.0  5.22946e-11
18985.0  5.22461e-11
18990.0  5.21997e-11
18995.0  5.21511e-11
19000.0  5.21023e-11
19005.0  5.20536e-11
19010.0  5.20072e-11
19015.0  5.19588e-11
19020.0  5.19103e-11
19025.0  5.18638e-11
19030.0  5.18153e-11
19035.0  5.17668e-11
19040.0  5.17205e-11
19045.0  5.16719e-11
19050.0  5.16234e-11
19055.0  5.15771e-11
19060.0  5.15289e-11
19065.0  5.14825e-11
19070.0  5.1434e-11
19075.0  5.13855e-11
19080.0  5.13391e-11
19085.0  5.1291e-11
19090.0  5.12447e-11
19095.0  5.11966e-11
19100.0  5.11507e-11
19105.0  5.11048e-11
19110.0  5.10566e-11
19115.0  5.10102e-11
19120.0  5.09623e-11
19125.0  5.09158e-11
19130.0  5.08677e-11
19135.0  5.08218e-11
19140.0  5.0776e-11
19145.0  5.07278e-11
19150.0  5.0682e-11
19155.0  5.0636e-11
19160.0  5.05879e-11
19165.0  5.0542e-11
19170.0  5.04965e-11
19175.0  5.04506e-11
19180.0  5.04025e-11
19185.0  5.03566e-11
19190.0  5.03112e-11
19195.0  5.02652e-11
19200.0  5.02172e-11
19205.0  5.01712e-11
19210.0  5.01257e-11
19215.0  5.00802e-11
19220.0  5.00348e-11
19225.0  4.99892e-11
19230.0  4.99434e-11
19235.0  4.98953e-11
19240.0  4.98493e-11
19245.0  4.98039e-11
19250.0  4.97584e-11
19255.0  4.97129e-11
19260.0  4.96674e-11
19265.0  4.9622e-11
19270.0  4.95764e-11
19275.0  4.9531e-11
19280.0  4.94855e-11
19285.0  4.94401e-11
19290.0  4.93946e-11
19295.0  4.93491e-11
19300.0  4.9304e-11
19305.0  4.92611e-11
19310.0  4.92162e-11
19315.0  4.91707e-11
19320.0  4.91252e-11
19325.0  4.90798e-11
19330.0  4.90342e-11
19335.0  4.89888e-11
19340.0  4.89438e-11
19345.0  4.89009e-11
19350.0  4.88558e-11
19355.0  4.88104e-11
19360.0  4.87653e-11
19365.0  4.87225e-11
19370.0  4.86774e-11
19375.0  4.86319e-11
19380.0  4.85869e-11
19385.0  4.8544e-11
19390.0  4.84991e-11
19395.0  4.84539e-11
19400.0  4.84111e-11
19405.0  4.8366e-11
19410.0  4.83211e-11
19415.0  4.82782e-11
19420.0  4.82336e-11
19425.0  4.81907e-11
19430.0  4.81457e-11
19435.0  4.81007e-11
19440.0  4.80578e-11
19445.0  4.80132e-11
19450.0  4.79704e-11
19455.0  4.79258e-11
19460.0  4.78829e-11
19465.0  4.78383e-11
19470.0  4.77955e-11
19475.0  4.77509e-11
19480.0  4.7708e-11
19485.0  4.76634e-11
19490.0  4.7621e-11
19495.0  4.75785e-11
19500.0  4.7534e-11
19505.0  4.74911e-11
19510.0  4.74465e-11
19515.0  4.74041e-11
19520.0  4.73618e-11
19525.0  4.7317e-11
19530.0  4.72747e-11
19535.0  4.72323e-11
19540.0  4.71877e-11
19545.0  4.71452e-11
19550.0  4.71033e-11
19555.0  4.70608e-11
19560.0  4.70163e-11
19565.0  4.69738e-11
19570.0  4.69319e-11
19575.0  4.68895e-11
19580.0  4.68448e-11
19585.0  4.68024e-11
19590.0  4.67605e-11
19595.0  4.67184e-11
19600.0  4.66764e-11
19605.0  4.66341e-11
19610.0  4.65895e-11
19615.0  4.6547e-11
19620.0  4.65051e-11
19625.0  4.64631e-11
19630.0  4.64211e-11
19635.0  4.63792e-11
19640.0  4.63372e-11
19645.0  4.62952e-11
19650.0  4.62532e-11
19655.0  4.62112e-11
19660.0  4.61693e-11
19665.0  4.61273e-11
19670.0  4.60852e-11
19675.0  4.60433e-11
19680.0  4.60013e-11
19685.0  4.59593e-11
19690.0  4.59173e-11
19695.0  4.58754e-11
19700.0  4.58334e-11
19705.0  4.57915e-11
19710.0  4.57499e-11
19715.0  4.57105e-11
19720.0  4.56689e-11
19725.0  4.5627e-11
19730.0  4.55851e-11
19735.0  4.5543e-11
19740.0  4.55016e-11
19745.0  4.54622e-11
19750.0  4.54206e-11
19755.0  4.53786e-11
19760.0  4.53371e-11
19765.0  4.52977e-11
19770.0  4.52562e-11
19775.0  4.52142e-11
19780.0  4.51727e-11
19785.0  4.51333e-11
19790.0  4.50918e-11
19795.0  4.50502e-11
19800.0  4.50109e-11
19805.0  4.49694e-11
19810.0  4.49278e-11
19815.0  4.48885e-11
19820.0  4.48469e-11
19825.0  4.48054e-11
19830.0  4.4766e-11
19835.0  4.47249e-11
19840.0  4.46855e-11
19845.0  4.46445e-11
19850.0  4.46052e-11
19855.0  4.4564e-11
19860.0  4.45247e-11
19865.0  4.44835e-11
19870.0  4.44442e-11
19875.0  4.44031e-11
19880.0  4.43637e-11
19885.0  4.43227e-11
19890.0  4.42833e-11
19895.0  4.42422e-11
19900.0  4.42028e-11
19905.0  4.41616e-11
19910.0  4.41228e-11
19915.0  4.40838e-11
19920.0  4.40427e-11
19925.0  4.40034e-11
19930.0  4.39623e-11
19935.0  4.39234e-11
19940.0  4.38845e-11
19945.0  4.38434e-11
19950.0  4.38045e-11
19955.0  4.3766e-11
19960.0  4.3727e-11
19965.0  4.3686e-11
19970.0  4.3647e-11
19975.0  4.36081e-11
19980.0  4.35669e-11
19985.0  4.35281e-11
19990.0  4.34896e-11
19995.0  4.34511e-11
20000.0  4.34122e-11
20005.0  4.33711e-11
20010.0  4.33322e-11
20015.0  4.32937e-11
20020.0  4.32552e-11
20025.0  4.32167e-11
20030.0  4.31783e-11
20035.0  4.31394e-11
20040.0  4.30982e-11
20045.0  4.30593e-11
20050.0  4.30208e-11
20055.0  4.29824e-11
20060.0  4.29439e-11
20065.0  4.29054e-11
20070.0  4.28669e-11
20075.0  4.28285e-11
20080.0  4.279e-11
20085.0  4.27514e-11
20090.0  4.2713e-11
20095.0  4.26745e-11
20100.0  4.26361e-11
20105.0  4.25976e-11
20110.0  4.25591e-11
20115.0  4.25207e-11
20120.0  4.24821e-11
20125.0  4.24437e-11
20130.0  4.24052e-11
20135.0  4.23671e-11
20140.0  4.23312e-11
20145.0  4.22933e-11
20150.0  4.22548e-11
20155.0  4.22163e-11
20160.0  4.21778e-11
20165.0  4.21393e-11
20170.0  4.21013e-11
20175.0  4.20654e-11
20180.0  4.20274e-11
20185.0  4.19889e-11
20190.0  4.19505e-11
20195.0  4.19124e-11
20200.0  4.18765e-11
20205.0  4.18384e-11
20210.0  4.18e-11
20215.0  4.17619e-11
20220.0  4.17261e-11
20225.0  4.16881e-11
20230.0  4.16501e-11
20235.0  4.16141e-11
20240.0  4.15761e-11
20245.0  4.1538e-11
20250.0  4.15021e-11
20255.0  4.14641e-11
20260.0  4.14261e-11
20265.0  4.13902e-11
20270.0  4.13526e-11
20275.0  4.13169e-11
20280.0  4.12787e-11
20285.0  4.12407e-11
20290.0  4.12048e-11
20295.0  4.11673e-11
20300.0  4.11314e-11
20305.0  4.10938e-11
20310.0  4.10579e-11
20315.0  4.10202e-11
20320.0  4.09844e-11
20325.0  4.09468e-11
20330.0  4.09111e-11
20335.0  4.08734e-11
20340.0  4.08375e-11
20345.0  4.08e-11
20350.0  4.07641e-11
20355.0  4.07265e-11
20360.0  4.06911e-11
20365.0  4.06556e-11
20370.0  4.0618e-11
20375.0  4.05822e-11
20380.0  4.05445e-11
20385.0  4.05092e-11
20390.0  4.04737e-11
20395.0  4.04361e-11
20400.0  4.04007e-11
20405.0  4.03653e-11
20410.0  4.03276e-11
20415.0  4.02922e-11
20420.0  4.02569e-11
20425.0  4.02192e-11
20430.0  4.01838e-11
20435.0  4.01489e-11
20440.0  4.01134e-11
20445.0  4.00758e-11
20450.0  4.00404e-11
20455.0  4.00054e-11
20460.0  3.997e-11
20465.0  3.99324e-11
20470.0  3.9897e-11
20475.0  3.9862e-11
20480.0  3.9827e-11
20485.0  3.97921e-11
20490.0  3.97566e-11
20495.0  3.9719e-11
20500.0  3.96836e-11
20505.0  3.96485e-11
20510.0  3.96136e-11
20515.0  3.95786e-11
20520.0  3.95436e-11
20525.0  3.95087e-11
20530.0  3.94737e-11
20535.0  3.94388e-11
20540.0  3.94037e-11
20545.0  3.93683e-11
20550.0  3.93307e-11
20555.0  3.92953e-11
20560.0  3.92603e-11
20565.0  3.92253e-11
20570.0  3.91904e-11
20575.0  3.91554e-11
20580.0  3.91204e-11
20585.0  3.90854e-11
20590.0  3.90508e-11
20595.0  3.90185e-11
20600.0  3.8984e-11
20605.0  3.89489e-11
20610.0  3.8914e-11
20615.0  3.8879e-11
20620.0  3.8844e-11
20625.0  3.8809e-11
20630.0  3.87741e-11
20635.0  3.87391e-11
20640.0  3.87045e-11
20645.0  3.86722e-11
20650.0  3.86376e-11
20655.0  3.86026e-11
20660.0  3.85676e-11
20665.0  3.85326e-11
20670.0  3.8498e-11
20675.0  3.84657e-11
20680.0  3.84313e-11
20685.0  3.83963e-11
20690.0  3.83613e-11
20695.0  3.83267e-11
20700.0  3.82943e-11
20705.0  3.82598e-11
20710.0  3.82249e-11
20715.0  3.81903e-11
20720.0  3.81579e-11
20725.0  3.81233e-11
20730.0  3.80889e-11
20735.0  3.80565e-11
20740.0  3.8022e-11
20745.0  3.79874e-11
20750.0  3.7955e-11
20755.0  3.79204e-11
20760.0  3.7886e-11
20765.0  3.78536e-11
20770.0  3.7819e-11
20775.0  3.77845e-11
20780.0  3.77522e-11
20785.0  3.7718e-11
20790.0  3.76857e-11
20795.0  3.76516e-11
20800.0  3.76192e-11
20805.0  3.75847e-11
20810.0  3.75501e-11
20815.0  3.75178e-11
20820.0  3.74837e-11
20825.0  3.74513e-11
20830.0  3.74172e-11
20835.0  3.73848e-11
20840.0  3.73507e-11
20845.0  3.73184e-11
20850.0  3.72842e-11
20855.0  3.72519e-11
20860.0  3.72178e-11
20865.0  3.71854e-11
20870.0  3.71513e-11
20875.0  3.71193e-11
20880.0  3.70874e-11
20885.0  3.70533e-11
20890.0  3.7021e-11
20895.0  3.6987e-11
20900.0  3.6955e-11
20905.0  3.69231e-11
20910.0  3.6889e-11
20915.0  3.68571e-11
20920.0  3.68252e-11
20925.0  3.6791e-11
20930.0  3.6759e-11
20935.0  3.67271e-11
20940.0  3.66931e-11
20945.0  3.66611e-11
20950.0  3.66293e-11
20955.0  3.65951e-11
20960.0  3.65631e-11
20965.0  3.65312e-11
20970.0  3.64971e-11
20975.0  3.64652e-11
20980.0  3.64337e-11
20985.0  3.64019e-11
20990.0  3.63677e-11
20995.0  3.63358e-11
21000.0  3.63043e-11
21005.0  3.62728e-11
21010.0  3.6241e-11
21015.0  3.62067e-11
21020.0  3.61749e-11
21025.0  3.61434e-11
21030.0  3.6112e-11
21035.0  3.60804e-11
21040.0  3.60485e-11
21045.0  3.60144e-11
21050.0  3.59824e-11
21055.0  3.5951e-11
21060.0  3.59195e-11
21065.0  3.58881e-11
21070.0  3.58565e-11
21075.0  3.58251e-11
21080.0  3.57936e-11
21085.0  3.57617e-11
21090.0  3.57275e-11
21095.0  3.56956e-11
21100.0  3.56641e-11
21105.0  3.56327e-11
21110.0  3.56012e-11
21115.0  3.55697e-11
21120.0  3.55382e-11
21125.0  3.55067e-11
21130.0  3.54752e-11
21135.0  3.54438e-11
21140.0  3.54122e-11
21145.0  3.53808e-11
21150.0  3.53493e-11
21155.0  3.53178e-11
21160.0  3.52863e-11
21165.0  3.52549e-11
21170.0  3.52238e-11
21175.0  3.5195e-11
21180.0  3.51639e-11
21185.0  3.51324e-11
21190.0  3.5101e-11
21195.0  3.50694e-11
21200.0  3.5038e-11
21205.0  3.50065e-11
21210.0  3.4975e-11
21215.0  3.49435e-11
21220.0  3.49125e-11
21225.0  3.48836e-11
21230.0  3.48526e-11
21235.0  3.48211e-11
21240.0  3.47896e-11
21245.0  3.47581e-11
21250.0  3.47271e-11
21255.0  3.46982e-11
21260.0  3.46671e-11
21265.0  3.46356e-11
21270.0  3.46046e-11
21275.0  3.45758e-11
21280.0  3.45447e-11
21285.0  3.45132e-11
21290.0  3.44822e-11
21295.0  3.44534e-11
21300.0  3.44223e-11
21305.0  3.43908e-11
21310.0  3.43597e-11
21315.0  3.43309e-11
21320.0  3.42998e-11
21325.0  3.42688e-11
21330.0  3.42399e-11
21335.0  3.42089e-11
21340.0  3.41774e-11
21345.0  3.41464e-11
21350.0  3.41175e-11
21355.0  3.40869e-11
21360.0  3.4058e-11
21365.0  3.4027e-11
21370.0  3.39959e-11
21375.0  3.39671e-11
21380.0  3.3936e-11
21385.0  3.3905e-11
21390.0  3.38761e-11
21395.0  3.38455e-11
21400.0  3.38167e-11
21405.0  3.37857e-11
21410.0  3.37546e-11
21415.0  3.37258e-11
21420.0  3.36951e-11
21425.0  3.36662e-11
21430.0  3.36357e-11
21435.0  3.36068e-11
21440.0  3.35762e-11
21445.0  3.35473e-11
21450.0  3.35167e-11
21455.0  3.34878e-11
21460.0  3.34572e-11
21465.0  3.34284e-11
21470.0  3.33978e-11
21475.0  3.33689e-11
21480.0  3.33383e-11
21485.0  3.33095e-11
21490.0  3.32788e-11
21495.0  3.325e-11
21500.0  3.32193e-11
21505.0  3.31909e-11
21510.0  3.31625e-11
21515.0  3.31319e-11
21520.0  3.3103e-11
21525.0  3.30725e-11
21530.0  3.3044e-11
21535.0  3.30156e-11
21540.0  3.2985e-11
21545.0  3.29561e-11
21550.0  3.29255e-11
21555.0  3.28971e-11
21560.0  3.28687e-11
21565.0  3.2838e-11
21570.0  3.28096e-11
21575.0  3.27812e-11
21580.0  3.27506e-11
21585.0  3.27221e-11
21590.0  3.26937e-11
21595.0  3.26631e-11
21600.0  3.26347e-11
21605.0  3.26063e-11
21610.0  3.25756e-11
21615.0  3.25473e-11
21620.0  3.25193e-11
21625.0  3.24909e-11
21630.0  3.24603e-11
21635.0  3.24318e-11
21640.0  3.24038e-11
21645.0  3.23754e-11
21650.0  3.23448e-11
21655.0  3.23163e-11
21660.0  3.22883e-11
21665.0  3.226e-11
21670.0  3.22294e-11
21675.0  3.2201e-11
21680.0  3.21729e-11
21685.0  3.2145e-11
21690.0  3.2117e-11
21695.0  3.20885e-11
21700.0  3.2058e-11
21705.0  3.20295e-11
21710.0  3.20015e-11
21715.0  3.19735e-11
21720.0  3.19455e-11
21725.0  3.19171e-11
21730.0  3.18866e-11
21735.0  3.18581e-11
21740.0  3.18301e-11
21745.0  3.18021e-11
21750.0  3.17742e-11
21755.0  3.17461e-11
21760.0  3.17182e-11
21765.0  3.16902e-11
21770.0  3.16622e-11
21775.0  3.16338e-11
21780.0  3.16031e-11
21785.0  3.15748e-11
21790.0  3.15468e-11
21795.0  3.15188e-11
21800.0  3.14908e-11
21805.0  3.14628e-11
21810.0  3.14348e-11
21815.0  3.14068e-11
21820.0  3.13788e-11
21825.0  3.13509e-11
21830.0  3.13229e-11
21835.0  3.12949e-11
21840.0  3.12669e-11
21845.0  3.12389e-11
21850.0  3.1211e-11
21855.0  3.1183e-11
21860.0  3.1155e-11
21865.0  3.1127e-11
21870.0  3.1099e-11
21875.0  3.1071e-11
21880.0  3.1043e-11
21885.0  3.1015e-11
21890.0  3.09875e-11
21895.0  3.09622e-11
21900.0  3.09346e-11
21905.0  3.09066e-11
21910.0  3.08786e-11
21915.0  3.08507e-11
21920.0  3.08226e-11
21925.0  3.07947e-11
21930.0  3.07667e-11
21935.0  3.07386e-11
21940.0  3.07111e-11
21945.0  3.06857e-11
21950.0  3.06582e-11
21955.0  3.06302e-11
21960.0  3.06023e-11
21965.0  3.05742e-11
21970.0  3.05467e-11
21975.0  3.05214e-11
21980.0  3.04938e-11
21985.0  3.04658e-11
21990.0  3.04378e-11
21995.0  3.04099e-11
22000.0  3.03823e-11
22005.0  3.03569e-11
22010.0  3.03294e-11
22015.0  3.03014e-11
22020.0  3.02739e-11
22025.0  3.02485e-11
22030.0  3.02209e-11
22035.0  3.01929e-11
22040.0  3.01649e-11
22045.0  3.01374e-11
22050.0  3.01121e-11
22055.0  3.00845e-11
22060.0  3.0057e-11
22065.0  3.00316e-11
22070.0  3.00041e-11
22075.0  2.99761e-11
22080.0  2.99485e-11
22085.0  2.99232e-11
22090.0  2.98956e-11
22095.0  2.9868e-11
22100.0  2.98427e-11
22105.0  2.98152e-11
22110.0  2.97877e-11
22115.0  2.97623e-11
22120.0  2.97347e-11
22125.0  2.97071e-11
22130.0  2.96818e-11
22135.0  2.96543e-11
22140.0  2.96267e-11
22145.0  2.96013e-11
22150.0  2.95737e-11
22155.0  2.95462e-11
22160.0  2.95208e-11
22165.0  2.94938e-11
22170.0  2.94684e-11
22175.0  2.94408e-11
22180.0  2.94133e-11
22185.0  2.93879e-11
22190.0  2.93608e-11
22195.0  2.93355e-11
22200.0  2.93084e-11
22205.0  2.9283e-11
22210.0  2.92555e-11
22215.0  2.92279e-11
22220.0  2.92026e-11
22225.0  2.91755e-11
22230.0  2.91501e-11
22235.0  2.91229e-11
22240.0  2.90976e-11
22245.0  2.90705e-11
22250.0  2.90451e-11
22255.0  2.9018e-11
22260.0  2.89926e-11
22265.0  2.89656e-11
22270.0  2.89402e-11
22275.0  2.89131e-11
22280.0  2.88877e-11
22285.0  2.88606e-11
22290.0  2.88353e-11
22295.0  2.88081e-11
22300.0  2.87828e-11
22305.0  2.87556e-11
22310.0  2.87307e-11
22315.0  2.87058e-11
22320.0  2.86787e-11
22325.0  2.86533e-11
22330.0  2.86262e-11
22335.0  2.86013e-11
22340.0  2.85763e-11
22345.0  2.85493e-11
22350.0  2.85239e-11
22355.0  2.84968e-11
22360.0  2.84718e-11
22365.0  2.84469e-11
22370.0  2.84198e-11
22375.0  2.83945e-11
22380.0  2.83673e-11
22385.0  2.83424e-11
22390.0  2.83175e-11
22395.0  2.82904e-11
22400.0  2.82655e-11
22405.0  2.82405e-11
22410.0  2.82134e-11
22415.0  2.81885e-11
22420.0  2.81635e-11
22425.0  2.81365e-11
22430.0  2.81115e-11
22435.0  2.8087e-11
22440.0  2.80621e-11
22445.0  2.8035e-11
22450.0  2.80101e-11
22455.0  2.79852e-11
22460.0  2.7958e-11
22465.0  2.79331e-11
22470.0  2.79086e-11
22475.0  2.78837e-11
22480.0  2.78566e-11
22485.0  2.78317e-11
22490.0  2.78072e-11
22495.0  2.77822e-11
22500.0  2.77552e-11
22505.0  2.77302e-11
22510.0  2.77057e-11
22515.0  2.76813e-11
22520.0  2.76563e-11
22525.0  2.76292e-11
22530.0  2.76043e-11
22535.0  2.75798e-11
22540.0  2.75553e-11
22545.0  2.75308e-11
22550.0  2.75059e-11
22555.0  2.74788e-11
22560.0  2.74539e-11
22565.0  2.74294e-11
22570.0  2.74049e-11
22575.0  2.73804e-11
22580.0  2.73559e-11
22585.0  2.7331e-11
22590.0  2.73039e-11
22595.0  2.72789e-11
22600.0  2.72545e-11
22605.0  2.723e-11
22610.0  2.72055e-11
22615.0  2.7181e-11
22620.0  2.71565e-11
22625.0  2.7132e-11
22630.0  2.71075e-11
22635.0  2.70831e-11
22640.0  2.70581e-11
22645.0  2.7031e-11
22650.0  2.70061e-11
22655.0  2.69816e-11
22660.0  2.69571e-11
22665.0  2.69327e-11
22670.0  2.69081e-11
22675.0  2.68836e-11
22680.0  2.68592e-11
22685.0  2.68347e-11
22690.0  2.68102e-11
22695.0  2.67857e-11
22700.0  2.67612e-11
22705.0  2.67367e-11
22710.0  2.67123e-11
22715.0  2.66878e-11
22720.0  2.66632e-11
22725.0  2.66388e-11
22730.0  2.66143e-11
22735.0  2.65898e-11
22740.0  2.65653e-11
22745.0  2.65408e-11
22750.0  2.65168e-11
22755.0  2.64949e-11
22760.0  2.64709e-11
22765.0  2.64464e-11
22770.0  2.64219e-11
22775.0  2.63974e-11
22780.0  2.63729e-11
22785.0  2.63485e-11
22790.0  2.6324e-11
22795.0  2.62994e-11
22800.0  2.62749e-11
22805.0  2.62509e-11
22810.0  2.62291e-11
22815.0  2.6205e-11
22820.0  2.61805e-11
22825.0  2.6156e-11
22830.0  2.61316e-11
22835.0  2.61071e-11
22840.0  2.6083e-11
22845.0  2.60611e-11
22850.0  2.60371e-11
22855.0  2.60126e-11
22860.0  2.59881e-11
22865.0  2.59641e-11
22870.0  2.59422e-11
22875.0  2.59182e-11
22880.0  2.58937e-11
22885.0  2.58692e-11
22890.0  2.58451e-11
22895.0  2.58233e-11
22900.0  2.57992e-11
22905.0  2.57748e-11
22910.0  2.57502e-11
22915.0  2.57262e-11
22920.0  2.57044e-11
22925.0  2.56803e-11
22930.0  2.56558e-11
22935.0  2.56318e-11
22940.0  2.56099e-11
22945.0  2.55858e-11
22950.0  2.55618e-11
22955.0  2.55399e-11
22960.0  2.55159e-11
22965.0  2.54914e-11
22970.0  2.54673e-11
22975.0  2.54454e-11
22980.0  2.54214e-11
22985.0  2.53973e-11
22990.0  2.53755e-11
22995.0  2.53514e-11
23000.0  2.53274e-11
23005.0  2.53056e-11
23010.0  2.52815e-11
23015.0  2.52574e-11
23020.0  2.52356e-11
23025.0  2.52115e-11
23030.0  2.51875e-11
23035.0  2.51656e-11
23040.0  2.5142e-11
23045.0  2.51201e-11
23050.0  2.50961e-11
23055.0  2.50721e-11
23060.0  2.50501e-11
23065.0  2.50266e-11
23070.0  2.50047e-11
23075.0  2.49806e-11
23080.0  2.49566e-11
23085.0  2.49347e-11
23090.0  2.49111e-11
23095.0  2.48892e-11
23100.0  2.48657e-11
23105.0  2.48438e-11
23110.0  2.48202e-11
23115.0  2.47983e-11
23120.0  2.47742e-11
23125.0  2.47502e-11
23130.0  2.47283e-11
23135.0  2.47047e-11
23140.0  2.46829e-11
23145.0  2.46592e-11
23150.0  2.46374e-11
23155.0  2.46138e-11
23160.0  2.45919e-11
23165.0  2.45683e-11
23170.0  2.45464e-11
23175.0  2.45228e-11
23180.0  2.4501e-11
23185.0  2.44773e-11
23190.0  2.44559e-11
23195.0  2.44345e-11
23200.0  2.44109e-11
23205.0  2.4389e-11
23210.0  2.43654e-11
23215.0  2.43435e-11
23220.0  2.432e-11
23225.0  2.42985e-11
23230.0  2.42771e-11
23235.0  2.42535e-11
23240.0  2.42316e-11
23245.0  2.4208e-11
23250.0  2.41861e-11
23255.0  2.41625e-11
23260.0  2.41411e-11
23265.0  2.41196e-11
23270.0  2.4096e-11
23275.0  2.40746e-11
23280.0  2.40532e-11
23285.0  2.40296e-11
23290.0  2.40081e-11
23295.0  2.39867e-11
23300.0  2.39631e-11
23305.0  2.39417e-11
23310.0  2.39203e-11
23315.0  2.38966e-11
23320.0  2.38752e-11
23325.0  2.38538e-11
23330.0  2.38302e-11
23335.0  2.38088e-11
23340.0  2.37873e-11
23345.0  2.37637e-11
23350.0  2.37423e-11
23355.0  2.37208e-11
23360.0  2.36973e-11
23365.0  2.36758e-11
23370.0  2.36548e-11
23375.0  2.36334e-11
23380.0  2.36098e-11
23385.0  2.35884e-11
23390.0  2.35674e-11
23395.0  2.35459e-11
23400.0  2.35224e-11
23405.0  2.35009e-11
23410.0  2.34799e-11
23415.0  2.34585e-11
23420.0  2.34349e-11
23425.0  2.34134e-11
23430.0  2.33925e-11
23435.0  2.33715e-11
23440.0  2.335e-11
23445.0  2.33264e-11
23450.0  2.3305e-11
23455.0  2.3284e-11
23460.0  2.3263e-11
23465.0  2.3242e-11
23470.0  2.32206e-11
23475.0  2.3197e-11
23480.0  2.31756e-11
23485.0  2.31546e-11
23490.0  2.31336e-11
23495.0  2.31126e-11
23500.0  2.30916e-11
23505.0  2.30701e-11
23510.0  2.30466e-11
23515.0  2.30251e-11
23520.0  2.30042e-11
23525.0  2.29831e-11
23530.0  2.29622e-11
23535.0  2.29412e-11
23540.0  2.29202e-11
23545.0  2.28993e-11
23550.0  2.28782e-11
23555.0  2.28568e-11
23560.0  2.28332e-11
23565.0  2.28118e-11
23570.0  2.27908e-11
23575.0  2.27698e-11
23580.0  2.27488e-11
23585.0  2.27278e-11
23590.0  2.27068e-11
23595.0  2.26858e-11
23600.0  2.26649e-11
23605.0  2.26439e-11
23610.0  2.26228e-11
23615.0  2.26019e-11
23620.0  2.25809e-11
23625.0  2.25599e-11
23630.0  2.25389e-11
23635.0  2.25179e-11
23640.0  2.24969e-11
23645.0  2.2476e-11
23650.0  2.24549e-11
23655.0  2.2434e-11
23660.0  2.2413e-11
23665.0  2.2392e-11
23670.0  2.2371e-11
23675.0  2.235e-11
23680.0  2.2329e-11
23685.0  2.2308e-11
23690.0  2.2287e-11
23695.0  2.22665e-11
23700.0  2.22481e-11
23705.0  2.22276e-11
23710.0  2.22066e-11
23715.0  2.21856e-11
23720.0  2.21646e-11
23725.0  2.21436e-11
23730.0  2.21226e-11
23735.0  2.21016e-11
23740.0  2.20806e-11
23745.0  2.20601e-11
23750.0  2.20417e-11
23755.0  2.20212e-11
23760.0  2.20002e-11
23765.0  2.19792e-11
23770.0  2.19582e-11
23775.0  2.19372e-11
23780.0  2.19167e-11
23785.0  2.18983e-11
23790.0  2.18778e-11
23795.0  2.18567e-11
23800.0  2.18358e-11
23805.0  2.18148e-11
23810.0  2.17942e-11
23815.0  2.17759e-11
23820.0  2.17553e-11
23825.0  2.17343e-11
23830.0  2.17133e-11
23835.0  2.16928e-11
23840.0  2.16744e-11
23845.0  2.16538e-11
23850.0  2.16329e-11
23855.0  2.16123e-11
23860.0  2.15939e-11
23865.0  2.15734e-11
23870.0  2.15524e-11
23875.0  2.15318e-11
23880.0  2.15135e-11
23885.0  2.14929e-11
23890.0  2.1472e-11
23895.0  2.14514e-11
23900.0  2.1433e-11
23905.0  2.14125e-11
23910.0  2.13915e-11
23915.0  2.13709e-11
23920.0  2.13526e-11
23925.0  2.1332e-11
23930.0  2.13115e-11
23935.0  2.12931e-11
23940.0  2.12725e-11
23945.0  2.1252e-11
23950.0  2.12336e-11
23955.0  2.12131e-11
23960.0  2.11925e-11
23965.0  2.11742e-11
23970.0  2.11536e-11
23975.0  2.11331e-11
23980.0  2.11147e-11
23985.0  2.10941e-11
23990.0  2.10736e-11
23995.0  2.10552e-11
24000.0  2.10351e-11
24005.0  2.10167e-11
24010.0  2.09962e-11
24015.0  2.09757e-11
24020.0  2.09573e-11
24025.0  2.09367e-11
24030.0  2.09162e-11
24035.0  2.08978e-11
24040.0  2.08777e-11
24045.0  2.08593e-11
24050.0  2.08392e-11
24055.0  2.08209e-11
24060.0  2.08003e-11
24065.0  2.07798e-11
24070.0  2.07614e-11
24075.0  2.07412e-11
24080.0  2.07229e-11
24085.0  2.07028e-11
24090.0  2.06844e-11
24095.0  2.06643e-11
24100.0  2.06459e-11
24105.0  2.06258e-11
24110.0  2.06074e-11
24115.0  2.05873e-11
24120.0  2.0569e-11
24125.0  2.05489e-11
24130.0  2.05305e-11
24135.0  2.05104e-11
24140.0  2.0492e-11
24145.0  2.04719e-11
24150.0  2.04535e-11
24155.0  2.04334e-11
24160.0  2.04151e-11
24165.0  2.03949e-11
24170.0  2.03766e-11
24175.0  2.03565e-11
24180.0  2.03381e-11
24185.0  2.0318e-11
24190.0  2.03001e-11
24195.0  2.02821e-11
24200.0  2.0262e-11
24205.0  2.02436e-11
24210.0  2.02235e-11
24215.0  2.02052e-11
24220.0  2.0185e-11
24225.0  2.01671e-11
24230.0  2.01492e-11
24235.0  2.0129e-11
24240.0  2.01111e-11
24245.0  2.00932e-11
24250.0  2.00731e-11
24255.0  2.00548e-11
24260.0  2.00346e-11
24265.0  2.00167e-11
24270.0  1.99988e-11
24275.0  1.99787e-11
24280.0  1.99607e-11
24285.0  1.99428e-11
24290.0  1.99227e-11
24295.0  1.99048e-11
24300.0  1.98868e-11
24305.0  1.98667e-11
24310.0  1.98488e-11
24315.0  1.98309e-11
24320.0  1.98108e-11
24325.0  1.97928e-11
24330.0  1.97749e-11
24335.0  1.97548e-11
24340.0  1.97368e-11
24345.0  1.97193e-11
24350.0  1.97014e-11
24355.0  1.96813e-11
24360.0  1.96634e-11
24365.0  1.96455e-11
24370.0  1.96253e-11
24375.0  1.96074e-11
24380.0  1.95899e-11
24385.0  1.9572e-11
24390.0  1.95519e-11
24395.0  1.95339e-11
24400.0  1.95165e-11
24405.0  1.9499e-11
24410.0  1.9481e-11
24415.0  1.94609e-11
24420.0  1.9443e-11
24425.0  1.94255e-11
24430.0  1.94076e-11
24435.0  1.93874e-11
24440.0  1.93695e-11
24445.0  1.9352e-11
24450.0  1.93345e-11
24455.0  1.9317e-11
24460.0  1.92991e-11
24465.0  1.9279e-11
24470.0  1.92611e-11
24475.0  1.92436e-11
24480.0  1.92261e-11
24485.0  1.92086e-11
24490.0  1.91907e-11
24495.0  1.91706e-11
24500.0  1.91526e-11
24505.0  1.91352e-11
24510.0  1.91176e-11
24515.0  1.91002e-11
24520.0  1.90827e-11
24525.0  1.90652e-11
24530.0  1.90472e-11
24535.0  1.90271e-11
24540.0  1.90092e-11
24545.0  1.89917e-11
24550.0  1.89742e-11
24555.0  1.89567e-11
24560.0  1.89392e-11
24565.0  1.89218e-11
24570.0  1.89043e-11
24575.0  1.88868e-11
24580.0  1.88693e-11
24585.0  1.88518e-11
24590.0  1.88343e-11
24595.0  1.88164e-11
24600.0  1.87963e-11
24605.0  1.87784e-11
24610.0  1.87609e-11
24615.0  1.87434e-11
24620.0  1.87259e-11
24625.0  1.87084e-11
24630.0  1.86909e-11
24635.0  1.86734e-11
24640.0  1.86559e-11
24645.0  1.86384e-11
24650.0  1.86209e-11
24655.0  1.86034e-11
24660.0  1.85859e-11
24665.0  1.85685e-11
24670.0  1.8551e-11
24675.0  1.85334e-11
24680.0  1.8516e-11
24685.0  1.84985e-11
24690.0  1.8481e-11
24695.0  1.8464e-11
24700.0  1.84491e-11
24705.0  1.8432e-11
24710.0  1.84145e-11
24715.0  1.8397e-11
24720.0  1.83796e-11
24725.0  1.8362e-11
24730.0  1.83446e-11
24735.0  1.8327e-11
24740.0  1.83096e-11
24745.0  1.82921e-11
24750.0  1.82746e-11
24755.0  1.82571e-11
24760.0  1.82401e-11
24765.0  1.82252e-11
24770.0  1.82081e-11
24775.0  1.81906e-11
24780.0  1.81732e-11
24785.0  1.81557e-11
24790.0  1.81381e-11
24795.0  1.81207e-11
24800.0  1.81036e-11
24805.0  1.80887e-11
24810.0  1.80717e-11
24815.0  1.80542e-11
24820.0  1.80367e-11
24825.0  1.80192e-11
24830.0  1.80022e-11
24835.0  1.79873e-11
24840.0  1.79703e-11
24845.0  1.79527e-11
24850.0  1.79353e-11
24855.0  1.79178e-11
24860.0  1.79007e-11
24865.0  1.78859e-11
24870.0  1.78688e-11
24875.0  1.78513e-11
24880.0  1.78343e-11
24885.0  1.78194e-11
24890.0  1.78024e-11
24895.0  1.77849e-11
24900.0  1.77674e-11
24905.0  1.77503e-11
24910.0  1.77354e-11
24915.0  1.77184e-11
24920.0  1.77009e-11
24925.0  1.76838e-11
24930.0  1.76689e-11
24935.0  1.76519e-11
24940.0  1.76344e-11
24945.0  1.76174e-11
24950.0  1.76025e-11
24955.0  1.75854e-11
24960.0  1.75684e-11
24965.0  1.75535e-11
24970.0  1.75365e-11
24975.0  1.75194e-11
24980.0  1.75045e-11
24985.0  1.74875e-11
24990.0  1.747e-11
24995.0  1.52727e-11
25000.0  2.18113e-12
