# Extracted from file: pickles_uk_44.fits
#SIMPLETrueFits standard
#BITPIX16Bits per pixel
#NAXIS0Number of axes
#EXTENDTrueFile may contain extensions
#DATE2007-01-11T21:02:20Date FITS file was generated
#IRAF-TLM16:02:36 (11/01/2007)Time of last modification
#COMMENT  FITS (Flexible Image Transport System) format is defined in 'Astronomy
#COMMENT  and Astrophysics', volume 376, page 359; bibcode: 2001A&A...376..359H
#ORIGINSTScI-STSDAS/TABLESTables version 2002-02-22
#FILENAMEpickles_uk_44.fitsname of file
#NEXTEND1number of extensions in file
#COMMENT1spectral type: M5V
#COMMENT2metallicity: solar
#COMMENT3original filename: ukm5v.dat
#HISTORY  File created by F.R.Boffi.
#HISTORY  SEDs from Pickles UVKLIB Library (1998, PASP 110, 863).
#HISTORY  Wavelength is in Angstrom.
#HISTORY  Fluxes are tabulated in units of erg/s/cm^2/A
#HISTORY  and were calculated by normalizing the original fluxes
#HISTORY  in the Pickles V band to a 0 magnitude in vegamag.
#HISTORY  In the vegamag system, Vega has magnitude zero in all passbands.
#HISTORY  Please refer to the SYNPHOT manual for further information.
#
#
#
#
#
#
#
#
#
#
#
#
#
#  
#Columns WAVELENGTH FLUX
#Units  angstroms flam
1150.0  0.0
1155.0  0.0
1160.0  0.0
1165.0  0.0
1170.0  0.0
1175.0  0.0
1180.0  0.0
1185.0  0.0
1190.0  0.0
1195.0  0.0
1200.0  0.0
1205.0  0.0
1210.0  0.0
1215.0  0.0
1220.0  0.0
1225.0  0.0
1230.0  0.0
1235.0  0.0
1240.0  0.0
1245.0  0.0
1250.0  0.0
1255.0  0.0
1260.0  0.0
1265.0  0.0
1270.0  0.0
1275.0  0.0
1280.0  0.0
1285.0  0.0
1290.0  0.0
1295.0  0.0
1300.0  0.0
1305.0  0.0
1310.0  0.0
1315.0  0.0
1320.0  0.0
1325.0  0.0
1330.0  0.0
1335.0  0.0
1340.0  0.0
1345.0  0.0
1350.0  0.0
1355.0  0.0
1360.0  0.0
1365.0  0.0
1370.0  0.0
1375.0  0.0
1380.0  0.0
1385.0  0.0
1390.0  0.0
1395.0  0.0
1400.0  0.0
1405.0  0.0
1410.0  0.0
1415.0  0.0
1420.0  0.0
1425.0  0.0
1430.0  0.0
1435.0  0.0
1440.0  0.0
1445.0  0.0
1450.0  0.0
1455.0  0.0
1460.0  0.0
1465.0  0.0
1470.0  0.0
1475.0  0.0
1480.0  0.0
1485.0  0.0
1490.0  0.0
1495.0  0.0
1500.0  0.0
1505.0  0.0
1510.0  0.0
1515.0  0.0
1520.0  0.0
1525.0  0.0
1530.0  0.0
1535.0  0.0
1540.0  0.0
1545.0  0.0
1550.0  0.0
1555.0  0.0
1560.0  0.0
1565.0  0.0
1570.0  0.0
1575.0  0.0
1580.0  0.0
1585.0  0.0
1590.0  0.0
1595.0  0.0
1600.0  0.0
1605.0  0.0
1610.0  0.0
1615.0  0.0
1620.0  0.0
1625.0  0.0
1630.0  0.0
1635.0  0.0
1640.0  0.0
1645.0  0.0
1650.0  0.0
1655.0  0.0
1660.0  0.0
1665.0  0.0
1670.0  0.0
1675.0  0.0
1680.0  0.0
1685.0  0.0
1690.0  0.0
1695.0  0.0
1700.0  0.0
1705.0  0.0
1710.0  0.0
1715.0  0.0
1720.0  0.0
1725.0  0.0
1730.0  0.0
1735.0  0.0
1740.0  0.0
1745.0  0.0
1750.0  0.0
1755.0  0.0
1760.0  0.0
1765.0  0.0
1770.0  0.0
1775.0  0.0
1780.0  0.0
1785.0  0.0
1790.0  0.0
1795.0  0.0
1800.0  0.0
1805.0  0.0
1810.0  0.0
1815.0  0.0
1820.0  0.0
1825.0  0.0
1830.0  0.0
1835.0  0.0
1840.0  0.0
1845.0  0.0
1850.0  0.0
1855.0  0.0
1860.0  0.0
1865.0  0.0
1870.0  0.0
1875.0  0.0
1880.0  0.0
1885.0  0.0
1890.0  0.0
1895.0  0.0
1900.0  0.0
1905.0  0.0
1910.0  0.0
1915.0  0.0
1920.0  0.0
1925.0  0.0
1930.0  0.0
1935.0  0.0
1940.0  0.0
1945.0  0.0
1950.0  0.0
1955.0  0.0
1960.0  0.0
1965.0  0.0
1970.0  0.0
1975.0  0.0
1980.0  0.0
1985.0  0.0
1990.0  0.0
1995.0  0.0
2000.0  0.0
2005.0  0.0
2010.0  0.0
2015.0  0.0
2020.0  0.0
2025.0  0.0
2030.0  0.0
2035.0  0.0
2040.0  0.0
2045.0  0.0
2050.0  0.0
2055.0  0.0
2060.0  0.0
2065.0  0.0
2070.0  0.0
2075.0  0.0
2080.0  0.0
2085.0  0.0
2090.0  0.0
2095.0  0.0
2100.0  0.0
2105.0  0.0
2110.0  0.0
2115.0  0.0
2120.0  0.0
2125.0  0.0
2130.0  0.0
2135.0  0.0
2140.0  0.0
2145.0  0.0
2150.0  0.0
2155.0  0.0
2160.0  0.0
2165.0  0.0
2170.0  0.0
2175.0  0.0
2180.0  0.0
2185.0  0.0
2190.0  0.0
2195.0  0.0
2200.0  0.0
2205.0  0.0
2210.0  0.0
2215.0  0.0
2220.0  0.0
2225.0  0.0
2230.0  0.0
2235.0  0.0
2240.0  0.0
2245.0  0.0
2250.0  0.0
2255.0  0.0
2260.0  0.0
2265.0  0.0
2270.0  0.0
2275.0  0.0
2280.0  0.0
2285.0  0.0
2290.0  0.0
2295.0  0.0
2300.0  0.0
2305.0  0.0
2310.0  0.0
2315.0  0.0
2320.0  0.0
2325.0  0.0
2330.0  0.0
2335.0  0.0
2340.0  0.0
2345.0  0.0
2350.0  0.0
2355.0  0.0
2360.0  0.0
2365.0  0.0
2370.0  0.0
2375.0  0.0
2380.0  0.0
2385.0  0.0
2390.0  0.0
2395.0  0.0
2400.0  0.0
2405.0  0.0
2410.0  0.0
2415.0  0.0
2420.0  0.0
2425.0  0.0
2430.0  0.0
2435.0  0.0
2440.0  0.0
2445.0  0.0
2450.0  0.0
2455.0  0.0
2460.0  0.0
2465.0  0.0
2470.0  0.0
2475.0  0.0
2480.0  0.0
2485.0  0.0
2490.0  0.0
2495.0  0.0
2500.0  0.0
2505.0  0.0
2510.0  0.0
2515.0  0.0
2520.0  0.0
2525.0  0.0
2530.0  0.0
2535.0  0.0
2540.0  0.0
2545.0  0.0
2550.0  0.0
2555.0  0.0
2560.0  0.0
2565.0  0.0
2570.0  0.0
2575.0  0.0
2580.0  0.0
2585.0  0.0
2590.0  0.0
2595.0  0.0
2600.0  0.0
2605.0  0.0
2610.0  0.0
2615.0  0.0
2620.0  0.0
2625.0  0.0
2630.0  0.0
2635.0  0.0
2640.0  0.0
2645.0  0.0
2650.0  0.0
2655.0  0.0
2660.0  0.0
2665.0  0.0
2670.0  0.0
2675.0  0.0
2680.0  0.0
2685.0  0.0
2690.0  0.0
2695.0  0.0
2700.0  0.0
2705.0  0.0
2710.0  0.0
2715.0  0.0
2720.0  0.0
2725.0  0.0
2730.0  0.0
2735.0  0.0
2740.0  0.0
2745.0  0.0
2750.0  0.0
2755.0  0.0
2760.0  4.16381e-16
2765.0  2.91015e-15
2770.0  3.32503e-15
2775.0  3.32503e-15
2780.0  3.32503e-15
2785.0  3.32503e-15
2790.0  2.90866e-15
2795.0  4.14886e-16
2800.0  0.0
2805.0  0.0
2810.0  0.0
2815.0  0.0
2820.0  0.0
2825.0  0.0
2830.0  0.0
2835.0  0.0
2840.0  0.0
2845.0  0.0
2850.0  8.32716e-16
2855.0  7.06933e-15
2860.0  1.66295e-14
2865.0  2.61882e-14
2870.0  3.32532e-14
2875.0  3.94869e-14
2880.0  4.23941e-14
2885.0  3.94826e-14
2890.0  3.24147e-14
2895.0  1.91118e-14
2900.0  2.48947e-15
2905.0  0.0
2910.0  0.0
2915.0  0.0
2920.0  0.0
2925.0  0.0
2930.0  0.0
2935.0  0.0
2940.0  0.0
2945.0  0.0
2950.0  1.33227e-14
2955.0  1.08111e-13
2960.0  2.26569e-13
2965.0  3.47514e-13
2970.0  4.5557e-13
2975.0  5.36603e-13
2980.0  5.74403e-13
2985.0  5.52763e-13
2990.0  4.57549e-13
2995.0  2.7297e-13
3000.0  3.56845e-14
3005.0  0.0
3010.0  0.0
3015.0  0.0
3020.0  0.0
3025.0  0.0
3030.0  0.0
3035.0  0.0
3040.0  0.0
3045.0  0.0
3050.0  1.86091e-13
3055.0  1.53394e-12
3060.0  3.38695e-12
3065.0  5.54334e-12
3070.0  7.93536e-12
3075.0  1.0494e-11
3080.0  1.31516e-11
3085.0  1.58369e-11
3090.0  1.84845e-11
3095.0  2.10231e-11
3100.0  2.33875e-11
3105.0  2.55341e-11
3110.0  2.74742e-11
3115.0  2.92447e-11
3120.0  3.08856e-11
3125.0  3.24359e-11
3130.0  3.39309e-11
3135.0  3.54122e-11
3140.0  3.69192e-11
3145.0  3.84875e-11
3150.0  4.01554e-11
3155.0  4.19327e-11
3160.0  4.39733e-11
3165.0  4.89035e-11
3170.0  6.26353e-11
3175.0  7.365e-11
3180.0  1.05143e-10
3185.0  1.64532e-10
3190.0  1.90736e-10
3195.0  1.43843e-10
3200.0  1.04249e-10
3205.0  1.39469e-10
3210.0  1.66835e-10
3215.0  1.1683e-10
3220.0  1.00407e-10
3225.0  2.04286e-10
3230.0  2.74748e-10
3235.0  1.74878e-10
3240.0  5.0071e-11
3245.0  3.21089e-11
3250.0  8.96654e-11
3255.0  1.20068e-10
3260.0  1.5714e-10
3265.0  2.40876e-10
3270.0  2.87434e-10
3275.0  2.25175e-10
3280.0  1.39153e-10
3285.0  1.23302e-10
3290.0  1.37124e-10
3295.0  1.17708e-10
3300.0  8.14396e-11
3305.0  6.84933e-11
3310.0  9.67509e-11
3315.0  1.57334e-10
3320.0  1.97448e-10
3325.0  1.7411e-10
3330.0  1.1375e-10
3335.0  7.03534e-11
3340.0  9.61589e-11
3345.0  1.93843e-10
3350.0  2.45185e-10
3355.0  1.73301e-10
3360.0  1.20115e-10
3365.0  1.03728e-10
3370.0  1.45299e-10
3375.0  1.26924e-10
3380.0  1.08206e-10
3385.0  1.58893e-10
3390.0  1.92989e-10
3395.0  1.43233e-10
3400.0  1.40612e-10
3405.0  1.57919e-10
3410.0  2.10629e-10
3415.0  1.71194e-10
3420.0  1.4484e-10
3425.0  1.10242e-10
3430.0  1.70986e-10
3435.0  2.33853e-10
3440.0  2.69588e-10
3445.0  2.78847e-10
3450.0  2.67067e-10
3455.0  2.41774e-10
3460.0  2.13213e-10
3465.0  1.9183e-10
3470.0  1.85338e-10
3475.0  1.94073e-10
3480.0  2.02438e-10
3485.0  1.99674e-10
3490.0  2.0271e-10
3495.0  2.27823e-10
3500.0  2.61678e-10
3505.0  2.8323e-10
3510.0  2.8183e-10
3515.0  2.55939e-10
3520.0  2.17112e-10
3525.0  1.82568e-10
3530.0  1.70414e-10
3535.0  1.81947e-10
3540.0  1.76512e-10
3545.0  1.338e-10
3550.0  1.24717e-10
3555.0  2.01228e-10
3560.0  2.76446e-10
3565.0  2.58254e-10
3570.0  1.81703e-10
3575.0  1.21593e-10
3580.0  1.23793e-10
3585.0  1.87489e-10
3590.0  2.26202e-10
3595.0  1.81581e-10
3600.0  1.48788e-10
3605.0  2.18191e-10
3610.0  3.14766e-10
3615.0  3.39379e-10
3620.0  2.99371e-10
3625.0  2.46139e-10
3630.0  2.33465e-10
3635.0  2.82174e-10
3640.0  3.30558e-10
3645.0  3.2789e-10
3650.0  3.30167e-10
3655.0  3.8366e-10
3660.0  4.05403e-10
3665.0  3.27985e-10
3670.0  2.51982e-10
3675.0  2.72516e-10
3680.0  3.03212e-10
3685.0  2.47353e-10
3690.0  1.64323e-10
3695.0  1.35795e-10
3700.0  1.42561e-10
3705.0  1.47261e-10
3710.0  1.68275e-10
3715.0  2.23213e-10
3720.0  2.70295e-10
3725.0  2.68634e-10
3730.0  2.40036e-10
3735.0  2.17548e-10
3740.0  2.00532e-10
3745.0  1.84832e-10
3750.0  1.91173e-10
3755.0  2.3297e-10
3760.0  2.79173e-10
3765.0  2.96219e-10
3770.0  2.88994e-10
3775.0  2.754e-10
3780.0  2.67934e-10
3785.0  2.73392e-10
3790.0  2.89702e-10
3795.0  3.07325e-10
3800.0  3.07368e-10
3805.0  2.83752e-10
3810.0  2.65477e-10
3815.0  3.1163e-10
3820.0  2.96984e-10
3825.0  1.38126e-10
3830.0  3.5654e-11
3835.0  1.58803e-10
3840.0  3.14764e-10
3845.0  2.96104e-10
3850.0  2.21847e-10
3855.0  2.70179e-10
3860.0  4.35244e-10
3865.0  6.09422e-10
3870.0  6.19198e-10
3875.0  3.79223e-10
3880.0  9.66019e-11
3885.0  1.60627e-11
3890.0  8.21468e-11
3895.0  2.64537e-10
3900.0  3.83855e-10
3905.0  3.42443e-10
3910.0  3.57661e-10
3915.0  4.8922e-10
3920.0  6.02404e-10
3925.0  5.79374e-10
3930.0  4.955e-10
3935.0  4.65589e-10
3940.0  4.7073e-10
3945.0  4.47548e-10
3950.0  3.94335e-10
3955.0  3.48976e-10
3960.0  3.76906e-10
3965.0  5.03909e-10
3970.0  6.11893e-10
3975.0  6.03607e-10
3980.0  6.0731e-10
3985.0  7.36392e-10
3990.0  8.32428e-10
3995.0  7.64291e-10
4000.0  7.09418e-10
4005.0  8.26097e-10
4010.0  9.49336e-10
4015.0  8.87706e-10
4020.0  7.1855e-10
4025.0  5.98074e-10
4030.0  5.6739e-10
4035.0  6.09699e-10
4040.0  6.8509e-10
4045.0  7.47735e-10
4050.0  7.97434e-10
4055.0  8.39772e-10
4060.0  8.44576e-10
4065.0  7.99147e-10
4070.0  7.34627e-10
4075.0  6.89358e-10
4080.0  6.79326e-10
4085.0  6.93765e-10
4090.0  7.12415e-10
4095.0  7.16621e-10
4100.0  6.89271e-10
4105.0  6.35142e-10
4110.0  5.85455e-10
4115.0  5.64689e-10
4120.0  5.73388e-10
4125.0  6.00587e-10
4130.0  6.43743e-10
4135.0  6.9825e-10
4140.0  7.25509e-10
4145.0  7.04824e-10
4150.0  6.92098e-10
4155.0  7.32075e-10
4160.0  7.78618e-10
4165.0  7.76245e-10
4170.0  7.33857e-10
4175.0  6.82495e-10
4180.0  6.4056e-10
4185.0  6.13418e-10
4190.0  5.90604e-10
4195.0  5.72017e-10
4200.0  5.92541e-10
4205.0  6.62284e-10
4210.0  7.00698e-10
4215.0  6.34055e-10
4220.0  5.03267e-10
4225.0  3.93028e-10
4230.0  3.64554e-10
4235.0  4.36351e-10
4240.0  5.42305e-10
4245.0  6.00465e-10
4250.0  5.99106e-10
4255.0  5.58654e-10
4260.0  5.07161e-10
4265.0  4.78872e-10
4270.0  4.87763e-10
4275.0  5.31534e-10
4280.0  5.97152e-10
4285.0  6.59051e-10
4290.0  6.98531e-10
4295.0  7.11294e-10
4300.0  7.09551e-10
4305.0  7.11667e-10
4310.0  7.11478e-10
4315.0  7.0464e-10
4320.0  7.29284e-10
4325.0  8.0076e-10
4330.0  8.60505e-10
4335.0  8.58553e-10
4340.0  8.17108e-10
4345.0  7.87821e-10
4350.0  7.9976e-10
4355.0  8.48583e-10
4360.0  9.06947e-10
4365.0  9.44909e-10
4370.0  9.54456e-10
4375.0  9.50308e-10
4380.0  9.44618e-10
4385.0  9.40015e-10
4390.0  9.3028e-10
4395.0  9.09447e-10
4400.0  9.07813e-10
4405.0  9.5485e-10
4410.0  1.02197e-09
4415.0  1.07527e-09
4420.0  1.11515e-09
4425.0  1.14981e-09
4430.0  1.18794e-09
4435.0  1.22806e-09
4440.0  1.24426e-09
4445.0  1.23134e-09
4450.0  1.25394e-09
4455.0  1.35871e-09
4460.0  1.47501e-09
4465.0  1.52334e-09
4470.0  1.52224e-09
4475.0  1.51577e-09
4480.0  1.52184e-09
4485.0  1.55304e-09
4490.0  1.61715e-09
4495.0  1.71128e-09
4500.0  1.81331e-09
4505.0  1.88417e-09
4510.0  1.89839e-09
4515.0  1.86052e-09
4520.0  1.79806e-09
4525.0  1.75572e-09
4530.0  1.76617e-09
4535.0  1.81998e-09
4540.0  1.88262e-09
4545.0  1.92945e-09
4550.0  1.98129e-09
4555.0  2.06993e-09
4560.0  2.15097e-09
4565.0  2.16888e-09
4570.0  2.15434e-09
4575.0  2.14148e-09
4580.0  2.10574e-09
4585.0  2.03726e-09
4590.0  1.98709e-09
4595.0  1.99955e-09
4600.0  2.05373e-09
4605.0  2.10829e-09
4610.0  2.13902e-09
4615.0  2.14136e-09
4620.0  2.13212e-09
4625.0  2.12351e-09
4630.0  2.11724e-09
4635.0  2.11231e-09
4640.0  2.09511e-09
4645.0  2.06662e-09
4650.0  2.06156e-09
4655.0  2.09603e-09
4660.0  2.13802e-09
4665.0  2.14987e-09
4670.0  2.12273e-09
4675.0  2.08014e-09
4680.0  2.08025e-09
4685.0  2.14833e-09
4690.0  2.20335e-09
4695.0  2.17923e-09
4700.0  2.1452e-09
4705.0  2.17256e-09
4710.0  2.21924e-09
4715.0  2.22658e-09
4720.0  2.21136e-09
4725.0  2.21742e-09
4730.0  2.24151e-09
4735.0  2.27021e-09
4740.0  2.33096e-09
4745.0  2.41519e-09
4750.0  2.4266e-09
4755.0  2.29364e-09
4760.0  2.05798e-09
4765.0  1.81738e-09
4770.0  1.66941e-09
4775.0  1.66165e-09
4780.0  1.74449e-09
4785.0  1.84497e-09
4790.0  1.93966e-09
4795.0  2.01116e-09
4800.0  2.00807e-09
4805.0  1.9141e-09
4810.0  1.8173e-09
4815.0  1.8074e-09
4820.0  1.86498e-09
4825.0  1.93141e-09
4830.0  1.98408e-09
4835.0  2.02014e-09
4840.0  2.04921e-09
4845.0  2.08119e-09
4850.0  2.09979e-09
4855.0  2.09474e-09
4860.0  2.09791e-09
4865.0  2.13967e-09
4870.0  2.20674e-09
4875.0  2.27158e-09
4880.0  2.3278e-09
4885.0  2.37919e-09
4890.0  2.43015e-09
4895.0  2.49509e-09
4900.0  2.58827e-09
4905.0  2.70311e-09
4910.0  2.81027e-09
4915.0  2.87977e-09
4920.0  2.91504e-09
4925.0  2.95877e-09
4930.0  3.06221e-09
4935.0  3.21507e-09
4940.0  3.2783e-09
4945.0  3.11928e-09
4950.0  2.79889e-09
4955.0  2.4645e-09
4960.0  2.21576e-09
4965.0  2.10989e-09
4970.0  2.12659e-09
4975.0  2.20394e-09
4980.0  2.31568e-09
4985.0  2.42759e-09
4990.0  2.45032e-09
4995.0  2.33752e-09
5000.0  2.17679e-09
5005.0  2.07456e-09
5010.0  2.05244e-09
5015.0  2.09247e-09
5020.0  2.16142e-09
5025.0  2.226e-09
5030.0  2.27149e-09
5035.0  2.29906e-09
5040.0  2.34696e-09
5045.0  2.4413e-09
5050.0  2.53496e-09
5055.0  2.58336e-09
5060.0  2.60629e-09
5065.0  2.63589e-09
5070.0  2.67446e-09
5075.0  2.70616e-09
5080.0  2.71077e-09
5085.0  2.68262e-09
5090.0  2.64771e-09
5095.0  2.63352e-09
5100.0  2.63624e-09
5105.0  2.63729e-09
5110.0  2.62272e-09
5115.0  2.60081e-09
5120.0  2.62374e-09
5125.0  2.71691e-09
5130.0  2.80183e-09
5135.0  2.80927e-09
5140.0  2.79335e-09
5145.0  2.82146e-09
5150.0  2.85354e-09
5155.0  2.80401e-09
5160.0  2.61683e-09
5165.0  2.30096e-09
5170.0  1.99327e-09
5175.0  1.85355e-09
5180.0  1.9088e-09
5185.0  2.09238e-09
5190.0  2.28315e-09
5195.0  2.37299e-09
5200.0  2.39287e-09
5205.0  2.44723e-09
5210.0  2.59987e-09
5215.0  2.85507e-09
5220.0  3.11851e-09
5225.0  3.27321e-09
5230.0  3.32333e-09
5235.0  3.33293e-09
5240.0  3.32667e-09
5245.0  3.32039e-09
5250.0  3.32833e-09
5255.0  3.33379e-09
5260.0  3.3123e-09
5265.0  3.27818e-09
5270.0  3.30296e-09
5275.0  3.44098e-09
5280.0  3.6315e-09
5285.0  3.77128e-09
5290.0  3.82542e-09
5295.0  3.8129e-09
5300.0  3.78084e-09
5305.0  3.77021e-09
5310.0  3.76353e-09
5315.0  3.72454e-09
5320.0  3.66847e-09
5325.0  3.63787e-09
5330.0  3.65939e-09
5335.0  3.74268e-09
5340.0  3.87201e-09
5345.0  4.00445e-09
5350.0  4.09448e-09
5355.0  4.13147e-09
5360.0  4.15391e-09
5365.0  4.2104e-09
5370.0  4.31987e-09
5375.0  4.45262e-09
5380.0  4.53137e-09
5385.0  4.51311e-09
5390.0  4.44867e-09
5395.0  4.41107e-09
5400.0  4.42056e-09
5405.0  4.46089e-09
5410.0  4.53065e-09
5415.0  4.6188e-09
5420.0  4.65584e-09
5425.0  4.61191e-09
5430.0  4.57802e-09
5435.0  4.60229e-09
5440.0  4.54879e-09
5445.0  4.2918e-09
5450.0  3.92385e-09
5455.0  3.60782e-09
5460.0  3.41768e-09
5465.0  3.36887e-09
5470.0  3.42455e-09
5475.0  3.52433e-09
5480.0  3.63603e-09
5485.0  3.72576e-09
5490.0  3.73067e-09
5495.0  3.61995e-09
5500.0  3.44741e-09
5505.0  3.28658e-09
5510.0  3.17051e-09
5515.0  3.10225e-09
5520.0  3.05984e-09
5525.0  3.01778e-09
5530.0  2.97601e-09
5535.0  2.94011e-09
5540.0  2.90484e-09
5545.0  2.87986e-09
5550.0  2.91052e-09
5555.0  3.04091e-09
5560.0  3.26945e-09
5565.0  3.55367e-09
5570.0  3.81423e-09
5575.0  3.97087e-09
5580.0  3.9917e-09
5585.0  3.89003e-09
5590.0  3.71952e-09
5595.0  3.55337e-09
5600.0  3.44582e-09
5605.0  3.42267e-09
5610.0  3.47994e-09
5615.0  3.57282e-09
5620.0  3.62794e-09
5625.0  3.60197e-09
5630.0  3.52216e-09
5635.0  3.46371e-09
5640.0  3.5084e-09
5645.0  3.67116e-09
5650.0  3.85057e-09
5655.0  3.9378e-09
5660.0  3.93446e-09
5665.0  3.90182e-09
5670.0  3.87928e-09
5675.0  3.88967e-09
5680.0  3.9554e-09
5685.0  4.06368e-09
5690.0  4.14827e-09
5695.0  4.17745e-09
5700.0  4.22145e-09
5705.0  4.33539e-09
5710.0  4.4433e-09
5715.0  4.45631e-09
5720.0  4.40925e-09
5725.0  4.38865e-09
5730.0  4.45005e-09
5735.0  4.6057e-09
5740.0  4.79451e-09
5745.0  4.93218e-09
5750.0  4.98186e-09
5755.0  4.94254e-09
5760.0  4.83832e-09
5765.0  4.70678e-09
5770.0  4.58104e-09
5775.0  4.48923e-09
5780.0  4.45385e-09
5785.0  4.48272e-09
5790.0  4.55408e-09
5795.0  4.61905e-09
5800.0  4.61673e-09
5805.0  4.50701e-09
5810.0  4.30735e-09
5815.0  4.08457e-09
5820.0  3.92415e-09
5825.0  3.88156e-09
5830.0  3.93993e-09
5835.0  4.02994e-09
5840.0  4.07015e-09
5845.0  4.01154e-09
5850.0  3.86562e-09
5855.0  3.679e-09
5860.0  3.49063e-09
5865.0  3.30424e-09
5870.0  3.09106e-09
5875.0  2.81717e-09
5880.0  2.48447e-09
5885.0  2.15117e-09
5890.0  1.90953e-09
5895.0  1.83764e-09
5900.0  1.95553e-09
5905.0  2.20898e-09
5910.0  2.49086e-09
5915.0  2.71147e-09
5920.0  2.83924e-09
5925.0  2.89785e-09
5930.0  2.9404e-09
5935.0  2.99404e-09
5940.0  3.04358e-09
5945.0  3.06053e-09
5950.0  3.03779e-09
5955.0  3.00597e-09
5960.0  3.01614e-09
5965.0  3.10177e-09
5970.0  3.25017e-09
5975.0  3.41899e-09
5980.0  3.56494e-09
5985.0  3.66684e-09
5990.0  3.7352e-09
5995.0  3.78723e-09
6000.0  3.83255e-09
6005.0  3.87255e-09
6010.0  3.90609e-09
6015.0  3.94188e-09
6020.0  3.99369e-09
6025.0  4.06779e-09
6030.0  4.15904e-09
6035.0  4.25216e-09
6040.0  4.33386e-09
6045.0  4.39983e-09
6050.0  4.44854e-09
6055.0  4.47911e-09
6060.0  4.48609e-09
6065.0  4.46498e-09
6070.0  4.42775e-09
6075.0  4.39718e-09
6080.0  4.39986e-09
6085.0  4.45211e-09
6090.0  4.54007e-09
6095.0  4.63145e-09
6100.0  4.68937e-09
6105.0  4.68877e-09
6110.0  4.63987e-09
6115.0  4.57743e-09
6120.0  4.54703e-09
6125.0  4.58022e-09
6130.0  4.65992e-09
6135.0  4.72787e-09
6140.0  4.70502e-09
6145.0  4.53075e-09
6150.0  4.21304e-09
6155.0  3.82095e-09
6160.0  3.45127e-09
6165.0  3.18163e-09
6170.0  3.02804e-09
6175.0  2.95452e-09
6180.0  2.90883e-09
6185.0  2.85894e-09
6190.0  2.80599e-09
6195.0  2.76719e-09
6200.0  2.75038e-09
6205.0  2.74223e-09
6210.0  2.72077e-09
6215.0  2.67751e-09
6220.0  2.62739e-09
6225.0  2.59952e-09
6230.0  2.61492e-09
6235.0  2.67265e-09
6240.0  2.75399e-09
6245.0  2.83894e-09
6250.0  2.92228e-09
6255.0  3.01242e-09
6260.0  3.12002e-09
6265.0  3.24596e-09
6270.0  3.37679e-09
6275.0  3.49758e-09
6280.0  3.60248e-09
6285.0  3.69988e-09
6290.0  3.81295e-09
6295.0  3.96303e-09
6300.0  4.16096e-09
6305.0  4.4022e-09
6310.0  4.66169e-09
6315.0  4.9136e-09
6320.0  5.14037e-09
6325.0  5.33446e-09
6330.0  5.50107e-09
6335.0  5.64112e-09
6340.0  5.74607e-09
6345.0  5.80278e-09
6350.0  5.80139e-09
6355.0  5.74452e-09
6360.0  5.64612e-09
6365.0  5.52833e-09
6370.0  5.42036e-09
6375.0  5.35317e-09
6380.0  5.35964e-09
6385.0  5.46689e-09
6390.0  5.67365e-09
6395.0  5.94951e-09
6400.0  6.23828e-09
6405.0  6.47734e-09
6410.0  6.63156e-09
6415.0  6.70421e-09
6420.0  6.73376e-09
6425.0  6.77173e-09
6430.0  6.85285e-09
6435.0  6.98058e-09
6440.0  7.13398e-09
6445.0  7.28618e-09
6450.0  7.4192e-09
6455.0  7.5334e-09
6460.0  7.63575e-09
6465.0  7.72509e-09
6470.0  7.79278e-09
6475.0  7.82431e-09
6480.0  7.8164e-09
6485.0  7.79287e-09
6490.0  7.8014e-09
6495.0  7.89388e-09
6500.0  8.0994e-09
6505.0  8.40286e-09
6510.0  8.74472e-09
6515.0  9.05516e-09
6520.0  9.28946e-09
6525.0  9.44225e-09
6530.0  9.53678e-09
6535.0  9.59343e-09
6540.0  9.60382e-09
6545.0  9.53594e-09
6550.0  9.37046e-09
6555.0  9.12178e-09
6560.0  8.84539e-09
6565.0  8.6161e-09
6570.0  8.4818e-09
6575.0  8.44547e-09
6580.0  8.46822e-09
6585.0  8.49192e-09
6590.0  8.46949e-09
6595.0  8.37806e-09
6600.0  8.21751e-09
6605.0  8.00428e-09
6610.0  7.76691e-09
6615.0  7.53921e-09
6620.0  7.35257e-09
6625.0  7.2216e-09
6630.0  7.13056e-09
6635.0  7.04326e-09
6640.0  6.92882e-09
6645.0  6.78597e-09
6650.0  6.64696e-09
6655.0  6.55126e-09
6660.0  6.50781e-09
6665.0  6.47766e-09
6670.0  6.40093e-09
6675.0  6.24568e-09
6680.0  6.04162e-09
6685.0  5.86781e-09
6690.0  5.79278e-09
6695.0  5.81478e-09
6700.0  5.85438e-09
6705.0  5.81094e-09
6710.0  5.64081e-09
6715.0  5.39612e-09
6720.0  5.19398e-09
6725.0  5.13008e-09
6730.0  5.21131e-09
6735.0  5.35906e-09
6740.0  5.47248e-09
6745.0  5.50264e-09
6750.0  5.47827e-09
6755.0  5.46545e-09
6760.0  5.49936e-09
6765.0  5.55324e-09
6770.0  5.56851e-09
6775.0  5.50512e-09
6780.0  5.38352e-09
6785.0  5.27302e-09
6790.0  5.23315e-09
6795.0  5.27449e-09
6800.0  5.35726e-09
6805.0  5.42668e-09
6810.0  5.45714e-09
6815.0  5.4658e-09
6820.0  5.48389e-09
6825.0  5.52127e-09
6830.0  5.56091e-09
6835.0  5.57003e-09
6840.0  5.53724e-09
6845.0  5.49369e-09
6850.0  5.48436e-09
6855.0  5.54223e-09
6860.0  5.65772e-09
6865.0  5.77745e-09
6870.0  5.84902e-09
6875.0  5.85096e-09
6880.0  5.81496e-09
6885.0  5.81255e-09
6890.0  5.90469e-09
6895.0  6.11159e-09
6900.0  6.39421e-09
6905.0  6.67592e-09
6910.0  6.89746e-09
6915.0  7.05247e-09
6920.0  7.19517e-09
6925.0  7.40468e-09
6930.0  7.71753e-09
6935.0  8.09328e-09
6940.0  8.43159e-09
6945.0  8.6317e-09
6950.0  8.67835e-09
6955.0  8.65855e-09
6960.0  8.70346e-09
6965.0  8.90118e-09
6970.0  9.22515e-09
6975.0  9.56528e-09
6980.0  9.80473e-09
6985.0  9.90345e-09
6990.0  9.93648e-09
6995.0  1.00199e-08
7000.0  1.02219e-08
7005.0  1.05191e-08
7010.0  1.08156e-08
7015.0  1.10442e-08
7020.0  1.12283e-08
7025.0  1.14486e-08
7030.0  1.17546e-08
7035.0  1.20758e-08
7040.0  1.22343e-08
7045.0  1.20585e-08
7050.0  1.15223e-08
7055.0  1.07978e-08
7060.0  1.01505e-08
7065.0  9.7646e-09
7070.0  9.62858e-09
7075.0  9.55681e-09
7080.0  9.34523e-09
7085.0  8.94026e-09
7090.0  8.47739e-09
7095.0  8.17611e-09
7100.0  8.17042e-09
7105.0  8.39563e-09
7110.0  8.61796e-09
7115.0  8.60011e-09
7120.0  8.25712e-09
7125.0  7.7045e-09
7130.0  7.19354e-09
7135.0  6.94286e-09
7140.0  7.01202e-09
7145.0  7.30444e-09
7150.0  7.6447e-09
7155.0  7.90474e-09
7160.0  8.06292e-09
7165.0  8.18161e-09
7170.0  8.34384e-09
7175.0  8.58007e-09
7180.0  8.85122e-09
7185.0  9.08238e-09
7190.0  9.21898e-09
7195.0  9.26839e-09
7200.0  9.30333e-09
7205.0  9.42052e-09
7210.0  9.67769e-09
7215.0  1.00578e-08
7220.0  1.04746e-08
7225.0  1.08269e-08
7230.0  1.10744e-08
7235.0  1.12628e-08
7240.0  1.14848e-08
7245.0  1.18097e-08
7250.0  1.22316e-08
7255.0  1.26752e-08
7260.0  1.30552e-08
7265.0  1.33428e-08
7270.0  1.35788e-08
7275.0  1.38303e-08
7280.0  1.41309e-08
7285.0  1.44539e-08
7290.0  1.47452e-08
7295.0  1.49816e-08
7300.0  1.52018e-08
7305.0  1.54792e-08
7310.0  1.58572e-08
7315.0  1.63081e-08
7320.0  1.67425e-08
7325.0  1.70678e-08
7330.0  1.72548e-08
7335.0  1.73471e-08
7340.0  1.74285e-08
7345.0  1.7573e-08
7350.0  1.78039e-08
7355.0  1.81011e-08
7360.0  1.84265e-08
7365.0  1.87439e-08
7370.0  1.90244e-08
7375.0  1.92482e-08
7380.0  1.94057e-08
7385.0  1.95072e-08
7390.0  1.95886e-08
7395.0  1.96905e-08
7400.0  1.98335e-08
7405.0  2.0004e-08
7410.0  2.01587e-08
7415.0  2.02624e-08
7420.0  2.03112e-08
7425.0  2.03315e-08
7430.0  2.036e-08
7435.0  2.04102e-08
7440.0  2.04682e-08
7445.0  2.05158e-08
7450.0  2.05543e-08
7455.0  2.06145e-08
7460.0  2.07343e-08
7465.0  2.09214e-08
7470.0  2.11357e-08
7475.0  2.13107e-08
7480.0  2.13981e-08
7485.0  2.14011e-08
7490.0  2.13772e-08
7495.0  2.1397e-08
7500.0  2.14973e-08
7505.0  2.16597e-08
7510.0  2.1824e-08
7515.0  2.19334e-08
7520.0  2.19738e-08
7525.0  2.19817e-08
7530.0  2.20181e-08
7535.0  2.2125e-08
7540.0  2.22965e-08
7545.0  2.24798e-08
7550.0  2.26045e-08
7555.0  2.26309e-08
7560.0  2.2563e-08
7565.0  2.24197e-08
7570.0  2.21939e-08
7575.0  2.18208e-08
7580.0  2.12234e-08
7585.0  2.04138e-08
7590.0  1.95704e-08
7595.0  1.89701e-08
7600.0  1.88313e-08
7605.0  1.91512e-08
7610.0  1.96271e-08
7615.0  1.98602e-08
7620.0  1.95975e-08
7625.0  1.88805e-08
7630.0  1.80297e-08
7635.0  1.73371e-08
7640.0  1.68738e-08
7645.0  1.64905e-08
7650.0  1.59513e-08
7655.0  1.52107e-08
7660.0  1.44612e-08
7665.0  1.39734e-08
7670.0  1.3909e-08
7675.0  1.41502e-08
7680.0  1.43931e-08
7685.0  1.44079e-08
7690.0  1.42005e-08
7695.0  1.40344e-08
7700.0  1.42339e-08
7705.0  1.4932e-08
7710.0  1.59684e-08
7715.0  1.69847e-08
7720.0  1.76511e-08
7725.0  1.78455e-08
7730.0  1.76813e-08
7735.0  1.73777e-08
7740.0  1.71013e-08
7745.0  1.68954e-08
7750.0  1.6723e-08
7755.0  1.65468e-08
7760.0  1.63834e-08
7765.0  1.62887e-08
7770.0  1.62934e-08
7775.0  1.63819e-08
7780.0  1.65058e-08
7785.0  1.6626e-08
7790.0  1.67536e-08
7795.0  1.69315e-08
7800.0  1.719e-08
7805.0  1.75047e-08
7810.0  1.77869e-08
7815.0  1.79329e-08
7820.0  1.78912e-08
7825.0  1.77119e-08
7830.0  1.75415e-08
7835.0  1.75376e-08
7840.0  1.77727e-08
7845.0  1.81918e-08
7850.0  1.86437e-08
7855.0  1.89826e-08
7860.0  1.91635e-08
7865.0  1.92636e-08
7870.0  1.94114e-08
7875.0  1.96883e-08
7880.0  2.00623e-08
7885.0  2.04022e-08
7890.0  2.05678e-08
7895.0  2.04988e-08
7900.0  2.02497e-08
7905.0  1.99549e-08
7910.0  1.97587e-08
7915.0  1.97404e-08
7920.0  1.98899e-08
7925.0  2.01403e-08
7930.0  2.04064e-08
7935.0  2.06392e-08
7940.0  2.08389e-08
7945.0  2.10395e-08
7950.0  2.12882e-08
7955.0  2.16096e-08
7960.0  2.19887e-08
7965.0  2.23779e-08
7970.0  2.27132e-08
7975.0  2.29503e-08
7980.0  2.30898e-08
7985.0  2.31718e-08
7990.0  2.32595e-08
7995.0  2.33919e-08
8000.0  2.35724e-08
8005.0  2.3951e-08
8010.0  2.43226e-08
8015.0  2.45943e-08
8020.0  2.47454e-08
8025.0  2.48069e-08
8030.0  2.48513e-08
8035.0  2.49628e-08
8040.0  2.51915e-08
8045.0  2.55165e-08
8050.0  2.58524e-08
8055.0  2.61034e-08
8060.0  2.62282e-08
8065.0  2.62718e-08
8070.0  2.6332e-08
8075.0  2.64745e-08
8080.0  2.66789e-08
8085.0  2.68629e-08
8090.0  2.6957e-08
8095.0  2.69698e-08
8100.0  2.69903e-08
8105.0  2.71164e-08
8110.0  2.73793e-08
8115.0  2.77234e-08
8120.0  2.80422e-08
8125.0  2.82355e-08
8130.0  2.82484e-08
8135.0  2.80846e-08
8140.0  2.78215e-08
8145.0  2.76113e-08
8150.0  2.76226e-08
8155.0  2.79105e-08
8160.0  2.82751e-08
8165.0  2.82622e-08
8170.0  2.73959e-08
8175.0  2.55324e-08
8180.0  2.30892e-08
8185.0  2.09491e-08
8190.0  2.00102e-08
8195.0  2.06439e-08
8200.0  2.2474e-08
8205.0  2.46252e-08
8210.0  2.62524e-08
8215.0  2.70089e-08
8220.0  2.71458e-08
8225.0  2.71833e-08
8230.0  2.7478e-08
8235.0  2.80165e-08
8240.0  2.85228e-08
8245.0  2.87455e-08
8250.0  2.86718e-08
8255.0  2.84933e-08
8260.0  2.83969e-08
8265.0  2.83966e-08
8270.0  2.83334e-08
8275.0  2.8029e-08
8280.0  2.74595e-08
8285.0  2.67923e-08
8290.0  2.6268e-08
8295.0  2.60472e-08
8300.0  2.61285e-08
8305.0  2.6376e-08
8310.0  2.66206e-08
8315.0  2.67608e-08
8320.0  2.67916e-08
8325.0  2.67656e-08
8330.0  2.67374e-08
8335.0  2.67322e-08
8340.0  2.67559e-08
8345.0  2.68189e-08
8350.0  2.6935e-08
8355.0  2.70914e-08
8360.0  2.72215e-08
8365.0  2.7219e-08
8370.0  2.70075e-08
8375.0  2.6623e-08
8380.0  2.62297e-08
8385.0  2.60438e-08
8390.0  2.62054e-08
8395.0  2.66808e-08
8400.0  2.72673e-08
8405.0  2.77087e-08
8410.0  2.78256e-08
8415.0  2.75772e-08
8420.0  2.704e-08
8425.0  2.63399e-08
8430.0  2.5594e-08
8435.0  2.48941e-08
8440.0  2.43116e-08
8445.0  2.38846e-08
8450.0  2.3597e-08
8455.0  2.33809e-08
8460.0  2.31664e-08
8465.0  2.29502e-08
8470.0  2.28186e-08
8475.0  2.28861e-08
8480.0  2.31916e-08
8485.0  2.36303e-08
8490.0  2.39933e-08
8495.0  2.40996e-08
8500.0  2.39151e-08
8505.0  2.35688e-08
8510.0  2.32611e-08
8515.0  2.31313e-08
8520.0  2.31819e-08
8525.0  2.33229e-08
8530.0  2.3479e-08
8535.0  2.36527e-08
8540.0  2.39054e-08
8545.0  2.42813e-08
8550.0  2.47437e-08
8555.0  2.51897e-08
8560.0  2.55232e-08
8565.0  2.57128e-08
8570.0  2.57952e-08
8575.0  2.58332e-08
8580.0  2.58703e-08
8585.0  2.59213e-08
8590.0  2.59884e-08
8595.0  2.60657e-08
8600.0  2.61233e-08
8605.0  2.61008e-08
8610.0  2.59455e-08
8615.0  2.56836e-08
8620.0  2.54518e-08
8625.0  2.54327e-08
8630.0  2.57194e-08
8635.0  2.6206e-08
8640.0  2.66192e-08
8645.0  2.6705e-08
8650.0  2.64339e-08
8655.0  2.60427e-08
8660.0  2.58767e-08
8665.0  2.61328e-08
8670.0  2.66886e-08
8675.0  2.71848e-08
8680.0  2.72916e-08
8685.0  2.69409e-08
8690.0  2.63622e-08
8695.0  2.59034e-08
8700.0  2.57756e-08
8705.0  2.5934e-08
8710.0  2.61715e-08
8715.0  2.6309e-08
8720.0  2.63284e-08
8725.0  2.63583e-08
8730.0  2.65333e-08
8735.0  2.68637e-08
8740.0  2.72161e-08
8745.0  2.74117e-08
8750.0  2.73555e-08
8755.0  2.71078e-08
8760.0  2.6853e-08
8765.0  2.67768e-08
8770.0  2.6955e-08
8775.0  2.73147e-08
8780.0  2.76867e-08
8785.0  2.79204e-08
8790.0  2.79914e-08
8795.0  2.80122e-08
8800.0  2.81371e-08
8805.0  2.84348e-08
8810.0  2.88292e-08
8815.0  2.91559e-08
8820.0  2.92995e-08
8825.0  2.92954e-08
8830.0  2.92918e-08
8835.0  2.94088e-08
8840.0  2.96056e-08
8845.0  2.96663e-08
8850.0  2.93375e-08
8855.0  2.85244e-08
8860.0  2.7381e-08
8865.0  2.62325e-08
8870.0  2.5394e-08
8875.0  2.50088e-08
8880.0  2.50115e-08
8885.0  2.5231e-08
8890.0  2.553e-08
8895.0  2.58711e-08
8900.0  2.63337e-08
8905.0  2.70868e-08
8910.0  2.73757e-08
8915.0  2.75264e-08
8920.0  2.7597e-08
8925.0  2.76015e-08
8930.0  2.75817e-08
8935.0  2.75806e-08
8940.0  2.76112e-08
8945.0  2.76545e-08
8950.0  2.76915e-08
8955.0  2.7733e-08
8960.0  2.78167e-08
8965.0  2.7971e-08
8970.0  2.81748e-08
8975.0  2.83544e-08
8980.0  2.84399e-08
8985.0  2.84323e-08
8990.0  2.84192e-08
8995.0  2.85189e-08
9000.0  2.87818e-08
9005.0  2.91358e-08
9010.0  2.94341e-08
9015.0  2.95734e-08
9020.0  2.95825e-08
9025.0  2.9603e-08
9030.0  2.97546e-08
9035.0  3.00238e-08
9040.0  3.02507e-08
9045.0  3.02475e-08
9050.0  2.99782e-08
9055.0  2.95773e-08
9060.0  2.92724e-08
9065.0  2.92315e-08
9070.0  2.94258e-08
9075.0  2.97017e-08
9080.0  2.9897e-08
9085.0  2.99429e-08
9090.0  2.99099e-08
9095.0  2.99105e-08
9100.0  3.00157e-08
9105.0  3.0227e-08
9110.0  3.04796e-08
9115.0  3.07153e-08
9120.0  3.09077e-08
9125.0  3.10479e-08
9130.0  3.11448e-08
9135.0  3.12108e-08
9140.0  3.12687e-08
9145.0  3.13532e-08
9150.0  3.14832e-08
9155.0  3.16334e-08
9160.0  3.17371e-08
9165.0  3.1737e-08
9170.0  3.16442e-08
9175.0  3.15442e-08
9180.0  3.15471e-08
9185.0  3.17e-08
9190.0  3.19239e-08
9195.0  3.20807e-08
9200.0  3.20608e-08
9205.0  3.18496e-08
9210.0  3.15468e-08
9215.0  3.12534e-08
9220.0  3.09964e-08
9225.0  3.07288e-08
9230.0  3.03773e-08
9235.0  2.99312e-08
9240.0  2.94725e-08
9245.0  2.91204e-08
9250.0  2.89456e-08
9255.0  2.8931e-08
9260.0  2.89823e-08
9265.0  2.89907e-08
9270.0  2.89109e-08
9275.0  2.87606e-08
9280.0  2.85973e-08
9285.0  2.8474e-08
9290.0  2.83766e-08
9295.0  2.82461e-08
9300.0  2.79917e-08
9305.0  2.7534e-08
9310.0  2.69053e-08
9315.0  2.62129e-08
9320.0  2.56316e-08
9325.0  2.53481e-08
9330.0  2.54076e-08
9335.0  2.57501e-08
9340.0  2.62153e-08
9345.0  2.65942e-08
9350.0  2.67835e-08
9355.0  2.67722e-08
9360.0  2.66498e-08
9365.0  2.65798e-08
9370.0  2.67034e-08
9375.0  2.70998e-08
9380.0  2.77622e-08
9385.0  2.85842e-08
9390.0  2.93648e-08
9395.0  2.99076e-08
9400.0  3.00684e-08
9405.0  2.97911e-08
9410.0  2.9173e-08
9415.0  2.83642e-08
9420.0  2.75221e-08
9425.0  2.67987e-08
9430.0  2.62996e-08
9435.0  2.60946e-08
9440.0  2.62165e-08
9445.0  2.66346e-08
9450.0  2.72255e-08
9455.0  2.7856e-08
9460.0  2.8417e-08
9465.0  2.88355e-08
9470.0  2.91052e-08
9475.0  2.92224e-08
9480.0  2.91783e-08
9485.0  2.89967e-08
9490.0  2.8761e-08
9495.0  2.85957e-08
9500.0  2.86278e-08
9505.0  2.89282e-08
9510.0  2.94478e-08
9515.0  3.00637e-08
9520.0  3.06166e-08
9525.0  3.0955e-08
9530.0  3.10071e-08
9535.0  3.07815e-08
9540.0  3.03688e-08
9545.0  2.99171e-08
9550.0  2.95576e-08
9555.0  2.93547e-08
9560.0  2.92841e-08
9565.0  2.92588e-08
9570.0  2.91936e-08
9575.0  2.90599e-08
9580.0  2.88818e-08
9585.0  2.87042e-08
9590.0  2.85767e-08
9595.0  2.85461e-08
9600.0  2.86795e-08
9605.0  2.90477e-08
9610.0  2.96353e-08
9615.0  3.03028e-08
9620.0  3.07995e-08
9625.0  3.08834e-08
9630.0  3.05239e-08
9635.0  2.99406e-08
9640.0  2.94957e-08
9645.0  2.94728e-08
9650.0  2.98615e-08
9655.0  3.03883e-08
9660.0  3.07027e-08
9665.0  3.06201e-08
9670.0  3.02483e-08
9675.0  2.98689e-08
9680.0  2.97309e-08
9685.0  2.98965e-08
9690.0  3.02304e-08
9695.0  3.05531e-08
9700.0  3.07792e-08
9705.0  3.09468e-08
9710.0  3.11494e-08
9715.0  3.14113e-08
9720.0  3.16463e-08
9725.0  3.17221e-08
9730.0  3.15554e-08
9735.0  3.12014e-08
9740.0  3.08299e-08
9745.0  3.06165e-08
9750.0  3.06365e-08
9755.0  3.08008e-08
9760.0  3.09114e-08
9765.0  3.08016e-08
9770.0  3.04758e-08
9775.0  3.0124e-08
9780.0  3.00281e-08
9785.0  3.03797e-08
9790.0  3.11158e-08
9795.0  3.19725e-08
9800.0  3.26296e-08
9805.0  3.28838e-08
9810.0  3.27648e-08
9815.0  3.24555e-08
9820.0  3.21517e-08
9825.0  3.19604e-08
9830.0  3.18718e-08
9835.0  3.18254e-08
9840.0  3.17782e-08
9845.0  3.17181e-08
9850.0  3.1644e-08
9855.0  3.15416e-08
9860.0  3.1412e-08
9865.0  3.13113e-08
9870.0  3.13256e-08
9875.0  3.14983e-08
9880.0  3.1738e-08
9885.0  3.18174e-08
9890.0  3.15068e-08
9895.0  3.07223e-08
9900.0  2.9622e-08
9905.0  2.85548e-08
9910.0  2.78586e-08
9915.0  2.77124e-08
9920.0  2.80743e-08
9925.0  2.87237e-08
9930.0  2.94056e-08
9935.0  2.9956e-08
9940.0  3.03199e-08
9945.0  3.05138e-08
9950.0  3.06015e-08
9955.0  3.06524e-08
9960.0  3.07208e-08
9965.0  3.08252e-08
9970.0  3.0925e-08
9975.0  3.09313e-08
9980.0  3.07641e-08
9985.0  3.04201e-08
9990.0  3.00045e-08
9995.0  2.98727e-08
10000.0  3.08492e-08
10005.0  3.13665e-08
10010.0  3.17674e-08
10015.0  3.20662e-08
10020.0  3.21573e-08
10025.0  3.19886e-08
10030.0  3.16467e-08
10035.0  3.12717e-08
10040.0  3.10044e-08
10045.0  3.09449e-08
10050.0  3.10859e-08
10055.0  3.13791e-08
10060.0  3.17721e-08
10065.0  3.2216e-08
10070.0  3.26697e-08
10075.0  3.30956e-08
10080.0  3.34565e-08
10085.0  3.37182e-08
10090.0  3.38551e-08
10095.0  3.38442e-08
10100.0  3.36655e-08
10105.0  3.33201e-08
10110.0  3.28657e-08
10115.0  3.23811e-08
10120.0  3.19463e-08
10125.0  3.16268e-08
10130.0  3.14505e-08
10135.0  3.14312e-08
10140.0  3.15791e-08
10145.0  3.18827e-08
10150.0  3.22747e-08
10155.0  3.26661e-08
10160.0  3.29683e-08
10165.0  3.31168e-08
10170.0  3.31104e-08
10175.0  3.29718e-08
10180.0  3.27275e-08
10185.0  3.24145e-08
10190.0  3.2097e-08
10195.0  3.18497e-08
10200.0  3.1745e-08
10205.0  3.18185e-08
10210.0  3.20114e-08
10215.0  3.22285e-08
10220.0  3.23728e-08
10225.0  3.23662e-08
10230.0  3.21808e-08
10235.0  3.18074e-08
10240.0  3.1243e-08
10245.0  3.05247e-08
10250.0  2.97942e-08
10255.0  2.92333e-08
10260.0  2.90194e-08
10265.0  2.92423e-08
10270.0  2.97655e-08
10275.0  3.03652e-08
10280.0  3.08171e-08
10285.0  3.09759e-08
10290.0  3.09031e-08
10295.0  3.07392e-08
10300.0  3.07074e-08
10305.0  3.12098e-08
10310.0  3.13766e-08
10315.0  3.14824e-08
10320.0  3.15676e-08
10325.0  3.16066e-08
10330.0  3.16125e-08
10335.0  3.16125e-08
10340.0  3.16348e-08
10345.0  3.16984e-08
10350.0  3.17984e-08
10355.0  3.19203e-08
10360.0  3.20491e-08
10365.0  3.21677e-08
10370.0  3.22548e-08
10375.0  3.22873e-08
10380.0  3.2244e-08
10385.0  3.2122e-08
10390.0  3.19672e-08
10395.0  3.18435e-08
10400.0  3.18143e-08
10405.0  3.1914e-08
10410.0  3.21027e-08
10415.0  3.23122e-08
10420.0  3.24737e-08
10425.0  3.25482e-08
10430.0  3.25728e-08
10435.0  3.26137e-08
10440.0  3.27367e-08
10445.0  3.29733e-08
10450.0  3.32666e-08
10455.0  3.35252e-08
10460.0  3.36578e-08
10465.0  3.36067e-08
10470.0  3.34013e-08
10475.0  3.31045e-08
10480.0  3.27819e-08
10485.0  3.24921e-08
10490.0  3.22762e-08
10495.0  3.21678e-08
10500.0  3.21976e-08
10505.0  3.23708e-08
10510.0  3.26254e-08
10515.0  3.28741e-08
10520.0  3.3031e-08
10525.0  3.30492e-08
10530.0  3.29835e-08
10535.0  3.29281e-08
10540.0  3.29768e-08
10545.0  3.31825e-08
10550.0  3.34906e-08
10555.0  3.38056e-08
10560.0  3.4031e-08
10565.0  3.41009e-08
10570.0  3.40294e-08
10575.0  3.38617e-08
10580.0  3.36457e-08
10585.0  3.34273e-08
10590.0  3.32481e-08
10595.0  3.31478e-08
10600.0  3.31641e-08
10605.0  3.33186e-08
10610.0  3.35896e-08
10615.0  3.39397e-08
10620.0  3.4133e-08
10625.0  3.33043e-08
10630.0  3.31766e-08
10635.0  3.31984e-08
10640.0  3.32202e-08
10645.0  3.32422e-08
10650.0  3.32642e-08
10655.0  3.32863e-08
10660.0  3.33084e-08
10665.0  3.33305e-08
10670.0  3.33527e-08
10675.0  3.3375e-08
10680.0  3.33974e-08
10685.0  3.34197e-08
10690.0  3.34423e-08
10695.0  3.34647e-08
10700.0  3.34873e-08
10705.0  3.35099e-08
10710.0  3.35326e-08
10715.0  3.35553e-08
10720.0  3.35781e-08
10725.0  3.36009e-08
10730.0  3.36237e-08
10735.0  3.36467e-08
10740.0  3.36697e-08
10745.0  3.36927e-08
10750.0  3.37157e-08
10755.0  3.37389e-08
10760.0  3.37621e-08
10765.0  3.37852e-08
10770.0  3.38085e-08
10775.0  3.38318e-08
10780.0  3.38551e-08
10785.0  3.38785e-08
10790.0  3.39019e-08
10795.0  3.39254e-08
10800.0  3.39489e-08
10805.0  3.39724e-08
10810.0  3.3996e-08
10815.0  3.40196e-08
10820.0  3.40433e-08
10825.0  3.4067e-08
10830.0  3.40907e-08
10835.0  3.41146e-08
10840.0  3.41383e-08
10845.0  3.41622e-08
10850.0  3.41861e-08
10855.0  3.42101e-08
10860.0  3.4234e-08
10865.0  3.42579e-08
10870.0  3.4282e-08
10875.0  3.43061e-08
10880.0  3.43302e-08
10885.0  3.43543e-08
10890.0  3.43784e-08
10895.0  3.44027e-08
10900.0  3.44269e-08
10905.0  3.44511e-08
10910.0  3.44754e-08
10915.0  3.44997e-08
10920.0  3.4524e-08
10925.0  3.45484e-08
10930.0  3.45728e-08
10935.0  3.45972e-08
10940.0  3.46216e-08
10945.0  3.46461e-08
10950.0  3.46705e-08
10955.0  3.46951e-08
10960.0  3.47196e-08
10965.0  3.47442e-08
10970.0  3.47687e-08
10975.0  3.47934e-08
10980.0  3.4818e-08
10985.0  3.48425e-08
10990.0  3.48672e-08
10995.0  3.4892e-08
11000.0  3.49166e-08
11005.0  3.49413e-08
11010.0  3.49661e-08
11015.0  3.49908e-08
11020.0  3.50155e-08
11025.0  3.50403e-08
11030.0  3.50651e-08
11035.0  3.50899e-08
11040.0  3.51147e-08
11045.0  3.51395e-08
11050.0  3.51645e-08
11055.0  3.51892e-08
11060.0  3.52141e-08
11065.0  3.5239e-08
11070.0  3.52639e-08
11075.0  3.52888e-08
11080.0  3.53137e-08
11085.0  3.53386e-08
11090.0  3.53635e-08
11095.0  3.53884e-08
11100.0  3.54134e-08
11105.0  3.54383e-08
11110.0  3.54633e-08
11115.0  3.54883e-08
11120.0  3.55132e-08
11125.0  3.55382e-08
11130.0  3.55631e-08
11135.0  3.55881e-08
11140.0  3.5613e-08
11145.0  3.5638e-08
11150.0  3.56629e-08
11155.0  3.56879e-08
11160.0  3.57129e-08
11165.0  3.57378e-08
11170.0  3.57627e-08
11175.0  3.57877e-08
11180.0  3.58127e-08
11185.0  3.58376e-08
11190.0  3.58626e-08
11195.0  3.58875e-08
11200.0  3.59125e-08
11205.0  3.59374e-08
11210.0  3.59623e-08
11215.0  3.59872e-08
11220.0  3.60122e-08
11225.0  3.60371e-08
11230.0  3.6062e-08
11235.0  3.60868e-08
11240.0  3.61117e-08
11245.0  3.61366e-08
11250.0  3.61614e-08
11255.0  3.61863e-08
11260.0  3.62111e-08
11265.0  3.62359e-08
11270.0  3.62607e-08
11275.0  3.62855e-08
11280.0  3.63103e-08
11285.0  3.63351e-08
11290.0  3.63598e-08
11295.0  3.63844e-08
11300.0  3.64092e-08
11305.0  3.64339e-08
11310.0  3.64585e-08
11315.0  3.64832e-08
11320.0  3.65078e-08
11325.0  3.65325e-08
11330.0  3.6557e-08
11335.0  3.65816e-08
11340.0  3.66062e-08
11345.0  3.66307e-08
11350.0  3.66552e-08
11355.0  3.66797e-08
11360.0  3.67041e-08
11365.0  3.67285e-08
11370.0  3.6753e-08
11375.0  3.67773e-08
11380.0  3.68016e-08
11385.0  3.6826e-08
11390.0  3.68503e-08
11395.0  3.68746e-08
11400.0  3.68988e-08
11405.0  3.6923e-08
11410.0  3.69471e-08
11415.0  3.69713e-08
11420.0  3.69955e-08
11425.0  3.70195e-08
11430.0  3.70436e-08
11435.0  3.70676e-08
11440.0  3.70916e-08
11445.0  3.71156e-08
11450.0  3.71395e-08
11455.0  3.71634e-08
11460.0  3.71872e-08
11465.0  3.7211e-08
11470.0  3.72348e-08
11475.0  3.72586e-08
11480.0  3.72823e-08
11485.0  3.73059e-08
11490.0  3.73295e-08
11495.0  3.73531e-08
11500.0  3.73766e-08
11505.0  3.74001e-08
11510.0  3.74236e-08
11515.0  3.74471e-08
11520.0  3.74704e-08
11525.0  3.74936e-08
11530.0  3.7517e-08
11535.0  3.75402e-08
11540.0  3.75634e-08
11545.0  3.75865e-08
11550.0  3.76097e-08
11555.0  3.76327e-08
11560.0  3.76557e-08
11565.0  3.76786e-08
11570.0  3.77016e-08
11575.0  3.77244e-08
11580.0  3.77472e-08
11585.0  3.77699e-08
11590.0  3.77926e-08
11595.0  3.78153e-08
11600.0  3.78379e-08
11605.0  3.78604e-08
11610.0  3.7883e-08
11615.0  3.79054e-08
11620.0  3.79277e-08
11625.0  3.79501e-08
11630.0  3.79724e-08
11635.0  3.79946e-08
11640.0  3.80168e-08
11645.0  3.80389e-08
11650.0  3.80609e-08
11655.0  3.80829e-08
11660.0  3.81048e-08
11665.0  3.81267e-08
11670.0  3.81485e-08
11675.0  3.81703e-08
11680.0  3.81919e-08
11685.0  3.82136e-08
11690.0  3.82351e-08
11695.0  3.82566e-08
11700.0  3.82781e-08
11705.0  3.82993e-08
11710.0  3.83207e-08
11715.0  3.83419e-08
11720.0  3.83631e-08
11725.0  3.83842e-08
11730.0  3.84051e-08
11735.0  3.84261e-08
11740.0  3.8447e-08
11745.0  3.84678e-08
11750.0  3.84886e-08
11755.0  3.85093e-08
11760.0  3.85299e-08
11765.0  3.85504e-08
11770.0  3.85709e-08
11775.0  3.85913e-08
11780.0  3.86117e-08
11785.0  3.86319e-08
11790.0  3.86521e-08
11795.0  3.86721e-08
11800.0  3.86921e-08
11805.0  3.87121e-08
11810.0  3.87319e-08
11815.0  3.87518e-08
11820.0  3.87714e-08
11825.0  3.87911e-08
11830.0  3.88107e-08
11835.0  3.88301e-08
11840.0  3.88495e-08
11845.0  3.88688e-08
11850.0  3.8888e-08
11855.0  3.89071e-08
11860.0  3.89263e-08
11865.0  3.89452e-08
11870.0  3.89641e-08
11875.0  3.89828e-08
11880.0  3.90016e-08
11885.0  3.90203e-08
11890.0  3.90388e-08
11895.0  3.90573e-08
11900.0  3.90756e-08
11905.0  3.90939e-08
11910.0  3.91121e-08
11915.0  3.91302e-08
11920.0  3.91483e-08
11925.0  3.91662e-08
11930.0  3.9184e-08
11935.0  3.92018e-08
11940.0  3.92195e-08
11945.0  3.9237e-08
11950.0  3.92545e-08
11955.0  3.92719e-08
11960.0  3.92891e-08
11965.0  3.93063e-08
11970.0  3.93234e-08
11975.0  3.93403e-08
11980.0  3.93572e-08
11985.0  3.9374e-08
11990.0  3.93907e-08
11995.0  3.94074e-08
12000.0  3.94239e-08
12005.0  3.94402e-08
12010.0  3.94565e-08
12015.0  3.94727e-08
12020.0  3.94888e-08
12025.0  3.95047e-08
12030.0  3.95206e-08
12035.0  3.95364e-08
12040.0  3.95521e-08
12045.0  3.95677e-08
12050.0  3.95832e-08
12055.0  3.95985e-08
12060.0  3.96139e-08
12065.0  3.96289e-08
12070.0  3.9644e-08
12075.0  3.96589e-08
12080.0  3.96737e-08
12085.0  3.96884e-08
12090.0  3.9703e-08
12095.0  3.97176e-08
12100.0  3.97319e-08
12105.0  3.97462e-08
12110.0  3.97604e-08
12115.0  3.97744e-08
12120.0  3.97883e-08
12125.0  3.98022e-08
12130.0  3.98159e-08
12135.0  3.98294e-08
12140.0  3.98429e-08
12145.0  3.98562e-08
12150.0  3.98695e-08
12155.0  3.98827e-08
12160.0  3.98956e-08
12165.0  3.99085e-08
12170.0  3.99212e-08
12175.0  3.99339e-08
12180.0  3.99464e-08
12185.0  3.99588e-08
12190.0  3.99711e-08
12195.0  3.99832e-08
12200.0  3.99953e-08
12205.0  4.00072e-08
12210.0  4.00189e-08
12215.0  4.00306e-08
12220.0  4.00422e-08
12225.0  4.00536e-08
12230.0  4.00649e-08
12235.0  4.0076e-08
12240.0  4.00871e-08
12245.0  4.0098e-08
12250.0  4.01088e-08
12255.0  4.01194e-08
12260.0  4.013e-08
12265.0  4.01404e-08
12270.0  4.01507e-08
12275.0  4.01608e-08
12280.0  4.01709e-08
12285.0  4.01808e-08
12290.0  4.01906e-08
12295.0  4.02004e-08
12300.0  4.02099e-08
12305.0  4.02194e-08
12310.0  4.02286e-08
12315.0  4.02379e-08
12320.0  4.0247e-08
12325.0  4.02559e-08
12330.0  4.02647e-08
12335.0  4.02735e-08
12340.0  4.02821e-08
12345.0  4.02905e-08
12350.0  4.0299e-08
12355.0  4.03072e-08
12360.0  4.03153e-08
12365.0  4.03233e-08
12370.0  4.03312e-08
12375.0  4.0339e-08
12380.0  4.03466e-08
12385.0  4.03541e-08
12390.0  4.03616e-08
12395.0  4.03688e-08
12400.0  4.0376e-08
12405.0  4.0383e-08
12410.0  4.039e-08
12415.0  4.03969e-08
12420.0  4.04036e-08
12425.0  4.041e-08
12430.0  4.04166e-08
12435.0  4.0423e-08
12440.0  4.04292e-08
12445.0  4.04353e-08
12450.0  4.04413e-08
12455.0  4.04472e-08
12460.0  4.0453e-08
12465.0  4.04586e-08
12470.0  4.04642e-08
12475.0  4.04696e-08
12480.0  4.04749e-08
12485.0  4.04802e-08
12490.0  4.04853e-08
12495.0  4.04902e-08
12500.0  4.04951e-08
12505.0  4.04998e-08
12510.0  4.05044e-08
12515.0  4.0509e-08
12520.0  4.05133e-08
12525.0  4.05176e-08
12530.0  4.05219e-08
12535.0  4.0526e-08
12540.0  4.05299e-08
12545.0  4.05337e-08
12550.0  4.05375e-08
12555.0  4.05411e-08
12560.0  4.05446e-08
12565.0  4.0548e-08
12570.0  4.05513e-08
12575.0  4.05545e-08
12580.0  4.05576e-08
12585.0  4.05605e-08
12590.0  4.05634e-08
12595.0  4.05661e-08
12600.0  4.05688e-08
12605.0  4.05713e-08
12610.0  4.05736e-08
12615.0  4.05759e-08
12620.0  4.05782e-08
12625.0  4.05803e-08
12630.0  4.05822e-08
12635.0  4.0584e-08
12640.0  4.05859e-08
12645.0  4.05874e-08
12650.0  4.05891e-08
12655.0  4.05905e-08
12660.0  4.05918e-08
12665.0  4.0593e-08
12670.0  4.05941e-08
12675.0  4.05951e-08
12680.0  4.05959e-08
12685.0  4.05968e-08
12690.0  4.05974e-08
12695.0  4.0598e-08
12700.0  4.05985e-08
12705.0  4.05989e-08
12710.0  4.05992e-08
12715.0  4.05993e-08
12720.0  4.05994e-08
12725.0  4.05992e-08
12730.0  4.05991e-08
12735.0  4.05988e-08
12740.0  4.05985e-08
12745.0  4.0598e-08
12750.0  4.05975e-08
12755.0  4.05967e-08
12760.0  4.0596e-08
12765.0  4.05951e-08
12770.0  4.0594e-08
12775.0  4.05929e-08
12780.0  4.05918e-08
12785.0  4.05905e-08
12790.0  4.05891e-08
12795.0  4.05876e-08
12800.0  4.0586e-08
12805.0  4.05843e-08
12810.0  4.05824e-08
12815.0  4.05805e-08
12820.0  4.05785e-08
12825.0  4.05764e-08
12830.0  4.05742e-08
12835.0  4.05718e-08
12840.0  4.05694e-08
12845.0  4.0567e-08
12850.0  4.05643e-08
12855.0  4.05616e-08
12860.0  4.05587e-08
12865.0  4.05558e-08
12870.0  4.05528e-08
12875.0  4.05497e-08
12880.0  4.05465e-08
12885.0  4.05432e-08
12890.0  4.05398e-08
12895.0  4.05362e-08
12900.0  4.05326e-08
12905.0  4.05289e-08
12910.0  4.05251e-08
12915.0  4.05212e-08
12920.0  4.05172e-08
12925.0  4.05131e-08
12930.0  4.0509e-08
12935.0  4.05046e-08
12940.0  4.05003e-08
12945.0  4.04958e-08
12950.0  4.04911e-08
12955.0  4.04865e-08
12960.0  4.04817e-08
12965.0  4.04769e-08
12970.0  4.04718e-08
12975.0  4.04668e-08
12980.0  4.04617e-08
12985.0  4.04564e-08
12990.0  4.0451e-08
12995.0  4.04456e-08
13000.0  4.04401e-08
13005.0  4.04344e-08
13010.0  4.04288e-08
13015.0  4.04229e-08
13020.0  4.04171e-08
13025.0  4.04109e-08
13030.0  4.04049e-08
13035.0  4.03987e-08
13040.0  4.03924e-08
13045.0  4.0386e-08
13050.0  4.03796e-08
13055.0  4.03731e-08
13060.0  4.03664e-08
13065.0  4.03597e-08
13070.0  4.03528e-08
13075.0  4.03459e-08
13080.0  4.03388e-08
13085.0  4.03318e-08
13090.0  4.03246e-08
13095.0  4.03173e-08
13100.0  4.03098e-08
13105.0  4.03024e-08
13110.0  4.02949e-08
13115.0  4.02871e-08
13120.0  4.02795e-08
13125.0  4.02717e-08
13130.0  4.02637e-08
13135.0  4.02557e-08
13140.0  4.02477e-08
13145.0  4.02395e-08
13150.0  4.02312e-08
13155.0  4.02228e-08
13160.0  4.02143e-08
13165.0  4.02058e-08
13170.0  4.01972e-08
13175.0  4.01885e-08
13180.0  4.01796e-08
13185.0  4.01707e-08
13190.0  4.01618e-08
13195.0  4.01527e-08
13200.0  4.01436e-08
13205.0  4.01344e-08
13210.0  4.0125e-08
13215.0  4.01156e-08
13220.0  4.01061e-08
13225.0  4.00965e-08
13230.0  4.00869e-08
13235.0  4.00771e-08
13240.0  4.00673e-08
13245.0  4.00574e-08
13250.0  4.00474e-08
13255.0  4.00372e-08
13260.0  4.00271e-08
13265.0  4.00169e-08
13270.0  4.00065e-08
13275.0  3.99961e-08
13280.0  3.99856e-08
13285.0  3.9975e-08
13290.0  3.99643e-08
13295.0  3.99536e-08
13300.0  3.99427e-08
13305.0  3.99318e-08
13310.0  3.99208e-08
13315.0  3.99097e-08
13320.0  3.98984e-08
13325.0  3.98873e-08
13330.0  3.98759e-08
13335.0  3.98645e-08
13340.0  3.9853e-08
13345.0  3.98414e-08
13350.0  3.98297e-08
13355.0  3.9818e-08
13360.0  3.98063e-08
13365.0  3.97944e-08
13370.0  3.97823e-08
13375.0  3.97703e-08
13380.0  3.97582e-08
13385.0  3.9746e-08
13390.0  3.97337e-08
13395.0  3.97213e-08
13400.0  3.97089e-08
13405.0  3.96963e-08
13410.0  3.96837e-08
13415.0  3.9671e-08
13420.0  3.96582e-08
13425.0  3.96454e-08
13430.0  3.96324e-08
13435.0  3.96195e-08
13440.0  3.96065e-08
13445.0  3.95933e-08
13450.0  3.958e-08
13455.0  3.95667e-08
13460.0  3.95534e-08
13465.0  3.95399e-08
13470.0  3.95263e-08
13475.0  3.95128e-08
13480.0  3.9499e-08
13485.0  3.94853e-08
13490.0  3.94714e-08
13495.0  3.94575e-08
13500.0  3.94436e-08
13505.0  3.94294e-08
13510.0  3.94154e-08
13515.0  3.94011e-08
13520.0  3.93868e-08
13525.0  3.93725e-08
13530.0  3.9358e-08
13535.0  3.93435e-08
13540.0  3.93289e-08
13545.0  3.93143e-08
13550.0  3.92996e-08
13555.0  3.92847e-08
13560.0  3.92699e-08
13565.0  3.9255e-08
13570.0  3.92399e-08
13575.0  3.92249e-08
13580.0  3.92097e-08
13585.0  3.91944e-08
13590.0  3.91792e-08
13595.0  3.91638e-08
13600.0  3.91483e-08
13605.0  3.91328e-08
13610.0  3.91172e-08
13615.0  3.91015e-08
13620.0  3.90858e-08
13625.0  3.907e-08
13630.0  3.90542e-08
13635.0  3.90382e-08
13640.0  3.90223e-08
13645.0  3.90061e-08
13650.0  3.899e-08
13655.0  3.89738e-08
13660.0  3.89575e-08
13665.0  3.89411e-08
13670.0  3.89247e-08
13675.0  3.89083e-08
13680.0  3.88917e-08
13685.0  3.88751e-08
13690.0  3.88584e-08
13695.0  3.88416e-08
13700.0  3.88247e-08
13705.0  3.88079e-08
13710.0  3.87909e-08
13715.0  3.87739e-08
13720.0  3.87567e-08
13725.0  3.87397e-08
13730.0  3.87225e-08
13735.0  3.87051e-08
13740.0  3.86878e-08
13745.0  3.86704e-08
13750.0  3.86529e-08
13755.0  3.86353e-08
13760.0  3.86177e-08
13765.0  3.86001e-08
13770.0  3.85823e-08
13775.0  3.85645e-08
13780.0  3.85466e-08
13785.0  3.85287e-08
13790.0  3.85107e-08
13795.0  3.84926e-08
13800.0  3.84745e-08
13805.0  3.84563e-08
13810.0  3.84381e-08
13815.0  3.84197e-08
13820.0  3.84013e-08
13825.0  3.83829e-08
13830.0  3.83645e-08
13835.0  3.83458e-08
13840.0  3.83272e-08
13845.0  3.83085e-08
13850.0  3.82898e-08
13855.0  3.8271e-08
13860.0  3.82521e-08
13865.0  3.82332e-08
13870.0  3.82141e-08
13875.0  3.8195e-08
13880.0  3.8176e-08
13885.0  3.81568e-08
13890.0  3.81376e-08
13895.0  3.81183e-08
13900.0  3.8099e-08
13905.0  3.80796e-08
13910.0  3.80601e-08
13915.0  3.80406e-08
13920.0  3.8021e-08
13925.0  3.80013e-08
13930.0  3.79816e-08
13935.0  3.79618e-08
13940.0  3.7942e-08
13945.0  3.79221e-08
13950.0  3.79023e-08
13955.0  3.78822e-08
13960.0  3.78622e-08
13965.0  3.78421e-08
13970.0  3.78219e-08
13975.0  3.78017e-08
13980.0  3.77814e-08
13985.0  3.77611e-08
13990.0  3.77406e-08
13995.0  3.77202e-08
14000.0  3.76997e-08
14005.0  3.76792e-08
14010.0  3.76586e-08
14015.0  3.76379e-08
14020.0  3.76172e-08
14025.0  3.75965e-08
14030.0  3.75756e-08
14035.0  3.75547e-08
14040.0  3.75338e-08
14045.0  3.75128e-08
14050.0  3.74918e-08
14055.0  3.74707e-08
14060.0  3.74495e-08
14065.0  3.74283e-08
14070.0  3.74071e-08
14075.0  3.73858e-08
14080.0  3.73644e-08
14085.0  3.7343e-08
14090.0  3.73216e-08
14095.0  3.73e-08
14100.0  3.72785e-08
14105.0  3.72568e-08
14110.0  3.72351e-08
14115.0  3.72135e-08
14120.0  3.71917e-08
14125.0  3.71698e-08
14130.0  3.7148e-08
14135.0  3.7126e-08
14140.0  3.71041e-08
14145.0  3.70821e-08
14150.0  3.70599e-08
14155.0  3.70378e-08
14160.0  3.70157e-08
14165.0  3.69934e-08
14170.0  3.69712e-08
14175.0  3.69489e-08
14180.0  3.69265e-08
14185.0  3.69041e-08
14190.0  3.68816e-08
14195.0  3.68591e-08
14200.0  3.68365e-08
14205.0  3.6814e-08
14210.0  3.67913e-08
14215.0  3.67686e-08
14220.0  3.67458e-08
14225.0  3.67231e-08
14230.0  3.67002e-08
14235.0  3.66774e-08
14240.0  3.66544e-08
14245.0  3.66314e-08
14250.0  3.66084e-08
14255.0  3.65853e-08
14260.0  3.65622e-08
14265.0  3.6539e-08
14270.0  3.65159e-08
14275.0  3.64926e-08
14280.0  3.64693e-08
14285.0  3.64459e-08
14290.0  3.64226e-08
14295.0  3.63991e-08
14300.0  3.63374e-08
14305.0  3.60402e-08
14310.0  3.56717e-08
14315.0  3.52921e-08
14320.0  3.50082e-08
14325.0  3.4953e-08
14330.0  3.50651e-08
14335.0  3.52244e-08
14340.0  3.53349e-08
14345.0  3.53635e-08
14350.0  3.53209e-08
14355.0  3.52503e-08
14360.0  3.52295e-08
14365.0  3.53508e-08
14370.0  3.56511e-08
14375.0  3.6059e-08
14380.0  3.64471e-08
14385.0  3.6726e-08
14390.0  3.6868e-08
14395.0  3.68761e-08
14400.0  3.67623e-08
14405.0  3.65558e-08
14410.0  3.63185e-08
14415.0  3.61324e-08
14420.0  3.6052e-08
14425.0  3.60765e-08
14430.0  3.61685e-08
14435.0  3.62889e-08
14440.0  3.63904e-08
14445.0  3.64191e-08
14450.0  3.6312e-08
14455.0  3.60477e-08
14460.0  3.57e-08
14465.0  3.53953e-08
14470.0  3.52067e-08
14475.0  3.5133e-08
14480.0  3.5145e-08
14485.0  3.52168e-08
14490.0  3.53254e-08
14495.0  3.5443e-08
14500.0  3.55366e-08
14505.0  3.53792e-08
14510.0  3.49975e-08
14515.0  3.45837e-08
14520.0  3.42963e-08
14525.0  3.41817e-08
14530.0  3.42241e-08
14535.0  3.43906e-08
14540.0  3.46352e-08
14545.0  3.48831e-08
14550.0  3.50352e-08
14555.0  3.50343e-08
14560.0  3.48946e-08
14565.0  3.47028e-08
14570.0  3.45524e-08
14575.0  3.44969e-08
14580.0  3.45379e-08
14585.0  3.4626e-08
14590.0  3.46653e-08
14595.0  3.45393e-08
14600.0  3.41671e-08
14605.0  3.35659e-08
14610.0  3.28712e-08
14615.0  3.22936e-08
14620.0  3.20442e-08
14625.0  3.22665e-08
14630.0  3.29893e-08
14635.0  3.41063e-08
14640.0  3.5374e-08
14645.0  3.64465e-08
14650.0  3.69589e-08
14655.0  3.66689e-08
14660.0  3.5588e-08
14665.0  3.39956e-08
14670.0  3.24898e-08
14675.0  3.14843e-08
14680.0  3.11922e-08
14685.0  3.16016e-08
14690.0  3.25613e-08
14695.0  3.38375e-08
14700.0  3.51231e-08
14705.0  3.60619e-08
14710.0  3.63812e-08
14715.0  3.6091e-08
14720.0  3.54988e-08
14725.0  3.49577e-08
14730.0  3.4641e-08
14735.0  3.45304e-08
14740.0  3.4511e-08
14745.0  3.44504e-08
14750.0  3.42512e-08
14755.0  3.38941e-08
14760.0  3.34613e-08
14765.0  3.31025e-08
14770.0  3.29408e-08
14775.0  3.2985e-08
14780.0  3.31605e-08
14785.0  3.3309e-08
14790.0  3.33237e-08
14795.0  3.31752e-08
14800.0  3.29399e-08
14805.0  3.27734e-08
14810.0  3.28294e-08
14815.0  3.31652e-08
14820.0  3.37051e-08
14825.0  3.42853e-08
14830.0  3.47372e-08
14835.0  3.50854e-08
14840.0  3.51016e-08
14845.0  3.435e-08
14850.0  3.32732e-08
14855.0  3.23491e-08
14860.0  3.18572e-08
14865.0  3.18969e-08
14870.0  3.23954e-08
14875.0  3.31595e-08
14880.0  3.39693e-08
14885.0  3.46595e-08
14890.0  3.51245e-08
14895.0  3.48601e-08
14900.0  3.44848e-08
14905.0  3.42616e-08
14910.0  3.42269e-08
14915.0  3.4321e-08
14920.0  3.4449e-08
14925.0  3.45276e-08
14930.0  3.45235e-08
14935.0  3.4461e-08
14940.0  3.43991e-08
14945.0  3.43918e-08
14950.0  3.44565e-08
14955.0  3.45605e-08
14960.0  3.46382e-08
14965.0  3.46282e-08
14970.0  3.45046e-08
14975.0  3.42937e-08
14980.0  3.40622e-08
14985.0  3.3885e-08
14990.0  3.38122e-08
14995.0  3.38559e-08
15000.0  3.39925e-08
15005.0  3.41708e-08
15010.0  3.39655e-08
15015.0  3.34317e-08
15020.0  3.28267e-08
15025.0  3.23275e-08
15030.0  3.20565e-08
15035.0  3.208e-08
15040.0  3.23836e-08
15045.0  3.28759e-08
15050.0  3.34201e-08
15055.0  3.39769e-08
15060.0  3.4259e-08
15065.0  3.38891e-08
15070.0  3.36003e-08
15075.0  3.35904e-08
15080.0  3.38563e-08
15085.0  3.42858e-08
15090.0  3.47024e-08
15095.0  3.4926e-08
15100.0  3.48523e-08
15105.0  3.44959e-08
15110.0  3.39734e-08
15115.0  3.34484e-08
15120.0  3.30662e-08
15125.0  3.29074e-08
15130.0  3.29641e-08
15135.0  3.31493e-08
15140.0  3.33175e-08
15145.0  3.3338e-08
15150.0  3.31581e-08
15155.0  3.28015e-08
15160.0  3.2374e-08
15165.0  3.20191e-08
15170.0  3.18682e-08
15175.0  3.20038e-08
15180.0  3.24309e-08
15185.0  3.30762e-08
15190.0  3.3812e-08
15195.0  3.44982e-08
15200.0  3.50205e-08
15205.0  3.53115e-08
15210.0  3.53543e-08
15215.0  3.51741e-08
15220.0  3.48281e-08
15225.0  3.43941e-08
15230.0  3.3959e-08
15235.0  3.36014e-08
15240.0  3.33789e-08
15245.0  3.33196e-08
15250.0  3.34218e-08
15255.0  3.36584e-08
15260.0  3.39832e-08
15265.0  3.43368e-08
15270.0  3.46563e-08
15275.0  3.48851e-08
15280.0  3.49839e-08
15285.0  3.49371e-08
15290.0  3.47526e-08
15295.0  3.44567e-08
15300.0  3.40873e-08
15305.0  3.36891e-08
15310.0  3.33112e-08
15315.0  3.3003e-08
15320.0  3.28075e-08
15325.0  3.27518e-08
15330.0  3.28396e-08
15335.0  3.30467e-08
15340.0  3.33255e-08
15345.0  3.36168e-08
15350.0  3.38652e-08
15355.0  3.40345e-08
15360.0  3.41173e-08
15365.0  3.41327e-08
15370.0  3.41152e-08
15375.0  3.40958e-08
15380.0  3.40863e-08
15385.0  3.40729e-08
15390.0  3.40214e-08
15395.0  3.38797e-08
15400.0  3.36412e-08
15405.0  3.33149e-08
15410.0  3.29549e-08
15415.0  3.26348e-08
15420.0  3.24243e-08
15425.0  3.2365e-08
15430.0  3.24552e-08
15435.0  3.26516e-08
15440.0  3.28843e-08
15445.0  3.30834e-08
15450.0  3.32068e-08
15455.0  3.32551e-08
15460.0  3.3269e-08
15465.0  3.33073e-08
15470.0  3.34193e-08
15475.0  3.36169e-08
15480.0  3.38665e-08
15485.0  3.40998e-08
15490.0  3.42411e-08
15495.0  3.42421e-08
15500.0  3.41087e-08
15505.0  3.39018e-08
15510.0  3.37134e-08
15515.0  3.36217e-08
15520.0  3.36797e-08
15525.0  3.38858e-08
15530.0  3.41409e-08
15535.0  3.43449e-08
15540.0  3.43899e-08
15545.0  3.42198e-08
15550.0  3.3859e-08
15555.0  3.34066e-08
15560.0  3.2997e-08
15565.0  3.27489e-08
15570.0  3.27241e-08
15575.0  3.29117e-08
15580.0  3.32339e-08
15585.0  3.35673e-08
15590.0  3.37863e-08
15595.0  3.38117e-08
15600.0  3.364e-08
15605.0  3.33397e-08
15610.0  3.30199e-08
15615.0  3.27848e-08
15620.0  3.26974e-08
15625.0  3.27614e-08
15630.0  3.29251e-08
15635.0  3.31072e-08
15640.0  3.32332e-08
15645.0  3.32691e-08
15650.0  3.32318e-08
15655.0  3.31822e-08
15660.0  3.32081e-08
15665.0  3.33558e-08
15670.0  3.35647e-08
15675.0  3.3751e-08
15680.0  3.39459e-08
15685.0  3.40743e-08
15690.0  3.40722e-08
15695.0  3.39042e-08
15700.0  3.3583e-08
15705.0  3.31729e-08
15710.0  3.27756e-08
15715.0  3.25025e-08
15720.0  3.24394e-08
15725.0  3.26179e-08
15730.0  3.30035e-08
15735.0  3.34845e-08
15740.0  3.38961e-08
15745.0  3.40226e-08
15750.0  3.38768e-08
15755.0  3.36739e-08
15760.0  3.33839e-08
15765.0  3.30619e-08
15770.0  3.28296e-08
15775.0  3.27804e-08
15780.0  3.29404e-08
15785.0  3.3287e-08
15790.0  3.37287e-08
15795.0  3.4116e-08
15800.0  3.4323e-08
15805.0  3.42506e-08
15810.0  3.40855e-08
15815.0  3.39388e-08
15820.0  3.36541e-08
15825.0  3.32399e-08
15830.0  3.27584e-08
15835.0  3.22352e-08
15840.0  3.18251e-08
15845.0  3.18939e-08
15850.0  3.23154e-08
15855.0  3.27044e-08
15860.0  3.29864e-08
15865.0  3.3108e-08
15870.0  3.30731e-08
15875.0  3.29274e-08
15880.0  3.27441e-08
15885.0  3.25995e-08
15890.0  3.25521e-08
15895.0  3.26269e-08
15900.0  3.28133e-08
15905.0  3.30708e-08
15910.0  3.33437e-08
15915.0  3.35821e-08
15920.0  3.37269e-08
15925.0  3.36431e-08
15930.0  3.34539e-08
15935.0  3.35076e-08
15940.0  3.36526e-08
15945.0  3.38186e-08
15950.0  3.39417e-08
15955.0  3.39661e-08
15960.0  3.38591e-08
15965.0  3.36255e-08
15970.0  3.33125e-08
15975.0  3.29947e-08
15980.0  3.27903e-08
15985.0  3.28383e-08
15990.0  3.29311e-08
15995.0  3.28815e-08
16000.0  3.2801e-08
16005.0  3.26983e-08
16010.0  3.25689e-08
16015.0  3.24229e-08
16020.0  3.22843e-08
16025.0  3.21877e-08
16030.0  3.21684e-08
16035.0  3.22502e-08
16040.0  3.24347e-08
16045.0  3.26945e-08
16050.0  3.2965e-08
16055.0  3.32017e-08
16060.0  3.33427e-08
16065.0  3.33629e-08
16070.0  3.3256e-08
16075.0  3.30876e-08
16080.0  3.29145e-08
16085.0  3.27696e-08
16090.0  3.26972e-08
16095.0  3.27105e-08
16100.0  3.27892e-08
16105.0  3.28866e-08
16110.0  3.29479e-08
16115.0  3.29321e-08
16120.0  3.28311e-08
16125.0  3.26521e-08
16130.0  3.23746e-08
16135.0  3.20537e-08
16140.0  3.1905e-08
16145.0  3.20605e-08
16150.0  3.24819e-08
16155.0  3.30442e-08
16160.0  3.35708e-08
16165.0  3.38834e-08
16170.0  3.38619e-08
16175.0  3.34911e-08
16180.0  3.28731e-08
16185.0  3.21934e-08
16190.0  3.16625e-08
16195.0  3.14129e-08
16200.0  3.15915e-08
16205.0  3.21353e-08
16210.0  3.28574e-08
16215.0  3.35743e-08
16220.0  3.40642e-08
16225.0  3.41717e-08
16230.0  3.38531e-08
16235.0  3.31897e-08
16240.0  3.23558e-08
16245.0  3.15607e-08
16250.0  3.09865e-08
16255.0  3.07414e-08
16260.0  3.08374e-08
16265.0  3.11967e-08
16270.0  3.16799e-08
16275.0  3.21337e-08
16280.0  3.244e-08
16285.0  3.25501e-08
16290.0  3.2493e-08
16295.0  3.23561e-08
16300.0  3.22497e-08
16305.0  3.22651e-08
16310.0  3.24432e-08
16315.0  3.2759e-08
16320.0  3.31322e-08
16325.0  3.34568e-08
16330.0  3.36397e-08
16335.0  3.36396e-08
16340.0  3.34796e-08
16345.0  3.3238e-08
16350.0  3.30379e-08
16355.0  3.2725e-08
16360.0  3.24582e-08
16365.0  3.23719e-08
16370.0  3.24789e-08
16375.0  3.2736e-08
16380.0  3.30574e-08
16385.0  3.33445e-08
16390.0  3.35149e-08
16395.0  3.35269e-08
16400.0  3.33894e-08
16405.0  3.3157e-08
16410.0  3.29111e-08
16415.0  3.2735e-08
16420.0  3.2688e-08
16425.0  3.27896e-08
16430.0  3.3015e-08
16435.0  3.33048e-08
16440.0  3.35826e-08
16445.0  3.37777e-08
16450.0  3.38439e-08
16455.0  3.38e-08
16460.0  3.37119e-08
16465.0  3.36179e-08
16470.0  3.35141e-08
16475.0  3.33915e-08
16480.0  3.32468e-08
16485.0  3.30859e-08
16490.0  3.2925e-08
16495.0  3.2788e-08
16500.0  3.26988e-08
16505.0  3.26746e-08
16510.0  3.272e-08
16515.0  3.28247e-08
16520.0  3.29648e-08
16525.0  3.31078e-08
16530.0  3.32221e-08
16535.0  3.32861e-08
16540.0  3.32951e-08
16545.0  3.32609e-08
16550.0  3.32054e-08
16555.0  3.31481e-08
16560.0  3.30988e-08
16565.0  3.30515e-08
16570.0  3.29881e-08
16575.0  3.28865e-08
16580.0  3.27314e-08
16585.0  3.25261e-08
16590.0  3.22984e-08
16595.0  3.2098e-08
16600.0  3.19838e-08
16605.0  3.20127e-08
16610.0  3.22478e-08
16615.0  3.2658e-08
16620.0  3.30906e-08
16625.0  3.33891e-08
16630.0  3.34773e-08
16635.0  3.32731e-08
16640.0  3.27554e-08
16645.0  3.20597e-08
16650.0  3.12828e-08
16655.0  3.05687e-08
16660.0  3.00535e-08
16665.0  2.98305e-08
16670.0  2.9929e-08
16675.0  3.03071e-08
16680.0  3.0861e-08
16685.0  3.14706e-08
16690.0  3.20413e-08
16695.0  3.24537e-08
16700.0  3.25552e-08
16705.0  3.23443e-08
16710.0  3.19336e-08
16715.0  3.14303e-08
16720.0  3.09466e-08
16725.0  3.05241e-08
16730.0  3.02318e-08
16735.0  3.01545e-08
16740.0  3.0257e-08
16745.0  3.04578e-08
16750.0  3.06991e-08
16755.0  3.09384e-08
16760.0  3.11576e-08
16765.0  3.13647e-08
16770.0  3.15841e-08
16775.0  3.18797e-08
16780.0  3.22181e-08
16785.0  3.25048e-08
16790.0  3.27645e-08
16795.0  3.29618e-08
16800.0  3.30494e-08
16805.0  3.29985e-08
16810.0  3.28105e-08
16815.0  3.2521e-08
16820.0  3.21922e-08
16825.0  3.18964e-08
16830.0  3.16957e-08
16835.0  3.16241e-08
16840.0  3.16764e-08
16845.0  3.18087e-08
16850.0  3.1944e-08
16855.0  3.20054e-08
16860.0  3.19597e-08
16865.0  3.18101e-08
16870.0  3.15662e-08
16875.0  3.12533e-08
16880.0  3.09247e-08
16885.0  3.0646e-08
16890.0  3.04762e-08
16895.0  3.045e-08
16900.0  3.05687e-08
16905.0  3.07999e-08
16910.0  3.10881e-08
16915.0  3.13691e-08
16920.0  3.15847e-08
16925.0  3.16972e-08
16930.0  3.17019e-08
16935.0  3.15914e-08
16940.0  3.14065e-08
16945.0  3.12076e-08
16950.0  3.10303e-08
16955.0  3.09074e-08
16960.0  3.08513e-08
16965.0  3.0855e-08
16970.0  3.08958e-08
16975.0  3.09434e-08
16980.0  3.0969e-08
16985.0  3.09517e-08
16990.0  3.08842e-08
16995.0  3.07736e-08
17000.0  3.06387e-08
17005.0  3.05043e-08
17010.0  3.0394e-08
17015.0  3.03242e-08
17020.0  3.02999e-08
17025.0  3.03123e-08
17030.0  3.03421e-08
17035.0  3.03643e-08
17040.0  3.03527e-08
17045.0  3.02858e-08
17050.0  3.01505e-08
17055.0  2.99474e-08
17060.0  2.96904e-08
17065.0  2.94054e-08
17070.0  2.91262e-08
17075.0  2.88879e-08
17080.0  2.87227e-08
17085.0  2.86429e-08
17090.0  2.86737e-08
17095.0  2.88186e-08
17100.0  2.90349e-08
17105.0  2.92993e-08
17110.0  2.95717e-08
17115.0  2.98086e-08
17120.0  2.99729e-08
17125.0  3.00413e-08
17130.0  3.00085e-08
17135.0  2.98831e-08
17140.0  2.96805e-08
17145.0  2.94255e-08
17150.0  2.9146e-08
17155.0  2.88686e-08
17160.0  2.86164e-08
17165.0  2.8408e-08
17170.0  2.82563e-08
17175.0  2.81687e-08
17180.0  2.81482e-08
17185.0  2.8193e-08
17190.0  2.82974e-08
17195.0  2.84516e-08
17200.0  2.86415e-08
17205.0  2.88478e-08
17210.0  2.90444e-08
17215.0  2.91992e-08
17220.0  2.92856e-08
17225.0  2.92885e-08
17230.0  2.92055e-08
17235.0  2.90522e-08
17240.0  2.88594e-08
17245.0  2.86617e-08
17250.0  2.85105e-08
17255.0  2.84347e-08
17260.0  2.84374e-08
17265.0  2.85186e-08
17270.0  2.86533e-08
17275.0  2.88013e-08
17280.0  2.89172e-08
17285.0  2.89616e-08
17290.0  2.89146e-08
17295.0  2.87814e-08
17300.0  2.85975e-08
17305.0  2.84177e-08
17310.0  2.82215e-08
17315.0  2.79713e-08
17320.0  2.77575e-08
17325.0  2.77055e-08
17330.0  2.77677e-08
17335.0  2.7928e-08
17340.0  2.81569e-08
17345.0  2.83989e-08
17350.0  2.8592e-08
17355.0  2.8678e-08
17360.0  2.86174e-08
17365.0  2.83999e-08
17370.0  2.80488e-08
17375.0  2.76188e-08
17380.0  2.71813e-08
17385.0  2.68168e-08
17390.0  2.65894e-08
17395.0  2.65592e-08
17400.0  2.70395e-08
17405.0  2.7645e-08
17410.0  2.78037e-08
17415.0  2.77866e-08
17420.0  2.76944e-08
17425.0  2.75372e-08
17430.0  2.73407e-08
17435.0  2.71417e-08
17440.0  2.69773e-08
17445.0  2.6875e-08
17450.0  2.68442e-08
17455.0  2.68727e-08
17460.0  2.69289e-08
17465.0  2.69704e-08
17470.0  2.69584e-08
17475.0  2.68708e-08
17480.0  2.67096e-08
17485.0  2.6499e-08
17490.0  2.62766e-08
17495.0  2.60825e-08
17500.0  2.59486e-08
17505.0  2.58933e-08
17510.0  2.59163e-08
17515.0  2.5996e-08
17520.0  2.60942e-08
17525.0  2.61654e-08
17530.0  2.617e-08
17535.0  2.60869e-08
17540.0  2.59204e-08
17545.0  2.56989e-08
17550.0  2.54674e-08
17555.0  2.52751e-08
17560.0  2.51641e-08
17565.0  2.51597e-08
17570.0  2.52596e-08
17575.0  2.54433e-08
17580.0  2.56773e-08
17585.0  2.58971e-08
17590.0  2.60538e-08
17595.0  2.61161e-08
17600.0  2.6072e-08
17605.0  2.59369e-08
17610.0  2.57447e-08
17615.0  2.55383e-08
17620.0  2.53576e-08
17625.0  2.52308e-08
17630.0  2.51673e-08
17635.0  2.51556e-08
17640.0  2.51657e-08
17645.0  2.51585e-08
17650.0  2.50981e-08
17655.0  2.49637e-08
17660.0  2.47574e-08
17665.0  2.45048e-08
17670.0  2.42467e-08
17675.0  2.40285e-08
17680.0  2.38895e-08
17685.0  2.38538e-08
17690.0  2.3925e-08
17695.0  2.40854e-08
17700.0  2.42988e-08
17705.0  2.45182e-08
17710.0  2.46959e-08
17715.0  2.47947e-08
17720.0  2.47965e-08
17725.0  2.47051e-08
17730.0  2.45443e-08
17735.0  2.43499e-08
17740.0  2.41546e-08
17745.0  2.39963e-08
17750.0  2.38921e-08
17755.0  2.38252e-08
17760.0  2.37779e-08
17765.0  2.37215e-08
17770.0  2.36264e-08
17775.0  2.34762e-08
17780.0  2.32731e-08
17785.0  2.304e-08
17790.0  2.28157e-08
17795.0  2.2645e-08
17800.0  2.25672e-08
17805.0  2.26057e-08
17810.0  2.27593e-08
17815.0  2.29999e-08
17820.0  2.32763e-08
17825.0  2.35223e-08
17830.0  2.36706e-08
17835.0  2.36673e-08
17840.0  2.34866e-08
17845.0  2.31388e-08
17850.0  2.2671e-08
17855.0  2.21604e-08
17860.0  2.16958e-08
17865.0  2.13563e-08
17870.0  2.11923e-08
17875.0  2.12145e-08
17880.0  2.13948e-08
17885.0  2.1678e-08
17890.0  2.1998e-08
17895.0  2.22915e-08
17900.0  2.2509e-08
17905.0  2.26199e-08
17910.0  2.26228e-08
17915.0  2.25304e-08
17920.0  2.23689e-08
17925.0  2.22097e-08
17930.0  2.21124e-08
17935.0  2.21125e-08
17940.0  2.22186e-08
17945.0  2.24005e-08
17950.0  2.26028e-08
17955.0  2.27668e-08
17960.0  2.2848e-08
17965.0  2.28204e-08
17970.0  2.2676e-08
17975.0  2.24486e-08
17980.0  2.20739e-08
17985.0  2.16184e-08
17990.0  2.1496e-08
17995.0  2.15164e-08
18000.0  2.14921e-08
18005.0  2.14653e-08
18010.0  2.14279e-08
18015.0  2.13795e-08
18020.0  2.13263e-08
18025.0  2.12745e-08
18030.0  2.12328e-08
18035.0  2.12096e-08
18040.0  2.12093e-08
18045.0  2.12312e-08
18050.0  2.12698e-08
18055.0  2.13171e-08
18060.0  2.13648e-08
18065.0  2.14054e-08
18070.0  2.1432e-08
18075.0  2.14387e-08
18080.0  2.14202e-08
18085.0  2.13707e-08
18090.0  2.12904e-08
18095.0  2.11889e-08
18100.0  2.1079e-08
18105.0  2.09797e-08
18110.0  2.09075e-08
18115.0  2.08664e-08
18120.0  2.08492e-08
18125.0  2.08455e-08
18130.0  2.08476e-08
18135.0  2.08509e-08
18140.0  2.08526e-08
18145.0  2.08506e-08
18150.0  2.08423e-08
18155.0  2.08239e-08
18160.0  2.07908e-08
18165.0  2.07381e-08
18170.0  2.06626e-08
18175.0  2.05662e-08
18180.0  2.04572e-08
18185.0  2.03495e-08
18190.0  2.02554e-08
18195.0  2.01827e-08
18200.0  2.0134e-08
18205.0  2.01069e-08
18210.0  2.00981e-08
18215.0  2.0103e-08
18220.0  2.01161e-08
18225.0  2.01291e-08
18230.0  2.01316e-08
18235.0  2.01125e-08
18240.0  2.00621e-08
18245.0  1.99761e-08
18250.0  1.98574e-08
18255.0  1.97151e-08
18260.0  1.95625e-08
18265.0  1.94132e-08
18270.0  1.92789e-08
18275.0  1.91695e-08
18280.0  1.90933e-08
18285.0  1.90566e-08
18290.0  1.90599e-08
18295.0  1.90941e-08
18300.0  1.91423e-08
18305.0  1.9188e-08
18310.0  1.9215e-08
18315.0  1.92107e-08
18320.0  1.91711e-08
18325.0  1.91028e-08
18330.0  1.90167e-08
18335.0  1.89228e-08
18340.0  1.88291e-08
18345.0  1.87406e-08
18350.0  1.8661e-08
18355.0  1.85927e-08
18360.0  1.85369e-08
18365.0  1.84913e-08
18370.0  1.84466e-08
18375.0  1.83887e-08
18380.0  1.83155e-08
18385.0  1.82598e-08
18390.0  1.82375e-08
18395.0  1.82323e-08
18400.0  1.82272e-08
18405.0  1.82153e-08
18410.0  1.81966e-08
18415.0  1.81736e-08
18420.0  1.8149e-08
18425.0  1.81239e-08
18430.0  1.80976e-08
18435.0  1.80663e-08
18440.0  1.80223e-08
18445.0  1.7955e-08
18450.0  1.78568e-08
18455.0  1.77314e-08
18460.0  1.75953e-08
18465.0  1.74671e-08
18470.0  1.73587e-08
18475.0  1.72721e-08
18480.0  1.72049e-08
18485.0  1.71532e-08
18490.0  1.71137e-08
18495.0  1.70836e-08
18500.0  1.70642e-08
18505.0  1.70613e-08
18510.0  1.70804e-08
18515.0  1.71167e-08
18520.0  1.71595e-08
18525.0  1.71985e-08
18530.0  1.72291e-08
18535.0  1.72508e-08
18540.0  1.72642e-08
18545.0  1.72704e-08
18550.0  1.72702e-08
18555.0  1.72634e-08
18560.0  1.72506e-08
18565.0  1.7228e-08
18570.0  1.71816e-08
18575.0  1.71267e-08
18580.0  1.71552e-08
18585.0  1.73643e-08
18590.0  1.76066e-08
18595.0  1.78017e-08
18600.0  1.79614e-08
18605.0  1.79687e-08
18610.0  1.77987e-08
18615.0  1.7601e-08
18620.0  1.75709e-08
18625.0  1.76545e-08
18630.0  1.766e-08
18635.0  1.74729e-08
18640.0  1.71755e-08
18645.0  1.68479e-08
18650.0  1.66721e-08
18655.0  1.68273e-08
18660.0  1.7126e-08
18665.0  1.73952e-08
18670.0  1.76106e-08
18675.0  1.78171e-08
18680.0  1.80137e-08
18685.0  1.81846e-08
18690.0  1.83277e-08
18695.0  1.8443e-08
18700.0  1.85314e-08
18705.0  1.85945e-08
18710.0  1.86343e-08
18715.0  1.86541e-08
18720.0  1.86605e-08
18725.0  1.86622e-08
18730.0  1.86679e-08
18735.0  1.86834e-08
18740.0  1.87108e-08
18745.0  1.87493e-08
18750.0  1.87963e-08
18755.0  1.88494e-08
18760.0  1.89067e-08
18765.0  1.89667e-08
18770.0  1.90285e-08
18775.0  1.9091e-08
18780.0  1.91544e-08
18785.0  1.92294e-08
18790.0  1.93119e-08
18795.0  1.9341e-08
18800.0  1.92091e-08
18805.0  1.90077e-08
18810.0  1.88813e-08
18815.0  1.8777e-08
18820.0  1.87571e-08
18825.0  1.89078e-08
18830.0  1.9164e-08
18835.0  1.9322e-08
18840.0  1.93132e-08
18845.0  1.92756e-08
18850.0  1.93902e-08
18855.0  1.96619e-08
18860.0  2.00022e-08
18865.0  2.0325e-08
18870.0  2.04083e-08
18875.0  2.02121e-08
18880.0  1.99649e-08
18885.0  1.97857e-08
18890.0  1.96707e-08
18895.0  1.95802e-08
18900.0  1.9515e-08
18905.0  1.94759e-08
18910.0  1.94565e-08
18915.0  1.94529e-08
18920.0  1.94634e-08
18925.0  1.94862e-08
18930.0  1.95187e-08
18935.0  1.95548e-08
18940.0  1.95838e-08
18945.0  1.95944e-08
18950.0  1.9582e-08
18955.0  1.95507e-08
18960.0  1.95082e-08
18965.0  1.94613e-08
18970.0  1.94138e-08
18975.0  1.93682e-08
18980.0  1.93256e-08
18985.0  1.92873e-08
18990.0  1.92544e-08
18995.0  1.92285e-08
19000.0  1.92121e-08
19005.0  1.92091e-08
19010.0  1.92238e-08
19015.0  1.9258e-08
19020.0  1.93035e-08
19025.0  1.93452e-08
19030.0  1.93697e-08
19035.0  1.93717e-08
19040.0  1.93535e-08
19045.0  1.93201e-08
19050.0  1.92768e-08
19055.0  1.92275e-08
19060.0  1.91747e-08
19065.0  1.91209e-08
19070.0  1.90683e-08
19075.0  1.90194e-08
19080.0  1.89777e-08
19085.0  1.89479e-08
19090.0  1.89358e-08
19095.0  1.89479e-08
19100.0  1.89899e-08
19105.0  1.90593e-08
19110.0  1.91416e-08
19115.0  1.92173e-08
19120.0  1.92716e-08
19125.0  1.92997e-08
19130.0  1.93028e-08
19135.0  1.9284e-08
19140.0  1.92467e-08
19145.0  1.91918e-08
19150.0  1.912e-08
19155.0  1.90326e-08
19160.0  1.8934e-08
19165.0  1.88321e-08
19170.0  1.8736e-08
19175.0  1.86513e-08
19180.0  1.85786e-08
19185.0  1.85159e-08
19190.0  1.84623e-08
19195.0  1.84165e-08
19200.0  1.83773e-08
19205.0  1.8343e-08
19210.0  1.83123e-08
19215.0  1.82836e-08
19220.0  1.82557e-08
19225.0  1.82267e-08
19230.0  1.81948e-08
19235.0  1.81577e-08
19240.0  1.81157e-08
19245.0  1.80746e-08
19250.0  1.80452e-08
19255.0  1.80315e-08
19260.0  1.80298e-08
19265.0  1.80327e-08
19270.0  1.80364e-08
19275.0  1.80402e-08
19280.0  1.80448e-08
19285.0  1.8051e-08
19290.0  1.8059e-08
19295.0  1.80684e-08
19300.0  1.80783e-08
19305.0  1.80861e-08
19310.0  1.80886e-08
19315.0  1.80821e-08
19320.0  1.80639e-08
19325.0  1.80327e-08
19330.0  1.79892e-08
19335.0  1.79376e-08
19340.0  1.7883e-08
19345.0  1.78277e-08
19350.0  1.77735e-08
19355.0  1.77218e-08
19360.0  1.76741e-08
19365.0  1.76317e-08
19370.0  1.75955e-08
19375.0  1.75667e-08
19380.0  1.7546e-08
19385.0  1.75338e-08
19390.0  1.75309e-08
19395.0  1.75373e-08
19400.0  1.75523e-08
19405.0  1.75738e-08
19410.0  1.7598e-08
19415.0  1.76209e-08
19420.0  1.76399e-08
19425.0  1.76547e-08
19430.0  1.76674e-08
19435.0  1.76806e-08
19440.0  1.76967e-08
19445.0  1.77167e-08
19450.0  1.77398e-08
19455.0  1.77635e-08
19460.0  1.77849e-08
19465.0  1.78018e-08
19470.0  1.78129e-08
19475.0  1.78183e-08
19480.0  1.78188e-08
19485.0  1.78161e-08
19490.0  1.78119e-08
19495.0  1.78077e-08
19500.0  1.78047e-08
19505.0  1.78036e-08
19510.0  1.78052e-08
19515.0  1.78096e-08
19520.0  1.7816e-08
19525.0  1.7823e-08
19530.0  1.78289e-08
19535.0  1.78314e-08
19540.0  1.78293e-08
19545.0  1.78225e-08
19550.0  1.78116e-08
19555.0  1.77985e-08
19560.0  1.77859e-08
19565.0  1.77768e-08
19570.0  1.77742e-08
19575.0  1.77807e-08
19580.0  1.77981e-08
19585.0  1.7827e-08
19590.0  1.78669e-08
19595.0  1.79157e-08
19600.0  1.79696e-08
19605.0  1.80239e-08
19610.0  1.80733e-08
19615.0  1.81128e-08
19620.0  1.81383e-08
19625.0  1.81475e-08
19630.0  1.81392e-08
19635.0  1.8114e-08
19640.0  1.80733e-08
19645.0  1.80195e-08
19650.0  1.7955e-08
19655.0  1.78829e-08
19660.0  1.78059e-08
19665.0  1.77264e-08
19670.0  1.76468e-08
19675.0  1.75685e-08
19680.0  1.74932e-08
19685.0  1.74219e-08
19690.0  1.73557e-08
19695.0  1.72953e-08
19700.0  1.72399e-08
19705.0  1.71885e-08
19710.0  1.71393e-08
19715.0  1.70902e-08
19720.0  1.70384e-08
19725.0  1.69826e-08
19730.0  1.69218e-08
19735.0  1.68556e-08
19740.0  1.67847e-08
19745.0  1.67097e-08
19750.0  1.6632e-08
19755.0  1.65533e-08
19760.0  1.64761e-08
19765.0  1.64027e-08
19770.0  1.63354e-08
19775.0  1.62756e-08
19780.0  1.62242e-08
19785.0  1.61809e-08
19790.0  1.61444e-08
19795.0  1.61127e-08
19800.0  1.60835e-08
19805.0  1.60541e-08
19810.0  1.60221e-08
19815.0  1.59853e-08
19820.0  1.5942e-08
19825.0  1.58914e-08
19830.0  1.58333e-08
19835.0  1.5769e-08
19840.0  1.57011e-08
19845.0  1.56331e-08
19850.0  1.55692e-08
19855.0  1.55139e-08
19860.0  1.54706e-08
19865.0  1.54417e-08
19870.0  1.54286e-08
19875.0  1.54311e-08
19880.0  1.54482e-08
19885.0  1.54784e-08
19890.0  1.552e-08
19895.0  1.55712e-08
19900.0  1.56305e-08
19905.0  1.56964e-08
19910.0  1.57666e-08
19915.0  1.58375e-08
19920.0  1.5905e-08
19925.0  1.59649e-08
19930.0  1.60133e-08
19935.0  1.60483e-08
19940.0  1.60718e-08
19945.0  1.60866e-08
19950.0  1.6096e-08
19955.0  1.61032e-08
19960.0  1.61118e-08
19965.0  1.61246e-08
19970.0  1.61435e-08
19975.0  1.61694e-08
19980.0  1.62028e-08
19985.0  1.62433e-08
19990.0  1.62896e-08
19995.0  1.63398e-08
20000.0  1.63914e-08
20005.0  1.64414e-08
20010.0  1.64874e-08
20015.0  1.65272e-08
20020.0  1.65598e-08
20025.0  1.65853e-08
20030.0  1.6605e-08
20035.0  1.66209e-08
20040.0  1.66358e-08
20045.0  1.66522e-08
20050.0  1.66711e-08
20055.0  1.66927e-08
20060.0  1.6717e-08
20065.0  1.67435e-08
20070.0  1.67714e-08
20075.0  1.67997e-08
20080.0  1.68276e-08
20085.0  1.6854e-08
20090.0  1.68785e-08
20095.0  1.69008e-08
20100.0  1.69211e-08
20105.0  1.69397e-08
20110.0  1.69572e-08
20115.0  1.69744e-08
20120.0  1.6992e-08
20125.0  1.68985e-08
20130.0  1.60667e-08
20135.0  1.49764e-08
20140.0  1.56007e-08
20145.0  1.74319e-08
20150.0  1.71278e-08
20155.0  1.62042e-08
20160.0  1.59447e-08
20165.0  1.57012e-08
20170.0  1.58899e-08
20175.0  1.6368e-08
20180.0  1.67325e-08
20185.0  1.70609e-08
20190.0  1.74901e-08
20195.0  1.69315e-08
20200.0  1.60336e-08
20205.0  1.61698e-08
20210.0  1.68865e-08
20215.0  1.73248e-08
20220.0  1.71647e-08
20225.0  1.66778e-08
20230.0  1.62786e-08
20235.0  1.62153e-08
20240.0  1.63533e-08
20245.0  1.6404e-08
20250.0  1.60356e-08
20255.0  1.55082e-08
20260.0  1.52651e-08
20265.0  1.54033e-08
20270.0  1.57473e-08
20275.0  1.58775e-08
20280.0  1.60036e-08
20285.0  1.6262e-08
20290.0  1.60245e-08
20295.0  1.60012e-08
20300.0  1.63003e-08
20305.0  1.61396e-08
20310.0  1.59949e-08
20315.0  1.63161e-08
20320.0  1.6764e-08
20325.0  1.68612e-08
20330.0  1.65818e-08
20335.0  1.63332e-08
20340.0  1.63172e-08
20345.0  1.62483e-08
20350.0  1.59846e-08
20355.0  1.5628e-08
20360.0  1.56415e-08
20365.0  1.6193e-08
20370.0  1.63611e-08
20375.0  1.61091e-08
20380.0  1.61627e-08
20385.0  1.62235e-08
20390.0  1.61038e-08
20395.0  1.60239e-08
20400.0  1.59121e-08
20405.0  1.57179e-08
20410.0  1.54429e-08
20415.0  1.54875e-08
20420.0  1.58685e-08
20425.0  1.62209e-08
20430.0  1.61566e-08
20435.0  1.55356e-08
20440.0  1.50961e-08
20445.0  1.49598e-08
20450.0  1.50189e-08
20455.0  1.53022e-08
20460.0  1.5534e-08
20465.0  1.58234e-08
20470.0  1.60005e-08
20475.0  1.59324e-08
20480.0  1.54939e-08
20485.0  1.49695e-08
20490.0  1.50392e-08
20495.0  1.53524e-08
20500.0  1.53273e-08
20505.0  1.53523e-08
20510.0  1.56021e-08
20515.0  1.54397e-08
20520.0  1.50743e-08
20525.0  1.52728e-08
20530.0  1.60147e-08
20535.0  1.61594e-08
20540.0  1.56551e-08
20545.0  1.5419e-08
20550.0  1.56032e-08
20555.0  1.56788e-08
20560.0  1.54635e-08
20565.0  1.55412e-08
20570.0  1.57927e-08
20575.0  1.60592e-08
20580.0  1.63093e-08
20585.0  1.62152e-08
20590.0  1.59255e-08
20595.0  1.57816e-08
20600.0  1.57731e-08
20605.0  1.56213e-08
20610.0  1.54715e-08
20615.0  1.56274e-08
20620.0  1.56278e-08
20625.0  1.55143e-08
20630.0  1.55007e-08
20635.0  1.52714e-08
20640.0  1.50338e-08
20645.0  1.50566e-08
20650.0  1.52032e-08
20655.0  1.5124e-08
20660.0  1.50249e-08
20665.0  1.54496e-08
20670.0  1.56253e-08
20675.0  1.53252e-08
20680.0  1.54589e-08
20685.0  1.56588e-08
20690.0  1.54867e-08
20695.0  1.53829e-08
20700.0  1.56053e-08
20705.0  1.57915e-08
20710.0  1.55719e-08
20715.0  1.52273e-08
20720.0  1.51175e-08
20725.0  1.5277e-08
20730.0  1.5456e-08
20735.0  1.53139e-08
20740.0  1.5259e-08
20745.0  1.55222e-08
20750.0  1.55298e-08
20755.0  1.55103e-08
20760.0  1.56717e-08
20765.0  1.57069e-08
20770.0  1.57527e-08
20775.0  1.56366e-08
20780.0  1.53188e-08
20785.0  1.50802e-08
20790.0  1.50203e-08
20795.0  1.50172e-08
20800.0  1.51186e-08
20805.0  1.53183e-08
20810.0  1.53309e-08
20815.0  1.52236e-08
20820.0  1.52411e-08
20825.0  1.5355e-08
20830.0  1.55479e-08
20835.0  1.58343e-08
20840.0  1.60108e-08
20845.0  1.59649e-08
20850.0  1.56158e-08
20855.0  1.53147e-08
20860.0  1.54454e-08
20865.0  1.54505e-08
20870.0  1.51167e-08
20875.0  1.508e-08
20880.0  1.52249e-08
20885.0  1.53567e-08
20890.0  1.5491e-08
20895.0  1.53188e-08
20900.0  1.50522e-08
20905.0  1.51812e-08
20910.0  1.55717e-08
20915.0  1.56636e-08
20920.0  1.54806e-08
20925.0  1.55145e-08
20930.0  1.55934e-08
20935.0  1.54636e-08
20940.0  1.52855e-08
20945.0  1.51132e-08
20950.0  1.50613e-08
20955.0  1.51053e-08
20960.0  1.50608e-08
20965.0  1.5046e-08
20970.0  1.51857e-08
20975.0  1.51969e-08
20980.0  1.49681e-08
20985.0  1.48073e-08
20990.0  1.48573e-08
20995.0  1.48558e-08
21000.0  1.4775e-08
21005.0  1.49103e-08
21010.0  1.52025e-08
21015.0  1.52513e-08
21020.0  1.5074e-08
21025.0  1.50598e-08
21030.0  1.51961e-08
21035.0  1.53571e-08
21040.0  1.54449e-08
21045.0  1.5358e-08
21050.0  1.50814e-08
21055.0  1.49881e-08
21060.0  1.52787e-08
21065.0  1.55867e-08
21070.0  1.55929e-08
21075.0  1.54509e-08
21080.0  1.54691e-08
21085.0  1.54919e-08
21090.0  1.54214e-08
21095.0  1.54063e-08
21100.0  1.53665e-08
21105.0  1.53061e-08
21110.0  1.52495e-08
21115.0  1.51288e-08
21120.0  1.50738e-08
21125.0  1.52143e-08
21130.0  1.53657e-08
21135.0  1.53631e-08
21140.0  1.52864e-08
21145.0  1.52837e-08
21150.0  1.53247e-08
21155.0  1.53844e-08
21160.0  1.54902e-08
21165.0  1.54511e-08
21170.0  1.52197e-08
21175.0  1.50396e-08
21180.0  1.50944e-08
21185.0  1.52719e-08
21190.0  1.5367e-08
21195.0  1.5271e-08
21200.0  1.51587e-08
21205.0  1.52775e-08
21210.0  1.552e-08
21215.0  1.55496e-08
21220.0  1.54306e-08
21225.0  1.54866e-08
21230.0  1.55269e-08
21235.0  1.5359e-08
21240.0  1.52739e-08
21245.0  1.53801e-08
21250.0  1.54312e-08
21255.0  1.52946e-08
21260.0  1.51018e-08
21265.0  1.49861e-08
21270.0  1.49061e-08
21275.0  1.48709e-08
21280.0  1.49487e-08
21285.0  1.50385e-08
21290.0  1.50975e-08
21295.0  1.52347e-08
21300.0  1.53812e-08
21305.0  1.53104e-08
21310.0  1.51692e-08
21315.0  1.51839e-08
21320.0  1.52007e-08
21325.0  1.51993e-08
21330.0  1.53189e-08
21335.0  1.53879e-08
21340.0  1.52545e-08
21345.0  1.50766e-08
21350.0  1.51311e-08
21355.0  1.5371e-08
21360.0  1.54521e-08
21365.0  1.53406e-08
21370.0  1.52925e-08
21375.0  1.5298e-08
21380.0  1.5213e-08
21385.0  1.50151e-08
21390.0  1.49579e-08
21395.0  1.50929e-08
21400.0  1.52187e-08
21405.0  1.52083e-08
21410.0  1.51365e-08
21415.0  1.51392e-08
21420.0  1.51572e-08
21425.0  1.50836e-08
21430.0  1.50864e-08
21435.0  1.52709e-08
21440.0  1.54428e-08
21445.0  1.54833e-08
21450.0  1.54404e-08
21455.0  1.53346e-08
21460.0  1.52905e-08
21465.0  1.53238e-08
21470.0  1.5313e-08
21475.0  1.52294e-08
21480.0  1.5171e-08
21485.0  1.50783e-08
21490.0  1.48823e-08
21495.0  1.47453e-08
21500.0  1.47634e-08
21505.0  1.49162e-08
21510.0  1.51442e-08
21515.0  1.52333e-08
21520.0  1.50575e-08
21525.0  1.48267e-08
21530.0  1.47203e-08
21535.0  1.4778e-08
21540.0  1.49028e-08
21545.0  1.50808e-08
21550.0  1.52363e-08
21555.0  1.52572e-08
21560.0  1.52759e-08
21565.0  1.53086e-08
21570.0  1.52202e-08
21575.0  1.5139e-08
21580.0  1.51287e-08
21585.0  1.51172e-08
21590.0  1.50847e-08
21595.0  1.50535e-08
21600.0  1.50121e-08
21605.0  1.50084e-08
21610.0  1.5009e-08
21615.0  1.48784e-08
21620.0  1.46635e-08
21625.0  1.45775e-08
21630.0  1.46405e-08
21635.0  1.48258e-08
21640.0  1.50053e-08
21645.0  1.49887e-08
21650.0  1.49025e-08
21655.0  1.49602e-08
21660.0  1.50689e-08
21665.0  1.50068e-08
21670.0  1.48864e-08
21675.0  1.48868e-08
21680.0  1.49439e-08
21685.0  1.50068e-08
21690.0  1.50761e-08
21695.0  1.50999e-08
21700.0  1.50577e-08
21705.0  1.49729e-08
21710.0  1.49811e-08
21715.0  1.51227e-08
21720.0  1.52603e-08
21725.0  1.5256e-08
21730.0  1.5117e-08
21735.0  1.49348e-08
21740.0  1.48749e-08
21745.0  1.50323e-08
21750.0  1.51822e-08
21755.0  1.5168e-08
21760.0  1.50567e-08
21765.0  1.49923e-08
21770.0  1.50356e-08
21775.0  1.51359e-08
21780.0  1.51121e-08
21785.0  1.48807e-08
21790.0  1.4651e-08
21795.0  1.46551e-08
21800.0  1.48723e-08
21805.0  1.51305e-08
21810.0  1.53008e-08
21815.0  1.52696e-08
21820.0  1.49896e-08
21825.0  1.47107e-08
21830.0  1.46058e-08
21835.0  1.46665e-08
21840.0  1.48088e-08
21845.0  1.49381e-08
21850.0  1.50479e-08
21855.0  1.51076e-08
21860.0  1.50442e-08
21865.0  1.4933e-08
21870.0  1.48827e-08
21875.0  1.49453e-08
21880.0  1.51055e-08
21885.0  1.52147e-08
21890.0  1.52354e-08
21895.0  1.51416e-08
21900.0  1.49386e-08
21905.0  1.48501e-08
21910.0  1.49774e-08
21915.0  1.51344e-08
21920.0  1.51196e-08
21925.0  1.49854e-08
21930.0  1.48916e-08
21935.0  1.48853e-08
21940.0  1.493e-08
21945.0  1.49252e-08
21950.0  1.48879e-08
21955.0  1.48642e-08
21960.0  1.48824e-08
21965.0  1.49607e-08
21970.0  1.49964e-08
21975.0  1.4952e-08
21980.0  1.49577e-08
21985.0  1.49617e-08
21990.0  1.49683e-08
21995.0  1.5065e-08
22000.0  1.51084e-08
22005.0  1.50126e-08
22010.0  1.49393e-08
22015.0  1.48864e-08
22020.0  1.47863e-08
22025.0  1.46868e-08
22030.0  1.45884e-08
22035.0  1.4492e-08
22040.0  1.44257e-08
22045.0  1.42275e-08
22050.0  1.38588e-08
22055.0  1.33646e-08
22060.0  1.28435e-08
22065.0  1.27421e-08
22070.0  1.31619e-08
22075.0  1.35325e-08
22080.0  1.35564e-08
22085.0  1.3334e-08
22090.0  1.32251e-08
22095.0  1.35034e-08
22100.0  1.39358e-08
22105.0  1.41777e-08
22110.0  1.43419e-08
22115.0  1.45703e-08
22120.0  1.47664e-08
22125.0  1.48049e-08
22130.0  1.48024e-08
22135.0  1.48568e-08
22140.0  1.48868e-08
22145.0  1.4927e-08
22150.0  1.50315e-08
22155.0  1.50937e-08
22160.0  1.5071e-08
22165.0  1.4962e-08
22170.0  1.48184e-08
22175.0  1.47792e-08
22180.0  1.4859e-08
22185.0  1.4857e-08
22190.0  1.475e-08
22195.0  1.47108e-08
22200.0  1.47469e-08
22205.0  1.47466e-08
22210.0  1.47221e-08
22215.0  1.47514e-08
22220.0  1.48597e-08
22225.0  1.50108e-08
22230.0  1.50822e-08
22235.0  1.49998e-08
22240.0  1.49317e-08
22245.0  1.50382e-08
22250.0  1.52443e-08
22255.0  1.53012e-08
22260.0  1.51584e-08
22265.0  1.4938e-08
22270.0  1.47958e-08
22275.0  1.47062e-08
22280.0  1.46155e-08
22285.0  1.45351e-08
22290.0  1.44904e-08
22295.0  1.44368e-08
22300.0  1.44266e-08
22305.0  1.45759e-08
22310.0  1.4786e-08
22315.0  1.4832e-08
22320.0  1.47422e-08
22325.0  1.4613e-08
22330.0  1.45024e-08
22335.0  1.45092e-08
22340.0  1.46573e-08
22345.0  1.47707e-08
22350.0  1.47781e-08
22355.0  1.47776e-08
22360.0  1.47878e-08
22365.0  1.47402e-08
22370.0  1.47122e-08
22375.0  1.47707e-08
22380.0  1.47812e-08
22385.0  1.47198e-08
22390.0  1.46862e-08
22395.0  1.47071e-08
22400.0  1.46589e-08
22405.0  1.4552e-08
22410.0  1.44848e-08
22415.0  1.44365e-08
22420.0  1.43901e-08
22425.0  1.43776e-08
22430.0  1.43683e-08
22435.0  1.44031e-08
22440.0  1.45215e-08
22445.0  1.45913e-08
22450.0  1.45899e-08
22455.0  1.46517e-08
22460.0  1.4748e-08
22465.0  1.47865e-08
22470.0  1.47773e-08
22475.0  1.47681e-08
22480.0  1.47544e-08
22485.0  1.47704e-08
22490.0  1.4805e-08
22495.0  1.47836e-08
22500.0  1.47134e-08
22505.0  1.47496e-08
22510.0  1.48396e-08
22515.0  1.48003e-08
22520.0  1.47348e-08
22525.0  1.48162e-08
22530.0  1.49411e-08
22535.0  1.49229e-08
22540.0  1.47745e-08
22545.0  1.4622e-08
22550.0  1.45431e-08
22555.0  1.45227e-08
22560.0  1.45604e-08
22565.0  1.46663e-08
22570.0  1.47672e-08
22575.0  1.47415e-08
22580.0  1.46135e-08
22585.0  1.45261e-08
22590.0  1.45136e-08
22595.0  1.45114e-08
22600.0  1.44852e-08
22605.0  1.44566e-08
22610.0  1.43734e-08
22615.0  1.42723e-08
22620.0  1.42041e-08
22625.0  1.41185e-08
22630.0  1.40284e-08
22635.0  1.40519e-08
22640.0  1.41298e-08
22645.0  1.4179e-08
22650.0  1.42176e-08
22655.0  1.41913e-08
22660.0  1.41225e-08
22665.0  1.41417e-08
22670.0  1.42112e-08
22675.0  1.42447e-08
22680.0  1.4307e-08
22685.0  1.44242e-08
22690.0  1.44894e-08
22695.0  1.44696e-08
22700.0  1.44328e-08
22705.0  1.44244e-08
22710.0  1.44721e-08
22715.0  1.45291e-08
22720.0  1.45283e-08
22725.0  1.44628e-08
22730.0  1.43958e-08
22735.0  1.43428e-08
22740.0  1.43068e-08
22745.0  1.43285e-08
22750.0  1.44661e-08
22755.0  1.46309e-08
22760.0  1.46698e-08
22765.0  1.4623e-08
22770.0  1.46113e-08
22775.0  1.46126e-08
22780.0  1.45455e-08
22785.0  1.44549e-08
22790.0  1.4426e-08
22795.0  1.44091e-08
22800.0  1.43092e-08
22805.0  1.42097e-08
22810.0  1.42132e-08
22815.0  1.42388e-08
22820.0  1.41912e-08
22825.0  1.4114e-08
22830.0  1.40671e-08
22835.0  1.40827e-08
22840.0  1.41622e-08
22845.0  1.42715e-08
22850.0  1.43616e-08
22855.0  1.44223e-08
22860.0  1.44112e-08
22865.0  1.4359e-08
22870.0  1.43281e-08
22875.0  1.43154e-08
22880.0  1.42916e-08
22885.0  1.42735e-08
22890.0  1.42417e-08
22895.0  1.41776e-08
22900.0  1.40814e-08
22905.0  1.40123e-08
22910.0  1.39549e-08
22915.0  1.38112e-08
22920.0  1.36243e-08
22925.0  1.34877e-08
22930.0  1.3193e-08
22935.0  1.26232e-08
22940.0  1.21973e-08
22945.0  1.22101e-08
22950.0  1.24186e-08
22955.0  1.25687e-08
22960.0  1.26263e-08
22965.0  1.26205e-08
22970.0  1.26693e-08
22975.0  1.28524e-08
22980.0  1.30332e-08
22985.0  1.31026e-08
22990.0  1.30885e-08
22995.0  1.30924e-08
23000.0  1.31583e-08
23005.0  1.32543e-08
23010.0  1.32668e-08
23015.0  1.3228e-08
23020.0  1.3217e-08
23025.0  1.31935e-08
23030.0  1.31115e-08
23035.0  1.30595e-08
23040.0  1.31222e-08
23045.0  1.31746e-08
23050.0  1.31257e-08
23055.0  1.30606e-08
23060.0  1.31053e-08
23065.0  1.31795e-08
23070.0  1.32447e-08
23075.0  1.32776e-08
23080.0  1.33156e-08
23085.0  1.33321e-08
23090.0  1.33266e-08
23095.0  1.32174e-08
23100.0  1.31172e-08
23105.0  1.30665e-08
23110.0  1.30663e-08
23115.0  1.30729e-08
23120.0  1.30852e-08
23125.0  1.31429e-08
23130.0  1.31802e-08
23135.0  1.31029e-08
23140.0  1.29417e-08
23145.0  1.28334e-08
23150.0  1.28716e-08
23155.0  1.29377e-08
23160.0  1.29081e-08
23165.0  1.28458e-08
23170.0  1.2846e-08
23175.0  1.28609e-08
23180.0  1.29127e-08
23185.0  1.30272e-08
23190.0  1.30895e-08
23195.0  1.30943e-08
23200.0  1.303e-08
23205.0  1.28837e-08
23210.0  1.27504e-08
23215.0  1.26638e-08
23220.0  1.2454e-08
23225.0  1.20436e-08
23230.0  1.16132e-08
23235.0  1.14196e-08
23240.0  1.15247e-08
23245.0  1.16495e-08
23250.0  1.1686e-08
23255.0  1.17001e-08
23260.0  1.1746e-08
23265.0  1.17997e-08
23270.0  1.18844e-08
23275.0  1.1927e-08
23280.0  1.1856e-08
23285.0  1.17983e-08
23290.0  1.19039e-08
23295.0  1.20253e-08
23300.0  1.19714e-08
23305.0  1.19068e-08
23310.0  1.19772e-08
23315.0  1.20642e-08
23320.0  1.2155e-08
23325.0  1.2263e-08
23330.0  1.2264e-08
23335.0  1.20888e-08
23340.0  1.19524e-08
23345.0  1.18472e-08
23350.0  1.16567e-08
23355.0  1.15335e-08
23360.0  1.16312e-08
23365.0  1.17605e-08
23370.0  1.17528e-08
23375.0  1.16977e-08
23380.0  1.16162e-08
23385.0  1.14932e-08
23390.0  1.1534e-08
23395.0  1.17231e-08
23400.0  1.18522e-08
23405.0  1.18803e-08
23410.0  1.18865e-08
23415.0  1.19882e-08
23420.0  1.21615e-08
23425.0  1.22633e-08
23430.0  1.21688e-08
23435.0  1.20332e-08
23440.0  1.19968e-08
23445.0  1.19726e-08
23450.0  1.19347e-08
23455.0  1.20255e-08
23460.0  1.22301e-08
23465.0  1.23317e-08
23470.0  1.22595e-08
23475.0  1.21717e-08
23480.0  1.21591e-08
23485.0  1.22069e-08
23490.0  1.21744e-08
23495.0  1.20498e-08
23500.0  1.19465e-08
23505.0  1.18671e-08
23510.0  1.17385e-08
23515.0  1.15974e-08
23520.0  1.1334e-08
23525.0  1.09221e-08
23530.0  1.06619e-08
23535.0  1.06893e-08
23540.0  1.08151e-08
23545.0  1.09586e-08
23550.0  1.11551e-08
23555.0  1.12855e-08
23560.0  1.1346e-08
23565.0  1.14529e-08
23570.0  1.15657e-08
23575.0  1.15758e-08
23580.0  1.15185e-08
23585.0  1.1473e-08
23590.0  1.15017e-08
23595.0  1.16118e-08
23600.0  1.17381e-08
23605.0  1.17283e-08
23610.0  1.15666e-08
23615.0  1.14256e-08
23620.0  1.13969e-08
23625.0  1.1418e-08
23630.0  1.14108e-08
23635.0  1.14586e-08
23640.0  1.15204e-08
23645.0  1.15113e-08
23650.0  1.14479e-08
23655.0  1.14455e-08
23660.0  1.14832e-08
23665.0  1.14879e-08
23670.0  1.14087e-08
23675.0  1.1327e-08
23680.0  1.13338e-08
23685.0  1.14088e-08
23690.0  1.1471e-08
23695.0  1.1472e-08
23700.0  1.14992e-08
23705.0  1.15858e-08
23710.0  1.17075e-08
23715.0  1.18241e-08
23720.0  1.18475e-08
23725.0  1.17882e-08
23730.0  1.17451e-08
23735.0  1.17768e-08
23740.0  1.17812e-08
23745.0  1.1693e-08
23750.0  1.15902e-08
23755.0  1.15214e-08
23760.0  1.14464e-08
23765.0  1.13896e-08
23770.0  1.14078e-08
23775.0  1.14192e-08
23780.0  1.133e-08
23785.0  1.11955e-08
23790.0  1.11481e-08
23795.0  1.12078e-08
23800.0  1.1265e-08
23805.0  1.11805e-08
23810.0  1.10339e-08
23815.0  1.09964e-08
23820.0  1.1007e-08
23825.0  1.08282e-08
23830.0  1.05117e-08
23835.0  1.0325e-08
23840.0  1.03806e-08
23845.0  1.05926e-08
23850.0  1.07469e-08
23855.0  1.07458e-08
23860.0  1.06556e-08
23865.0  1.0579e-08
23870.0  1.05903e-08
23875.0  1.06515e-08
23880.0  1.07547e-08
23885.0  1.08363e-08
23890.0  1.09221e-08
23895.0  1.10598e-08
23900.0  1.11864e-08
23905.0  1.11823e-08
23910.0  1.10125e-08
23915.0  1.08372e-08
23920.0  1.07583e-08
23925.0  1.07728e-08
23930.0  1.08682e-08
23935.0  1.10271e-08
23940.0  1.11278e-08
23945.0  1.10642e-08
23950.0  1.09585e-08
23955.0  1.09463e-08
23960.0  1.09896e-08
23965.0  1.09722e-08
23970.0  1.09013e-08
23975.0  1.07619e-08
23980.0  1.06734e-08
23985.0  1.07047e-08
23990.0  1.08016e-08
23995.0  1.08586e-08
24000.0  1.08397e-08
24005.0  1.07652e-08
24010.0  1.06702e-08
24015.0  1.06286e-08
24020.0  1.06019e-08
24025.0  1.05935e-08
24030.0  1.06827e-08
24035.0  1.0787e-08
24040.0  1.07744e-08
24045.0  1.06925e-08
24050.0  1.06791e-08
24055.0  1.07353e-08
24060.0  1.07565e-08
24065.0  1.06934e-08
24070.0  1.06173e-08
24075.0  1.04796e-08
24080.0  1.03085e-08
24085.0  1.0224e-08
24090.0  1.03432e-08
24095.0  1.0423e-08
24100.0  1.09286e-08
24105.0  1.09507e-08
24110.0  1.0878e-08
24115.0  1.08083e-08
24120.0  1.07437e-08
24125.0  1.06862e-08
24130.0  1.06374e-08
24135.0  1.05986e-08
24140.0  1.05705e-08
24145.0  1.05537e-08
24150.0  1.0548e-08
24155.0  1.05527e-08
24160.0  1.0567e-08
24165.0  1.05894e-08
24170.0  1.06181e-08
24175.0  1.06511e-08
24180.0  1.0686e-08
24185.0  1.07206e-08
24190.0  1.07527e-08
24195.0  1.07802e-08
24200.0  1.08019e-08
24205.0  1.08164e-08
24210.0  1.08234e-08
24215.0  1.0823e-08
24220.0  1.08158e-08
24225.0  1.08031e-08
24230.0  1.07863e-08
24235.0  1.07669e-08
24240.0  1.07465e-08
24245.0  1.07266e-08
24250.0  1.07086e-08
24255.0  1.06937e-08
24260.0  1.06825e-08
24265.0  1.06754e-08
24270.0  1.06726e-08
24275.0  1.06739e-08
24280.0  1.06788e-08
24285.0  1.06868e-08
24290.0  1.06968e-08
24295.0  1.07081e-08
24300.0  1.07193e-08
24305.0  1.07292e-08
24310.0  1.07366e-08
24315.0  1.07402e-08
24320.0  1.0739e-08
24325.0  1.0732e-08
24330.0  1.07187e-08
24335.0  1.0699e-08
24340.0  1.06734e-08
24345.0  1.06426e-08
24350.0  1.06078e-08
24355.0  1.05706e-08
24360.0  1.05326e-08
24365.0  1.04953e-08
24370.0  1.04599e-08
24375.0  1.04273e-08
24380.0  1.03979e-08
24385.0  1.0372e-08
24390.0  1.03491e-08
24395.0  1.03288e-08
24400.0  1.031e-08
24405.0  1.0292e-08
24410.0  1.02737e-08
24415.0  1.0254e-08
24420.0  1.02321e-08
24425.0  1.02069e-08
24430.0  1.0178e-08
24435.0  1.01449e-08
24440.0  1.01073e-08
24445.0  1.00655e-08
24450.0  1.00201e-08
24455.0  9.97213e-09
24460.0  9.92315e-09
24465.0  9.87503e-09
24470.0  9.82999e-09
24475.0  9.79046e-09
24480.0  9.75872e-09
24485.0  9.73671e-09
24490.0  9.72593e-09
24495.0  9.72692e-09
24500.0  9.73947e-09
24505.0  9.76262e-09
24510.0  9.79443e-09
24515.0  9.8327e-09
24520.0  9.87474e-09
24525.0  9.91785e-09
24530.0  9.95908e-09
24535.0  9.99559e-09
24540.0  1.00255e-08
24545.0  1.00485e-08
24550.0  1.00642e-08
24555.0  1.00698e-08
24560.0  1.0062e-08
24565.0  1.00403e-08
24570.0  1.00083e-08
24575.0  9.9692e-09
24580.0  9.92403e-09
24585.0  9.87317e-09
24590.0  9.81823e-09
24595.0  9.76197e-09
24600.0  9.70717e-09
24605.0  9.6564e-09
24610.0  9.61192e-09
24615.0  9.57575e-09
24620.0  9.54957e-09
24625.0  9.53445e-09
24630.0  9.53077e-09
24635.0  9.53839e-09
24640.0  9.55631e-09
24645.0  9.58306e-09
24650.0  9.61665e-09
24655.0  9.65463e-09
24660.0  9.69436e-09
24665.0  9.733e-09
24670.0  9.76771e-09
24675.0  9.79586e-09
24680.0  9.81504e-09
24685.0  9.82316e-09
24690.0  9.81887e-09
24695.0  9.80116e-09
24700.0  9.76991e-09
24705.0  9.72564e-09
24710.0  9.66954e-09
24715.0  9.60355e-09
24720.0  9.53014e-09
24725.0  9.4522e-09
24730.0  9.37296e-09
24735.0  9.29556e-09
24740.0  9.22305e-09
24745.0  9.15815e-09
24750.0  9.1029e-09
24755.0  9.05897e-09
24760.0  9.02727e-09
24765.0  9.00787e-09
24770.0  9.00054e-09
24775.0  9.00422e-09
24780.0  9.01753e-09
24785.0  9.03869e-09
24790.0  9.06566e-09
24795.0  9.09635e-09
24800.0  9.12846e-09
24805.0  9.15986e-09
24810.0  9.18855e-09
24815.0  9.21263e-09
24820.0  9.23054e-09
24825.0  9.2411e-09
24830.0  9.24336e-09
24835.0  9.23707e-09
24840.0  9.22233e-09
24845.0  9.19968e-09
24850.0  9.17023e-09
24855.0  9.13547e-09
24860.0  9.0975e-09
24865.0  9.05883e-09
24870.0  9.0213e-09
24875.0  8.98599e-09
24880.0  8.95429e-09
24885.0  8.92929e-09
24890.0  8.91448e-09
24895.0  8.91068e-09
24900.0  8.91562e-09
24905.0  8.92673e-09
24910.0  8.94312e-09
24915.0  8.9644e-09
24920.0  8.98937e-09
24925.0  9.01594e-09
24930.0  9.04189e-09
24935.0  9.06547e-09
24940.0  9.08516e-09
24945.0  9.09965e-09
24950.0  9.10803e-09
24955.0  9.10951e-09
24960.0  9.10392e-09
24965.0  9.09127e-09
24970.0  9.07195e-09
24975.0  9.0466e-09
24980.0  9.01607e-09
24985.0  7.86328e-09
24990.0  1.12251e-09
24995.0  0.0
25000.0  0.0
