# Extracted from file: pickles_uk_86.fits
#SIMPLETrueFits standard
#BITPIX16Bits per pixel
#NAXIS0Number of axes
#EXTENDTrueFile may contain extensions
#DATE2007-01-11T21:02:24Date FITS file was generated
#IRAF-TLM16:02:40 (11/01/2007)Time of last modification
#COMMENT  FITS (Flexible Image Transport System) format is defined in 'Astronomy
#COMMENT  and Astrophysics', volume 376, page 359; bibcode: 2001A&A...376..359H
#ORIGINSTScI-STSDAS/TABLESTables version 2002-02-22
#FILENAMEpickles_uk_86.fitsname of file
#NEXTEND1number of extensions in file
#COMMENT1spectral type: K2III
#COMMENT2metallicity: rich
#COMMENT3original filename: ukrk2iii.dat
#HISTORY  File created by F.R.Boffi.
#HISTORY  SEDs from Pickles UVKLIB Library (1998, PASP 110, 863).
#HISTORY  Wavelength is in Angstrom.
#HISTORY  Fluxes are tabulated in units of erg/s/cm^2/A
#HISTORY  and were calculated by normalizing the original fluxes
#HISTORY  in the Pickles V band to a 0 magnitude in vegamag.
#HISTORY  In the vegamag system, Vega has magnitude zero in all passbands.
#HISTORY  Please refer to the SYNPHOT manual for further information.
#
#
#
#
#
#
#
#
#
#
#
#
#
#  
#Columns WAVELENGTH FLUX
#Units  angstroms flam
1150.0  0.0
1155.0  0.0
1160.0  0.0
1165.0  0.0
1170.0  0.0
1175.0  0.0
1180.0  0.0
1185.0  0.0
1190.0  0.0
1195.0  0.0
1200.0  0.0
1205.0  0.0
1210.0  0.0
1215.0  0.0
1220.0  0.0
1225.0  0.0
1230.0  0.0
1235.0  0.0
1240.0  0.0
1245.0  0.0
1250.0  0.0
1255.0  0.0
1260.0  0.0
1265.0  0.0
1270.0  0.0
1275.0  0.0
1280.0  0.0
1285.0  0.0
1290.0  0.0
1295.0  0.0
1300.0  0.0
1305.0  0.0
1310.0  0.0
1315.0  0.0
1320.0  0.0
1325.0  0.0
1330.0  0.0
1335.0  0.0
1340.0  0.0
1345.0  0.0
1350.0  0.0
1355.0  0.0
1360.0  0.0
1365.0  0.0
1370.0  0.0
1375.0  0.0
1380.0  0.0
1385.0  0.0
1390.0  0.0
1395.0  0.0
1400.0  0.0
1405.0  0.0
1410.0  0.0
1415.0  0.0
1420.0  0.0
1425.0  0.0
1430.0  0.0
1435.0  0.0
1440.0  0.0
1445.0  0.0
1450.0  0.0
1455.0  0.0
1460.0  0.0
1465.0  0.0
1470.0  0.0
1475.0  0.0
1480.0  0.0
1485.0  0.0
1490.0  0.0
1495.0  0.0
1500.0  0.0
1505.0  0.0
1510.0  0.0
1515.0  0.0
1520.0  0.0
1525.0  0.0
1530.0  0.0
1535.0  0.0
1540.0  0.0
1545.0  0.0
1550.0  0.0
1555.0  0.0
1560.0  0.0
1565.0  0.0
1570.0  0.0
1575.0  0.0
1580.0  0.0
1585.0  0.0
1590.0  0.0
1595.0  0.0
1600.0  0.0
1605.0  0.0
1610.0  0.0
1615.0  0.0
1620.0  0.0
1625.0  0.0
1630.0  0.0
1635.0  0.0
1640.0  0.0
1645.0  0.0
1650.0  0.0
1655.0  0.0
1660.0  0.0
1665.0  0.0
1670.0  0.0
1675.0  0.0
1680.0  0.0
1685.0  0.0
1690.0  0.0
1695.0  0.0
1700.0  0.0
1705.0  0.0
1710.0  0.0
1715.0  0.0
1720.0  0.0
1725.0  0.0
1730.0  0.0
1735.0  0.0
1740.0  0.0
1745.0  0.0
1750.0  0.0
1755.0  0.0
1760.0  0.0
1765.0  0.0
1770.0  0.0
1775.0  0.0
1780.0  0.0
1785.0  0.0
1790.0  0.0
1795.0  0.0
1800.0  0.0
1805.0  0.0
1810.0  0.0
1815.0  0.0
1820.0  0.0
1825.0  0.0
1830.0  0.0
1835.0  0.0
1840.0  0.0
1845.0  0.0
1850.0  0.0
1855.0  0.0
1860.0  0.0
1865.0  0.0
1870.0  0.0
1875.0  0.0
1880.0  0.0
1885.0  0.0
1890.0  0.0
1895.0  0.0
1900.0  0.0
1905.0  0.0
1910.0  0.0
1915.0  0.0
1920.0  0.0
1925.0  0.0
1930.0  0.0
1935.0  0.0
1940.0  0.0
1945.0  0.0
1950.0  0.0
1955.0  0.0
1960.0  0.0
1965.0  0.0
1970.0  0.0
1975.0  0.0
1980.0  0.0
1985.0  0.0
1990.0  0.0
1995.0  0.0
2000.0  0.0
2005.0  0.0
2010.0  0.0
2015.0  0.0
2020.0  0.0
2025.0  0.0
2030.0  0.0
2035.0  0.0
2040.0  0.0
2045.0  0.0
2050.0  0.0
2055.0  0.0
2060.0  0.0
2065.0  0.0
2070.0  0.0
2075.0  0.0
2080.0  0.0
2085.0  0.0
2090.0  0.0
2095.0  0.0
2100.0  0.0
2105.0  0.0
2110.0  0.0
2115.0  0.0
2120.0  0.0
2125.0  0.0
2130.0  0.0
2135.0  0.0
2140.0  0.0
2145.0  0.0
2150.0  0.0
2155.0  0.0
2160.0  0.0
2165.0  0.0
2170.0  0.0
2175.0  0.0
2180.0  0.0
2185.0  0.0
2190.0  0.0
2195.0  0.0
2200.0  0.0
2205.0  0.0
2210.0  0.0
2215.0  0.0
2220.0  0.0
2225.0  0.0
2230.0  0.0
2235.0  0.0
2240.0  0.0
2245.0  0.0
2250.0  0.0
2255.0  0.0
2260.0  0.0
2265.0  0.0
2270.0  0.0
2275.0  0.0
2280.0  0.0
2285.0  0.0
2290.0  0.0
2295.0  0.0
2300.0  0.0
2305.0  0.0
2310.0  0.0
2315.0  0.0
2320.0  0.0
2325.0  0.0
2330.0  0.0
2335.0  0.0
2340.0  0.0
2345.0  0.0
2350.0  0.0
2355.0  0.0
2360.0  0.0
2365.0  0.0
2370.0  0.0
2375.0  0.0
2380.0  0.0
2385.0  0.0
2390.0  0.0
2395.0  0.0
2400.0  4.67895e-16
2405.0  3.26942e-15
2410.0  4.20326e-15
2415.0  7.47268e-15
2420.0  1.07402e-14
2425.0  1.12061e-14
2430.0  1.12061e-14
2435.0  1.12061e-14
2440.0  1.07382e-14
2445.0  7.00096e-15
2450.0  9.31938e-16
2455.0  0.0
2460.0  0.0
2465.0  0.0
2470.0  0.0
2475.0  0.0
2480.0  0.0
2485.0  0.0
2490.0  0.0
2495.0  0.0
2500.0  3.74284e-15
2505.0  3.03658e-14
2510.0  6.3986e-14
2515.0  9.99379e-14
2520.0  1.29817e-13
2525.0  1.51758e-13
2530.0  1.62491e-13
2535.0  1.57812e-13
2540.0  1.31186e-13
2545.0  7.84099e-14
2550.0  1.02521e-14
2555.0  0.0
2560.0  0.0
2565.0  0.0
2570.0  0.0
2575.0  0.0
2580.0  0.0
2585.0  0.0
2590.0  0.0
2595.0  0.0
2600.0  5.33314e-14
2605.0  4.39604e-13
2610.0  9.72411e-13
2615.0  1.6014e-12
2620.0  2.30975e-12
2625.0  3.0844e-12
2630.0  3.90807e-12
2635.0  4.76535e-12
2640.0  5.64176e-12
2645.0  6.52424e-12
2650.0  7.39365e-12
2655.0  8.2411e-12
2660.0  9.06286e-12
2665.0  9.85896e-12
2670.0  1.06317e-11
2675.0  1.13792e-11
2680.0  1.21044e-11
2685.0  1.28094e-11
2690.0  1.34902e-11
2695.0  1.41508e-11
2700.0  1.47905e-11
2705.0  1.54152e-11
2710.0  1.60334e-11
2715.0  1.66582e-11
2720.0  1.72988e-11
2725.0  1.79689e-11
2730.0  1.86805e-11
2735.0  1.94477e-11
2740.0  2.02825e-11
2745.0  2.11987e-11
2750.0  2.22036e-11
2755.0  2.32943e-11
2760.0  2.44411e-11
2765.0  2.55897e-11
2770.0  2.66925e-11
2775.0  2.76987e-11
2780.0  2.85592e-11
2785.0  2.92244e-11
2790.0  2.96408e-11
2795.0  2.97616e-11
2800.0  2.95415e-11
2805.0  2.89666e-11
2810.0  2.8119e-11
2815.0  2.71179e-11
2820.0  2.60837e-11
2825.0  2.51387e-11
2830.0  2.44034e-11
2835.0  2.40002e-11
2840.0  2.40494e-11
2845.0  2.46735e-11
2850.0  2.59877e-11
2855.0  2.80612e-11
2860.0  3.08462e-11
2865.0  3.42437e-11
2870.0  3.81498e-11
2875.0  4.24629e-11
2880.0  4.70818e-11
2885.0  5.19023e-11
2890.0  5.68205e-11
2895.0  6.17352e-11
2900.0  6.65482e-11
2905.0  7.11604e-11
2910.0  7.54994e-11
2915.0  7.94961e-11
2920.0  8.3088e-11
2925.0  8.62058e-11
2930.0  8.87819e-11
2935.0  9.07498e-11
2940.0  9.20446e-11
2945.0  9.26001e-11
2950.0  9.23541e-11
2955.0  9.13003e-11
2960.0  8.95716e-11
2965.0  8.73507e-11
2970.0  8.48303e-11
2975.0  8.21986e-11
2980.0  7.96493e-11
2985.0  7.73755e-11
2990.0  7.55655e-11
2995.0  7.44094e-11
3000.0  7.40921e-11
3005.0  7.47458e-11
3010.0  7.63543e-11
3015.0  7.88479e-11
3020.0  8.21518e-11
3025.0  8.61878e-11
3030.0  9.08782e-11
3035.0  9.61503e-11
3040.0  1.01927e-10
3045.0  1.0813e-10
3050.0  1.14687e-10
3055.0  1.21523e-10
3060.0  1.28571e-10
3065.0  1.35768e-10
3070.0  1.43048e-10
3075.0  1.50346e-10
3080.0  1.57599e-10
3085.0  1.64742e-10
3090.0  1.71714e-10
3095.0  1.78445e-10
3100.0  1.84879e-10
3105.0  1.90981e-10
3110.0  1.96783e-10
3115.0  2.02353e-10
3120.0  2.07759e-10
3125.0  2.13064e-10
3130.0  2.18336e-10
3135.0  2.23643e-10
3140.0  2.2905e-10
3145.0  2.34624e-10
3150.0  2.4043e-10
3155.0  2.46493e-10
3160.0  2.5274e-10
3165.0  2.59057e-10
3170.0  2.65333e-10
3175.0  2.71456e-10
3180.0  2.7731e-10
3185.0  2.82783e-10
3190.0  2.87759e-10
3195.0  2.91113e-10
3200.0  2.87481e-10
3205.0  2.80702e-10
3210.0  2.71583e-10
3215.0  2.58899e-10
3220.0  2.42758e-10
3225.0  2.26441e-10
3230.0  2.19468e-10
3235.0  2.27036e-10
3240.0  2.37544e-10
3245.0  2.42946e-10
3250.0  2.60256e-10
3255.0  3.01405e-10
3260.0  3.40235e-10
3265.0  3.48552e-10
3270.0  3.3187e-10
3275.0  3.10186e-10
3280.0  3.0631e-10
3285.0  3.33497e-10
3290.0  3.77832e-10
3295.0  4.15605e-10
3300.0  4.25215e-10
3305.0  3.98589e-10
3310.0  3.60228e-10
3315.0  3.39348e-10
3320.0  3.44485e-10
3325.0  3.66755e-10
3330.0  3.74376e-10
3335.0  3.48012e-10
3340.0  3.2174e-10
3345.0  3.29235e-10
3350.0  3.49848e-10
3355.0  3.51509e-10
3360.0  3.28498e-10
3365.0  2.9321e-10
3370.0  2.76392e-10
3375.0  2.9628e-10
3380.0  3.22461e-10
3385.0  3.28255e-10
3390.0  3.43579e-10
3395.0  3.93738e-10
3400.0  4.35999e-10
3405.0  4.2842e-10
3410.0  4.00065e-10
3415.0  3.94311e-10
3420.0  4.18355e-10
3425.0  4.54006e-10
3430.0  4.56926e-10
3435.0  4.05069e-10
3440.0  3.57396e-10
3445.0  3.67993e-10
3450.0  3.98785e-10
3455.0  4.03514e-10
3460.0  4.06532e-10
3465.0  4.34628e-10
3470.0  4.49961e-10
3475.0  4.18464e-10
3480.0  3.81257e-10
3485.0  3.85346e-10
3490.0  4.16946e-10
3495.0  4.48444e-10
3500.0  4.77944e-10
3505.0  4.91675e-10
3510.0  4.11285e-10
3515.0  3.7935e-10
3520.0  3.72451e-10
3525.0  3.30986e-10
3530.0  3.73742e-10
3535.0  4.22235e-10
3540.0  4.60033e-10
3545.0  4.46187e-10
3550.0  3.95444e-10
3555.0  3.66307e-10
3560.0  3.57282e-10
3565.0  2.98406e-10
3570.0  2.70909e-10
3575.0  2.58142e-10
3580.0  2.38371e-10
3585.0  2.29135e-10
3590.0  2.856e-10
3595.0  3.93409e-10
3600.0  4.73453e-10
3605.0  4.13207e-10
3610.0  3.71624e-10
3615.0  3.98224e-10
3620.0  4.33513e-10
3625.0  5.14169e-10
3630.0  5.20473e-10
3635.0  5.29931e-10
3640.0  5.77515e-10
3645.0  5.31296e-10
3650.0  5.29647e-10
3655.0  6.4723e-10
3660.0  7.4248e-10
3665.0  7.30115e-10
3670.0  6.90133e-10
3675.0  6.66965e-10
3680.0  6.15849e-10
3685.0  5.94997e-10
3690.0  6.1415e-10
3695.0  6.83487e-10
3700.0  7.20098e-10
3705.0  6.09454e-10
3710.0  5.64865e-10
3715.0  5.83244e-10
3720.0  4.81442e-10
3725.0  4.73629e-10
3730.0  4.43433e-10
3735.0  3.66996e-10
3740.0  3.58902e-10
3745.0  3.4083e-10
3750.0  3.61659e-10
3755.0  4.55504e-10
3760.0  4.41637e-10
3765.0  4.83135e-10
3770.0  5.69572e-10
3775.0  6.53844e-10
3780.0  6.8466e-10
3785.0  6.21328e-10
3790.0  5.01187e-10
3795.0  4.47117e-10
3800.0  4.68544e-10
3805.0  5.23272e-10
3810.0  5.08365e-10
3815.0  4.14269e-10
3820.0  3.01998e-10
3825.0  2.61762e-10
3830.0  2.66346e-10
3835.0  2.75135e-10
3840.0  2.967e-10
3845.0  3.40085e-10
3850.0  3.64097e-10
3855.0  3.49775e-10
3860.0  3.2408e-10
3865.0  3.41586e-10
3870.0  3.44087e-10
3875.0  3.66257e-10
3880.0  3.90058e-10
3885.0  4.71481e-10
3890.0  5.91587e-10
3895.0  6.75562e-10
3900.0  6.75976e-10
3905.0  6.82874e-10
3910.0  7.25495e-10
3915.0  7.22025e-10
3920.0  6.01662e-10
3925.0  4.7089e-10
3930.0  3.16936e-10
3935.0  2.65186e-10
3940.0  3.69813e-10
3945.0  5.29504e-10
3950.0  6.94094e-10
3955.0  7.49078e-10
3960.0  6.26101e-10
3965.0  4.10521e-10
3970.0  3.47162e-10
3975.0  5.69572e-10
3980.0  8.5317e-10
3985.0  1.04162e-09
3990.0  1.13495e-09
3995.0  1.19109e-09
4000.0  1.25694e-09
4005.0  1.27538e-09
4010.0  1.32008e-09
4015.0  1.41649e-09
4020.0  1.43245e-09
4025.0  1.39643e-09
4030.0  1.30093e-09
4035.0  1.28642e-09
4040.0  1.3274e-09
4045.0  1.23217e-09
4050.0  1.28145e-09
4055.0  1.25791e-09
4060.0  1.19637e-09
4065.0  1.19372e-09
4070.0  1.23014e-09
4075.0  1.26674e-09
4080.0  1.36836e-09
4085.0  1.52201e-09
4090.0  1.56883e-09
4095.0  1.44628e-09
4100.0  1.33575e-09
4105.0  1.3584e-09
4110.0  1.38402e-09
4115.0  1.37238e-09
4120.0  1.33748e-09
4125.0  1.32524e-09
4130.0  1.27857e-09
4135.0  1.2542e-09
4140.0  1.22014e-09
4145.0  1.12819e-09
4150.0  1.08406e-09
4155.0  1.13123e-09
4160.0  1.23507e-09
4165.0  1.26031e-09
4170.0  1.22047e-09
4175.0  1.15925e-09
4180.0  1.18231e-09
4185.0  1.27649e-09
4190.0  1.32123e-09
4195.0  1.27469e-09
4200.0  1.24549e-09
4205.0  1.32058e-09
4210.0  1.40674e-09
4215.0  1.48653e-09
4220.0  1.57261e-09
4225.0  1.35839e-09
4230.0  1.35253e-09
4235.0  1.48314e-09
4240.0  1.64517e-09
4245.0  1.75357e-09
4250.0  1.6447e-09
4255.0  1.58422e-09
4260.0  1.61889e-09
4265.0  1.69791e-09
4270.0  1.58654e-09
4275.0  1.54294e-09
4280.0  1.62229e-09
4285.0  1.58836e-09
4290.0  1.51132e-09
4295.0  1.46467e-09
4300.0  1.31671e-09
4305.0  1.17083e-09
4310.0  1.26244e-09
4315.0  1.77266e-09
4320.0  2.09489e-09
4325.0  1.97693e-09
4330.0  2.05007e-09
4335.0  2.13075e-09
4340.0  2.07824e-09
4345.0  2.19345e-09
4350.0  2.21868e-09
4355.0  2.19282e-09
4360.0  2.26218e-09
4365.0  2.33612e-09
4370.0  2.24906e-09
4375.0  2.10831e-09
4380.0  1.92794e-09
4385.0  1.70898e-09
4390.0  1.81675e-09
4395.0  2.00305e-09
4400.0  2.08965e-09
4405.0  1.96421e-09
4410.0  2.03495e-09
4415.0  2.1306e-09
4420.0  2.23505e-09
4425.0  2.27286e-09
4430.0  2.26301e-09
4435.0  2.23471e-09
4440.0  2.34216e-09
4445.0  2.44223e-09
4450.0  2.48795e-09
4455.0  2.2984e-09
4460.0  2.1554e-09
4465.0  2.26867e-09
4470.0  2.44583e-09
4475.0  2.63062e-09
4480.0  2.6801e-09
4485.0  2.72414e-09
4490.0  2.63702e-09
4495.0  2.58934e-09
4500.0  2.73819e-09
4505.0  2.92882e-09
4510.0  2.9835e-09
4515.0  2.88376e-09
4520.0  2.80118e-09
4525.0  2.56395e-09
4530.0  2.39755e-09
4535.0  2.51351e-09
4540.0  2.63438e-09
4545.0  2.67222e-09
4550.0  2.6862e-09
4555.0  2.80376e-09
4560.0  2.89969e-09
4565.0  2.86755e-09
4570.0  2.87861e-09
4575.0  2.85992e-09
4580.0  2.80355e-09
4585.0  2.83417e-09
4590.0  2.87062e-09
4595.0  2.77155e-09
4600.0  2.74948e-09
4605.0  2.89038e-09
4610.0  3.08519e-09
4615.0  3.1482e-09
4620.0  3.17415e-09
4625.0  3.17738e-09
4630.0  3.12289e-09
4635.0  2.9713e-09
4640.0  2.81844e-09
4645.0  2.69723e-09
4650.0  2.77507e-09
4655.0  2.93369e-09
4660.0  2.985e-09
4665.0  2.78094e-09
4670.0  2.73738e-09
4675.0  2.85862e-09
4680.0  2.86586e-09
4685.0  2.86975e-09
4690.0  2.85646e-09
4695.0  2.85546e-09
4700.0  2.7999e-09
4705.0  2.78109e-09
4710.0  2.81511e-09
4715.0  2.95728e-09
4720.0  3.11808e-09
4725.0  3.06102e-09
4730.0  2.88298e-09
4735.0  2.96084e-09
4740.0  3.08881e-09
4745.0  3.17073e-09
4750.0  3.18581e-09
4755.0  3.12137e-09
4760.0  3.08573e-09
4765.0  3.02161e-09
4770.0  3.11086e-09
4775.0  3.25079e-09
4780.0  3.25675e-09
4785.0  3.12488e-09
4790.0  3.1384e-09
4795.0  3.26263e-09
4800.0  3.29297e-09
4805.0  3.27722e-09
4810.0  3.2717e-09
4815.0  3.35283e-09
4820.0  3.38303e-09
4825.0  3.3026e-09
4830.0  3.23209e-09
4835.0  3.23291e-09
4840.0  3.23088e-09
4845.0  3.26379e-09
4850.0  3.25089e-09
4855.0  3.08758e-09
4860.0  2.92254e-09
4865.0  2.90758e-09
4870.0  2.94532e-09
4875.0  3.05174e-09
4880.0  3.15915e-09
4885.0  3.03736e-09
4890.0  3.02526e-09
4895.0  3.29321e-09
4900.0  3.4472e-09
4905.0  3.40114e-09
4910.0  3.25211e-09
4915.0  3.16612e-09
4920.0  3.03582e-09
4925.0  3.14326e-09
4930.0  3.36144e-09
4935.0  3.28491e-09
4940.0  3.20914e-09
4945.0  3.43313e-09
4950.0  3.54304e-09
4955.0  3.47064e-09
4960.0  3.36566e-09
4965.0  3.38809e-09
4970.0  3.35275e-09
4975.0  3.39016e-09
4980.0  3.24832e-09
4985.0  3.147e-09
4990.0  3.24183e-09
4995.0  3.25293e-09
5000.0  3.19123e-09
5005.0  3.04873e-09
5010.0  2.99565e-09
5015.0  2.89293e-09
5020.0  2.92771e-09
5025.0  3.04504e-09
5030.0  3.19412e-09
5035.0  3.17146e-09
5040.0  2.99818e-09
5045.0  3.07644e-09
5050.0  3.1936e-09
5055.0  3.29321e-09
5060.0  3.41049e-09
5065.0  3.28457e-09
5070.0  3.15718e-09
5075.0  3.08932e-09
5080.0  2.99492e-09
5085.0  3.03204e-09
5090.0  3.18213e-09
5095.0  3.20265e-09
5100.0  3.08032e-09
5105.0  3.04925e-09
5110.0  3.03232e-09
5115.0  3.16649e-09
5120.0  3.16971e-09
5125.0  2.94156e-09
5130.0  2.91149e-09
5135.0  3.01874e-09
5140.0  2.9948e-09
5145.0  2.91125e-09
5150.0  2.88073e-09
5155.0  2.97528e-09
5160.0  2.99649e-09
5165.0  2.62179e-09
5170.0  2.35986e-09
5175.0  2.52765e-09
5180.0  2.73339e-09
5185.0  2.74739e-09
5190.0  2.95378e-09
5195.0  3.08678e-09
5200.0  3.16149e-09
5205.0  2.95203e-09
5210.0  2.92155e-09
5215.0  3.18366e-09
5220.0  3.32264e-09
5225.0  3.1593e-09
5230.0  3.17142e-09
5235.0  3.36823e-09
5240.0  3.52624e-09
5245.0  3.45413e-09
5250.0  3.29266e-09
5255.0  3.36925e-09
5260.0  3.34647e-09
5265.0  2.93717e-09
5270.0  2.80947e-09
5275.0  3.13575e-09
5280.0  3.46764e-09
5285.0  3.62815e-09
5290.0  3.74726e-09
5295.0  3.56726e-09
5300.0  3.47163e-09
5305.0  3.73133e-09
5310.0  3.89161e-09
5315.0  3.86004e-09
5320.0  3.68823e-09
5325.0  3.39863e-09
5330.0  3.30115e-09
5335.0  3.54248e-09
5340.0  3.6008e-09
5345.0  3.59645e-09
5350.0  3.69362e-09
5355.0  3.93624e-09
5360.0  3.96733e-09
5365.0  3.74135e-09
5370.0  3.54692e-09
5375.0  3.68119e-09
5380.0  3.81749e-09
5385.0  3.75118e-09
5390.0  3.58242e-09
5395.0  3.42866e-09
5400.0  3.3811e-09
5405.0  3.27916e-09
5410.0  3.39441e-09
5415.0  3.6743e-09
5420.0  3.77642e-09
5425.0  3.72371e-09
5430.0  3.58604e-09
5435.0  3.54136e-09
5440.0  3.72147e-09
5445.0  3.73027e-09
5450.0  3.69813e-09
5455.0  3.68017e-09
5460.0  3.73514e-09
5465.0  3.71852e-09
5470.0  3.679e-09
5475.0  3.56009e-09
5480.0  3.51735e-09
5485.0  3.59752e-09
5490.0  3.65222e-09
5495.0  3.73195e-09
5500.0  3.76792e-09
5505.0  3.68335e-09
5510.0  3.62088e-09
5515.0  3.61626e-09
5520.0  3.73146e-09
5525.0  3.73757e-09
5530.0  3.70229e-09
5535.0  3.72589e-09
5540.0  3.77683e-09
5545.0  3.86332e-09
5550.0  3.92597e-09
5555.0  3.90131e-09
5560.0  3.82914e-09
5565.0  3.76718e-09
5570.0  3.73276e-09
5575.0  3.7926e-09
5580.0  3.80128e-09
5585.0  3.64989e-09
5590.0  3.52217e-09
5595.0  3.60786e-09
5600.0  3.69977e-09
5605.0  3.81307e-09
5610.0  3.93843e-09
5615.0  3.81437e-09
5620.0  3.69732e-09
5625.0  3.70956e-09
5630.0  3.77024e-09
5635.0  3.81797e-09
5640.0  3.77422e-09
5645.0  3.76483e-09
5650.0  3.80531e-09
5655.0  3.74264e-09
5660.0  3.65239e-09
5665.0  3.7024e-09
5670.0  3.81417e-09
5675.0  3.95219e-09
5680.0  3.94866e-09
5685.0  3.84596e-09
5690.0  3.83785e-09
5695.0  3.87043e-09
5700.0  3.75862e-09
5705.0  3.60306e-09
5710.0  3.56031e-09
5715.0  3.73463e-09
5720.0  3.94932e-09
5725.0  4.04064e-09
5730.0  3.98438e-09
5735.0  3.98734e-09
5740.0  3.99801e-09
5745.0  3.96704e-09
5750.0  3.91966e-09
5755.0  3.86587e-09
5760.0  3.88552e-09
5765.0  3.98152e-09
5770.0  4.07958e-09
5775.0  3.99921e-09
5780.0  3.79795e-09
5785.0  3.65139e-09
5790.0  3.78244e-09
5795.0  3.93228e-09
5800.0  4.00947e-09
5805.0  4.01924e-09
5810.0  4.01379e-09
5815.0  4.05613e-09
5820.0  4.14251e-09
5825.0  4.19404e-09
5830.0  4.1907e-09
5835.0  4.13806e-09
5840.0  4.13956e-09
5845.0  4.1292e-09
5850.0  4.07179e-09
5855.0  3.95743e-09
5860.0  3.92534e-09
5865.0  4.01618e-09
5870.0  4.0966e-09
5875.0  4.10891e-09
5880.0  3.96435e-09
5885.0  3.67605e-09
5890.0  3.21888e-09
5895.0  3.19076e-09
5900.0  3.59471e-09
5905.0  3.92332e-09
5910.0  4.03396e-09
5915.0  3.99649e-09
5920.0  4.00008e-09
5925.0  4.04958e-09
5930.0  4.04538e-09
5935.0  4.0388e-09
5940.0  4.02623e-09
5945.0  4.01911e-09
5950.0  4.01297e-09
5955.0  3.99717e-09
5960.0  4.05378e-09
5965.0  4.10593e-09
5970.0  4.13182e-09
5975.0  4.06593e-09
5980.0  3.99265e-09
5985.0  3.94421e-09
5990.0  3.99387e-09
5995.0  4.02114e-09
6000.0  4.00122e-09
6005.0  3.96602e-09
6010.0  3.92375e-09
6015.0  3.8729e-09
6020.0  3.87208e-09
6025.0  3.98397e-09
6030.0  4.08059e-09
6035.0  4.12808e-09
6040.0  4.12259e-09
6045.0  4.15299e-09
6050.0  4.16782e-09
6055.0  4.09658e-09
6060.0  4.04733e-09
6065.0  4.041e-09
6070.0  4.10986e-09
6075.0  4.10519e-09
6080.0  4.00666e-09
6085.0  3.94533e-09
6090.0  3.91048e-09
6095.0  3.92666e-09
6100.0  3.92353e-09
6105.0  3.92581e-09
6110.0  3.99377e-09
6115.0  4.03034e-09
6120.0  3.9137e-09
6125.0  3.88515e-09
6130.0  3.88503e-09
6135.0  3.77634e-09
6140.0  3.76678e-09
6145.0  3.87928e-09
6150.0  3.9213e-09
6155.0  3.87645e-09
6160.0  3.74472e-09
6165.0  3.69394e-09
6170.0  3.73252e-09
6175.0  3.86351e-09
6180.0  3.97817e-09
6185.0  3.94911e-09
6190.0  3.83567e-09
6195.0  3.8993e-09
6200.0  4.00042e-09
6205.0  4.03367e-09
6210.0  3.98732e-09
6215.0  3.80479e-09
6220.0  3.72928e-09
6225.0  3.76617e-09
6230.0  3.77706e-09
6235.0  3.80554e-09
6240.0  3.80567e-09
6245.0  3.75342e-09
6250.0  3.75301e-09
6255.0  3.60363e-09
6260.0  3.57167e-09
6265.0  3.7109e-09
6270.0  3.81303e-09
6275.0  3.82324e-09
6280.0  3.78359e-09
6285.0  3.83685e-09
6290.0  3.91516e-09
6295.0  3.83338e-09
6300.0  3.76098e-09
6305.0  3.79522e-09
6310.0  3.84126e-09
6315.0  3.76129e-09
6320.0  3.72491e-09
6325.0  3.85797e-09
6330.0  3.91985e-09
6335.0  3.87339e-09
6340.0  3.80588e-09
6345.0  3.83757e-09
6350.0  3.88603e-09
6355.0  3.80821e-09
6360.0  3.67564e-09
6365.0  3.7086e-09
6370.0  3.89826e-09
6375.0  3.98571e-09
6380.0  3.96899e-09
6385.0  3.98955e-09
6390.0  3.97003e-09
6395.0  3.88579e-09
6400.0  3.85219e-09
6405.0  3.89833e-09
6410.0  3.87993e-09
6415.0  3.87335e-09
6420.0  3.87726e-09
6425.0  3.93735e-09
6430.0  3.93913e-09
6435.0  3.91297e-09
6440.0  3.93038e-09
6445.0  3.95398e-09
6450.0  3.85363e-09
6455.0  3.86841e-09
6460.0  3.95434e-09
6465.0  3.93251e-09
6470.0  3.94581e-09
6475.0  3.96582e-09
6480.0  3.95603e-09
6485.0  3.92563e-09
6490.0  3.83186e-09
6495.0  3.59296e-09
6500.0  3.61459e-09
6505.0  3.83455e-09
6510.0  3.9691e-09
6515.0  3.99876e-09
6520.0  3.98759e-09
6525.0  3.99282e-09
6530.0  3.95644e-09
6535.0  3.9705e-09
6540.0  4.01212e-09
6545.0  3.96059e-09
6550.0  3.90137e-09
6555.0  3.79659e-09
6560.0  3.64666e-09
6565.0  3.63979e-09
6570.0  3.79456e-09
6575.0  3.85855e-09
6580.0  3.92817e-09
6585.0  3.97598e-09
6590.0  3.96119e-09
6595.0  3.8871e-09
6600.0  3.94218e-09
6605.0  3.93506e-09
6610.0  3.91513e-09
6615.0  4.01759e-09
6620.0  4.06385e-09
6625.0  4.00589e-09
6630.0  3.91136e-09
6635.0  3.89041e-09
6640.0  3.92977e-09
6645.0  3.93268e-09
6650.0  3.96817e-09
6655.0  4.00128e-09
6660.0  3.95554e-09
6665.0  3.8682e-09
6670.0  3.88731e-09
6675.0  3.9061e-09
6680.0  3.90034e-09
6685.0  3.99727e-09
6690.0  4.0314e-09
6695.0  3.97432e-09
6700.0  3.90271e-09
6705.0  3.86938e-09
6710.0  3.82178e-09
6715.0  3.8027e-09
6720.0  3.86881e-09
6725.0  3.95274e-09
6730.0  3.97198e-09
6735.0  3.94428e-09
6740.0  3.87889e-09
6745.0  3.84683e-09
6750.0  3.85347e-09
6755.0  3.89238e-09
6760.0  3.96452e-09
6765.0  3.915e-09
6770.0  3.86502e-09
6775.0  3.92533e-09
6780.0  3.95463e-09
6785.0  3.90224e-09
6790.0  3.90877e-09
6795.0  3.90012e-09
6800.0  3.90104e-09
6805.0  3.91357e-09
6810.0  3.90558e-09
6815.0  3.90339e-09
6820.0  3.91462e-09
6825.0  3.93062e-09
6830.0  3.91242e-09
6835.0  3.89224e-09
6840.0  3.86676e-09
6845.0  3.87376e-09
6850.0  3.88566e-09
6855.0  3.87218e-09
6860.0  3.86536e-09
6865.0  3.8835e-09
6870.0  3.89264e-09
6875.0  3.86784e-09
6880.0  3.86334e-09
6885.0  3.87312e-09
6890.0  3.88975e-09
6895.0  3.88646e-09
6900.0  3.88027e-09
6905.0  3.8751e-09
6910.0  3.86148e-09
6915.0  3.84067e-09
6920.0  3.84773e-09
6925.0  3.82518e-09
6930.0  3.82406e-09
6935.0  3.8233e-09
6940.0  3.82229e-09
6945.0  3.79681e-09
6950.0  3.78697e-09
6955.0  3.77664e-09
6960.0  3.80472e-09
6965.0  3.80328e-09
6970.0  3.77284e-09
6975.0  3.68281e-09
6980.0  3.60615e-09
6985.0  3.71553e-09
6990.0  3.76867e-09
6995.0  3.76804e-09
7000.0  3.70084e-09
7005.0  3.65932e-09
7010.0  3.66949e-09
7015.0  3.62681e-09
7020.0  3.61736e-09
7025.0  3.61483e-09
7030.0  3.65189e-09
7035.0  3.68404e-09
7040.0  3.7336e-09
7045.0  3.82364e-09
7050.0  3.81852e-09
7055.0  3.78848e-09
7060.0  3.77346e-09
7065.0  3.72217e-09
7070.0  3.72189e-09
7075.0  3.80243e-09
7080.0  3.80729e-09
7085.0  3.68627e-09
7090.0  3.62937e-09
7095.0  3.65554e-09
7100.0  3.70219e-09
7105.0  3.68047e-09
7110.0  3.61717e-09
7115.0  3.62281e-09
7120.0  3.61768e-09
7125.0  3.60504e-09
7130.0  3.59222e-09
7135.0  3.62518e-09
7140.0  3.65448e-09
7145.0  3.6264e-09
7150.0  3.60321e-09
7155.0  3.6382e-09
7160.0  3.6403e-09
7165.0  3.58423e-09
7170.0  3.56754e-09
7175.0  3.55549e-09
7180.0  3.49035e-09
7185.0  3.38801e-09
7190.0  3.33096e-09
7195.0  3.38194e-09
7200.0  3.45128e-09
7205.0  3.47398e-09
7210.0  3.50836e-09
7215.0  3.58956e-09
7220.0  3.63536e-09
7225.0  3.63527e-09
7230.0  3.62839e-09
7235.0  3.60027e-09
7240.0  3.59577e-09
7245.0  3.58444e-09
7250.0  3.57487e-09
7255.0  3.55505e-09
7260.0  3.5448e-09
7265.0  3.54236e-09
7270.0  3.55903e-09
7275.0  3.52126e-09
7280.0  3.49717e-09
7285.0  3.45269e-09
7290.0  3.41454e-09
7295.0  3.45064e-09
7300.0  3.52443e-09
7305.0  3.51554e-09
7310.0  3.50951e-09
7315.0  3.50611e-09
7320.0  3.5118e-09
7325.0  3.52177e-09
7330.0  3.52786e-09
7335.0  3.57728e-09
7340.0  3.62556e-09
7345.0  3.6057e-09
7350.0  3.55442e-09
7355.0  3.4876e-09
7360.0  3.49596e-09
7365.0  3.51121e-09
7370.0  3.57902e-09
7375.0  3.65503e-09
7380.0  3.65134e-09
7385.0  3.54236e-09
7390.0  3.47369e-09
7395.0  3.55438e-09
7400.0  3.60137e-09
7405.0  3.61513e-09
7410.0  3.57471e-09
7415.0  3.49324e-09
7420.0  3.48412e-09
7425.0  3.59221e-09
7430.0  3.65596e-09
7435.0  3.66634e-09
7440.0  3.63361e-09
7445.0  3.60072e-09
7450.0  3.64222e-09
7455.0  3.67732e-09
7460.0  3.63686e-09
7465.0  3.61843e-09
7470.0  3.64177e-09
7475.0  3.61856e-09
7480.0  3.62414e-09
7485.0  3.63732e-09
7490.0  3.61765e-09
7495.0  3.56956e-09
7500.0  3.60593e-09
7505.0  3.63497e-09
7510.0  3.63713e-09
7515.0  3.67749e-09
7520.0  3.69349e-09
7525.0  3.65498e-09
7530.0  3.65486e-09
7535.0  3.69899e-09
7540.0  3.71729e-09
7545.0  3.70274e-09
7550.0  3.69048e-09
7555.0  3.68403e-09
7560.0  3.68814e-09
7565.0  3.68432e-09
7570.0  3.67334e-09
7575.0  3.6803e-09
7580.0  3.67633e-09
7585.0  3.65908e-09
7590.0  3.67359e-09
7595.0  3.69294e-09
7600.0  3.69366e-09
7605.0  3.68478e-09
7610.0  3.65638e-09
7615.0  3.63717e-09
7620.0  3.6431e-09
7625.0  3.67148e-09
7630.0  3.6787e-09
7635.0  3.68067e-09
7640.0  3.68438e-09
7645.0  3.6911e-09
7650.0  3.663e-09
7655.0  3.62729e-09
7660.0  3.60557e-09
7665.0  3.61333e-09
7670.0  3.6464e-09
7675.0  3.67516e-09
7680.0  3.68241e-09
7685.0  3.67909e-09
7690.0  3.66342e-09
7695.0  3.65518e-09
7700.0  3.6489e-09
7705.0  3.65155e-09
7710.0  3.62717e-09
7715.0  3.59734e-09
7720.0  3.61955e-09
7725.0  3.62047e-09
7730.0  3.64222e-09
7735.0  3.68613e-09
7740.0  3.69346e-09
7745.0  3.61222e-09
7750.0  3.56267e-09
7755.0  3.64582e-09
7760.0  3.7142e-09
7765.0  3.7099e-09
7770.0  3.70473e-09
7775.0  3.69146e-09
7780.0  3.66514e-09
7785.0  3.65277e-09
7790.0  3.64077e-09
7795.0  3.6387e-09
7800.0  3.62713e-09
7805.0  3.63521e-09
7810.0  3.63346e-09
7815.0  3.67054e-09
7820.0  3.71293e-09
7825.0  3.71848e-09
7830.0  3.66985e-09
7835.0  3.59477e-09
7840.0  3.61254e-09
7845.0  3.64557e-09
7850.0  3.62564e-09
7855.0  3.607e-09
7860.0  3.63633e-09
7865.0  3.65694e-09
7870.0  3.61618e-09
7875.0  3.55186e-09
7880.0  3.52854e-09
7885.0  3.54415e-09
7890.0  3.54365e-09
7895.0  3.46623e-09
7900.0  3.45498e-09
7905.0  3.48366e-09
7910.0  3.44392e-09
7915.0  3.38492e-09
7920.0  3.38148e-09
7925.0  3.42464e-09
7930.0  3.43283e-09
7935.0  3.40512e-09
7940.0  3.37051e-09
7945.0  3.35123e-09
7950.0  3.3839e-09
7955.0  3.4233e-09
7960.0  3.45135e-09
7965.0  3.48333e-09
7970.0  3.50205e-09
7975.0  3.51578e-09
7980.0  3.50206e-09
7985.0  3.51602e-09
7990.0  3.49464e-09
7995.0  3.44543e-09
8000.0  3.43284e-09
8005.0  3.46986e-09
8010.0  3.50828e-09
8015.0  3.54069e-09
8020.0  3.52375e-09
8025.0  3.4211e-09
8030.0  3.40861e-09
8035.0  3.53042e-09
8040.0  3.53307e-09
8045.0  3.42031e-09
8050.0  3.38425e-09
8055.0  3.4528e-09
8060.0  3.50381e-09
8065.0  3.45765e-09
8070.0  3.3524e-09
8075.0  3.32824e-09
8080.0  3.34675e-09
8085.0  3.33331e-09
8090.0  3.29192e-09
8095.0  3.23204e-09
8100.0  3.23182e-09
8105.0  3.25542e-09
8110.0  3.25216e-09
8115.0  3.22545e-09
8120.0  3.22062e-09
8125.0  3.24512e-09
8130.0  3.25798e-09
8135.0  3.2594e-09
8140.0  3.24989e-09
8145.0  3.22089e-09
8150.0  3.21057e-09
8155.0  3.22008e-09
8160.0  3.20516e-09
8165.0  3.16426e-09
8170.0  3.16948e-09
8175.0  3.19546e-09
8180.0  3.19558e-09
8185.0  3.17434e-09
8190.0  3.16914e-09
8195.0  3.15612e-09
8200.0  3.14498e-09
8205.0  3.18614e-09
8210.0  3.24134e-09
8215.0  3.27393e-09
8220.0  3.24279e-09
8225.0  3.21288e-09
8230.0  3.17016e-09
8235.0  3.17687e-09
8240.0  3.23481e-09
8245.0  3.27655e-09
8250.0  3.29028e-09
8255.0  3.26335e-09
8260.0  3.26894e-09
8265.0  3.30342e-09
8270.0  3.30159e-09
8275.0  3.2578e-09
8280.0  3.23238e-09
8285.0  3.23412e-09
8290.0  3.23785e-09
8295.0  3.22203e-09
8300.0  3.20915e-09
8305.0  3.18695e-09
8310.0  3.15554e-09
8315.0  3.19173e-09
8320.0  3.21869e-09
8325.0  3.20344e-09
8330.0  3.1839e-09
8335.0  3.17533e-09
8340.0  3.18338e-09
8345.0  3.1863e-09
8350.0  3.20895e-09
8355.0  3.23532e-09
8360.0  3.22976e-09
8365.0  3.22426e-09
8370.0  3.24373e-09
8375.0  3.25206e-09
8380.0  3.22338e-09
8385.0  3.17365e-09
8390.0  3.17489e-09
8395.0  3.23254e-09
8400.0  3.27606e-09
8405.0  3.29165e-09
8410.0  3.28742e-09
8415.0  3.26312e-09
8420.0  3.22727e-09
8425.0  3.19713e-09
8430.0  3.2146e-09
8435.0  3.16911e-09
8440.0  3.15863e-09
8445.0  3.21821e-09
8450.0  3.26587e-09
8455.0  3.29772e-09
8460.0  3.28418e-09
8465.0  3.23495e-09
8470.0  3.21054e-09
8475.0  3.28062e-09
8480.0  3.30498e-09
8485.0  3.30874e-09
8490.0  3.25173e-09
8495.0  3.01742e-09
8500.0  2.83011e-09
8505.0  3.02971e-09
8510.0  3.19278e-09
8515.0  3.12422e-09
8520.0  3.0843e-09
8525.0  3.11022e-09
8530.0  3.10857e-09
8535.0  2.96048e-09
8540.0  2.58061e-09
8545.0  2.3825e-09
8550.0  2.66553e-09
8555.0  2.93578e-09
8560.0  3.0921e-09
8565.0  3.13744e-09
8570.0  3.1191e-09
8575.0  3.10335e-09
8580.0  3.0941e-09
8585.0  3.07176e-09
8590.0  3.08846e-09
8595.0  3.14107e-09
8600.0  3.0987e-09
8605.0  3.13484e-09
8610.0  3.11057e-09
8615.0  3.11554e-09
8620.0  3.15532e-09
8625.0  3.16926e-09
8630.0  3.19107e-09
8635.0  3.21204e-09
8640.0  3.21823e-09
8645.0  3.1782e-09
8650.0  3.1087e-09
8655.0  2.94119e-09
8660.0  2.5552e-09
8665.0  2.50752e-09
8670.0  2.80757e-09
8675.0  2.96825e-09
8680.0  3.02498e-09
8685.0  3.02986e-09
8690.0  3.00934e-09
8695.0  3.09234e-09
8700.0  3.1136e-09
8705.0  3.12014e-09
8710.0  3.13171e-09
8715.0  3.16315e-09
8720.0  3.21319e-09
8725.0  3.20262e-09
8730.0  3.17107e-09
8735.0  3.15319e-09
8740.0  3.14542e-09
8745.0  3.15531e-09
8750.0  3.14707e-09
8755.0  3.16365e-09
8760.0  3.18406e-09
8765.0  3.14997e-09
8770.0  3.1425e-09
8775.0  3.13391e-09
8780.0  3.17619e-09
8785.0  3.20003e-09
8790.0  3.17346e-09
8795.0  3.14313e-09
8800.0  3.11181e-09
8805.0  2.99251e-09
8810.0  3.00285e-09
8815.0  3.14048e-09
8820.0  3.1255e-09
8825.0  3.13495e-09
8830.0  3.18297e-09
8835.0  3.1803e-09
8840.0  3.16058e-09
8845.0  3.20411e-09
8850.0  3.2403e-09
8855.0  3.24176e-09
8860.0  3.1963e-09
8865.0  3.15615e-09
8870.0  3.18667e-09
8875.0  3.20555e-09
8880.0  3.20083e-09
8885.0  3.24124e-09
8890.0  3.25095e-09
8895.0  3.24277e-09
8900.0  3.25914e-09
8905.0  3.27375e-09
8910.0  3.26085e-09
8915.0  3.22848e-09
8920.0  3.20495e-09
8925.0  3.16249e-09
8930.0  3.15677e-09
8935.0  3.14512e-09
8940.0  3.16298e-09
8945.0  3.119e-09
8950.0  3.09691e-09
8955.0  3.13404e-09
8960.0  3.14816e-09
8965.0  3.14457e-09
8970.0  3.147e-09
8975.0  3.12698e-09
8980.0  3.0691e-09
8985.0  3.07105e-09
8990.0  2.99006e-09
8995.0  3.04638e-09
9000.0  3.0403e-09
9005.0  2.98151e-09
9010.0  2.97905e-09
9015.0  2.92997e-09
9020.0  2.93296e-09
9025.0  2.96549e-09
9030.0  3.01737e-09
9035.0  3.1368e-09
9040.0  3.17517e-09
9045.0  3.20922e-09
9050.0  3.15833e-09
9055.0  3.1252e-09
9060.0  3.13518e-09
9065.0  3.08933e-09
9070.0  3.02427e-09
9075.0  2.98723e-09
9080.0  2.95475e-09
9085.0  2.86649e-09
9090.0  2.8466e-09
9095.0  2.85815e-09
9100.0  2.90732e-09
9105.0  2.91061e-09
9110.0  2.91717e-09
9115.0  2.95257e-09
9120.0  2.85657e-09
9125.0  2.86823e-09
9130.0  2.9258e-09
9135.0  2.87968e-09
9140.0  2.81724e-09
9145.0  2.79462e-09
9150.0  2.75321e-09
9155.0  2.71378e-09
9160.0  2.76784e-09
9165.0  2.78477e-09
9170.0  2.71064e-09
9175.0  2.5978e-09
9180.0  2.63403e-09
9185.0  2.71085e-09
9190.0  2.72395e-09
9195.0  2.69433e-09
9200.0  2.69468e-09
9205.0  2.70592e-09
9210.0  2.70762e-09
9215.0  2.67066e-09
9220.0  2.67231e-09
9225.0  2.70084e-09
9230.0  2.71079e-09
9235.0  2.70869e-09
9240.0  2.68643e-09
9245.0  2.70025e-09
9250.0  2.71064e-09
9255.0  2.73517e-09
9260.0  2.72303e-09
9265.0  2.75623e-09
9270.0  2.79215e-09
9275.0  2.80113e-09
9280.0  2.77477e-09
9285.0  2.74806e-09
9290.0  2.75442e-09
9295.0  2.75986e-09
9300.0  2.76277e-09
9305.0  2.76394e-09
9310.0  2.73104e-09
9315.0  2.70801e-09
9320.0  2.65864e-09
9325.0  2.66397e-09
9330.0  2.65308e-09
9335.0  2.6604e-09
9340.0  2.6273e-09
9345.0  2.56917e-09
9350.0  2.61243e-09
9355.0  2.5849e-09
9360.0  2.57858e-09
9365.0  2.66822e-09
9370.0  2.65519e-09
9375.0  2.646e-09
9380.0  2.67948e-09
9385.0  2.71078e-09
9390.0  2.8008e-09
9395.0  2.90096e-09
9400.0  2.8669e-09
9405.0  2.82581e-09
9410.0  2.77919e-09
9415.0  2.73266e-09
9420.0  2.72827e-09
9425.0  2.71299e-09
9430.0  2.65699e-09
9435.0  2.69266e-09
9440.0  2.63175e-09
9445.0  2.58885e-09
9450.0  2.67096e-09
9455.0  2.66346e-09
9460.0  2.63341e-09
9465.0  2.6625e-09
9470.0  2.66309e-09
9475.0  2.67891e-09
9480.0  2.69251e-09
9485.0  2.70357e-09
9490.0  2.74494e-09
9495.0  2.69315e-09
9500.0  2.65159e-09
9505.0  2.67857e-09
9510.0  2.77242e-09
9515.0  2.78592e-09
9520.0  2.63399e-09
9525.0  2.65154e-09
9530.0  2.74002e-09
9535.0  2.743e-09
9540.0  2.71108e-09
9545.0  2.66983e-09
9550.0  2.66737e-09
9555.0  2.67392e-09
9560.0  2.67057e-09
9565.0  2.67236e-09
9570.0  2.66172e-09
9575.0  2.66834e-09
9580.0  2.67409e-09
9585.0  2.66601e-09
9590.0  2.6164e-09
9595.0  2.63417e-09
9600.0  2.68766e-09
9605.0  2.62351e-09
9610.0  2.6493e-09
9615.0  2.66152e-09
9620.0  2.64783e-09
9625.0  2.62891e-09
9630.0  2.63925e-09
9635.0  2.62336e-09
9640.0  2.57419e-09
9645.0  2.58689e-09
9650.0  2.57685e-09
9655.0  2.60688e-09
9660.0  2.60386e-09
9665.0  2.57807e-09
9670.0  2.58313e-09
9675.0  2.58253e-09
9680.0  2.57711e-09
9685.0  2.60168e-09
9690.0  2.61804e-09
9695.0  2.62199e-09
9700.0  2.62712e-09
9705.0  2.60308e-09
9710.0  2.5951e-09
9715.0  2.60595e-09
9720.0  2.59841e-09
9725.0  2.59567e-09
9730.0  2.58677e-09
9735.0  2.56131e-09
9740.0  2.52555e-09
9745.0  2.53563e-09
9750.0  2.51673e-09
9755.0  2.55382e-09
9760.0  2.57892e-09
9765.0  2.58525e-09
9770.0  2.57207e-09
9775.0  2.57998e-09
9780.0  2.60428e-09
9785.0  2.57288e-09
9790.0  2.55267e-09
9795.0  2.57788e-09
9800.0  2.59277e-09
9805.0  2.60586e-09
9810.0  2.62152e-09
9815.0  2.61088e-09
9820.0  2.58096e-09
9825.0  2.56896e-09
9830.0  2.6597e-09
9835.0  2.64428e-09
9840.0  2.59824e-09
9845.0  2.61052e-09
9850.0  2.59585e-09
9855.0  2.60742e-09
9860.0  2.63879e-09
9865.0  2.58974e-09
9870.0  2.58004e-09
9875.0  2.61396e-09
9880.0  2.64022e-09
9885.0  2.60124e-09
9890.0  2.59965e-09
9895.0  2.56944e-09
9900.0  2.64933e-09
9905.0  2.58532e-09
9910.0  2.50642e-09
9915.0  2.54874e-09
9920.0  2.5915e-09
9925.0  2.61583e-09
9930.0  2.57633e-09
9935.0  2.59698e-09
9940.0  2.58263e-09
9945.0  2.60427e-09
9950.0  2.59992e-09
9955.0  2.62019e-09
9960.0  2.60689e-09
9965.0  2.60826e-09
9970.0  2.58484e-09
9975.0  2.63609e-09
9980.0  2.70407e-09
9985.0  2.61998e-09
9990.0  2.62804e-09
9995.0  2.65904e-09
10000.0  2.61488e-09
10005.0  2.61409e-09
10010.0  2.59028e-09
10015.0  2.5878e-09
10020.0  2.663e-09
10025.0  2.61319e-09
10030.0  2.61022e-09
10035.0  2.61613e-09
10040.0  2.59032e-09
10045.0  2.58041e-09
10050.0  2.59504e-09
10055.0  2.55064e-09
10060.0  2.54462e-09
10065.0  2.6216e-09
10070.0  2.5865e-09
10075.0  2.55506e-09
10080.0  2.54727e-09
10085.0  2.54418e-09
10090.0  2.55001e-09
10095.0  2.56424e-09
10100.0  2.54383e-09
10105.0  2.57136e-09
10110.0  2.58648e-09
10115.0  2.60615e-09
10120.0  2.59503e-09
10125.0  2.58891e-09
10130.0  2.58616e-09
10135.0  2.58256e-09
10140.0  2.53571e-09
10145.0  2.52513e-09
10150.0  2.52235e-09
10155.0  2.51994e-09
10160.0  2.51791e-09
10165.0  2.51625e-09
10170.0  2.51497e-09
10175.0  2.51406e-09
10180.0  2.51352e-09
10185.0  2.51334e-09
10190.0  2.51353e-09
10195.0  2.51406e-09
10200.0  2.51495e-09
10205.0  2.51616e-09
10210.0  2.51765e-09
10215.0  2.51932e-09
10220.0  2.5211e-09
10225.0  2.52291e-09
10230.0  2.52467e-09
10235.0  2.52631e-09
10240.0  2.52773e-09
10245.0  2.52887e-09
10250.0  2.52965e-09
10255.0  2.53e-09
10260.0  2.52995e-09
10265.0  2.52952e-09
10270.0  2.52874e-09
10275.0  2.52764e-09
10280.0  2.52627e-09
10285.0  2.52464e-09
10290.0  2.52279e-09
10295.0  2.52077e-09
10300.0  2.51798e-09
10305.0  2.51209e-09
10310.0  2.50948e-09
10315.0  2.50748e-09
10320.0  2.50545e-09
10325.0  2.50339e-09
10330.0  2.50131e-09
10335.0  2.49922e-09
10340.0  2.49713e-09
10345.0  2.49503e-09
10350.0  2.49296e-09
10355.0  2.49089e-09
10360.0  2.48885e-09
10365.0  2.48686e-09
10370.0  2.48491e-09
10375.0  2.483e-09
10380.0  2.48117e-09
10385.0  2.4794e-09
10390.0  2.47772e-09
10395.0  2.47613e-09
10400.0  2.47464e-09
10405.0  2.47325e-09
10410.0  2.47196e-09
10415.0  2.47075e-09
10420.0  2.46963e-09
10425.0  2.46857e-09
10430.0  2.46757e-09
10435.0  2.46661e-09
10440.0  2.4657e-09
10445.0  2.4648e-09
10450.0  2.46392e-09
10455.0  2.46305e-09
10460.0  2.46218e-09
10465.0  2.46131e-09
10470.0  2.46046e-09
10475.0  2.4596e-09
10480.0  2.45873e-09
10485.0  2.45787e-09
10490.0  2.45701e-09
10495.0  2.45615e-09
10500.0  2.45528e-09
10505.0  2.45442e-09
10510.0  2.45354e-09
10515.0  2.45267e-09
10520.0  2.45179e-09
10525.0  2.45091e-09
10530.0  2.45002e-09
10535.0  2.44913e-09
10540.0  2.44824e-09
10545.0  2.44734e-09
10550.0  2.44644e-09
10555.0  2.44554e-09
10560.0  2.44464e-09
10565.0  2.44373e-09
10570.0  2.44281e-09
10575.0  2.4419e-09
10580.0  2.44098e-09
10585.0  2.44006e-09
10590.0  2.43913e-09
10595.0  2.4382e-09
10600.0  2.43727e-09
10605.0  2.43634e-09
10610.0  2.4354e-09
10615.0  2.43446e-09
10620.0  2.43182e-09
10625.0  2.4207e-09
10630.0  2.41781e-09
10635.0  2.41659e-09
10640.0  2.41536e-09
10645.0  2.41414e-09
10650.0  2.41293e-09
10655.0  2.41171e-09
10660.0  2.41051e-09
10665.0  2.4093e-09
10670.0  2.4081e-09
10675.0  2.4069e-09
10680.0  2.40571e-09
10685.0  2.40452e-09
10690.0  2.40333e-09
10695.0  2.40215e-09
10700.0  2.40097e-09
10705.0  2.3998e-09
10710.0  2.39863e-09
10715.0  2.39746e-09
10720.0  2.39629e-09
10725.0  2.39513e-09
10730.0  2.39398e-09
10735.0  2.39282e-09
10740.0  2.39167e-09
10745.0  2.39053e-09
10750.0  2.38939e-09
10755.0  2.38824e-09
10760.0  2.38711e-09
10765.0  2.38598e-09
10770.0  2.38485e-09
10775.0  2.38372e-09
10780.0  2.38261e-09
10785.0  2.38148e-09
10790.0  2.38037e-09
10795.0  2.37926e-09
10800.0  2.37815e-09
10805.0  2.37705e-09
10810.0  2.37595e-09
10815.0  2.37485e-09
10820.0  2.37375e-09
10825.0  2.37266e-09
10830.0  2.37157e-09
10835.0  2.37049e-09
10840.0  2.36941e-09
10845.0  2.36833e-09
10850.0  2.36725e-09
10855.0  2.36619e-09
10860.0  2.36512e-09
10865.0  2.36406e-09
10870.0  2.36299e-09
10875.0  2.36193e-09
10880.0  2.36087e-09
10885.0  2.35983e-09
10890.0  2.35878e-09
10895.0  2.35774e-09
10900.0  2.35669e-09
10905.0  2.35565e-09
10910.0  2.35461e-09
10915.0  2.35358e-09
10920.0  2.35255e-09
10925.0  2.35152e-09
10930.0  2.3505e-09
10935.0  2.34947e-09
10940.0  2.34846e-09
10945.0  2.34744e-09
10950.0  2.34643e-09
10955.0  2.34542e-09
10960.0  2.34441e-09
10965.0  2.34341e-09
10970.0  2.3424e-09
10975.0  2.34141e-09
10980.0  2.34042e-09
10985.0  2.33942e-09
10990.0  2.33843e-09
10995.0  2.33744e-09
11000.0  2.33646e-09
11005.0  2.33548e-09
11010.0  2.3345e-09
11015.0  2.33352e-09
11020.0  2.33255e-09
11025.0  2.33158e-09
11030.0  2.33062e-09
11035.0  2.32965e-09
11040.0  2.32869e-09
11045.0  2.32773e-09
11050.0  2.32677e-09
11055.0  2.32582e-09
11060.0  2.32487e-09
11065.0  2.32392e-09
11070.0  2.32298e-09
11075.0  2.32203e-09
11080.0  2.32109e-09
11085.0  2.32015e-09
11090.0  2.31922e-09
11095.0  2.31828e-09
11100.0  2.31735e-09
11105.0  2.31643e-09
11110.0  2.3155e-09
11115.0  2.31458e-09
11120.0  2.31366e-09
11125.0  2.31274e-09
11130.0  2.31183e-09
11135.0  2.31091e-09
11140.0  2.31e-09
11145.0  2.30909e-09
11150.0  2.30818e-09
11155.0  2.30728e-09
11160.0  2.30638e-09
11165.0  2.30548e-09
11170.0  2.30459e-09
11175.0  2.30369e-09
11180.0  2.30279e-09
11185.0  2.30191e-09
11190.0  2.30102e-09
11195.0  2.30014e-09
11200.0  2.29925e-09
11205.0  2.29837e-09
11210.0  2.29749e-09
11215.0  2.29662e-09
11220.0  2.29574e-09
11225.0  2.29487e-09
11230.0  2.294e-09
11235.0  2.29313e-09
11240.0  2.29226e-09
11245.0  2.2914e-09
11250.0  2.29054e-09
11255.0  2.28968e-09
11260.0  2.28882e-09
11265.0  2.28797e-09
11270.0  2.28712e-09
11275.0  2.28626e-09
11280.0  2.28542e-09
11285.0  2.28457e-09
11290.0  2.28372e-09
11295.0  2.28288e-09
11300.0  2.28203e-09
11305.0  2.28119e-09
11310.0  2.28036e-09
11315.0  2.27952e-09
11320.0  2.27869e-09
11325.0  2.27785e-09
11330.0  2.27702e-09
11335.0  2.2762e-09
11340.0  2.27537e-09
11345.0  2.27454e-09
11350.0  2.27372e-09
11355.0  2.2729e-09
11360.0  2.27209e-09
11365.0  2.27126e-09
11370.0  2.27045e-09
11375.0  2.26963e-09
11380.0  2.26882e-09
11385.0  2.26801e-09
11390.0  2.2672e-09
11395.0  2.26639e-09
11400.0  2.26559e-09
11405.0  2.26478e-09
11410.0  2.26398e-09
11415.0  2.26318e-09
11420.0  2.26238e-09
11425.0  2.26158e-09
11430.0  2.26079e-09
11435.0  2.25999e-09
11440.0  2.2592e-09
11445.0  2.25841e-09
11450.0  2.25762e-09
11455.0  2.25683e-09
11460.0  2.25604e-09
11465.0  2.25526e-09
11470.0  2.25448e-09
11475.0  2.25369e-09
11480.0  2.25291e-09
11485.0  2.25213e-09
11490.0  2.25135e-09
11495.0  2.25057e-09
11500.0  2.2498e-09
11505.0  2.24902e-09
11510.0  2.24825e-09
11515.0  2.24748e-09
11520.0  2.2467e-09
11525.0  2.24593e-09
11530.0  2.24517e-09
11535.0  2.2444e-09
11540.0  2.24364e-09
11545.0  2.24287e-09
11550.0  2.24211e-09
11555.0  2.24134e-09
11560.0  2.24059e-09
11565.0  2.23983e-09
11570.0  2.23907e-09
11575.0  2.23831e-09
11580.0  2.23755e-09
11585.0  2.2368e-09
11590.0  2.23604e-09
11595.0  2.23529e-09
11600.0  2.23454e-09
11605.0  2.23379e-09
11610.0  2.23304e-09
11615.0  2.23229e-09
11620.0  2.23154e-09
11625.0  2.2308e-09
11630.0  2.23005e-09
11635.0  2.22931e-09
11640.0  2.22856e-09
11645.0  2.22782e-09
11650.0  2.22707e-09
11655.0  2.22633e-09
11660.0  2.2256e-09
11665.0  2.22486e-09
11670.0  2.22412e-09
11675.0  2.22338e-09
11680.0  2.22264e-09
11685.0  2.2219e-09
11690.0  2.22117e-09
11695.0  2.22044e-09
11700.0  2.2197e-09
11705.0  2.21897e-09
11710.0  2.21824e-09
11715.0  2.2175e-09
11720.0  2.21677e-09
11725.0  2.21605e-09
11730.0  2.21532e-09
11735.0  2.21459e-09
11740.0  2.21386e-09
11745.0  2.21313e-09
11750.0  2.21241e-09
11755.0  2.21168e-09
11760.0  2.21096e-09
11765.0  2.21023e-09
11770.0  2.2095e-09
11775.0  2.20878e-09
11780.0  2.20806e-09
11785.0  2.20733e-09
11790.0  2.20661e-09
11795.0  2.20589e-09
11800.0  2.20516e-09
11805.0  2.20445e-09
11810.0  2.20373e-09
11815.0  2.20301e-09
11820.0  2.20229e-09
11825.0  2.20157e-09
11830.0  2.20085e-09
11835.0  2.20013e-09
11840.0  2.19942e-09
11845.0  2.1987e-09
11850.0  2.19798e-09
11855.0  2.19726e-09
11860.0  2.19655e-09
11865.0  2.19583e-09
11870.0  2.19511e-09
11875.0  2.1944e-09
11880.0  2.19368e-09
11885.0  2.19297e-09
11890.0  2.19225e-09
11895.0  2.19154e-09
11900.0  2.19082e-09
11905.0  2.19011e-09
11910.0  2.18939e-09
11915.0  2.18868e-09
11920.0  2.18796e-09
11925.0  2.18725e-09
11930.0  2.18654e-09
11935.0  2.18582e-09
11940.0  2.18511e-09
11945.0  2.1844e-09
11950.0  2.18368e-09
11955.0  2.18296e-09
11960.0  2.18225e-09
11965.0  2.18154e-09
11970.0  2.18082e-09
11975.0  2.18011e-09
11980.0  2.1794e-09
11985.0  2.17868e-09
11990.0  2.17797e-09
11995.0  2.17726e-09
12000.0  2.17654e-09
12005.0  2.17583e-09
12010.0  2.17511e-09
12015.0  2.1744e-09
12020.0  2.17368e-09
12025.0  2.17297e-09
12030.0  2.17225e-09
12035.0  2.17154e-09
12040.0  2.17082e-09
12045.0  2.17011e-09
12050.0  2.16939e-09
12055.0  2.16868e-09
12060.0  2.16796e-09
12065.0  2.16724e-09
12070.0  2.16653e-09
12075.0  2.16581e-09
12080.0  2.16509e-09
12085.0  2.16437e-09
12090.0  2.16365e-09
12095.0  2.16293e-09
12100.0  2.16222e-09
12105.0  2.1615e-09
12110.0  2.16077e-09
12115.0  2.16005e-09
12120.0  2.15933e-09
12125.0  2.15861e-09
12130.0  2.15789e-09
12135.0  2.15717e-09
12140.0  2.15644e-09
12145.0  2.15572e-09
12150.0  2.155e-09
12155.0  2.15427e-09
12160.0  2.15355e-09
12165.0  2.15282e-09
12170.0  2.1521e-09
12175.0  2.15137e-09
12180.0  2.15064e-09
12185.0  2.14991e-09
12190.0  2.14918e-09
12195.0  2.14845e-09
12200.0  2.14772e-09
12205.0  2.14699e-09
12210.0  2.14626e-09
12215.0  2.14553e-09
12220.0  2.1448e-09
12225.0  2.14406e-09
12230.0  2.14332e-09
12235.0  2.14259e-09
12240.0  2.14185e-09
12245.0  2.14112e-09
12250.0  2.14038e-09
12255.0  2.13964e-09
12260.0  2.1389e-09
12265.0  2.13816e-09
12270.0  2.13742e-09
12275.0  2.13668e-09
12280.0  2.13594e-09
12285.0  2.1352e-09
12290.0  2.13445e-09
12295.0  2.13371e-09
12300.0  2.13296e-09
12305.0  2.13222e-09
12310.0  2.13147e-09
12315.0  2.13073e-09
12320.0  2.12998e-09
12325.0  2.12923e-09
12330.0  2.12848e-09
12335.0  2.12773e-09
12340.0  2.12698e-09
12345.0  2.12622e-09
12350.0  2.12548e-09
12355.0  2.12473e-09
12360.0  2.12397e-09
12365.0  2.12322e-09
12370.0  2.12246e-09
12375.0  2.12171e-09
12380.0  2.12095e-09
12385.0  2.1202e-09
12390.0  2.11943e-09
12395.0  2.11868e-09
12400.0  2.11792e-09
12405.0  2.11716e-09
12410.0  2.1164e-09
12415.0  2.11564e-09
12420.0  2.11488e-09
12425.0  2.11412e-09
12430.0  2.11335e-09
12435.0  2.11259e-09
12440.0  2.11183e-09
12445.0  2.11106e-09
12450.0  2.1103e-09
12455.0  2.10953e-09
12460.0  2.10876e-09
12465.0  2.10799e-09
12470.0  2.10723e-09
12475.0  2.10646e-09
12480.0  2.10569e-09
12485.0  2.10492e-09
12490.0  2.10415e-09
12495.0  2.10337e-09
12500.0  2.1026e-09
12505.0  2.10183e-09
12510.0  2.10106e-09
12515.0  2.10028e-09
12520.0  2.0995e-09
12525.0  2.09873e-09
12530.0  2.09795e-09
12535.0  2.09718e-09
12540.0  2.0964e-09
12545.0  2.09562e-09
12550.0  2.09484e-09
12555.0  2.09406e-09
12560.0  2.09328e-09
12565.0  2.0925e-09
12570.0  2.09172e-09
12575.0  2.09094e-09
12580.0  2.09016e-09
12585.0  2.08937e-09
12590.0  2.08859e-09
12595.0  2.0878e-09
12600.0  2.08702e-09
12605.0  2.08623e-09
12610.0  2.08544e-09
12615.0  2.08466e-09
12620.0  2.08387e-09
12625.0  2.08308e-09
12630.0  2.08229e-09
12635.0  2.0815e-09
12640.0  2.08071e-09
12645.0  2.07992e-09
12650.0  2.07913e-09
12655.0  2.07833e-09
12660.0  2.07754e-09
12665.0  2.07674e-09
12670.0  2.07596e-09
12675.0  2.07516e-09
12680.0  2.07436e-09
12685.0  2.07357e-09
12690.0  2.07277e-09
12695.0  2.07197e-09
12700.0  2.07117e-09
12705.0  2.07038e-09
12710.0  2.06957e-09
12715.0  2.06878e-09
12720.0  2.06798e-09
12725.0  2.06717e-09
12730.0  2.06637e-09
12735.0  2.06557e-09
12740.0  2.06477e-09
12745.0  2.06396e-09
12750.0  2.06316e-09
12755.0  2.06235e-09
12760.0  2.06155e-09
12765.0  2.06074e-09
12770.0  2.05994e-09
12775.0  2.05913e-09
12780.0  2.05832e-09
12785.0  2.05751e-09
12790.0  2.0567e-09
12795.0  2.05589e-09
12800.0  2.05509e-09
12805.0  2.05427e-09
12810.0  2.05346e-09
12815.0  2.05265e-09
12820.0  2.05183e-09
12825.0  2.05102e-09
12830.0  2.05021e-09
12835.0  2.04939e-09
12840.0  2.04858e-09
12845.0  2.04776e-09
12850.0  2.04695e-09
12855.0  2.04613e-09
12860.0  2.04531e-09
12865.0  2.04449e-09
12870.0  2.04368e-09
12875.0  2.04286e-09
12880.0  2.04204e-09
12885.0  2.04122e-09
12890.0  2.0404e-09
12895.0  2.03957e-09
12900.0  2.03876e-09
12905.0  2.03793e-09
12910.0  2.03711e-09
12915.0  2.03628e-09
12920.0  2.03546e-09
12925.0  2.03463e-09
12930.0  2.03381e-09
12935.0  2.03298e-09
12940.0  2.03216e-09
12945.0  2.03133e-09
12950.0  2.0305e-09
12955.0  2.02967e-09
12960.0  2.02885e-09
12965.0  2.02802e-09
12970.0  2.02718e-09
12975.0  2.02636e-09
12980.0  2.02552e-09
12985.0  2.02469e-09
12990.0  2.02386e-09
12995.0  2.02303e-09
13000.0  2.02219e-09
13005.0  2.02136e-09
13010.0  2.02052e-09
13015.0  2.01969e-09
13020.0  2.01886e-09
13025.0  2.01802e-09
13030.0  2.01718e-09
13035.0  2.01634e-09
13040.0  2.01551e-09
13045.0  2.01467e-09
13050.0  2.01383e-09
13055.0  2.01299e-09
13060.0  2.01215e-09
13065.0  2.01131e-09
13070.0  2.01047e-09
13075.0  2.00963e-09
13080.0  2.00879e-09
13085.0  2.00794e-09
13090.0  2.0071e-09
13095.0  2.00626e-09
13100.0  2.00541e-09
13105.0  2.00457e-09
13110.0  2.00373e-09
13115.0  2.00288e-09
13120.0  2.00203e-09
13125.0  2.00118e-09
13130.0  2.00034e-09
13135.0  1.99949e-09
13140.0  1.99864e-09
13145.0  1.99779e-09
13150.0  1.99695e-09
13155.0  1.99609e-09
13160.0  1.99525e-09
13165.0  1.9944e-09
13170.0  1.99354e-09
13175.0  1.99269e-09
13180.0  1.99184e-09
13185.0  1.99099e-09
13190.0  1.99013e-09
13195.0  1.98928e-09
13200.0  1.98843e-09
13205.0  1.98757e-09
13210.0  1.98672e-09
13215.0  1.98586e-09
13220.0  1.985e-09
13225.0  1.98415e-09
13230.0  1.98329e-09
13235.0  1.98243e-09
13240.0  1.98157e-09
13245.0  1.98071e-09
13250.0  1.97985e-09
13255.0  1.97899e-09
13260.0  1.97813e-09
13265.0  1.97727e-09
13270.0  1.97641e-09
13275.0  1.97555e-09
13280.0  1.97468e-09
13285.0  1.97383e-09
13290.0  1.97296e-09
13295.0  1.97209e-09
13300.0  1.97124e-09
13305.0  1.97037e-09
13310.0  1.9695e-09
13315.0  1.96864e-09
13320.0  1.96777e-09
13325.0  1.9669e-09
13330.0  1.96604e-09
13335.0  1.96517e-09
13340.0  1.9643e-09
13345.0  1.96343e-09
13350.0  1.96256e-09
13355.0  1.96169e-09
13360.0  1.96082e-09
13365.0  1.95995e-09
13370.0  1.95908e-09
13375.0  1.95821e-09
13380.0  1.95734e-09
13385.0  1.95647e-09
13390.0  1.9556e-09
13395.0  1.95473e-09
13400.0  1.95385e-09
13405.0  1.95297e-09
13410.0  1.9521e-09
13415.0  1.95122e-09
13420.0  1.95035e-09
13425.0  1.94947e-09
13430.0  1.9486e-09
13435.0  1.94772e-09
13440.0  1.94684e-09
13445.0  1.94596e-09
13450.0  1.94508e-09
13455.0  1.9442e-09
13460.0  1.94333e-09
13465.0  1.94245e-09
13470.0  1.94157e-09
13475.0  1.94069e-09
13480.0  1.93981e-09
13485.0  1.93892e-09
13490.0  1.93804e-09
13495.0  1.93716e-09
13500.0  1.93628e-09
13505.0  1.9354e-09
13510.0  1.93451e-09
13515.0  1.93363e-09
13520.0  1.93275e-09
13525.0  1.93186e-09
13530.0  1.93098e-09
13535.0  1.93009e-09
13540.0  1.9292e-09
13545.0  1.92832e-09
13550.0  1.92743e-09
13555.0  1.92654e-09
13560.0  1.92565e-09
13565.0  1.92477e-09
13570.0  1.92388e-09
13575.0  1.92299e-09
13580.0  1.9221e-09
13585.0  1.92121e-09
13590.0  1.92032e-09
13595.0  1.91943e-09
13600.0  1.91854e-09
13605.0  1.91764e-09
13610.0  1.91676e-09
13615.0  1.91586e-09
13620.0  1.91497e-09
13625.0  1.91407e-09
13630.0  1.91318e-09
13635.0  1.91229e-09
13640.0  1.9114e-09
13645.0  1.9105e-09
13650.0  1.9096e-09
13655.0  1.90871e-09
13660.0  1.90781e-09
13665.0  1.90692e-09
13670.0  1.90602e-09
13675.0  1.90512e-09
13680.0  1.90422e-09
13685.0  1.90332e-09
13690.0  1.90243e-09
13695.0  1.90153e-09
13700.0  1.90063e-09
13705.0  1.89973e-09
13710.0  1.89883e-09
13715.0  1.89793e-09
13720.0  1.89703e-09
13725.0  1.89613e-09
13730.0  1.89523e-09
13735.0  1.89432e-09
13740.0  1.89342e-09
13745.0  1.89252e-09
13750.0  1.89162e-09
13755.0  1.89072e-09
13760.0  1.88981e-09
13765.0  1.88891e-09
13770.0  1.888e-09
13775.0  1.8871e-09
13780.0  1.88619e-09
13785.0  1.88529e-09
13790.0  1.88438e-09
13795.0  1.88348e-09
13800.0  1.88257e-09
13805.0  1.88166e-09
13810.0  1.88075e-09
13815.0  1.87985e-09
13820.0  1.87894e-09
13825.0  1.87803e-09
13830.0  1.87712e-09
13835.0  1.87621e-09
13840.0  1.8753e-09
13845.0  1.87439e-09
13850.0  1.87348e-09
13855.0  1.87257e-09
13860.0  1.87166e-09
13865.0  1.87075e-09
13870.0  1.86984e-09
13875.0  1.86892e-09
13880.0  1.86801e-09
13885.0  1.8671e-09
13890.0  1.86618e-09
13895.0  1.86527e-09
13900.0  1.86436e-09
13905.0  1.86345e-09
13910.0  1.86254e-09
13915.0  1.86162e-09
13920.0  1.8607e-09
13925.0  1.85979e-09
13930.0  1.85887e-09
13935.0  1.85795e-09
13940.0  1.85704e-09
13945.0  1.85612e-09
13950.0  1.8552e-09
13955.0  1.85429e-09
13960.0  1.85337e-09
13965.0  1.85245e-09
13970.0  1.85154e-09
13975.0  1.85061e-09
13980.0  1.84969e-09
13985.0  1.84877e-09
13990.0  1.84785e-09
13995.0  1.84694e-09
14000.0  1.84602e-09
14005.0  1.84509e-09
14010.0  1.84417e-09
14015.0  1.84325e-09
14020.0  1.84233e-09
14025.0  1.84141e-09
14030.0  1.84049e-09
14035.0  1.83957e-09
14040.0  1.83864e-09
14045.0  1.83772e-09
14050.0  1.83679e-09
14055.0  1.83587e-09
14060.0  1.83494e-09
14065.0  1.83402e-09
14070.0  1.83309e-09
14075.0  1.83217e-09
14080.0  1.83125e-09
14085.0  1.83032e-09
14090.0  1.82939e-09
14095.0  1.82847e-09
14100.0  1.82754e-09
14105.0  1.82662e-09
14110.0  1.82569e-09
14115.0  1.82476e-09
14120.0  1.82383e-09
14125.0  1.8229e-09
14130.0  1.82197e-09
14135.0  1.82105e-09
14140.0  1.82012e-09
14145.0  1.81919e-09
14150.0  1.81826e-09
14155.0  1.81732e-09
14160.0  1.8164e-09
14165.0  1.81547e-09
14170.0  1.81454e-09
14175.0  1.81361e-09
14180.0  1.81267e-09
14185.0  1.81175e-09
14190.0  1.81081e-09
14195.0  1.80988e-09
14200.0  1.80895e-09
14205.0  1.80801e-09
14210.0  1.80708e-09
14215.0  1.80615e-09
14220.0  1.80522e-09
14225.0  1.80428e-09
14230.0  1.80335e-09
14235.0  1.80242e-09
14240.0  1.80148e-09
14245.0  1.80054e-09
14250.0  1.79961e-09
14255.0  1.79868e-09
14260.0  1.79774e-09
14265.0  1.7968e-09
14270.0  1.79587e-09
14275.0  1.79493e-09
14280.0  1.79399e-09
14285.0  1.79306e-09
14290.0  1.79212e-09
14295.0  1.79118e-09
14300.0  1.79025e-09
14305.0  1.78931e-09
14310.0  1.78837e-09
14315.0  1.78744e-09
14320.0  1.78649e-09
14325.0  1.78555e-09
14330.0  1.78462e-09
14335.0  1.78367e-09
14340.0  1.78274e-09
14345.0  1.7818e-09
14350.0  1.78086e-09
14355.0  1.77992e-09
14360.0  1.77898e-09
14365.0  1.77803e-09
14370.0  1.77709e-09
14375.0  1.77615e-09
14380.0  1.77521e-09
14385.0  1.77427e-09
14390.0  1.77333e-09
14395.0  1.77239e-09
14400.0  1.77144e-09
14405.0  1.7705e-09
14410.0  1.76956e-09
14415.0  1.76862e-09
14420.0  1.76767e-09
14425.0  1.76673e-09
14430.0  1.76579e-09
14435.0  1.76484e-09
14440.0  1.76389e-09
14445.0  1.76295e-09
14450.0  1.76201e-09
14455.0  1.76107e-09
14460.0  1.76012e-09
14465.0  1.75918e-09
14470.0  1.75823e-09
14475.0  1.75728e-09
14480.0  1.75634e-09
14485.0  1.75539e-09
14490.0  1.75444e-09
14495.0  1.7535e-09
14500.0  1.75255e-09
14505.0  1.7516e-09
14510.0  1.75066e-09
14515.0  1.74971e-09
14520.0  1.74876e-09
14525.0  1.74782e-09
14530.0  1.74687e-09
14535.0  1.74592e-09
14540.0  1.74497e-09
14545.0  1.74402e-09
14550.0  1.74308e-09
14555.0  1.74213e-09
14560.0  1.74118e-09
14565.0  1.74023e-09
14570.0  1.73928e-09
14575.0  1.73833e-09
14580.0  1.73738e-09
14585.0  1.73643e-09
14590.0  1.73548e-09
14595.0  1.73453e-09
14600.0  1.73358e-09
14605.0  1.73263e-09
14610.0  1.73167e-09
14615.0  1.73073e-09
14620.0  1.72978e-09
14625.0  1.72882e-09
14630.0  1.72787e-09
14635.0  1.72692e-09
14640.0  1.72597e-09
14645.0  1.72501e-09
14650.0  1.72406e-09
14655.0  1.72311e-09
14660.0  1.72216e-09
14665.0  1.7212e-09
14670.0  1.72026e-09
14675.0  1.7193e-09
14680.0  1.71834e-09
14685.0  1.71739e-09
14690.0  1.71644e-09
14695.0  1.71548e-09
14700.0  1.71453e-09
14705.0  1.71358e-09
14710.0  1.71262e-09
14715.0  1.71167e-09
14720.0  1.71071e-09
14725.0  1.70976e-09
14730.0  1.7088e-09
14735.0  1.70785e-09
14740.0  1.7069e-09
14745.0  1.70594e-09
14750.0  1.70498e-09
14755.0  1.70402e-09
14760.0  1.70307e-09
14765.0  1.70212e-09
14770.0  1.70116e-09
14775.0  1.70021e-09
14780.0  1.69925e-09
14785.0  1.69829e-09
14790.0  1.69734e-09
14795.0  1.69638e-09
14800.0  1.69542e-09
14805.0  1.69446e-09
14810.0  1.6935e-09
14815.0  1.69255e-09
14820.0  1.69159e-09
14825.0  1.69064e-09
14830.0  1.68968e-09
14835.0  1.68872e-09
14840.0  1.68776e-09
14845.0  1.6868e-09
14850.0  1.68584e-09
14855.0  1.68488e-09
14860.0  1.68393e-09
14865.0  1.68297e-09
14870.0  1.68201e-09
14875.0  1.68105e-09
14880.0  1.68009e-09
14885.0  1.67913e-09
14890.0  1.67818e-09
14895.0  1.67722e-09
14900.0  1.67626e-09
14905.0  1.6753e-09
14910.0  1.67434e-09
14915.0  1.67338e-09
14920.0  1.67242e-09
14925.0  1.67146e-09
14930.0  1.6705e-09
14935.0  1.66954e-09
14940.0  1.66858e-09
14945.0  1.66762e-09
14950.0  1.66666e-09
14955.0  1.6657e-09
14960.0  1.66474e-09
14965.0  1.66378e-09
14970.0  1.66282e-09
14975.0  1.66185e-09
14980.0  1.66089e-09
14985.0  1.65993e-09
14990.0  1.65897e-09
14995.0  1.65801e-09
15000.0  1.65705e-09
15005.0  1.65609e-09
15010.0  1.65513e-09
15015.0  1.65416e-09
15020.0  1.6532e-09
15025.0  1.65224e-09
15030.0  1.65128e-09
15035.0  1.65032e-09
15040.0  1.64935e-09
15045.0  1.64839e-09
15050.0  1.64743e-09
15055.0  1.64647e-09
15060.0  1.64551e-09
15065.0  1.64454e-09
15070.0  1.64358e-09
15075.0  1.64262e-09
15080.0  1.64166e-09
15085.0  1.64069e-09
15090.0  1.63973e-09
15095.0  1.63877e-09
15100.0  1.63781e-09
15105.0  1.63684e-09
15110.0  1.63588e-09
15115.0  1.63491e-09
15120.0  1.63395e-09
15125.0  1.63299e-09
15130.0  1.63203e-09
15135.0  1.63106e-09
15140.0  1.6301e-09
15145.0  1.62913e-09
15150.0  1.62817e-09
15155.0  1.62721e-09
15160.0  1.62625e-09
15165.0  1.62528e-09
15170.0  1.62432e-09
15175.0  1.62335e-09
15180.0  1.62239e-09
15185.0  1.62143e-09
15190.0  1.62046e-09
15195.0  1.6195e-09
15200.0  1.61853e-09
15205.0  1.61757e-09
15210.0  1.61661e-09
15215.0  1.61564e-09
15220.0  1.61468e-09
15225.0  1.61371e-09
15230.0  1.61275e-09
15235.0  1.61178e-09
15240.0  1.61082e-09
15245.0  1.60986e-09
15250.0  1.60889e-09
15255.0  1.60793e-09
15260.0  1.60696e-09
15265.0  1.606e-09
15270.0  1.60504e-09
15275.0  1.60407e-09
15280.0  1.6031e-09
15285.0  1.60214e-09
15290.0  1.60117e-09
15295.0  1.60021e-09
15300.0  1.59925e-09
15305.0  1.59828e-09
15310.0  1.59732e-09
15315.0  1.59636e-09
15320.0  1.59539e-09
15325.0  1.59442e-09
15330.0  1.59346e-09
15335.0  1.5925e-09
15340.0  1.59153e-09
15345.0  1.59057e-09
15350.0  1.5896e-09
15355.0  1.58864e-09
15360.0  1.58767e-09
15365.0  1.58671e-09
15370.0  1.58574e-09
15375.0  1.58478e-09
15380.0  1.58381e-09
15385.0  1.58285e-09
15390.0  1.58188e-09
15395.0  1.58092e-09
15400.0  1.57995e-09
15405.0  1.57899e-09
15410.0  1.57802e-09
15415.0  1.57706e-09
15420.0  1.57609e-09
15425.0  1.57513e-09
15430.0  1.57416e-09
15435.0  1.5732e-09
15440.0  1.57223e-09
15445.0  1.57127e-09
15450.0  1.5703e-09
15455.0  1.56934e-09
15460.0  1.56837e-09
15465.0  1.56741e-09
15470.0  1.56644e-09
15475.0  1.56548e-09
15480.0  1.56452e-09
15485.0  1.56355e-09
15490.0  1.56259e-09
15495.0  1.56162e-09
15500.0  1.56066e-09
15505.0  1.5597e-09
15510.0  1.55873e-09
15515.0  1.55777e-09
15520.0  1.5568e-09
15525.0  1.55583e-09
15530.0  1.55487e-09
15535.0  1.55391e-09
15540.0  1.55294e-09
15545.0  1.55198e-09
15550.0  1.55101e-09
15555.0  1.55005e-09
15560.0  1.54909e-09
15565.0  1.54812e-09
15570.0  1.54716e-09
15575.0  1.5462e-09
15580.0  1.54523e-09
15585.0  1.54427e-09
15590.0  1.5433e-09
15595.0  1.54234e-09
15600.0  1.54138e-09
15605.0  1.54041e-09
15610.0  1.53945e-09
15615.0  1.53849e-09
15620.0  1.53752e-09
15625.0  1.53656e-09
15630.0  1.5356e-09
15635.0  1.53463e-09
15640.0  1.53367e-09
15645.0  1.53271e-09
15650.0  1.53174e-09
15655.0  1.53078e-09
15660.0  1.52981e-09
15665.0  1.52885e-09
15670.0  1.52789e-09
15675.0  1.52693e-09
15680.0  1.52597e-09
15685.0  1.525e-09
15690.0  1.52404e-09
15695.0  1.52308e-09
15700.0  1.52211e-09
15705.0  1.52115e-09
15710.0  1.52019e-09
15715.0  1.51923e-09
15720.0  1.51827e-09
15725.0  1.5173e-09
15730.0  1.51634e-09
15735.0  1.51538e-09
15740.0  1.51442e-09
15745.0  1.51346e-09
15750.0  1.5125e-09
15755.0  1.51153e-09
15760.0  1.51057e-09
15765.0  1.50961e-09
15770.0  1.50865e-09
15775.0  1.50769e-09
15780.0  1.50672e-09
15785.0  1.50576e-09
15790.0  1.5048e-09
15795.0  1.50384e-09
15800.0  1.50288e-09
15805.0  1.50192e-09
15810.0  1.50096e-09
15815.0  1.5e-09
15820.0  1.49904e-09
15825.0  1.49808e-09
15830.0  1.49712e-09
15835.0  1.49616e-09
15840.0  1.49519e-09
15845.0  1.49424e-09
15850.0  1.49328e-09
15855.0  1.49232e-09
15860.0  1.49136e-09
15865.0  1.4904e-09
15870.0  1.48944e-09
15875.0  1.48848e-09
15880.0  1.48752e-09
15885.0  1.48656e-09
15890.0  1.4856e-09
15895.0  1.48465e-09
15900.0  1.48369e-09
15905.0  1.48273e-09
15910.0  1.48177e-09
15915.0  1.48081e-09
15920.0  1.47985e-09
15925.0  1.4789e-09
15930.0  1.47794e-09
15935.0  1.47698e-09
15940.0  1.47602e-09
15945.0  1.47506e-09
15950.0  1.47411e-09
15955.0  1.47315e-09
15960.0  1.47219e-09
15965.0  1.47124e-09
15970.0  1.47028e-09
15975.0  1.46932e-09
15980.0  1.46836e-09
15985.0  1.46741e-09
15990.0  1.46645e-09
15995.0  1.4655e-09
16000.0  1.46454e-09
16005.0  1.46359e-09
16010.0  1.46263e-09
16015.0  1.46167e-09
16020.0  1.46072e-09
16025.0  1.45976e-09
16030.0  1.45881e-09
16035.0  1.45785e-09
16040.0  1.45689e-09
16045.0  1.45594e-09
16050.0  1.45498e-09
16055.0  1.45403e-09
16060.0  1.45308e-09
16065.0  1.45212e-09
16070.0  1.45117e-09
16075.0  1.45022e-09
16080.0  1.44926e-09
16085.0  1.44831e-09
16090.0  1.44735e-09
16095.0  1.4464e-09
16100.0  1.44545e-09
16105.0  1.4445e-09
16110.0  1.44354e-09
16115.0  1.44259e-09
16120.0  1.44164e-09
16125.0  1.44069e-09
16130.0  1.43973e-09
16135.0  1.43878e-09
16140.0  1.43783e-09
16145.0  1.43688e-09
16150.0  1.43593e-09
16155.0  1.43498e-09
16160.0  1.43403e-09
16165.0  1.43308e-09
16170.0  1.43212e-09
16175.0  1.43118e-09
16180.0  1.43022e-09
16185.0  1.42928e-09
16190.0  1.42833e-09
16195.0  1.42737e-09
16200.0  1.42643e-09
16205.0  1.42548e-09
16210.0  1.42453e-09
16215.0  1.42358e-09
16220.0  1.42263e-09
16225.0  1.42168e-09
16230.0  1.42073e-09
16235.0  1.41979e-09
16240.0  1.41884e-09
16245.0  1.41789e-09
16250.0  1.41694e-09
16255.0  1.41599e-09
16260.0  1.41505e-09
16265.0  1.4141e-09
16270.0  1.41315e-09
16275.0  1.41221e-09
16280.0  1.41126e-09
16285.0  1.41032e-09
16290.0  1.40937e-09
16295.0  1.40842e-09
16300.0  1.40748e-09
16305.0  1.40653e-09
16310.0  1.40559e-09
16315.0  1.40464e-09
16320.0  1.4037e-09
16325.0  1.40275e-09
16330.0  1.40181e-09
16335.0  1.40086e-09
16340.0  1.39992e-09
16345.0  1.39898e-09
16350.0  1.39804e-09
16355.0  1.39709e-09
16360.0  1.39615e-09
16365.0  1.39521e-09
16370.0  1.39426e-09
16375.0  1.39332e-09
16380.0  1.39238e-09
16385.0  1.39144e-09
16390.0  1.39049e-09
16395.0  1.38955e-09
16400.0  1.38861e-09
16405.0  1.38767e-09
16410.0  1.38673e-09
16415.0  1.38579e-09
16420.0  1.38485e-09
16425.0  1.38391e-09
16430.0  1.38297e-09
16435.0  1.38203e-09
16440.0  1.38109e-09
16445.0  1.38015e-09
16450.0  1.37921e-09
16455.0  1.37827e-09
16460.0  1.37734e-09
16465.0  1.3764e-09
16470.0  1.37546e-09
16475.0  1.37452e-09
16480.0  1.37358e-09
16485.0  1.37265e-09
16490.0  1.37171e-09
16495.0  1.37077e-09
16500.0  1.36984e-09
16505.0  1.3689e-09
16510.0  1.36796e-09
16515.0  1.36703e-09
16520.0  1.36609e-09
16525.0  1.36516e-09
16530.0  1.36422e-09
16535.0  1.36329e-09
16540.0  1.36235e-09
16545.0  1.36142e-09
16550.0  1.36048e-09
16555.0  1.35955e-09
16560.0  1.35861e-09
16565.0  1.35768e-09
16570.0  1.35674e-09
16575.0  1.35581e-09
16580.0  1.35488e-09
16585.0  1.35395e-09
16590.0  1.35301e-09
16595.0  1.35208e-09
16600.0  1.35115e-09
16605.0  1.35022e-09
16610.0  1.34929e-09
16615.0  1.34836e-09
16620.0  1.34742e-09
16625.0  1.34649e-09
16630.0  1.34556e-09
16635.0  1.34463e-09
16640.0  1.3437e-09
16645.0  1.34277e-09
16650.0  1.34184e-09
16655.0  1.34091e-09
16660.0  1.33998e-09
16665.0  1.33905e-09
16670.0  1.33812e-09
16675.0  1.33719e-09
16680.0  1.33627e-09
16685.0  1.33534e-09
16690.0  1.33441e-09
16695.0  1.33348e-09
16700.0  1.33255e-09
16705.0  1.33163e-09
16710.0  1.3307e-09
16715.0  1.32977e-09
16720.0  1.32885e-09
16725.0  1.32792e-09
16730.0  1.327e-09
16735.0  1.32607e-09
16740.0  1.32514e-09
16745.0  1.32422e-09
16750.0  1.32329e-09
16755.0  1.32237e-09
16760.0  1.32144e-09
16765.0  1.32052e-09
16770.0  1.31959e-09
16775.0  1.31867e-09
16780.0  1.31775e-09
16785.0  1.31682e-09
16790.0  1.3159e-09
16795.0  1.31498e-09
16800.0  1.31405e-09
16805.0  1.31313e-09
16810.0  1.31221e-09
16815.0  1.31128e-09
16820.0  1.31036e-09
16825.0  1.30944e-09
16830.0  1.30852e-09
16835.0  1.3076e-09
16840.0  1.30668e-09
16845.0  1.30576e-09
16850.0  1.30484e-09
16855.0  1.30392e-09
16860.0  1.30299e-09
16865.0  1.30208e-09
16870.0  1.30116e-09
16875.0  1.30024e-09
16880.0  1.29932e-09
16885.0  1.2984e-09
16890.0  1.29748e-09
16895.0  1.29656e-09
16900.0  1.29564e-09
16905.0  1.29473e-09
16910.0  1.29381e-09
16915.0  1.29289e-09
16920.0  1.29198e-09
16925.0  1.29106e-09
16930.0  1.29014e-09
16935.0  1.28923e-09
16940.0  1.28831e-09
16945.0  1.2874e-09
16950.0  1.28648e-09
16955.0  1.28556e-09
16960.0  1.28465e-09
16965.0  1.28373e-09
16970.0  1.28282e-09
16975.0  1.28191e-09
16980.0  1.28099e-09
16985.0  1.28008e-09
16990.0  1.27916e-09
16995.0  1.27825e-09
17000.0  1.27734e-09
17005.0  1.27642e-09
17010.0  1.27551e-09
17015.0  1.2746e-09
17020.0  1.27369e-09
17025.0  1.27277e-09
17030.0  1.27186e-09
17035.0  1.27095e-09
17040.0  1.27004e-09
17045.0  1.26913e-09
17050.0  1.26822e-09
17055.0  1.26731e-09
17060.0  1.2664e-09
17065.0  1.26549e-09
17070.0  1.26458e-09
17075.0  1.26367e-09
17080.0  1.26276e-09
17085.0  1.26185e-09
17090.0  1.26094e-09
17095.0  1.26004e-09
17100.0  1.25913e-09
17105.0  1.25822e-09
17110.0  1.25731e-09
17115.0  1.2564e-09
17120.0  1.2555e-09
17125.0  1.25459e-09
17130.0  1.25368e-09
17135.0  1.25278e-09
17140.0  1.25187e-09
17145.0  1.25097e-09
17150.0  1.25006e-09
17155.0  1.24915e-09
17160.0  1.24825e-09
17165.0  1.24734e-09
17170.0  1.24644e-09
17175.0  1.24554e-09
17180.0  1.24463e-09
17185.0  1.24373e-09
17190.0  1.24282e-09
17195.0  1.24192e-09
17200.0  1.24102e-09
17205.0  1.24012e-09
17210.0  1.23921e-09
17215.0  1.23831e-09
17220.0  1.23741e-09
17225.0  1.23651e-09
17230.0  1.2356e-09
17235.0  1.2347e-09
17240.0  1.2338e-09
17245.0  1.2329e-09
17250.0  1.232e-09
17255.0  1.2311e-09
17260.0  1.2302e-09
17265.0  1.2293e-09
17270.0  1.2284e-09
17275.0  1.2275e-09
17280.0  1.2266e-09
17285.0  1.2257e-09
17290.0  1.2248e-09
17295.0  1.22391e-09
17300.0  1.22301e-09
17305.0  1.22211e-09
17310.0  1.22121e-09
17315.0  1.22032e-09
17320.0  1.21942e-09
17325.0  1.21852e-09
17330.0  1.21763e-09
17335.0  1.21673e-09
17340.0  1.21583e-09
17345.0  1.21494e-09
17350.0  1.21404e-09
17355.0  1.21315e-09
17360.0  1.21225e-09
17365.0  1.21136e-09
17370.0  1.21046e-09
17375.0  1.20957e-09
17380.0  1.20868e-09
17385.0  1.20779e-09
17390.0  1.20689e-09
17395.0  1.206e-09
17400.0  1.20511e-09
17405.0  1.20421e-09
17410.0  1.20332e-09
17415.0  1.20243e-09
17420.0  1.20154e-09
17425.0  1.20065e-09
17430.0  1.19975e-09
17435.0  1.19886e-09
17440.0  1.19797e-09
17445.0  1.19708e-09
17450.0  1.1962e-09
17455.0  1.1953e-09
17460.0  1.19442e-09
17465.0  1.19352e-09
17470.0  1.19264e-09
17475.0  1.19175e-09
17480.0  1.19086e-09
17485.0  1.18997e-09
17490.0  1.18908e-09
17495.0  1.1882e-09
17500.0  1.18731e-09
17505.0  1.18642e-09
17510.0  1.18553e-09
17515.0  1.18465e-09
17520.0  1.18376e-09
17525.0  1.18288e-09
17530.0  1.18199e-09
17535.0  1.18111e-09
17540.0  1.18022e-09
17545.0  1.17934e-09
17550.0  1.17845e-09
17555.0  1.17757e-09
17560.0  1.17668e-09
17565.0  1.1758e-09
17570.0  1.17491e-09
17575.0  1.17403e-09
17580.0  1.17315e-09
17585.0  1.17227e-09
17590.0  1.17138e-09
17595.0  1.1705e-09
17600.0  1.16962e-09
17605.0  1.16874e-09
17610.0  1.16786e-09
17615.0  1.16698e-09
17620.0  1.16609e-09
17625.0  1.16521e-09
17630.0  1.16434e-09
17635.0  1.16345e-09
17640.0  1.16257e-09
17645.0  1.16169e-09
17650.0  1.16081e-09
17655.0  1.15994e-09
17660.0  1.15906e-09
17665.0  1.15818e-09
17670.0  1.1573e-09
17675.0  1.15642e-09
17680.0  1.15555e-09
17685.0  1.15467e-09
17690.0  1.15379e-09
17695.0  1.15292e-09
17700.0  1.15204e-09
17705.0  1.15116e-09
17710.0  1.15029e-09
17715.0  1.14941e-09
17720.0  1.14853e-09
17725.0  1.14766e-09
17730.0  1.14679e-09
17735.0  1.14591e-09
17740.0  1.14504e-09
17745.0  1.14416e-09
17750.0  1.14329e-09
17755.0  1.14242e-09
17760.0  1.14154e-09
17765.0  1.14067e-09
17770.0  1.1398e-09
17775.0  1.13893e-09
17780.0  1.13806e-09
17785.0  1.13718e-09
17790.0  1.13631e-09
17795.0  1.13544e-09
17800.0  1.13457e-09
17805.0  1.1337e-09
17810.0  1.13283e-09
17815.0  1.13196e-09
17820.0  1.13109e-09
17825.0  1.13022e-09
17830.0  1.12935e-09
17835.0  1.12848e-09
17840.0  1.12762e-09
17845.0  1.12675e-09
17850.0  1.12588e-09
17855.0  1.12501e-09
17860.0  1.12414e-09
17865.0  1.12328e-09
17870.0  1.12241e-09
17875.0  1.12154e-09
17880.0  1.12068e-09
17885.0  1.11981e-09
17890.0  1.11895e-09
17895.0  1.11808e-09
17900.0  1.11721e-09
17905.0  1.11635e-09
17910.0  1.11549e-09
17915.0  1.11462e-09
17920.0  1.11376e-09
17925.0  1.1129e-09
17930.0  1.11203e-09
17935.0  1.11117e-09
17940.0  1.11031e-09
17945.0  1.10944e-09
17950.0  1.10858e-09
17955.0  1.10772e-09
17960.0  1.10686e-09
17965.0  1.106e-09
17970.0  1.10513e-09
17975.0  1.10428e-09
17980.0  1.10341e-09
17985.0  1.10255e-09
17990.0  1.10169e-09
17995.0  1.10083e-09
18000.0  1.09998e-09
18005.0  1.09912e-09
18010.0  1.09826e-09
18015.0  1.0974e-09
18020.0  1.09654e-09
18025.0  1.09568e-09
18030.0  1.09483e-09
18035.0  1.09397e-09
18040.0  1.09311e-09
18045.0  1.09225e-09
18050.0  1.0914e-09
18055.0  1.09054e-09
18060.0  1.08969e-09
18065.0  1.08883e-09
18070.0  1.08798e-09
18075.0  1.08712e-09
18080.0  1.08626e-09
18085.0  1.08541e-09
18090.0  1.08456e-09
18095.0  1.0837e-09
18100.0  1.08285e-09
18105.0  1.082e-09
18110.0  1.08115e-09
18115.0  1.08029e-09
18120.0  1.07944e-09
18125.0  1.07859e-09
18130.0  1.07774e-09
18135.0  1.07689e-09
18140.0  1.07604e-09
18145.0  1.07518e-09
18150.0  1.07433e-09
18155.0  1.07348e-09
18160.0  1.07263e-09
18165.0  1.07178e-09
18170.0  1.07093e-09
18175.0  1.07009e-09
18180.0  1.06924e-09
18185.0  1.06839e-09
18190.0  1.06754e-09
18195.0  1.06669e-09
18200.0  1.06585e-09
18205.0  1.065e-09
18210.0  1.06415e-09
18215.0  1.06331e-09
18220.0  1.06246e-09
18225.0  1.06162e-09
18230.0  1.06077e-09
18235.0  1.05992e-09
18240.0  1.05908e-09
18245.0  1.05824e-09
18250.0  1.05739e-09
18255.0  1.05655e-09
18260.0  1.0557e-09
18265.0  1.05486e-09
18270.0  1.05401e-09
18275.0  1.05317e-09
18280.0  1.05233e-09
18285.0  1.05149e-09
18290.0  1.05065e-09
18295.0  1.0498e-09
18300.0  1.04896e-09
18305.0  1.04812e-09
18310.0  1.04728e-09
18315.0  1.04644e-09
18320.0  1.0456e-09
18325.0  1.04476e-09
18330.0  1.04392e-09
18335.0  1.04308e-09
18340.0  1.04224e-09
18345.0  1.0414e-09
18350.0  1.04057e-09
18355.0  1.03973e-09
18360.0  1.03889e-09
18365.0  1.03805e-09
18370.0  1.03722e-09
18375.0  1.03638e-09
18380.0  1.03554e-09
18385.0  1.03471e-09
18390.0  1.03387e-09
18395.0  1.03304e-09
18400.0  1.0322e-09
18405.0  1.03137e-09
18410.0  1.03053e-09
18415.0  1.0297e-09
18420.0  1.02886e-09
18425.0  1.02803e-09
18430.0  1.02719e-09
18435.0  1.02636e-09
18440.0  1.02553e-09
18445.0  1.0247e-09
18450.0  1.02387e-09
18455.0  1.02304e-09
18460.0  1.0222e-09
18465.0  1.02137e-09
18470.0  1.02054e-09
18475.0  1.01971e-09
18480.0  1.01888e-09
18485.0  1.01805e-09
18490.0  1.01722e-09
18495.0  1.01639e-09
18500.0  1.01556e-09
18505.0  1.01473e-09
18510.0  1.0139e-09
18515.0  1.01308e-09
18520.0  1.01225e-09
18525.0  1.01142e-09
18530.0  1.0106e-09
18535.0  1.00977e-09
18540.0  1.00894e-09
18545.0  1.00812e-09
18550.0  1.00729e-09
18555.0  1.00646e-09
18560.0  1.00564e-09
18565.0  1.00482e-09
18570.0  1.00399e-09
18575.0  1.00316e-09
18580.0  1.00234e-09
18585.0  1.00152e-09
18590.0  1.0007e-09
18595.0  9.99872e-10
18600.0  9.99049e-10
18605.0  9.98227e-10
18610.0  9.97406e-10
18615.0  9.96583e-10
18620.0  9.95761e-10
18625.0  9.94943e-10
18630.0  9.94121e-10
18635.0  9.933e-10
18640.0  9.92483e-10
18645.0  9.91661e-10
18650.0  9.90841e-10
18655.0  9.90023e-10
18660.0  9.89205e-10
18665.0  9.88386e-10
18670.0  9.87565e-10
18675.0  9.86748e-10
18680.0  9.85934e-10
18685.0  9.85116e-10
18690.0  9.84297e-10
18695.0  9.83483e-10
18700.0  9.82665e-10
18705.0  9.8185e-10
18710.0  9.81034e-10
18715.0  9.80219e-10
18720.0  9.79403e-10
18725.0  9.78591e-10
18730.0  9.77775e-10
18735.0  9.76962e-10
18740.0  9.76147e-10
18745.0  9.75336e-10
18750.0  9.74523e-10
18755.0  9.73709e-10
18760.0  9.72898e-10
18765.0  9.72086e-10
18770.0  9.71273e-10
18775.0  9.70461e-10
18780.0  9.69651e-10
18785.0  9.68841e-10
18790.0  9.6803e-10
18795.0  9.6722e-10
18800.0  9.6641e-10
18805.0  9.65602e-10
18810.0  9.64792e-10
18815.0  9.63984e-10
18820.0  9.63175e-10
18825.0  9.62367e-10
18830.0  9.6156e-10
18835.0  9.60754e-10
18840.0  9.59946e-10
18845.0  9.5914e-10
18850.0  9.58333e-10
18855.0  9.57526e-10
18860.0  9.5672e-10
18865.0  9.55916e-10
18870.0  9.5511e-10
18875.0  9.54307e-10
18880.0  9.535e-10
18885.0  9.52695e-10
18890.0  9.51893e-10
18895.0  9.5109e-10
18900.0  9.50287e-10
18905.0  9.49483e-10
18910.0  9.4868e-10
18915.0  9.47877e-10
18920.0  9.47078e-10
18925.0  9.46276e-10
18930.0  9.45474e-10
18935.0  9.44673e-10
18940.0  9.43873e-10
18945.0  9.43075e-10
18950.0  9.42275e-10
18955.0  9.41475e-10
18960.0  9.40676e-10
18965.0  9.39875e-10
18970.0  9.39078e-10
18975.0  9.38281e-10
18980.0  9.37483e-10
18985.0  9.36687e-10
18990.0  9.35888e-10
18995.0  9.35091e-10
19000.0  9.34296e-10
19005.0  9.335e-10
19010.0  9.32705e-10
19015.0  9.31909e-10
19020.0  9.31114e-10
19025.0  9.30317e-10
19030.0  9.29526e-10
19035.0  9.28731e-10
19040.0  9.27938e-10
19045.0  9.27143e-10
19050.0  9.2635e-10
19055.0  9.25559e-10
19060.0  9.24767e-10
19065.0  9.23974e-10
19070.0  9.23184e-10
19075.0  9.22391e-10
19080.0  9.216e-10
19085.0  9.2081e-10
19090.0  9.2002e-10
19095.0  9.19228e-10
19100.0  9.18439e-10
19105.0  9.17651e-10
19110.0  9.16862e-10
19115.0  9.16074e-10
19120.0  9.15287e-10
19125.0  9.14499e-10
19130.0  9.1371e-10
19135.0  9.12923e-10
19140.0  9.12135e-10
19145.0  9.1135e-10
19150.0  9.10561e-10
19155.0  9.09778e-10
19160.0  9.08993e-10
19165.0  9.08207e-10
19170.0  9.07419e-10
19175.0  9.06636e-10
19180.0  9.05854e-10
19185.0  9.0507e-10
19190.0  9.04285e-10
19195.0  9.03502e-10
19200.0  9.02721e-10
19205.0  9.01938e-10
19210.0  9.01156e-10
19215.0  9.00375e-10
19220.0  8.99595e-10
19225.0  8.98813e-10
19230.0  8.98034e-10
19235.0  8.97251e-10
19240.0  8.96472e-10
19245.0  8.95691e-10
19250.0  8.94914e-10
19255.0  8.94134e-10
19260.0  8.93355e-10
19265.0  8.92575e-10
19270.0  8.91798e-10
19275.0  8.91022e-10
19280.0  8.90245e-10
19285.0  8.89469e-10
19290.0  8.8869e-10
19295.0  8.87914e-10
19300.0  8.8714e-10
19305.0  8.86364e-10
19310.0  8.85591e-10
19315.0  8.84814e-10
19320.0  8.84039e-10
19325.0  8.83267e-10
19330.0  8.82494e-10
19335.0  8.81719e-10
19340.0  8.80947e-10
19345.0  8.80174e-10
19350.0  8.79401e-10
19355.0  8.7863e-10
19360.0  8.77859e-10
19365.0  8.77087e-10
19370.0  8.76315e-10
19375.0  8.75546e-10
19380.0  8.74776e-10
19385.0  8.74007e-10
19390.0  8.73239e-10
19395.0  8.72469e-10
19400.0  8.71699e-10
19405.0  8.70929e-10
19410.0  8.70163e-10
19415.0  8.69395e-10
19420.0  8.68629e-10
19425.0  8.67862e-10
19430.0  8.67092e-10
19435.0  8.66328e-10
19440.0  8.65561e-10
19445.0  8.64796e-10
19450.0  8.6403e-10
19455.0  8.63266e-10
19460.0  8.62502e-10
19465.0  8.61738e-10
19470.0  8.60975e-10
19475.0  8.60212e-10
19480.0  8.59447e-10
19485.0  8.58685e-10
19490.0  8.57922e-10
19495.0  8.5716e-10
19500.0  8.56399e-10
19505.0  8.5564e-10
19510.0  8.54877e-10
19515.0  8.54117e-10
19520.0  8.53357e-10
19525.0  8.526e-10
19530.0  8.51838e-10
19535.0  8.51079e-10
19540.0  8.50321e-10
19545.0  8.49563e-10
19550.0  8.48804e-10
19555.0  8.48046e-10
19560.0  8.47291e-10
19565.0  8.46533e-10
19570.0  8.45776e-10
19575.0  8.45021e-10
19580.0  8.44265e-10
19585.0  8.43508e-10
19590.0  8.42752e-10
19595.0  8.41998e-10
19600.0  8.41245e-10
19605.0  8.40493e-10
19610.0  8.39739e-10
19615.0  8.38985e-10
19620.0  8.38234e-10
19625.0  8.37479e-10
19630.0  8.36728e-10
19635.0  8.35976e-10
19640.0  8.35224e-10
19645.0  8.34472e-10
19650.0  8.33722e-10
19655.0  8.32973e-10
19660.0  8.32222e-10
19665.0  8.31474e-10
19670.0  8.30724e-10
19675.0  8.29974e-10
19680.0  8.29226e-10
19685.0  8.28477e-10
19690.0  8.27728e-10
19695.0  8.26981e-10
19700.0  8.26234e-10
19705.0  8.25489e-10
19710.0  8.24743e-10
19715.0  8.23997e-10
19720.0  8.23252e-10
19725.0  8.22506e-10
19730.0  8.2176e-10
19735.0  8.21017e-10
19740.0  8.20274e-10
19745.0  8.19531e-10
19750.0  8.18787e-10
19755.0  8.18043e-10
19760.0  8.173e-10
19765.0  8.1656e-10
19770.0  8.15817e-10
19775.0  8.15077e-10
19780.0  8.14335e-10
19785.0  8.13594e-10
19790.0  8.12854e-10
19795.0  8.12115e-10
19800.0  8.11376e-10
19805.0  8.10636e-10
19810.0  8.09896e-10
19815.0  8.09158e-10
19820.0  8.0842e-10
19825.0  8.07681e-10
19830.0  8.06946e-10
19835.0  8.06209e-10
19840.0  8.05471e-10
19845.0  8.04734e-10
19850.0  8.03999e-10
19855.0  8.03263e-10
19860.0  8.02531e-10
19865.0  8.01795e-10
19870.0  8.0106e-10
19875.0  8.00328e-10
19880.0  7.99592e-10
19885.0  7.98859e-10
19890.0  7.98126e-10
19895.0  7.97395e-10
19900.0  7.96662e-10
19905.0  7.9593e-10
19910.0  7.95198e-10
19915.0  7.94469e-10
19920.0  7.93738e-10
19925.0  7.93009e-10
19930.0  7.92278e-10
19935.0  7.91548e-10
19940.0  7.9082e-10
19945.0  7.90092e-10
19950.0  7.89362e-10
19955.0  7.88634e-10
19960.0  7.87906e-10
19965.0  7.87179e-10
19970.0  7.86452e-10
19975.0  7.85726e-10
19980.0  7.85e-10
19985.0  7.84276e-10
19990.0  7.8355e-10
19995.0  7.82827e-10
20000.0  7.82101e-10
20005.0  7.81377e-10
20010.0  7.80653e-10
20015.0  7.79928e-10
20020.0  7.79206e-10
20025.0  7.78485e-10
20030.0  7.77763e-10
20035.0  7.7704e-10
20040.0  7.7632e-10
20045.0  7.75598e-10
20050.0  7.74877e-10
20055.0  7.74156e-10
20060.0  7.73436e-10
20065.0  7.72718e-10
20070.0  7.71997e-10
20075.0  7.71281e-10
20080.0  7.70562e-10
20085.0  7.69843e-10
20090.0  7.69125e-10
20095.0  7.68409e-10
20100.0  7.67692e-10
20105.0  7.66977e-10
20110.0  7.6626e-10
20115.0  7.65543e-10
20120.0  7.64829e-10
20125.0  7.64115e-10
20130.0  7.63399e-10
20135.0  7.62686e-10
20140.0  7.61972e-10
20145.0  7.61259e-10
20150.0  7.60545e-10
20155.0  7.59834e-10
20160.0  7.59122e-10
20165.0  7.58408e-10
20170.0  7.57699e-10
20175.0  7.56989e-10
20180.0  7.56275e-10
20185.0  7.55566e-10
20190.0  7.54857e-10
20195.0  7.54147e-10
20200.0  7.53439e-10
20205.0  7.5273e-10
20210.0  7.52022e-10
20215.0  7.51315e-10
20220.0  7.50605e-10
20225.0  7.499e-10
20230.0  7.49194e-10
20235.0  7.48488e-10
20240.0  7.47782e-10
20245.0  7.47075e-10
20250.0  7.4637e-10
20255.0  7.45666e-10
20260.0  7.44961e-10
20265.0  7.44259e-10
20270.0  7.43552e-10
20275.0  7.42851e-10
20280.0  7.42148e-10
20285.0  7.41447e-10
20290.0  7.40744e-10
20295.0  7.40041e-10
20300.0  7.39343e-10
20305.0  7.3864e-10
20310.0  7.3794e-10
20315.0  7.37238e-10
20320.0  7.36542e-10
20325.0  7.35843e-10
20330.0  7.35144e-10
20335.0  7.34446e-10
20340.0  7.33748e-10
20345.0  7.33049e-10
20350.0  7.3235e-10
20355.0  7.31656e-10
20360.0  7.30957e-10
20365.0  7.30261e-10
20370.0  7.29568e-10
20375.0  7.28873e-10
20380.0  7.28177e-10
20385.0  7.27483e-10
20390.0  7.26788e-10
20395.0  7.26095e-10
20400.0  7.25403e-10
20405.0  7.24707e-10
20410.0  7.24016e-10
20415.0  7.23327e-10
20420.0  7.22634e-10
20425.0  7.21944e-10
20430.0  7.21253e-10
20435.0  7.20562e-10
20440.0  7.1987e-10
20445.0  7.19184e-10
20450.0  7.18492e-10
20455.0  7.17804e-10
20460.0  7.17115e-10
20465.0  7.16427e-10
20470.0  7.15739e-10
20475.0  7.15052e-10
20480.0  7.14365e-10
20485.0  7.1368e-10
20490.0  7.12994e-10
20495.0  7.1231e-10
20500.0  7.11624e-10
20505.0  7.10939e-10
20510.0  7.10255e-10
20515.0  7.09571e-10
20520.0  7.08889e-10
20525.0  7.08205e-10
20530.0  7.07522e-10
20535.0  7.06838e-10
20540.0  7.06157e-10
20545.0  7.05474e-10
20550.0  7.04794e-10
20555.0  7.04116e-10
20560.0  7.03434e-10
20565.0  7.02755e-10
20570.0  7.02074e-10
20575.0  7.01395e-10
20580.0  7.00717e-10
20585.0  7.00039e-10
20590.0  6.9936e-10
20595.0  6.98683e-10
20600.0  6.98007e-10
20605.0  6.97331e-10
20610.0  6.96655e-10
20615.0  6.9598e-10
20620.0  6.95303e-10
20625.0  6.94626e-10
20630.0  6.93954e-10
20635.0  6.93278e-10
20640.0  6.92605e-10
20645.0  6.9193e-10
20650.0  6.91257e-10
20655.0  6.90584e-10
20660.0  6.89913e-10
20665.0  6.89244e-10
20670.0  6.88571e-10
20675.0  6.87899e-10
20680.0  6.8723e-10
20685.0  6.86559e-10
20690.0  6.85889e-10
20695.0  6.85221e-10
20700.0  6.84552e-10
20705.0  6.83885e-10
20710.0  6.83215e-10
20715.0  6.8255e-10
20720.0  6.81882e-10
20725.0  6.81216e-10
20730.0  6.80549e-10
20735.0  6.79883e-10
20740.0  6.79218e-10
20745.0  6.78554e-10
20750.0  6.77888e-10
20755.0  6.77223e-10
20760.0  6.76559e-10
20765.0  6.75897e-10
20770.0  6.75232e-10
20775.0  6.74572e-10
20780.0  6.73909e-10
20785.0  6.73245e-10
20790.0  6.72585e-10
20795.0  6.71927e-10
20800.0  6.71265e-10
20805.0  6.70605e-10
20810.0  6.69943e-10
20815.0  6.69287e-10
20820.0  6.68628e-10
20825.0  6.67968e-10
20830.0  6.6731e-10
20835.0  6.66652e-10
20840.0  6.65996e-10
20845.0  6.65338e-10
20850.0  6.64684e-10
20855.0  6.64028e-10
20860.0  6.63373e-10
20865.0  6.62716e-10
20870.0  6.62062e-10
20875.0  6.61409e-10
20880.0  6.60755e-10
20885.0  6.60101e-10
20890.0  6.59447e-10
20895.0  6.58796e-10
20900.0  6.58143e-10
20905.0  6.57493e-10
20910.0  6.5684e-10
20915.0  6.56189e-10
20920.0  6.55539e-10
20925.0  6.54889e-10
20930.0  6.5424e-10
20935.0  6.5359e-10
20940.0  6.52944e-10
20945.0  6.52295e-10
20950.0  6.51647e-10
20955.0  6.51e-10
20960.0  6.50351e-10
20965.0  6.49705e-10
20970.0  6.49059e-10
20975.0  6.48413e-10
20980.0  6.4777e-10
20985.0  6.47124e-10
20990.0  6.46481e-10
20995.0  6.45835e-10
21000.0  6.45193e-10
21005.0  6.4455e-10
21010.0  6.43908e-10
21015.0  6.43265e-10
21020.0  6.42622e-10
21025.0  6.41982e-10
21030.0  6.41341e-10
21035.0  6.40699e-10
21040.0  6.4006e-10
21045.0  6.39421e-10
21050.0  6.3878e-10
21055.0  6.3814e-10
21060.0  6.37503e-10
21065.0  6.36866e-10
21070.0  6.36228e-10
21075.0  6.35589e-10
21080.0  6.34955e-10
21085.0  6.34318e-10
21090.0  6.33681e-10
21095.0  6.33046e-10
21100.0  6.3241e-10
21105.0  6.31778e-10
21110.0  6.31143e-10
21115.0  6.30509e-10
21120.0  6.29878e-10
21125.0  6.29243e-10
21130.0  6.28611e-10
21135.0  6.2798e-10
21140.0  6.27349e-10
21145.0  6.26717e-10
21150.0  6.26087e-10
21155.0  6.25456e-10
21160.0  6.24827e-10
21165.0  6.24196e-10
21170.0  6.23569e-10
21175.0  6.22941e-10
21180.0  6.2231e-10
21185.0  6.21683e-10
21190.0  6.21057e-10
21195.0  6.20432e-10
21200.0  6.19803e-10
21205.0  6.1918e-10
21210.0  6.18552e-10
21215.0  6.17929e-10
21220.0  6.17305e-10
21225.0  6.16681e-10
21230.0  6.16056e-10
21235.0  6.15433e-10
21240.0  6.1481e-10
21245.0  6.14186e-10
21250.0  6.13566e-10
21255.0  6.12944e-10
21260.0  6.12323e-10
21265.0  6.11701e-10
21270.0  6.11081e-10
21275.0  6.10461e-10
21280.0  6.09842e-10
21285.0  6.09225e-10
21290.0  6.08605e-10
21295.0  6.07988e-10
21300.0  6.07372e-10
21305.0  6.06753e-10
21310.0  6.06137e-10
21315.0  6.05519e-10
21320.0  6.04902e-10
21325.0  6.0429e-10
21330.0  6.03675e-10
21335.0  6.03061e-10
21340.0  6.02445e-10
21345.0  6.01833e-10
21350.0  6.0122e-10
21355.0  6.00607e-10
21360.0  5.99995e-10
21365.0  5.99383e-10
21370.0  5.98773e-10
21375.0  5.98161e-10
21380.0  5.97551e-10
21385.0  5.9694e-10
21390.0  5.96331e-10
21395.0  5.95721e-10
21400.0  5.95113e-10
21405.0  5.94504e-10
21410.0  5.93898e-10
21415.0  5.9329e-10
21420.0  5.92684e-10
21425.0  5.92076e-10
21430.0  5.9147e-10
21435.0  5.90866e-10
21440.0  5.90261e-10
21445.0  5.89655e-10
21450.0  5.8905e-10
21455.0  5.88448e-10
21460.0  5.87844e-10
21465.0  5.87241e-10
21470.0  5.86638e-10
21475.0  5.86036e-10
21480.0  5.85434e-10
21485.0  5.84834e-10
21490.0  5.84235e-10
21495.0  5.83633e-10
21500.0  5.83033e-10
21505.0  5.82434e-10
21510.0  5.81837e-10
21515.0  5.81238e-10
21520.0  5.80638e-10
21525.0  5.80044e-10
21530.0  5.79447e-10
21535.0  5.78849e-10
21540.0  5.78251e-10
21545.0  5.77657e-10
21550.0  5.77063e-10
21555.0  5.76465e-10
21560.0  5.75871e-10
21565.0  5.75277e-10
21570.0  5.74684e-10
21575.0  5.74094e-10
21580.0  5.73501e-10
21585.0  5.72909e-10
21590.0  5.72315e-10
21595.0  5.71725e-10
21600.0  5.71135e-10
21605.0  5.70546e-10
21610.0  5.69955e-10
21615.0  5.69365e-10
21620.0  5.68778e-10
21625.0  5.68189e-10
21630.0  5.67601e-10
21635.0  5.67012e-10
21640.0  5.66424e-10
21645.0  5.65839e-10
21650.0  5.65253e-10
21655.0  5.64668e-10
21660.0  5.64082e-10
21665.0  5.63497e-10
21670.0  5.62914e-10
21675.0  5.62331e-10
21680.0  5.61745e-10
21685.0  5.61161e-10
21690.0  5.60579e-10
21695.0  5.6e-10
21700.0  5.59417e-10
21705.0  5.58836e-10
21710.0  5.58256e-10
21715.0  5.57676e-10
21720.0  5.57094e-10
21725.0  5.56516e-10
21730.0  5.55936e-10
21735.0  5.5536e-10
21740.0  5.54782e-10
21745.0  5.54203e-10
21750.0  5.53628e-10
21755.0  5.53052e-10
21760.0  5.52473e-10
21765.0  5.51898e-10
21770.0  5.51324e-10
21775.0  5.50752e-10
21780.0  5.50176e-10
21785.0  5.49601e-10
21790.0  5.49029e-10
21795.0  5.48454e-10
21800.0  5.47883e-10
21805.0  5.47311e-10
21810.0  5.4674e-10
21815.0  5.46169e-10
21820.0  5.45599e-10
21825.0  5.45029e-10
21830.0  5.4446e-10
21835.0  5.4389e-10
21840.0  5.43322e-10
21845.0  5.42754e-10
21850.0  5.42186e-10
21855.0  5.41617e-10
21860.0  5.41051e-10
21865.0  5.40486e-10
21870.0  5.39919e-10
21875.0  5.39355e-10
21880.0  5.3879e-10
21885.0  5.38227e-10
21890.0  5.37663e-10
21895.0  5.37099e-10
21900.0  5.36535e-10
21905.0  5.35971e-10
21910.0  5.3541e-10
21915.0  5.3485e-10
21920.0  5.34286e-10
21925.0  5.33726e-10
21930.0  5.33165e-10
21935.0  5.32605e-10
21940.0  5.32048e-10
21945.0  5.31488e-10
21950.0  5.30931e-10
21955.0  5.30372e-10
21960.0  5.29815e-10
21965.0  5.29258e-10
21970.0  5.28702e-10
21975.0  5.28145e-10
21980.0  5.27589e-10
21985.0  5.27035e-10
21990.0  5.2648e-10
21995.0  5.25925e-10
22000.0  5.25373e-10
22005.0  5.24819e-10
22010.0  5.24266e-10
22015.0  5.23715e-10
22020.0  5.23163e-10
22025.0  5.22608e-10
22030.0  5.22059e-10
22035.0  5.21508e-10
22040.0  5.20958e-10
22045.0  5.20409e-10
22050.0  5.1986e-10
22055.0  5.1931e-10
22060.0  5.18762e-10
22065.0  5.18216e-10
22070.0  5.17668e-10
22075.0  5.17122e-10
22080.0  5.16576e-10
22085.0  5.16031e-10
22090.0  5.15485e-10
22095.0  5.1494e-10
22100.0  5.14395e-10
22105.0  5.1385e-10
22110.0  5.13306e-10
22115.0  5.12763e-10
22120.0  5.12222e-10
22125.0  5.11679e-10
22130.0  5.11138e-10
22135.0  5.10596e-10
22140.0  5.10054e-10
22145.0  5.09514e-10
22150.0  5.08973e-10
22155.0  5.08434e-10
22160.0  5.07895e-10
22165.0  5.07357e-10
22170.0  5.06819e-10
22175.0  5.06281e-10
22180.0  5.05743e-10
22185.0  5.05209e-10
22190.0  5.04672e-10
22195.0  5.04137e-10
22200.0  5.036e-10
22205.0  5.03066e-10
22210.0  5.02532e-10
22215.0  5.01998e-10
22220.0  5.01463e-10
22225.0  5.00929e-10
22230.0  5.00399e-10
22235.0  4.99865e-10
22240.0  4.99333e-10
22245.0  4.98803e-10
22250.0  4.98273e-10
22255.0  4.97743e-10
22260.0  4.97213e-10
22265.0  4.96682e-10
22270.0  4.96152e-10
22275.0  4.95625e-10
22280.0  4.95098e-10
22285.0  4.94568e-10
22290.0  4.94041e-10
22295.0  4.93514e-10
22300.0  4.92987e-10
22305.0  4.92462e-10
22310.0  4.91937e-10
22315.0  4.91412e-10
22320.0  4.90888e-10
22325.0  4.90365e-10
22330.0  4.89839e-10
22335.0  4.89315e-10
22340.0  4.88793e-10
22345.0  4.88273e-10
22350.0  4.87751e-10
22355.0  4.87228e-10
22360.0  4.86709e-10
22365.0  4.86189e-10
22370.0  4.85667e-10
22375.0  4.85146e-10
22380.0  4.84627e-10
22385.0  4.84109e-10
22390.0  4.83593e-10
22395.0  4.83074e-10
22400.0  4.82558e-10
22405.0  4.82039e-10
22410.0  4.81524e-10
22415.0  4.81008e-10
22420.0  4.80492e-10
22425.0  4.79978e-10
22430.0  4.79462e-10
22435.0  4.78949e-10
22440.0  4.78435e-10
22445.0  4.77923e-10
22450.0  4.77407e-10
22455.0  4.76895e-10
22460.0  4.76384e-10
22465.0  4.75872e-10
22470.0  4.7536e-10
22475.0  4.74852e-10
22480.0  4.7434e-10
22485.0  4.73831e-10
22490.0  4.73322e-10
22495.0  4.72812e-10
22500.0  4.72305e-10
22505.0  4.71796e-10
22510.0  4.71289e-10
22515.0  4.70781e-10
22520.0  4.70275e-10
22525.0  4.69769e-10
22530.0  4.69264e-10
22535.0  4.68759e-10
22540.0  4.68252e-10
22545.0  4.67748e-10
22550.0  4.67244e-10
22555.0  4.66742e-10
22560.0  4.66238e-10
22565.0  4.65735e-10
22570.0  4.65233e-10
22575.0  4.64732e-10
22580.0  4.6423e-10
22585.0  4.63728e-10
22590.0  4.63227e-10
22595.0  4.62727e-10
22600.0  4.6223e-10
22605.0  4.6173e-10
22610.0  4.61233e-10
22615.0  4.60733e-10
22620.0  4.60236e-10
22625.0  4.59738e-10
22630.0  4.59243e-10
22635.0  4.58745e-10
22640.0  4.58249e-10
22645.0  4.57752e-10
22650.0  4.57258e-10
22655.0  4.56762e-10
22660.0  4.56269e-10
22665.0  4.55775e-10
22670.0  4.55283e-10
22675.0  4.54789e-10
22680.0  4.54296e-10
22685.0  4.53804e-10
22690.0  4.53314e-10
22695.0  4.52822e-10
22700.0  4.52332e-10
22705.0  4.51842e-10
22710.0  4.5135e-10
22715.0  4.5086e-10
22720.0  4.50371e-10
22725.0  4.49884e-10
22730.0  4.49395e-10
22735.0  4.48907e-10
22740.0  4.48421e-10
22745.0  4.47935e-10
22750.0  4.47446e-10
22755.0  4.4696e-10
22760.0  4.46474e-10
22765.0  4.45989e-10
22770.0  4.45507e-10
22775.0  4.45021e-10
22780.0  4.44536e-10
22785.0  4.44054e-10
22790.0  4.43572e-10
22795.0  4.4309e-10
22800.0  4.42608e-10
22805.0  4.42127e-10
22810.0  4.41644e-10
22815.0  4.41163e-10
22820.0  4.40681e-10
22825.0  4.40202e-10
22830.0  4.39724e-10
22835.0  4.39243e-10
22840.0  4.38765e-10
22845.0  4.38286e-10
22850.0  4.37809e-10
22855.0  4.37334e-10
22860.0  4.36856e-10
22865.0  4.36378e-10
22870.0  4.35904e-10
22875.0  4.35429e-10
22880.0  4.34951e-10
22885.0  4.34476e-10
22890.0  4.34002e-10
22895.0  4.33528e-10
22900.0  4.33057e-10
22905.0  4.32582e-10
22910.0  4.32108e-10
22915.0  4.31638e-10
22920.0  4.31167e-10
22925.0  4.30696e-10
22930.0  4.30226e-10
22935.0  4.29755e-10
22940.0  4.29284e-10
22945.0  4.28813e-10
22950.0  4.28343e-10
22955.0  4.27876e-10
22960.0  4.27408e-10
22965.0  4.26939e-10
22970.0  4.26472e-10
22975.0  4.26005e-10
22980.0  4.25537e-10
22985.0  4.25072e-10
22990.0  4.24607e-10
22995.0  4.24141e-10
23000.0  4.23677e-10
23005.0  4.23211e-10
23010.0  4.22747e-10
23015.0  4.22284e-10
23020.0  4.21821e-10
23025.0  4.21358e-10
23030.0  4.20895e-10
23035.0  4.20434e-10
23040.0  4.19972e-10
23045.0  4.19512e-10
23050.0  4.1905e-10
23055.0  4.1859e-10
23060.0  4.1813e-10
23065.0  4.17671e-10
23070.0  4.17211e-10
23075.0  4.16752e-10
23080.0  4.16295e-10
23085.0  4.15838e-10
23090.0  4.1538e-10
23095.0  4.14922e-10
23100.0  4.14466e-10
23105.0  4.1401e-10
23110.0  4.13554e-10
23115.0  4.131e-10
23120.0  4.12647e-10
23125.0  4.12192e-10
23130.0  4.11738e-10
23135.0  4.11284e-10
23140.0  4.10832e-10
23145.0  4.10379e-10
23150.0  4.09927e-10
23155.0  4.09476e-10
23160.0  4.09023e-10
23165.0  4.08572e-10
23170.0  4.0812e-10
23175.0  4.07671e-10
23180.0  4.07223e-10
23185.0  4.06771e-10
23190.0  4.06323e-10
23195.0  4.05875e-10
23200.0  4.05427e-10
23205.0  4.04978e-10
23210.0  4.04533e-10
23215.0  4.04086e-10
23220.0  4.03638e-10
23225.0  4.03192e-10
23230.0  4.02748e-10
23235.0  4.02304e-10
23240.0  4.01859e-10
23245.0  4.01415e-10
23250.0  4.0097e-10
23255.0  4.00526e-10
23260.0  4.00082e-10
23265.0  3.9964e-10
23270.0  3.99199e-10
23275.0  3.98756e-10
23280.0  3.98315e-10
23285.0  3.97874e-10
23290.0  3.97433e-10
23295.0  3.96993e-10
23300.0  3.96555e-10
23305.0  3.96114e-10
23310.0  3.95677e-10
23315.0  3.95237e-10
23320.0  3.94799e-10
23325.0  3.94362e-10
23330.0  3.93925e-10
23335.0  3.93488e-10
23340.0  3.93052e-10
23345.0  3.92614e-10
23350.0  3.9218e-10
23355.0  3.91744e-10
23360.0  3.9131e-10
23365.0  3.90874e-10
23370.0  3.9044e-10
23375.0  3.90007e-10
23380.0  3.89573e-10
23385.0  3.89141e-10
23390.0  3.88711e-10
23395.0  3.88278e-10
23400.0  3.87847e-10
23405.0  3.87415e-10
23410.0  3.86985e-10
23415.0  3.86555e-10
23420.0  3.86126e-10
23425.0  3.85696e-10
23430.0  3.85267e-10
23435.0  3.84838e-10
23440.0  3.84411e-10
23445.0  3.83982e-10
23450.0  3.83555e-10
23455.0  3.83127e-10
23460.0  3.827e-10
23465.0  3.82275e-10
23470.0  3.81849e-10
23475.0  3.81423e-10
23480.0  3.80997e-10
23485.0  3.80574e-10
23490.0  3.80149e-10
23495.0  3.79727e-10
23500.0  3.79304e-10
23505.0  3.7888e-10
23510.0  3.78457e-10
23515.0  3.78035e-10
23520.0  3.77613e-10
23525.0  3.77194e-10
23530.0  3.76772e-10
23535.0  3.76351e-10
23540.0  3.75932e-10
23545.0  3.75513e-10
23550.0  3.75092e-10
23555.0  3.74673e-10
23560.0  3.74254e-10
23565.0  3.73837e-10
23570.0  3.73422e-10
23575.0  3.73003e-10
23580.0  3.72586e-10
23585.0  3.7217e-10
23590.0  3.71753e-10
23595.0  3.71337e-10
23600.0  3.70923e-10
23605.0  3.70508e-10
23610.0  3.70094e-10
23615.0  3.69679e-10
23620.0  3.69268e-10
23625.0  3.68853e-10
23630.0  3.68439e-10
23635.0  3.68028e-10
23640.0  3.67617e-10
23645.0  3.67206e-10
23650.0  3.66795e-10
23655.0  3.66385e-10
23660.0  3.65974e-10
23665.0  3.65562e-10
23670.0  3.65152e-10
23675.0  3.64745e-10
23680.0  3.64334e-10
23685.0  3.63926e-10
23690.0  3.63519e-10
23695.0  3.63112e-10
23700.0  3.62705e-10
23705.0  3.62298e-10
23710.0  3.6189e-10
23715.0  3.61484e-10
23720.0  3.61079e-10
23725.0  3.60674e-10
23730.0  3.6027e-10
23735.0  3.59866e-10
23740.0  3.59463e-10
23745.0  3.59059e-10
23750.0  3.58656e-10
23755.0  3.58253e-10
23760.0  3.57849e-10
23765.0  3.57449e-10
23770.0  3.57046e-10
23775.0  3.56646e-10
23780.0  3.56243e-10
23785.0  3.55843e-10
23790.0  3.55443e-10
23795.0  3.55044e-10
23800.0  3.54645e-10
23805.0  3.54248e-10
23810.0  3.53849e-10
23815.0  3.53449e-10
23820.0  3.53052e-10
23825.0  3.52656e-10
23830.0  3.52258e-10
23835.0  3.51861e-10
23840.0  3.51466e-10
23845.0  3.51069e-10
23850.0  3.50674e-10
23855.0  3.50281e-10
23860.0  3.49886e-10
23865.0  3.49493e-10
23870.0  3.49097e-10
23875.0  3.48705e-10
23880.0  3.48312e-10
23885.0  3.4792e-10
23890.0  3.47528e-10
23895.0  3.47136e-10
23900.0  3.46744e-10
23905.0  3.46355e-10
23910.0  3.45963e-10
23915.0  3.45574e-10
23920.0  3.45183e-10
23925.0  3.44794e-10
23930.0  3.44405e-10
23935.0  3.44017e-10
23940.0  3.43628e-10
23945.0  3.4324e-10
23950.0  3.42852e-10
23955.0  3.42466e-10
23960.0  3.42079e-10
23965.0  3.41694e-10
23970.0  3.41308e-10
23975.0  3.4092e-10
23980.0  3.40535e-10
23985.0  3.40151e-10
23990.0  3.39769e-10
23995.0  3.39385e-10
24000.0  3.39e-10
24005.0  3.38619e-10
24010.0  3.38235e-10
24015.0  3.37853e-10
24020.0  3.37469e-10
24025.0  3.37088e-10
24030.0  3.36707e-10
24035.0  3.36326e-10
24040.0  3.35948e-10
24045.0  3.35567e-10
24050.0  3.35186e-10
24055.0  3.34808e-10
24060.0  3.34428e-10
24065.0  3.34051e-10
24070.0  3.33674e-10
24075.0  3.33296e-10
24080.0  3.32919e-10
24085.0  3.32542e-10
24090.0  3.32164e-10
24095.0  3.31787e-10
24100.0  3.31413e-10
24105.0  3.31037e-10
24110.0  3.30663e-10
24115.0  3.30286e-10
24120.0  3.29912e-10
24125.0  3.29538e-10
24130.0  3.29165e-10
24135.0  3.28792e-10
24140.0  3.28421e-10
24145.0  3.28048e-10
24150.0  3.27675e-10
24155.0  3.27305e-10
24160.0  3.26935e-10
24165.0  3.26562e-10
24170.0  3.26191e-10
24175.0  3.25822e-10
24180.0  3.25453e-10
24185.0  3.25083e-10
24190.0  3.24716e-10
24195.0  3.24347e-10
24200.0  3.23977e-10
24205.0  3.2361e-10
24210.0  3.23244e-10
24215.0  3.22875e-10
24220.0  3.22509e-10
24225.0  3.22143e-10
24230.0  3.21777e-10
24235.0  3.21411e-10
24240.0  3.21048e-10
24245.0  3.20683e-10
24250.0  3.2032e-10
24255.0  3.19954e-10
24260.0  3.19591e-10
24265.0  3.19229e-10
24270.0  3.18863e-10
24275.0  3.185e-10
24280.0  3.18139e-10
24285.0  3.17779e-10
24290.0  3.17417e-10
24295.0  3.17055e-10
24300.0  3.16696e-10
24305.0  3.16334e-10
24310.0  3.15975e-10
24315.0  3.15617e-10
24320.0  3.15258e-10
24325.0  3.149e-10
24330.0  3.14541e-10
24335.0  3.14183e-10
24340.0  3.13824e-10
24345.0  3.13469e-10
24350.0  3.13111e-10
24355.0  3.12756e-10
24360.0  3.124e-10
24365.0  3.12043e-10
24370.0  3.11687e-10
24375.0  3.11333e-10
24380.0  3.10978e-10
24385.0  3.10626e-10
24390.0  3.10272e-10
24395.0  3.09918e-10
24400.0  3.09565e-10
24405.0  3.09211e-10
24410.0  3.0886e-10
24415.0  3.08508e-10
24420.0  3.08157e-10
24425.0  3.07806e-10
24430.0  3.07455e-10
24435.0  3.07104e-10
24440.0  3.06753e-10
24445.0  3.06405e-10
24450.0  3.06054e-10
24455.0  3.05707e-10
24460.0  3.05359e-10
24465.0  3.05009e-10
24470.0  3.04661e-10
24475.0  3.04313e-10
24480.0  3.03966e-10
24485.0  3.03622e-10
24490.0  3.03275e-10
24495.0  3.02928e-10
24500.0  3.02584e-10
24505.0  3.02237e-10
24510.0  3.01893e-10
24515.0  3.01549e-10
24520.0  3.01206e-10
24525.0  3.00862e-10
24530.0  3.00518e-10
24535.0  3.00175e-10
24540.0  2.99831e-10
24545.0  2.99491e-10
24550.0  2.99148e-10
24555.0  2.98807e-10
24560.0  2.98465e-10
24565.0  2.98124e-10
24570.0  2.97784e-10
24575.0  2.97444e-10
24580.0  2.97104e-10
24585.0  2.96765e-10
24590.0  2.96428e-10
24595.0  2.96088e-10
24600.0  2.95749e-10
24605.0  2.95412e-10
24610.0  2.95075e-10
24615.0  2.94737e-10
24620.0  2.944e-10
24625.0  2.94064e-10
24630.0  2.93728e-10
24635.0  2.93392e-10
24640.0  2.93058e-10
24645.0  2.92723e-10
24650.0  2.9239e-10
24655.0  2.92054e-10
24660.0  2.91721e-10
24665.0  2.91386e-10
24670.0  2.91053e-10
24675.0  2.9072e-10
24680.0  2.90388e-10
24685.0  2.90056e-10
24690.0  2.89726e-10
24695.0  2.89394e-10
24700.0  2.89063e-10
24705.0  2.88733e-10
24710.0  2.88402e-10
24715.0  2.88072e-10
24720.0  2.87743e-10
24725.0  2.87415e-10
24730.0  2.87086e-10
24735.0  2.86757e-10
24740.0  2.86429e-10
24745.0  2.86101e-10
24750.0  2.85774e-10
24755.0  2.85447e-10
24760.0  2.85121e-10
24765.0  2.84796e-10
24770.0  2.84468e-10
24775.0  2.84142e-10
24780.0  2.83818e-10
24785.0  2.83493e-10
24790.0  2.83168e-10
24795.0  2.82846e-10
24800.0  2.82522e-10
24805.0  2.82197e-10
24810.0  2.81875e-10
24815.0  2.81554e-10
24820.0  2.8123e-10
24825.0  2.80908e-10
24830.0  2.80586e-10
24835.0  2.80265e-10
24840.0  2.79944e-10
24845.0  2.79623e-10
24850.0  2.79305e-10
24855.0  2.78985e-10
24860.0  2.78666e-10
24865.0  2.78346e-10
24870.0  2.78028e-10
24875.0  2.7771e-10
24880.0  2.77393e-10
24885.0  2.77075e-10
24890.0  2.76758e-10
24895.0  2.76441e-10
24900.0  2.76123e-10
24905.0  2.75809e-10
24910.0  2.75492e-10
24915.0  2.75177e-10
24920.0  2.74861e-10
24925.0  2.74546e-10
24930.0  2.74233e-10
24935.0  2.73919e-10
24940.0  2.73605e-10
24945.0  2.73291e-10
24950.0  2.72977e-10
24955.0  2.72664e-10
24960.0  2.72353e-10
24965.0  2.72041e-10
24970.0  2.7173e-10
24975.0  2.71419e-10
24980.0  2.71106e-10
24985.0  2.70796e-10
24990.0  2.70486e-10
24995.0  2.36436e-10
25000.0  3.37652e-11
