# Extracted from file: pickles_uk_52.fits
#SIMPLETrueFits standard
#BITPIX16Bits per pixel
#NAXIS0Number of axes
#EXTENDTrueFile may contain extensions
#DATE2007-01-11T21:02:21Date FITS file was generated
#IRAF-TLM16:02:37 (11/01/2007)Time of last modification
#COMMENT  FITS (Flexible Image Transport System) format is defined in 'Astronomy
#COMMENT  and Astrophysics', volume 376, page 359; bibcode: 2001A&A...376..359H
#ORIGINSTScI-STSDAS/TABLESTables version 2002-02-22
#FILENAMEpickles_uk_52.fitsname of file
#NEXTEND1number of extensions in file
#COMMENT1spectral type: F8IV
#COMMENT2metallicity: solar
#COMMENT3original filename: ukf8iv.dat
#HISTORY  File created by F.R.Boffi.
#HISTORY  SEDs from Pickles UVKLIB Library (1998, PASP 110, 863).
#HISTORY  Wavelength is in Angstrom.
#HISTORY  Fluxes are tabulated in units of erg/s/cm^2/A
#HISTORY  and were calculated by normalizing the original fluxes
#HISTORY  in the Pickles V band to a 0 magnitude in vegamag.
#HISTORY  In the vegamag system, Vega has magnitude zero in all passbands.
#HISTORY  Please refer to the SYNPHOT manual for further information.
#
#
#
#
#
#
#
#
#
#
#
#
#
#  
#Columns WAVELENGTH FLUX
#Units  angstroms flam
1150.0  0.0
1155.0  0.0
1160.0  0.0
1165.0  0.0
1170.0  0.0
1175.0  0.0
1180.0  0.0
1185.0  0.0
1190.0  0.0
1195.0  0.0
1200.0  0.0
1205.0  0.0
1210.0  0.0
1215.0  0.0
1220.0  0.0
1225.0  0.0
1230.0  0.0
1235.0  0.0
1240.0  0.0
1245.0  0.0
1250.0  0.0
1255.0  0.0
1260.0  0.0
1265.0  0.0
1270.0  0.0
1275.0  0.0
1280.0  0.0
1285.0  0.0
1290.0  0.0
1295.0  0.0
1300.0  0.0
1305.0  0.0
1310.0  0.0
1315.0  0.0
1320.0  0.0
1325.0  0.0
1330.0  0.0
1335.0  0.0
1340.0  0.0
1345.0  0.0
1350.0  0.0
1355.0  0.0
1360.0  0.0
1365.0  0.0
1370.0  0.0
1375.0  0.0
1380.0  0.0
1385.0  0.0
1390.0  0.0
1395.0  0.0
1400.0  0.0
1405.0  0.0
1410.0  0.0
1415.0  0.0
1420.0  0.0
1425.0  0.0
1430.0  0.0
1435.0  0.0
1440.0  0.0
1445.0  0.0
1450.0  0.0
1455.0  0.0
1460.0  0.0
1465.0  0.0
1470.0  0.0
1475.0  0.0
1480.0  0.0
1485.0  0.0
1490.0  0.0
1495.0  0.0
1500.0  4.52782e-16
1505.0  3.61321e-15
1510.0  7.22341e-15
1515.0  1.08336e-14
1520.0  1.44438e-14
1525.0  1.76013e-14
1530.0  1.80511e-14
1535.0  1.75983e-14
1540.0  1.39852e-14
1545.0  7.21459e-15
1550.0  8.99642e-16
1555.0  0.0
1560.0  0.0
1565.0  0.0
1570.0  0.0
1575.0  0.0
1580.0  0.0
1585.0  0.0
1590.0  0.0
1595.0  0.0
1600.0  5.43225e-15
1605.0  4.47144e-14
1610.0  9.70652e-14
1615.0  1.47605e-13
1620.0  1.9363e-13
1625.0  2.28366e-13
1630.0  2.4279e-13
1635.0  2.34195e-13
1640.0  1.94005e-13
1645.0  1.16805e-13
1650.0  1.52969e-14
1655.0  0.0
1660.0  0.0
1665.0  0.0
1670.0  0.0
1675.0  0.0
1680.0  0.0
1685.0  0.0
1690.0  0.0
1695.0  0.0
1700.0  7.92057e-14
1705.0  6.53071e-13
1710.0  1.44788e-12
1715.0  2.38347e-12
1720.0  3.43502e-12
1725.0  4.58041e-12
1730.0  5.798e-12
1735.0  7.06476e-12
1740.0  8.35181e-12
1745.0  9.6411e-12
1750.0  1.09096e-11
1755.0  1.21434e-11
1760.0  1.33591e-11
1765.0  1.45798e-11
1770.0  1.58349e-11
1775.0  1.71459e-11
1780.0  1.85422e-11
1785.0  2.00482e-11
1790.0  2.16932e-11
1795.0  2.34988e-11
1800.0  2.54936e-11
1805.0  2.76888e-11
1810.0  3.00595e-11
1815.0  3.25681e-11
1820.0  3.51811e-11
1825.0  3.78613e-11
1830.0  4.05653e-11
1835.0  4.32608e-11
1840.0  4.59097e-11
1845.0  4.84747e-11
1850.0  5.0916e-11
1855.0  5.3212e-11
1860.0  5.53623e-11
1865.0  5.73821e-11
1870.0  5.92869e-11
1875.0  6.10928e-11
1880.0  6.28104e-11
1885.0  6.44579e-11
1890.0  6.60485e-11
1895.0  6.75992e-11
1900.0  6.9124e-11
1905.0  7.06367e-11
1910.0  7.21619e-11
1915.0  7.37177e-11
1920.0  7.53269e-11
1925.0  7.70124e-11
1930.0  7.87978e-11
1935.0  8.07e-11
1940.0  8.27429e-11
1945.0  8.49508e-11
1950.0  8.73404e-11
1955.0  8.99304e-11
1960.0  9.27095e-11
1965.0  9.56673e-11
1970.0  9.87852e-11
1975.0  1.02051e-10
1980.0  1.05449e-10
1985.0  1.08964e-10
1990.0  1.12583e-10
1995.0  1.16289e-10
2000.0  1.20072e-10
2005.0  1.23958e-10
2010.0  1.28074e-10
2015.0  1.32586e-10
2020.0  1.37662e-10
2025.0  1.43471e-10
2030.0  1.50182e-10
2035.0  1.57962e-10
2040.0  1.66981e-10
2045.0  1.77407e-10
2050.0  1.89395e-10
2055.0  2.02969e-10
2060.0  2.17811e-10
2065.0  2.33469e-10
2070.0  2.49483e-10
2075.0  2.65387e-10
2080.0  2.80722e-10
2085.0  2.95021e-10
2090.0  3.07819e-10
2095.0  3.18658e-10
2100.0  3.27092e-10
2105.0  3.32878e-10
2110.0  3.36277e-10
2115.0  3.37755e-10
2120.0  3.378e-10
2125.0  3.36889e-10
2130.0  3.35506e-10
2135.0  3.3414e-10
2140.0  3.33269e-10
2145.0  3.33378e-10
2150.0  3.34935e-10
2155.0  3.38232e-10
2160.0  3.43123e-10
2165.0  3.49291e-10
2170.0  3.56398e-10
2175.0  3.64111e-10
2180.0  3.72094e-10
2185.0  3.80012e-10
2190.0  3.87527e-10
2195.0  3.94311e-10
2200.0  4.00028e-10
2205.0  4.04433e-10
2210.0  4.07493e-10
2215.0  4.09246e-10
2220.0  4.09746e-10
2225.0  4.09037e-10
2230.0  4.07172e-10
2235.0  4.04203e-10
2240.0  4.00176e-10
2245.0  3.95146e-10
2250.0  3.89163e-10
2255.0  3.823e-10
2260.0  3.74692e-10
2265.0  3.66493e-10
2270.0  3.57856e-10
2275.0  3.48943e-10
2280.0  3.39908e-10
2285.0  3.30907e-10
2290.0  3.22099e-10
2295.0  3.13635e-10
2300.0  3.05675e-10
2305.0  2.98325e-10
2310.0  2.9159e-10
2315.0  2.85429e-10
2320.0  2.79796e-10
2325.0  2.7465e-10
2330.0  2.69948e-10
2335.0  2.65646e-10
2340.0  2.61698e-10
2345.0  2.58062e-10
2350.0  2.54697e-10
2355.0  2.51589e-10
2360.0  2.48792e-10
2365.0  2.46384e-10
2370.0  2.44455e-10
2375.0  2.43083e-10
2380.0  2.42354e-10
2385.0  2.42347e-10
2390.0  2.43152e-10
2395.0  2.44852e-10
2400.0  2.47519e-10
2405.0  2.51175e-10
2410.0  2.55683e-10
2415.0  2.60843e-10
2420.0  2.66454e-10
2425.0  2.72312e-10
2430.0  2.78212e-10
2435.0  2.83955e-10
2440.0  2.89338e-10
2445.0  2.94157e-10
2450.0  2.98212e-10
2455.0  3.01358e-10
2460.0  3.03591e-10
2465.0  3.04959e-10
2470.0  3.05513e-10
2475.0  3.05303e-10
2480.0  3.04381e-10
2485.0  3.02802e-10
2490.0  3.00614e-10
2495.0  2.97872e-10
2500.0  2.94631e-10
2505.0  2.90956e-10
2510.0  2.86956e-10
2515.0  2.82759e-10
2520.0  2.7849e-10
2525.0  2.74274e-10
2530.0  2.70236e-10
2535.0  2.66504e-10
2540.0  2.63206e-10
2545.0  2.60464e-10
2550.0  2.58407e-10
2555.0  2.5715e-10
2560.0  2.56805e-10
2565.0  2.57464e-10
2570.0  2.59228e-10
2575.0  2.62198e-10
2580.0  2.66471e-10
2585.0  2.72144e-10
2590.0  2.79317e-10
2595.0  2.88088e-10
2600.0  2.98552e-10
2605.0  3.10751e-10
2610.0  3.24614e-10
2615.0  3.4002e-10
2620.0  3.56837e-10
2625.0  3.74941e-10
2630.0  3.94205e-10
2635.0  4.145e-10
2640.0  4.35702e-10
2645.0  4.5768e-10
2650.0  4.80299e-10
2655.0  5.0334e-10
2660.0  5.26368e-10
2665.0  5.48862e-10
2670.0  5.70297e-10
2675.0  5.90137e-10
2680.0  6.07861e-10
2685.0  6.22934e-10
2690.0  6.34831e-10
2695.0  6.43027e-10
2700.0  6.4701e-10
2705.0  6.46502e-10
2710.0  6.4179e-10
2715.0  6.33393e-10
2720.0  6.21854e-10
2725.0  6.07704e-10
2730.0  5.91487e-10
2735.0  5.73737e-10
2740.0  5.54994e-10
2745.0  5.35794e-10
2750.0  5.16678e-10
2755.0  4.98155e-10
2760.0  4.80679e-10
2765.0  4.64678e-10
2770.0  4.50584e-10
2775.0  4.38819e-10
2780.0  4.29812e-10
2785.0  4.23989e-10
2790.0  4.21781e-10
2795.0  4.23613e-10
2800.0  4.29896e-10
2805.0  4.40867e-10
2810.0  4.56326e-10
2815.0  4.75894e-10
2820.0  4.99182e-10
2825.0  5.25792e-10
2830.0  5.55337e-10
2835.0  5.87427e-10
2840.0  6.21665e-10
2845.0  6.57658e-10
2850.0  6.95019e-10
2855.0  7.33357e-10
2860.0  7.72305e-10
2865.0  8.11496e-10
2870.0  8.50566e-10
2875.0  8.89149e-10
2880.0  9.26881e-10
2885.0  9.63399e-10
2890.0  9.98335e-10
2895.0  1.03133e-09
2900.0  1.06201e-09
2905.0  1.09013e-09
2910.0  1.11562e-09
2915.0  1.13851e-09
2920.0  1.15884e-09
2925.0  1.17666e-09
2930.0  1.19201e-09
2935.0  1.20491e-09
2940.0  1.21542e-09
2945.0  1.22357e-09
2950.0  1.22941e-09
2955.0  1.23309e-09
2960.0  1.23501e-09
2965.0  1.23567e-09
2970.0  1.2356e-09
2975.0  1.23529e-09
2980.0  1.23527e-09
2985.0  1.23604e-09
2990.0  1.23811e-09
2995.0  1.24201e-09
3000.0  1.24821e-09
3005.0  1.25704e-09
3010.0  1.26833e-09
3015.0  1.28173e-09
3020.0  1.29688e-09
3025.0  1.31342e-09
3030.0  1.33099e-09
3035.0  1.34921e-09
3040.0  1.36774e-09
3045.0  1.38619e-09
3050.0  1.40423e-09
3055.0  1.42156e-09
3060.0  1.43814e-09
3065.0  1.45397e-09
3070.0  1.46909e-09
3075.0  1.48351e-09
3080.0  1.49727e-09
3085.0  1.51038e-09
3090.0  1.52288e-09
3095.0  1.53479e-09
3100.0  1.54613e-09
3105.0  1.55694e-09
3110.0  1.56726e-09
3115.0  1.57712e-09
3120.0  1.58657e-09
3125.0  1.59566e-09
3130.0  1.60442e-09
3135.0  1.61291e-09
3140.0  1.62116e-09
3145.0  1.62922e-09
3150.0  1.63714e-09
3155.0  1.64494e-09
3160.0  1.65262e-09
3165.0  1.6602e-09
3170.0  1.66766e-09
3175.0  1.67502e-09
3180.0  1.68224e-09
3185.0  1.68935e-09
3190.0  1.69633e-09
3195.0  1.70318e-09
3200.0  1.70991e-09
3205.0  1.7166e-09
3210.0  1.72357e-09
3215.0  1.73121e-09
3220.0  1.73995e-09
3225.0  1.75016e-09
3230.0  1.76227e-09
3235.0  1.77667e-09
3240.0  1.79378e-09
3245.0  1.81401e-09
3250.0  1.83772e-09
3255.0  1.86501e-09
3260.0  1.89525e-09
3265.0  1.92753e-09
3270.0  1.9609e-09
3275.0  1.99442e-09
3280.0  2.02714e-09
3285.0  2.05814e-09
3290.0  2.08644e-09
3295.0  2.11113e-09
3300.0  2.13128e-09
3305.0  2.14629e-09
3310.0  2.15635e-09
3315.0  2.16197e-09
3320.0  2.16365e-09
3325.0  2.16195e-09
3330.0  2.15737e-09
3335.0  2.15046e-09
3340.0  2.14174e-09
3345.0  2.13174e-09
3350.0  2.12098e-09
3355.0  2.10994e-09
3360.0  2.09899e-09
3365.0  2.08844e-09
3370.0  2.07861e-09
3375.0  2.06981e-09
3380.0  2.06236e-09
3385.0  2.05655e-09
3390.0  2.05273e-09
3395.0  2.05119e-09
3400.0  2.05224e-09
3405.0  2.05593e-09
3410.0  2.06178e-09
3415.0  2.06907e-09
3420.0  2.07707e-09
3425.0  2.08504e-09
3430.0  2.09224e-09
3435.0  2.09793e-09
3440.0  2.10139e-09
3445.0  2.10187e-09
3450.0  2.09867e-09
3455.0  2.09146e-09
3460.0  2.08086e-09
3465.0  2.06784e-09
3470.0  2.05341e-09
3475.0  2.03861e-09
3480.0  2.02444e-09
3485.0  2.01191e-09
3490.0  2.00205e-09
3495.0  1.99587e-09
3500.0  1.99436e-09
3505.0  2.02238e-09
3510.0  2.17482e-09
3515.0  2.19813e-09
3520.0  2.18613e-09
3525.0  2.17888e-09
3530.0  2.2241e-09
3535.0  2.29346e-09
3540.0  2.34775e-09
3545.0  2.37302e-09
3550.0  2.37102e-09
3555.0  2.35388e-09
3560.0  2.31804e-09
3565.0  2.2482e-09
3570.0  2.1924e-09
3575.0  2.17167e-09
3580.0  2.13751e-09
3585.0  2.13224e-09
3590.0  2.22236e-09
3595.0  2.3279e-09
3600.0  2.33461e-09
3605.0  2.22811e-09
3610.0  2.08585e-09
3615.0  2.03685e-09
3620.0  2.09568e-09
3625.0  2.20124e-09
3630.0  2.26322e-09
3635.0  2.28316e-09
3640.0  2.2773e-09
3645.0  2.23224e-09
3650.0  2.19806e-09
3655.0  2.36776e-09
3660.0  2.5207e-09
3665.0  2.52948e-09
3670.0  2.47458e-09
3675.0  2.42666e-09
3680.0  2.38342e-09
3685.0  2.36554e-09
3690.0  2.41903e-09
3695.0  2.52181e-09
3700.0  2.54794e-09
3705.0  2.45986e-09
3710.0  2.41078e-09
3715.0  2.42868e-09
3720.0  2.42649e-09
3725.0  2.45886e-09
3730.0  2.39971e-09
3735.0  2.30742e-09
3740.0  2.25185e-09
3745.0  2.16926e-09
3750.0  2.19963e-09
3755.0  2.40484e-09
3760.0  2.5462e-09
3765.0  2.54144e-09
3770.0  2.58448e-09
3775.0  2.82373e-09
3780.0  3.02492e-09
3785.0  2.9241e-09
3790.0  2.63214e-09
3795.0  2.4308e-09
3800.0  2.50075e-09
3805.0  2.74558e-09
3810.0  2.84181e-09
3815.0  2.65581e-09
3820.0  2.3473e-09
3825.0  2.05426e-09
3830.0  1.83443e-09
3835.0  1.78855e-09
3840.0  2.01055e-09
3845.0  2.37583e-09
3850.0  2.59789e-09
3855.0  2.57816e-09
3860.0  2.50888e-09
3865.0  2.5116e-09
3870.0  2.50983e-09
3875.0  2.48334e-09
3880.0  2.41242e-09
3885.0  2.32555e-09
3890.0  2.38276e-09
3895.0  2.6107e-09
3900.0  2.813e-09
3905.0  2.90871e-09
3910.0  2.97762e-09
3915.0  2.9893e-09
3920.0  2.78307e-09
3925.0  2.25858e-09
3930.0  1.66943e-09
3935.0  1.50853e-09
3940.0  1.87515e-09
3945.0  2.44278e-09
3950.0  2.87172e-09
3955.0  2.94043e-09
3960.0  2.54189e-09
3965.0  1.88359e-09
3970.0  1.67009e-09
3975.0  2.2305e-09
3980.0  2.97852e-09
3985.0  3.39958e-09
3990.0  3.56896e-09
3995.0  3.66022e-09
4000.0  3.7177e-09
4005.0  3.74863e-09
4010.0  3.80184e-09
4015.0  3.83486e-09
4020.0  3.88305e-09
4025.0  3.8406e-09
4030.0  3.78232e-09
4035.0  3.82437e-09
4040.0  3.8612e-09
4045.0  3.78345e-09
4050.0  3.69468e-09
4055.0  3.69809e-09
4060.0  3.68626e-09
4065.0  3.67555e-09
4070.0  3.59913e-09
4075.0  3.5733e-09
4080.0  3.64286e-09
4085.0  3.78378e-09
4090.0  3.78188e-09
4095.0  3.54388e-09
4100.0  3.27509e-09
4105.0  3.36831e-09
4110.0  3.62436e-09
4115.0  3.82623e-09
4120.0  3.86216e-09
4125.0  3.7988e-09
4130.0  3.76717e-09
4135.0  3.84587e-09
4140.0  3.92351e-09
4145.0  3.90233e-09
4150.0  3.85424e-09
4155.0  3.86216e-09
4160.0  3.91596e-09
4165.0  3.91142e-09
4170.0  3.81222e-09
4175.0  3.72219e-09
4180.0  3.72733e-09
4185.0  3.80248e-09
4190.0  3.84123e-09
4195.0  3.76147e-09
4200.0  3.70009e-09
4205.0  3.81349e-09
4210.0  3.97262e-09
4215.0  3.99843e-09
4220.0  3.88134e-09
4225.0  3.71395e-09
4230.0  3.64258e-09
4235.0  3.68235e-09
4240.0  3.75359e-09
4245.0  3.79316e-09
4250.0  3.79004e-09
4255.0  3.76382e-09
4260.0  3.73835e-09
4265.0  3.72522e-09
4270.0  3.70515e-09
4275.0  3.71583e-09
4280.0  3.71569e-09
4285.0  3.62605e-09
4290.0  3.47619e-09
4295.0  3.28067e-09
4300.0  3.0443e-09
4305.0  2.90157e-09
4310.0  3.05332e-09
4315.0  3.49881e-09
4320.0  3.84014e-09
4325.0  3.83635e-09
4330.0  3.65235e-09
4335.0  3.4392e-09
4340.0  3.30134e-09
4345.0  3.46209e-09
4350.0  3.68527e-09
4355.0  3.87059e-09
4360.0  3.99507e-09
4365.0  4.04619e-09
4370.0  4.00873e-09
4375.0  3.91187e-09
4380.0  3.77747e-09
4385.0  3.66522e-09
4390.0  3.68152e-09
4395.0  3.80557e-09
4400.0  3.91262e-09
4405.0  3.9488e-09
4410.0  3.9755e-09
4415.0  4.03074e-09
4420.0  4.09882e-09
4425.0  4.13792e-09
4430.0  4.12438e-09
4435.0  4.09069e-09
4440.0  4.10224e-09
4445.0  4.17358e-09
4450.0  4.21695e-09
4455.0  4.05569e-09
4460.0  3.93891e-09
4465.0  4.01747e-09
4470.0  4.13771e-09
4475.0  4.27856e-09
4480.0  4.29009e-09
4485.0  4.29449e-09
4490.0  4.31214e-09
4495.0  4.33933e-09
4500.0  4.4065e-09
4505.0  4.51257e-09
4510.0  4.55641e-09
4515.0  4.49298e-09
4520.0  4.34063e-09
4525.0  4.1357e-09
4530.0  4.03148e-09
4535.0  4.13113e-09
4540.0  4.24771e-09
4545.0  4.2107e-09
4550.0  4.15088e-09
4555.0  4.2228e-09
4560.0  4.3351e-09
4565.0  4.36852e-09
4570.0  4.35816e-09
4575.0  4.32011e-09
4580.0  4.25509e-09
4585.0  4.22841e-09
4590.0  4.22682e-09
4595.0  4.20988e-09
4600.0  4.21312e-09
4605.0  4.29095e-09
4610.0  4.35626e-09
4615.0  4.36461e-09
4620.0  4.37537e-09
4625.0  4.3831e-09
4630.0  4.36815e-09
4635.0  4.31621e-09
4640.0  4.24321e-09
4645.0  4.16524e-09
4650.0  4.15834e-09
4655.0  4.22246e-09
4660.0  4.22266e-09
4665.0  4.09625e-09
4670.0  4.03912e-09
4675.0  4.11652e-09
4680.0  4.18711e-09
4685.0  4.22366e-09
4690.0  4.21237e-09
4695.0  4.14985e-09
4700.0  4.06411e-09
4705.0  4.02814e-09
4710.0  4.08931e-09
4715.0  4.21798e-09
4720.0  4.30258e-09
4725.0  4.24428e-09
4730.0  4.15103e-09
4735.0  4.15606e-09
4740.0  4.21698e-09
4745.0  4.25326e-09
4750.0  4.23339e-09
4755.0  4.17895e-09
4760.0  4.11162e-09
4765.0  4.07816e-09
4770.0  4.14541e-09
4775.0  4.26009e-09
4780.0  4.29543e-09
4785.0  4.23165e-09
4790.0  4.19642e-09
4795.0  4.2375e-09
4800.0  4.25488e-09
4805.0  4.22631e-09
4810.0  4.22139e-09
4815.0  4.2665e-09
4820.0  4.27698e-09
4825.0  4.22499e-09
4830.0  4.15717e-09
4835.0  4.09054e-09
4840.0  4.06349e-09
4845.0  4.06694e-09
4850.0  3.91244e-09
4855.0  3.48805e-09
4860.0  3.15661e-09
4865.0  3.27399e-09
4870.0  3.60234e-09
4875.0  3.84649e-09
4880.0  3.92992e-09
4885.0  3.86958e-09
4890.0  3.87006e-09
4895.0  4.02424e-09
4900.0  4.14948e-09
4905.0  4.12743e-09
4910.0  4.01655e-09
4915.0  3.88966e-09
4920.0  3.84235e-09
4925.0  3.94792e-09
4930.0  4.03817e-09
4935.0  4.00625e-09
4940.0  4.00801e-09
4945.0  4.09419e-09
4950.0  4.14173e-09
4955.0  4.10303e-09
4960.0  4.07589e-09
4965.0  4.08828e-09
4970.0  4.08768e-09
4975.0  4.01569e-09
4980.0  3.91307e-09
4985.0  3.92215e-09
4990.0  3.99744e-09
4995.0  3.99057e-09
5000.0  3.91028e-09
5005.0  3.83221e-09
5010.0  3.7714e-09
5015.0  3.73585e-09
5020.0  3.78217e-09
5025.0  3.89355e-09
5030.0  3.94832e-09
5035.0  3.86955e-09
5040.0  3.79029e-09
5045.0  3.8345e-09
5050.0  3.94695e-09
5055.0  4.0592e-09
5060.0  4.10133e-09
5065.0  4.03522e-09
5070.0  3.92418e-09
5075.0  3.82679e-09
5080.0  3.81407e-09
5085.0  3.91859e-09
5090.0  3.99751e-09
5095.0  3.9403e-09
5100.0  3.86097e-09
5105.0  3.86472e-09
5110.0  3.92306e-09
5115.0  3.9632e-09
5120.0  3.92413e-09
5125.0  3.83914e-09
5130.0  3.78036e-09
5135.0  3.74815e-09
5140.0  3.72465e-09
5145.0  3.72409e-09
5150.0  3.76898e-09
5155.0  3.8373e-09
5160.0  3.75516e-09
5165.0  3.46018e-09
5170.0  3.28315e-09
5175.0  3.42687e-09
5180.0  3.59395e-09
5185.0  3.59477e-09
5190.0  3.58523e-09
5195.0  3.65767e-09
5200.0  3.72943e-09
5205.0  3.73347e-09
5210.0  3.72821e-09
5215.0  3.7647e-09
5220.0  3.75807e-09
5225.0  3.66566e-09
5230.0  3.62615e-09
5235.0  3.72043e-09
5240.0  3.83023e-09
5245.0  3.83994e-09
5250.0  3.81002e-09
5255.0  3.79369e-09
5260.0  3.69388e-09
5265.0  3.50596e-09
5270.0  3.42319e-09
5275.0  3.52742e-09
5280.0  3.70807e-09
5285.0  3.86371e-09
5290.0  3.91212e-09
5295.0  3.83407e-09
5300.0  3.78145e-09
5305.0  3.84829e-09
5310.0  3.92259e-09
5315.0  3.9014e-09
5320.0  3.79707e-09
5325.0  3.67558e-09
5330.0  3.63674e-09
5335.0  3.69055e-09
5340.0  3.74469e-09
5345.0  3.76178e-09
5350.0  3.80117e-09
5355.0  3.87768e-09
5360.0  3.87685e-09
5365.0  3.75871e-09
5370.0  3.6777e-09
5375.0  3.7207e-09
5380.0  3.78413e-09
5385.0  3.78391e-09
5390.0  3.73221e-09
5395.0  3.66627e-09
5400.0  3.60345e-09
5405.0  3.56171e-09
5410.0  3.57888e-09
5415.0  3.65135e-09
5420.0  3.69876e-09
5425.0  3.68636e-09
5430.0  3.6722e-09
5435.0  3.7091e-09
5440.0  3.74865e-09
5445.0  3.74616e-09
5450.0  3.72364e-09
5455.0  3.70959e-09
5460.0  3.71293e-09
5465.0  3.73293e-09
5470.0  3.7149e-09
5475.0  3.63867e-09
5480.0  3.6e-09
5485.0  3.64619e-09
5490.0  3.70203e-09
5495.0  3.7061e-09
5500.0  3.67098e-09
5505.0  3.63886e-09
5510.0  3.6411e-09
5515.0  3.67768e-09
5520.0  3.69343e-09
5525.0  3.65513e-09
5530.0  3.62516e-09
5535.0  3.64152e-09
5540.0  3.67238e-09
5545.0  3.69712e-09
5550.0  3.70612e-09
5555.0  3.68698e-09
5560.0  3.64358e-09
5565.0  3.59354e-09
5570.0  3.57514e-09
5575.0  3.59843e-09
5580.0  3.59626e-09
5585.0  3.52084e-09
5590.0  3.44662e-09
5595.0  3.43434e-09
5600.0  3.49371e-09
5605.0  3.6122e-09
5610.0  3.66653e-09
5615.0  3.59833e-09
5620.0  3.53536e-09
5625.0  3.56085e-09
5630.0  3.59749e-09
5635.0  3.56803e-09
5640.0  3.53832e-09
5645.0  3.56674e-09
5650.0  3.56406e-09
5655.0  3.47877e-09
5660.0  3.42482e-09
5665.0  3.47905e-09
5670.0  3.56238e-09
5675.0  3.57625e-09
5680.0  3.5266e-09
5685.0  3.47887e-09
5690.0  3.47832e-09
5695.0  3.5017e-09
5700.0  3.48037e-09
5705.0  3.40334e-09
5710.0  3.37679e-09
5715.0  3.46536e-09
5720.0  3.5675e-09
5725.0  3.59088e-09
5730.0  3.5749e-09
5735.0  3.57385e-09
5740.0  3.57104e-09
5745.0  3.5391e-09
5750.0  3.49455e-09
5755.0  3.47741e-09
5760.0  3.49145e-09
5765.0  3.52174e-09
5770.0  3.53014e-09
5775.0  3.49367e-09
5780.0  3.44208e-09
5785.0  3.42386e-09
5790.0  3.44319e-09
5795.0  3.47787e-09
5800.0  3.49705e-09
5805.0  3.48504e-09
5810.0  3.47077e-09
5815.0  3.47945e-09
5820.0  3.50273e-09
5825.0  3.51762e-09
5830.0  3.51745e-09
5835.0  3.51169e-09
5840.0  3.50454e-09
5845.0  3.487e-09
5850.0  3.4441e-09
5855.0  3.38942e-09
5860.0  3.37103e-09
5865.0  3.40221e-09
5870.0  3.44589e-09
5875.0  3.46417e-09
5880.0  3.41329e-09
5885.0  3.27582e-09
5890.0  3.15029e-09
5895.0  3.15185e-09
5900.0  3.24654e-09
5905.0  3.33522e-09
5910.0  3.37507e-09
5915.0  3.37728e-09
5920.0  3.36887e-09
5925.0  3.35781e-09
5930.0  3.35388e-09
5935.0  3.36555e-09
5940.0  3.36594e-09
5945.0  3.3446e-09
5950.0  3.32713e-09
5955.0  3.33339e-09
5960.0  3.35114e-09
5965.0  3.36205e-09
5970.0  3.35331e-09
5975.0  3.32546e-09
5980.0  3.29493e-09
5985.0  3.27934e-09
5990.0  3.28029e-09
5995.0  3.28113e-09
6000.0  3.27012e-09
6005.0  3.24965e-09
6010.0  3.22793e-09
6015.0  3.20591e-09
6020.0  3.19731e-09
6025.0  3.21635e-09
6030.0  3.26117e-09
6035.0  3.28105e-09
6040.0  3.27471e-09
6045.0  3.26994e-09
6050.0  3.26383e-09
6055.0  3.25266e-09
6060.0  3.24401e-09
6065.0  3.24301e-09
6070.0  3.25074e-09
6075.0  3.22847e-09
6080.0  3.20457e-09
6085.0  3.19566e-09
6090.0  3.19198e-09
6095.0  3.17961e-09
6100.0  3.16079e-09
6105.0  3.16796e-09
6110.0  3.19011e-09
6115.0  3.17989e-09
6120.0  3.16181e-09
6125.0  3.15666e-09
6130.0  3.14296e-09
6135.0  3.09322e-09
6140.0  3.0708e-09
6145.0  3.10489e-09
6150.0  3.12311e-09
6155.0  3.08909e-09
6160.0  3.0266e-09
6165.0  3.018e-09
6170.0  3.05533e-09
6175.0  3.09959e-09
6180.0  3.12785e-09
6185.0  3.11673e-09
6190.0  3.09587e-09
6195.0  3.10755e-09
6200.0  3.13823e-09
6205.0  3.14968e-09
6210.0  3.13211e-09
6215.0  3.09773e-09
6220.0  3.08041e-09
6225.0  3.07518e-09
6230.0  3.05255e-09
6235.0  3.04664e-09
6240.0  3.0432e-09
6245.0  3.01697e-09
6250.0  3.00433e-09
6255.0  3.00521e-09
6260.0  3.03178e-09
6265.0  3.06847e-09
6270.0  3.06913e-09
6275.0  3.00866e-09
6280.0  2.97429e-09
6285.0  3.01793e-09
6290.0  3.0271e-09
6295.0  2.9889e-09
6300.0  2.9673e-09
6305.0  2.98418e-09
6310.0  2.99802e-09
6315.0  2.96416e-09
6320.0  2.95432e-09
6325.0  2.99333e-09
6330.0  3.00764e-09
6335.0  2.97729e-09
6340.0  2.96896e-09
6345.0  2.98993e-09
6350.0  3.0059e-09
6355.0  2.97932e-09
6360.0  2.95396e-09
6365.0  2.96797e-09
6370.0  2.99554e-09
6375.0  2.9957e-09
6380.0  2.99549e-09
6385.0  2.99837e-09
6390.0  2.98553e-09
6395.0  2.95812e-09
6400.0  2.94342e-09
6405.0  2.92707e-09
6410.0  2.91515e-09
6415.0  2.90601e-09
6420.0  2.90979e-09
6425.0  2.93124e-09
6430.0  2.94849e-09
6435.0  2.94213e-09
6440.0  2.93952e-09
6445.0  2.93997e-09
6450.0  2.92081e-09
6455.0  2.89973e-09
6460.0  2.89131e-09
6465.0  2.90063e-09
6470.0  2.91119e-09
6475.0  2.90697e-09
6480.0  2.89815e-09
6485.0  2.88997e-09
6490.0  2.84239e-09
6495.0  2.78526e-09
6500.0  2.81387e-09
6505.0  2.89204e-09
6510.0  2.91701e-09
6515.0  2.88835e-09
6520.0  2.8664e-09
6525.0  2.86968e-09
6530.0  2.87678e-09
6535.0  2.88192e-09
6540.0  2.86777e-09
6545.0  2.83649e-09
6550.0  2.73938e-09
6555.0  2.52121e-09
6560.0  2.26834e-09
6565.0  2.30906e-09
6570.0  2.57308e-09
6575.0  2.73048e-09
6580.0  2.7814e-09
6585.0  2.79068e-09
6590.0  2.7894e-09
6595.0  2.80191e-09
6600.0  2.82458e-09
6605.0  2.82833e-09
6610.0  2.83019e-09
6615.0  2.84929e-09
6620.0  2.85577e-09
6625.0  2.83663e-09
6630.0  2.81024e-09
6635.0  2.79705e-09
6640.0  2.80383e-09
6645.0  2.80828e-09
6650.0  2.81752e-09
6655.0  2.81722e-09
6660.0  2.79898e-09
6665.0  2.79285e-09
6670.0  2.79446e-09
6675.0  2.78427e-09
6680.0  2.78874e-09
6685.0  2.80947e-09
6690.0  2.81656e-09
6695.0  2.80013e-09
6700.0  2.78595e-09
6705.0  2.77479e-09
6710.0  2.76368e-09
6715.0  2.74025e-09
6720.0  2.73204e-09
6725.0  2.75745e-09
6730.0  2.76599e-09
6735.0  2.76096e-09
6740.0  2.74814e-09
6745.0  2.72626e-09
6750.0  2.71637e-09
6755.0  2.73285e-09
6760.0  2.74128e-09
6765.0  2.73139e-09
6770.0  2.72224e-09
6775.0  2.73674e-09
6780.0  2.74187e-09
6785.0  2.73119e-09
6790.0  2.72199e-09
6795.0  2.71317e-09
6800.0  2.71162e-09
6805.0  2.71081e-09
6810.0  2.71078e-09
6815.0  2.71328e-09
6820.0  2.7125e-09
6825.0  2.71155e-09
6830.0  2.69928e-09
6835.0  2.68834e-09
6840.0  2.68598e-09
6845.0  2.68451e-09
6850.0  2.68266e-09
6855.0  2.6808e-09
6860.0  2.67896e-09
6865.0  2.67723e-09
6870.0  2.6754e-09
6875.0  2.67328e-09
6880.0  2.67112e-09
6885.0  2.66915e-09
6890.0  2.66732e-09
6895.0  2.66502e-09
6900.0  2.66245e-09
6905.0  2.65995e-09
6910.0  2.65765e-09
6915.0  2.65572e-09
6920.0  2.65369e-09
6925.0  2.65129e-09
6930.0  2.64891e-09
6935.0  2.64689e-09
6940.0  2.64532e-09
6945.0  2.64384e-09
6950.0  2.64152e-09
6955.0  2.63894e-09
6960.0  2.63833e-09
6965.0  2.63904e-09
6970.0  2.63169e-09
6975.0  2.60556e-09
6980.0  2.59009e-09
6985.0  2.59922e-09
6990.0  2.60948e-09
6995.0  2.60667e-09
7000.0  2.58628e-09
7005.0  2.56324e-09
7010.0  2.56198e-09
7015.0  2.5474e-09
7020.0  2.54129e-09
7025.0  2.55393e-09
7030.0  2.56725e-09
7035.0  2.56746e-09
7040.0  2.5811e-09
7045.0  2.59836e-09
7050.0  2.60141e-09
7055.0  2.58629e-09
7060.0  2.57416e-09
7065.0  2.57033e-09
7070.0  2.5744e-09
7075.0  2.58827e-09
7080.0  2.58538e-09
7085.0  2.56317e-09
7090.0  2.54925e-09
7095.0  2.5543e-09
7100.0  2.56549e-09
7105.0  2.56925e-09
7110.0  2.54946e-09
7115.0  2.53791e-09
7120.0  2.53628e-09
7125.0  2.5375e-09
7130.0  2.539e-09
7135.0  2.55275e-09
7140.0  2.56036e-09
7145.0  2.54815e-09
7150.0  2.53757e-09
7155.0  2.54276e-09
7160.0  2.53859e-09
7165.0  2.50554e-09
7170.0  2.48162e-09
7175.0  2.46167e-09
7180.0  2.43251e-09
7185.0  2.39065e-09
7190.0  2.37294e-09
7195.0  2.38562e-09
7200.0  2.4019e-09
7205.0  2.41957e-09
7210.0  2.4512e-09
7215.0  2.47875e-09
7220.0  2.48948e-09
7225.0  2.48963e-09
7230.0  2.47575e-09
7235.0  2.44026e-09
7240.0  2.42505e-09
7245.0  2.42763e-09
7250.0  2.43753e-09
7255.0  2.44654e-09
7260.0  2.44671e-09
7265.0  2.44218e-09
7270.0  2.4351e-09
7275.0  2.41557e-09
7280.0  2.40219e-09
7285.0  2.38335e-09
7290.0  2.36731e-09
7295.0  2.40232e-09
7300.0  2.42832e-09
7305.0  2.41021e-09
7310.0  2.39485e-09
7315.0  2.40452e-09
7320.0  2.41037e-09
7325.0  2.41365e-09
7330.0  2.41378e-09
7335.0  2.42964e-09
7340.0  2.44013e-09
7345.0  2.42947e-09
7350.0  2.41209e-09
7355.0  2.39387e-09
7360.0  2.38917e-09
7365.0  2.39029e-09
7370.0  2.40045e-09
7375.0  2.40018e-09
7380.0  2.38568e-09
7385.0  2.34535e-09
7390.0  2.32243e-09
7395.0  2.34345e-09
7400.0  2.3584e-09
7405.0  2.33999e-09
7410.0  2.31143e-09
7415.0  2.30204e-09
7420.0  2.31153e-09
7425.0  2.32665e-09
7430.0  2.3534e-09
7435.0  2.36113e-09
7440.0  2.34751e-09
7445.0  2.3254e-09
7450.0  2.32432e-09
7455.0  2.33558e-09
7460.0  2.33523e-09
7465.0  2.33513e-09
7470.0  2.33984e-09
7475.0  2.3284e-09
7480.0  2.31885e-09
7485.0  2.31627e-09
7490.0  2.30969e-09
7495.0  2.29559e-09
7500.0  2.2982e-09
7505.0  2.28726e-09
7510.0  2.27112e-09
7515.0  2.27999e-09
7520.0  2.28995e-09
7525.0  2.28029e-09
7530.0  2.27596e-09
7535.0  2.28795e-09
7540.0  2.30396e-09
7545.0  2.29425e-09
7550.0  2.28126e-09
7555.0  2.27569e-09
7560.0  2.27361e-09
7565.0  2.27093e-09
7570.0  2.26724e-09
7575.0  2.26357e-09
7580.0  2.26037e-09
7585.0  2.25734e-09
7590.0  2.25446e-09
7595.0  2.2519e-09
7600.0  2.24943e-09
7605.0  2.24682e-09
7610.0  2.24399e-09
7615.0  2.24125e-09
7620.0  2.23876e-09
7625.0  2.23647e-09
7630.0  2.23417e-09
7635.0  2.2317e-09
7640.0  2.22923e-09
7645.0  2.22696e-09
7650.0  2.22479e-09
7655.0  2.22255e-09
7660.0  2.22002e-09
7665.0  2.21714e-09
7670.0  2.21416e-09
7675.0  2.21132e-09
7680.0  2.20862e-09
7685.0  2.20618e-09
7690.0  2.20392e-09
7695.0  2.2015e-09
7700.0  2.19884e-09
7705.0  2.19602e-09
7710.0  2.19367e-09
7715.0  2.19176e-09
7720.0  2.18923e-09
7725.0  2.18644e-09
7730.0  2.18744e-09
7735.0  2.19167e-09
7740.0  2.18258e-09
7745.0  2.15283e-09
7750.0  2.13855e-09
7755.0  2.15773e-09
7760.0  2.17384e-09
7765.0  2.17346e-09
7770.0  2.1457e-09
7775.0  2.12216e-09
7780.0  2.13237e-09
7785.0  2.14528e-09
7790.0  2.14971e-09
7795.0  2.13772e-09
7800.0  2.12087e-09
7805.0  2.1271e-09
7810.0  2.13266e-09
7815.0  2.14805e-09
7820.0  2.16006e-09
7825.0  2.15513e-09
7830.0  2.13477e-09
7835.0  2.11531e-09
7840.0  2.11933e-09
7845.0  2.12681e-09
7850.0  2.12416e-09
7855.0  2.12449e-09
7860.0  2.1322e-09
7865.0  2.12781e-09
7870.0  2.12668e-09
7875.0  2.11171e-09
7880.0  2.10489e-09
7885.0  2.11253e-09
7890.0  2.11602e-09
7895.0  2.10667e-09
7900.0  2.09888e-09
7905.0  2.10242e-09
7910.0  2.09836e-09
7915.0  2.08258e-09
7920.0  2.06837e-09
7925.0  2.06189e-09
7930.0  2.05124e-09
7935.0  2.04563e-09
7940.0  2.04671e-09
7945.0  2.04058e-09
7950.0  2.05088e-09
7955.0  2.07159e-09
7960.0  2.07008e-09
7965.0  2.07255e-09
7970.0  2.07489e-09
7975.0  2.07494e-09
7980.0  2.07822e-09
7985.0  2.07865e-09
7990.0  2.07021e-09
7995.0  2.04698e-09
8000.0  2.02745e-09
8005.0  2.03676e-09
8010.0  2.04696e-09
8015.0  2.05765e-09
8020.0  2.05229e-09
8025.0  2.03147e-09
8030.0  2.0212e-09
8035.0  2.03677e-09
8040.0  2.0391e-09
8045.0  2.01273e-09
8050.0  2.00013e-09
8055.0  2.01778e-09
8060.0  2.03852e-09
8065.0  2.03987e-09
8070.0  2.03175e-09
8075.0  2.03005e-09
8080.0  2.0253e-09
8085.0  2.01504e-09
8090.0  2.0091e-09
8095.0  2.0002e-09
8100.0  2.00084e-09
8105.0  2.01262e-09
8110.0  2.01324e-09
8115.0  2.00686e-09
8120.0  2.00592e-09
8125.0  2.00401e-09
8130.0  1.99669e-09
8135.0  1.97851e-09
8140.0  1.9675e-09
8145.0  1.9564e-09
8150.0  1.9499e-09
8155.0  1.94633e-09
8160.0  1.93046e-09
8165.0  1.91434e-09
8170.0  1.91635e-09
8175.0  1.91589e-09
8180.0  1.90997e-09
8185.0  1.90988e-09
8190.0  1.90986e-09
8195.0  1.88904e-09
8200.0  1.89327e-09
8205.0  1.93641e-09
8210.0  1.96719e-09
8215.0  1.95894e-09
8220.0  1.91811e-09
8225.0  1.86768e-09
8230.0  1.83563e-09
8235.0  1.87828e-09
8240.0  1.92615e-09
8245.0  1.94009e-09
8250.0  1.93479e-09
8255.0  1.92654e-09
8260.0  1.93505e-09
8265.0  1.9445e-09
8270.0  1.93784e-09
8275.0  1.91187e-09
8280.0  1.8911e-09
8285.0  1.8926e-09
8290.0  1.89443e-09
8295.0  1.89844e-09
8300.0  1.89502e-09
8305.0  1.88467e-09
8310.0  1.88163e-09
8315.0  1.88521e-09
8320.0  1.88413e-09
8325.0  1.87873e-09
8330.0  1.86622e-09
8335.0  1.85312e-09
8340.0  1.85555e-09
8345.0  1.86574e-09
8350.0  1.87919e-09
8355.0  1.8874e-09
8360.0  1.88351e-09
8365.0  1.8787e-09
8370.0  1.87348e-09
8375.0  1.87314e-09
8380.0  1.87201e-09
8385.0  1.85783e-09
8390.0  1.84772e-09
8395.0  1.85866e-09
8400.0  1.86871e-09
8405.0  1.87136e-09
8410.0  1.86493e-09
8415.0  1.85764e-09
8420.0  1.85239e-09
8425.0  1.856e-09
8430.0  1.85057e-09
8435.0  1.82791e-09
8440.0  1.81279e-09
8445.0  1.81117e-09
8450.0  1.82781e-09
8455.0  1.84693e-09
8460.0  1.84647e-09
8465.0  1.8288e-09
8470.0  1.81707e-09
8475.0  1.82065e-09
8480.0  1.83451e-09
8485.0  1.84224e-09
8490.0  1.80611e-09
8495.0  1.69608e-09
8500.0  1.62708e-09
8505.0  1.70154e-09
8510.0  1.76602e-09
8515.0  1.76871e-09
8520.0  1.76247e-09
8525.0  1.75673e-09
8530.0  1.7381e-09
8535.0  1.66309e-09
8540.0  1.51361e-09
8545.0  1.45506e-09
8550.0  1.55088e-09
8555.0  1.64799e-09
8560.0  1.71764e-09
8565.0  1.75288e-09
8570.0  1.75198e-09
8575.0  1.74475e-09
8580.0  1.73888e-09
8585.0  1.73041e-09
8590.0  1.72132e-09
8595.0  1.70068e-09
8600.0  1.69881e-09
8605.0  1.73023e-09
8610.0  1.75241e-09
8615.0  1.76221e-09
8620.0  1.76529e-09
8625.0  1.77729e-09
8630.0  1.79058e-09
8635.0  1.79475e-09
8640.0  1.78806e-09
8645.0  1.77602e-09
8650.0  1.75679e-09
8655.0  1.70925e-09
8660.0  1.58361e-09
8665.0  1.50488e-09
8670.0  1.55798e-09
8675.0  1.64649e-09
8680.0  1.72484e-09
8685.0  1.74667e-09
8690.0  1.73588e-09
8695.0  1.73563e-09
8700.0  1.74303e-09
8705.0  1.74957e-09
8710.0  1.74153e-09
8715.0  1.73668e-09
8720.0  1.74723e-09
8725.0  1.73998e-09
8730.0  1.72845e-09
8735.0  1.71395e-09
8740.0  1.69095e-09
8745.0  1.67111e-09
8750.0  1.65009e-09
8755.0  1.65028e-09
8760.0  1.67369e-09
8765.0  1.69227e-09
8770.0  1.69849e-09
8775.0  1.70223e-09
8780.0  1.71049e-09
8785.0  1.70804e-09
8790.0  1.69522e-09
8795.0  1.69214e-09
8800.0  1.69199e-09
8805.0  1.65264e-09
8810.0  1.65753e-09
8815.0  1.68998e-09
8820.0  1.68972e-09
8825.0  1.68386e-09
8830.0  1.68706e-09
8835.0  1.6861e-09
8840.0  1.6728e-09
8845.0  1.67281e-09
8850.0  1.65962e-09
8855.0  1.63597e-09
8860.0  1.59365e-09
8865.0  1.57415e-09
8870.0  1.60605e-09
8875.0  1.63557e-09
8880.0  1.65378e-09
8885.0  1.67227e-09
8890.0  1.66978e-09
8895.0  1.66995e-09
8900.0  1.66767e-09
8905.0  1.67264e-09
8910.0  1.66644e-09
8915.0  1.66282e-09
8920.0  1.66127e-09
8925.0  1.64346e-09
8930.0  1.63921e-09
8935.0  1.65957e-09
8940.0  1.66604e-09
8945.0  1.65523e-09
8950.0  1.65098e-09
8955.0  1.65389e-09
8960.0  1.65331e-09
8965.0  1.62115e-09
8970.0  1.60046e-09
8975.0  1.588e-09
8980.0  1.59124e-09
8985.0  1.55374e-09
8990.0  1.50866e-09
8995.0  1.54193e-09
9000.0  1.52526e-09
9005.0  1.51948e-09
9010.0  1.49928e-09
9015.0  1.47379e-09
9020.0  1.51769e-09
9025.0  1.56745e-09
9030.0  1.61805e-09
9035.0  1.65743e-09
9040.0  1.65397e-09
9045.0  1.67564e-09
9050.0  1.66316e-09
9055.0  1.6522e-09
9060.0  1.60262e-09
9065.0  1.57704e-09
9070.0  1.57062e-09
9075.0  1.55548e-09
9080.0  1.53554e-09
9085.0  1.52049e-09
9090.0  1.50459e-09
9095.0  1.51645e-09
9100.0  1.52921e-09
9105.0  1.55446e-09
9110.0  1.56832e-09
9115.0  1.57347e-09
9120.0  1.59096e-09
9125.0  1.59553e-09
9130.0  1.55186e-09
9135.0  1.53322e-09
9140.0  1.57366e-09
9145.0  1.56447e-09
9150.0  1.51802e-09
9155.0  1.49695e-09
9160.0  1.53157e-09
9165.0  1.56319e-09
9170.0  1.5539e-09
9175.0  1.53483e-09
9180.0  1.55287e-09
9185.0  1.57613e-09
9190.0  1.57493e-09
9195.0  1.57194e-09
9200.0  1.57284e-09
9205.0  1.56853e-09
9210.0  1.53679e-09
9215.0  1.50601e-09
9220.0  1.49467e-09
9225.0  1.46465e-09
9230.0  1.4506e-09
9235.0  1.48523e-09
9240.0  1.50697e-09
9245.0  1.52686e-09
9250.0  1.54232e-09
9255.0  1.55604e-09
9260.0  1.59362e-09
9265.0  1.61721e-09
9270.0  1.62495e-09
9275.0  1.61596e-09
9280.0  1.59563e-09
9285.0  1.62612e-09
9290.0  1.60951e-09
9295.0  1.57786e-09
9300.0  1.55314e-09
9305.0  1.52596e-09
9310.0  1.49241e-09
9315.0  1.45306e-09
9320.0  1.4342e-09
9325.0  1.42667e-09
9330.0  1.43046e-09
9335.0  1.38746e-09
9340.0  1.36536e-09
9345.0  1.36337e-09
9350.0  1.43419e-09
9355.0  1.40375e-09
9360.0  1.43113e-09
9365.0  1.43555e-09
9370.0  1.42101e-09
9375.0  1.44515e-09
9380.0  1.43438e-09
9385.0  1.50208e-09
9390.0  1.55569e-09
9395.0  1.5813e-09
9400.0  1.56854e-09
9405.0  1.53766e-09
9410.0  1.51706e-09
9415.0  1.50702e-09
9420.0  1.48897e-09
9425.0  1.44403e-09
9430.0  1.40425e-09
9435.0  1.40859e-09
9440.0  1.35673e-09
9445.0  1.4135e-09
9450.0  1.45086e-09
9455.0  1.41434e-09
9460.0  1.41973e-09
9465.0  1.45186e-09
9470.0  1.47013e-09
9475.0  1.45213e-09
9480.0  1.43067e-09
9485.0  1.45629e-09
9490.0  1.46671e-09
9495.0  1.4053e-09
9500.0  1.37716e-09
9505.0  1.46097e-09
9510.0  1.50213e-09
9515.0  1.4536e-09
9520.0  1.38846e-09
9525.0  1.3855e-09
9530.0  1.41619e-09
9535.0  1.42315e-09
9540.0  1.39071e-09
9545.0  1.34644e-09
9550.0  1.35893e-09
9555.0  1.36554e-09
9560.0  1.38044e-09
9565.0  1.36647e-09
9570.0  1.39974e-09
9575.0  1.43673e-09
9580.0  1.41818e-09
9585.0  1.43262e-09
9590.0  1.38778e-09
9595.0  1.38026e-09
9600.0  1.40081e-09
9605.0  1.41099e-09
9610.0  1.408e-09
9615.0  1.38278e-09
9620.0  1.38013e-09
9625.0  1.38232e-09
9630.0  1.39836e-09
9635.0  1.38742e-09
9640.0  1.38119e-09
9645.0  1.38642e-09
9650.0  1.37908e-09
9655.0  1.37083e-09
9660.0  1.34125e-09
9665.0  1.33204e-09
9670.0  1.37342e-09
9675.0  1.39725e-09
9680.0  1.39643e-09
9685.0  1.38715e-09
9690.0  1.39751e-09
9695.0  1.40671e-09
9700.0  1.38465e-09
9705.0  1.39047e-09
9710.0  1.39341e-09
9715.0  1.39067e-09
9720.0  1.36979e-09
9725.0  1.36725e-09
9730.0  1.36213e-09
9735.0  1.33653e-09
9740.0  1.30889e-09
9745.0  1.34959e-09
9750.0  1.36149e-09
9755.0  1.34111e-09
9760.0  1.34462e-09
9765.0  1.35132e-09
9770.0  1.36345e-09
9775.0  1.34096e-09
9780.0  1.32163e-09
9785.0  1.33682e-09
9790.0  1.33472e-09
9795.0  1.32522e-09
9800.0  1.32883e-09
9805.0  1.33423e-09
9810.0  1.34243e-09
9815.0  1.34517e-09
9820.0  1.35491e-09
9825.0  1.31602e-09
9830.0  1.32548e-09
9835.0  1.33768e-09
9840.0  1.34979e-09
9845.0  1.32898e-09
9850.0  1.31621e-09
9855.0  1.32759e-09
9860.0  1.33176e-09
9865.0  1.33236e-09
9870.0  1.32186e-09
9875.0  1.3188e-09
9880.0  1.30914e-09
9885.0  1.31291e-09
9890.0  1.30443e-09
9895.0  1.30802e-09
9900.0  1.30753e-09
9905.0  1.30776e-09
9910.0  1.32042e-09
9915.0  1.29952e-09
9920.0  1.28561e-09
9925.0  1.32304e-09
9930.0  1.31475e-09
9935.0  1.29623e-09
9940.0  1.29312e-09
9945.0  1.29858e-09
9950.0  1.29492e-09
9955.0  1.29023e-09
9960.0  1.28013e-09
9965.0  1.28942e-09
9970.0  1.27095e-09
9975.0  1.28646e-09
9980.0  1.28175e-09
9985.0  1.26456e-09
9990.0  1.2757e-09
9995.0  1.28852e-09
10000.0  1.27858e-09
10005.0  1.27416e-09
10010.0  1.27107e-09
10015.0  1.26777e-09
10020.0  1.26437e-09
10025.0  1.26098e-09
10030.0  1.2577e-09
10035.0  1.25465e-09
10040.0  1.25193e-09
10045.0  1.24966e-09
10050.0  1.24795e-09
10055.0  1.24685e-09
10060.0  1.24629e-09
10065.0  1.24616e-09
10070.0  1.24636e-09
10075.0  1.24676e-09
10080.0  1.24725e-09
10085.0  1.24772e-09
10090.0  1.24805e-09
10095.0  1.24811e-09
10100.0  1.24781e-09
10105.0  1.24707e-09
10110.0  1.24591e-09
10115.0  1.2444e-09
10120.0  1.24261e-09
10125.0  1.2406e-09
10130.0  1.23845e-09
10135.0  1.23621e-09
10140.0  1.23396e-09
10145.0  1.23177e-09
10150.0  1.2297e-09
10155.0  1.2278e-09
10160.0  1.22607e-09
10165.0  1.22448e-09
10170.0  1.223e-09
10175.0  1.22161e-09
10180.0  1.22029e-09
10185.0  1.219e-09
10190.0  1.21773e-09
10195.0  1.21644e-09
10200.0  1.21512e-09
10205.0  1.21374e-09
10210.0  1.21232e-09
10215.0  1.21085e-09
10220.0  1.20935e-09
10225.0  1.20785e-09
10230.0  1.20635e-09
10235.0  1.20486e-09
10240.0  1.20339e-09
10245.0  1.20196e-09
10250.0  1.20058e-09
10255.0  1.19927e-09
10260.0  1.19801e-09
10265.0  1.19681e-09
10270.0  1.19567e-09
10275.0  1.19457e-09
10280.0  1.19351e-09
10285.0  1.1925e-09
10290.0  1.19152e-09
10295.0  1.19058e-09
10300.0  1.18951e-09
10305.0  1.18769e-09
10310.0  1.18648e-09
10315.0  1.1854e-09
10320.0  1.18429e-09
10325.0  1.18317e-09
10330.0  1.18201e-09
10335.0  1.18081e-09
10340.0  1.17955e-09
10345.0  1.17824e-09
10350.0  1.17685e-09
10355.0  1.1754e-09
10360.0  1.17387e-09
10365.0  1.17231e-09
10370.0  1.17072e-09
10375.0  1.16912e-09
10380.0  1.16752e-09
10385.0  1.16595e-09
10390.0  1.16443e-09
10395.0  1.16296e-09
10400.0  1.16157e-09
10405.0  1.16027e-09
10410.0  1.15905e-09
10415.0  1.15789e-09
10420.0  1.15677e-09
10425.0  1.15568e-09
10430.0  1.15459e-09
10435.0  1.1535e-09
10440.0  1.15238e-09
10445.0  1.15122e-09
10450.0  1.15001e-09
10455.0  1.14871e-09
10460.0  1.14735e-09
10465.0  1.14593e-09
10470.0  1.14445e-09
10475.0  1.14293e-09
10480.0  1.14138e-09
10485.0  1.13979e-09
10490.0  1.13819e-09
10495.0  1.13657e-09
10500.0  1.13495e-09
10505.0  1.13333e-09
10510.0  1.13171e-09
10515.0  1.1301e-09
10520.0  1.1285e-09
10525.0  1.12689e-09
10530.0  1.12529e-09
10535.0  1.1237e-09
10540.0  1.12211e-09
10545.0  1.12053e-09
10550.0  1.11895e-09
10555.0  1.11737e-09
10560.0  1.1158e-09
10565.0  1.11423e-09
10570.0  1.11267e-09
10575.0  1.11111e-09
10580.0  1.10956e-09
10585.0  1.10801e-09
10590.0  1.10646e-09
10595.0  1.10492e-09
10600.0  1.10339e-09
10605.0  1.10185e-09
10610.0  1.10033e-09
10615.0  1.0988e-09
10620.0  1.099e-09
10625.0  1.10788e-09
10630.0  1.10843e-09
10635.0  1.1073e-09
10640.0  1.10618e-09
10645.0  1.10506e-09
10650.0  1.10394e-09
10655.0  1.10282e-09
10660.0  1.10171e-09
10665.0  1.1006e-09
10670.0  1.09949e-09
10675.0  1.09838e-09
10680.0  1.09727e-09
10685.0  1.09617e-09
10690.0  1.09507e-09
10695.0  1.09397e-09
10700.0  1.09287e-09
10705.0  1.09177e-09
10710.0  1.09068e-09
10715.0  1.08959e-09
10720.0  1.08849e-09
10725.0  1.08741e-09
10730.0  1.08632e-09
10735.0  1.08524e-09
10740.0  1.08416e-09
10745.0  1.08308e-09
10750.0  1.082e-09
10755.0  1.08092e-09
10760.0  1.07985e-09
10765.0  1.07878e-09
10770.0  1.07771e-09
10775.0  1.07664e-09
10780.0  1.07558e-09
10785.0  1.07452e-09
10790.0  1.07346e-09
10795.0  1.07239e-09
10800.0  1.07134e-09
10805.0  1.07028e-09
10810.0  1.06923e-09
10815.0  1.06818e-09
10820.0  1.06713e-09
10825.0  1.06608e-09
10830.0  1.06503e-09
10835.0  1.06399e-09
10840.0  1.06295e-09
10845.0  1.06191e-09
10850.0  1.06087e-09
10855.0  1.05983e-09
10860.0  1.0588e-09
10865.0  1.05776e-09
10870.0  1.05673e-09
10875.0  1.0557e-09
10880.0  1.05468e-09
10885.0  1.05365e-09
10890.0  1.05263e-09
10895.0  1.05161e-09
10900.0  1.05059e-09
10905.0  1.04957e-09
10910.0  1.04855e-09
10915.0  1.04754e-09
10920.0  1.04653e-09
10925.0  1.04551e-09
10930.0  1.04451e-09
10935.0  1.0435e-09
10940.0  1.0425e-09
10945.0  1.04149e-09
10950.0  1.04049e-09
10955.0  1.03949e-09
10960.0  1.03849e-09
10965.0  1.0375e-09
10970.0  1.0365e-09
10975.0  1.03551e-09
10980.0  1.03452e-09
10985.0  1.03353e-09
10990.0  1.03255e-09
10995.0  1.03156e-09
11000.0  1.03058e-09
11005.0  1.02959e-09
11010.0  1.02862e-09
11015.0  1.02764e-09
11020.0  1.02666e-09
11025.0  1.02569e-09
11030.0  1.02471e-09
11035.0  1.02374e-09
11040.0  1.02277e-09
11045.0  1.0218e-09
11050.0  1.02083e-09
11055.0  1.01987e-09
11060.0  1.01891e-09
11065.0  1.01795e-09
11070.0  1.01699e-09
11075.0  1.01603e-09
11080.0  1.01507e-09
11085.0  1.01412e-09
11090.0  1.01316e-09
11095.0  1.01222e-09
11100.0  1.01126e-09
11105.0  1.01032e-09
11110.0  1.00937e-09
11115.0  1.00842e-09
11120.0  1.00748e-09
11125.0  1.00654e-09
11130.0  1.0056e-09
11135.0  1.00466e-09
11140.0  1.00372e-09
11145.0  1.00279e-09
11150.0  1.00185e-09
11155.0  1.00092e-09
11160.0  9.99994e-10
11165.0  9.99064e-10
11170.0  9.98135e-10
11175.0  9.97212e-10
11180.0  9.96286e-10
11185.0  9.95362e-10
11190.0  9.94443e-10
11195.0  9.93522e-10
11200.0  9.92604e-10
11205.0  9.91686e-10
11210.0  9.90773e-10
11215.0  9.89859e-10
11220.0  9.88947e-10
11225.0  9.88037e-10
11230.0  9.87128e-10
11235.0  9.86221e-10
11240.0  9.85315e-10
11245.0  9.84411e-10
11250.0  9.83505e-10
11255.0  9.82607e-10
11260.0  9.81706e-10
11265.0  9.80809e-10
11270.0  9.79912e-10
11275.0  9.79015e-10
11280.0  9.7812e-10
11285.0  9.77226e-10
11290.0  9.76337e-10
11295.0  9.75447e-10
11300.0  9.7456e-10
11305.0  9.73673e-10
11310.0  9.72786e-10
11315.0  9.71902e-10
11320.0  9.71018e-10
11325.0  9.70138e-10
11330.0  9.6926e-10
11335.0  9.68379e-10
11340.0  9.67502e-10
11345.0  9.66629e-10
11350.0  9.65752e-10
11355.0  9.64881e-10
11360.0  9.64008e-10
11365.0  9.63137e-10
11370.0  9.62269e-10
11375.0  9.61401e-10
11380.0  9.60534e-10
11385.0  9.59672e-10
11390.0  9.58808e-10
11395.0  9.57946e-10
11400.0  9.57081e-10
11405.0  9.56225e-10
11410.0  9.55365e-10
11415.0  9.54508e-10
11420.0  9.53654e-10
11425.0  9.52801e-10
11430.0  9.51947e-10
11435.0  9.51094e-10
11440.0  9.50245e-10
11445.0  9.49397e-10
11450.0  9.48549e-10
11455.0  9.47699e-10
11460.0  9.46856e-10
11465.0  9.46011e-10
11470.0  9.45169e-10
11475.0  9.44329e-10
11480.0  9.43487e-10
11485.0  9.4265e-10
11490.0  9.41808e-10
11495.0  9.40973e-10
11500.0  9.40137e-10
11505.0  9.39303e-10
11510.0  9.38472e-10
11515.0  9.37638e-10
11520.0  9.36807e-10
11525.0  9.35978e-10
11530.0  9.3515e-10
11535.0  9.34324e-10
11540.0  9.33497e-10
11545.0  9.32673e-10
11550.0  9.31852e-10
11555.0  9.31027e-10
11560.0  9.30206e-10
11565.0  9.29385e-10
11570.0  9.28566e-10
11575.0  9.2775e-10
11580.0  9.26934e-10
11585.0  9.26119e-10
11590.0  9.25303e-10
11595.0  9.2449e-10
11600.0  9.23679e-10
11605.0  9.22869e-10
11610.0  9.22056e-10
11615.0  9.21248e-10
11620.0  9.20444e-10
11625.0  9.19635e-10
11630.0  9.18828e-10
11635.0  9.18025e-10
11640.0  9.17221e-10
11645.0  9.16417e-10
11650.0  9.15619e-10
11655.0  9.14819e-10
11660.0  9.14021e-10
11665.0  9.13222e-10
11670.0  9.12424e-10
11675.0  9.11627e-10
11680.0  9.10831e-10
11685.0  9.10038e-10
11690.0  9.09246e-10
11695.0  9.08454e-10
11700.0  9.07663e-10
11705.0  9.06873e-10
11710.0  9.06085e-10
11715.0  9.05297e-10
11720.0  9.04511e-10
11725.0  9.03725e-10
11730.0  9.02941e-10
11735.0  9.02156e-10
11740.0  9.01374e-10
11745.0  9.00591e-10
11750.0  8.9981e-10
11755.0  8.99032e-10
11760.0  8.98252e-10
11765.0  8.97472e-10
11770.0  8.96694e-10
11775.0  8.95918e-10
11780.0  8.95143e-10
11785.0  8.94369e-10
11790.0  8.93598e-10
11795.0  8.92822e-10
11800.0  8.92051e-10
11805.0  8.9128e-10
11810.0  8.9051e-10
11815.0  8.89741e-10
11820.0  8.88973e-10
11825.0  8.88207e-10
11830.0  8.87438e-10
11835.0  8.86675e-10
11840.0  8.8591e-10
11845.0  8.85144e-10
11850.0  8.84383e-10
11855.0  8.83621e-10
11860.0  8.8286e-10
11865.0  8.82099e-10
11870.0  8.81341e-10
11875.0  8.80582e-10
11880.0  8.79823e-10
11885.0  8.79067e-10
11890.0  8.78309e-10
11895.0  8.77554e-10
11900.0  8.76799e-10
11905.0  8.76043e-10
11910.0  8.75293e-10
11915.0  8.74539e-10
11920.0  8.73787e-10
11925.0  8.73037e-10
11930.0  8.72286e-10
11935.0  8.71538e-10
11940.0  8.70792e-10
11945.0  8.70043e-10
11950.0  8.69298e-10
11955.0  8.6855e-10
11960.0  8.67802e-10
11965.0  8.67059e-10
11970.0  8.66315e-10
11975.0  8.65572e-10
11980.0  8.64829e-10
11985.0  8.64087e-10
11990.0  8.63346e-10
11995.0  8.62607e-10
12000.0  8.61868e-10
12005.0  8.61126e-10
12010.0  8.60387e-10
12015.0  8.59651e-10
12020.0  8.58914e-10
12025.0  8.58177e-10
12030.0  8.57442e-10
12035.0  8.56708e-10
12040.0  8.55972e-10
12045.0  8.55239e-10
12050.0  8.54505e-10
12055.0  8.53773e-10
12060.0  8.53041e-10
12065.0  8.52311e-10
12070.0  8.51582e-10
12075.0  8.5085e-10
12080.0  8.5012e-10
12085.0  8.49392e-10
12090.0  8.48663e-10
12095.0  8.47936e-10
12100.0  8.4721e-10
12105.0  8.46484e-10
12110.0  8.45757e-10
12115.0  8.45033e-10
12120.0  8.44306e-10
12125.0  8.43585e-10
12130.0  8.42861e-10
12135.0  8.42137e-10
12140.0  8.41415e-10
12145.0  8.40692e-10
12150.0  8.39971e-10
12155.0  8.3925e-10
12160.0  8.38531e-10
12165.0  8.37812e-10
12170.0  8.37089e-10
12175.0  8.36371e-10
12180.0  8.35653e-10
12185.0  8.34938e-10
12190.0  8.3422e-10
12195.0  8.33502e-10
12200.0  8.32786e-10
12205.0  8.32073e-10
12210.0  8.31356e-10
12215.0  8.30643e-10
12220.0  8.29928e-10
12225.0  8.29212e-10
12230.0  8.28497e-10
12235.0  8.27786e-10
12240.0  8.27075e-10
12245.0  8.26363e-10
12250.0  8.25649e-10
12255.0  8.24939e-10
12260.0  8.2423e-10
12265.0  8.23518e-10
12270.0  8.22808e-10
12275.0  8.22101e-10
12280.0  8.21392e-10
12285.0  8.20685e-10
12290.0  8.19974e-10
12295.0  8.19269e-10
12300.0  8.18562e-10
12305.0  8.17856e-10
12310.0  8.1715e-10
12315.0  8.16444e-10
12320.0  8.15739e-10
12325.0  8.15036e-10
12330.0  8.14332e-10
12335.0  8.13627e-10
12340.0  8.12923e-10
12345.0  8.12224e-10
12350.0  8.1152e-10
12355.0  8.10818e-10
12360.0  8.10118e-10
12365.0  8.09416e-10
12370.0  8.08716e-10
12375.0  8.08016e-10
12380.0  8.07317e-10
12385.0  8.06616e-10
12390.0  8.0592e-10
12395.0  8.05222e-10
12400.0  8.04523e-10
12405.0  8.03825e-10
12410.0  8.03129e-10
12415.0  8.02435e-10
12420.0  8.01739e-10
12425.0  8.01042e-10
12430.0  8.00348e-10
12435.0  7.99655e-10
12440.0  7.98963e-10
12445.0  7.98269e-10
12450.0  7.97577e-10
12455.0  7.96883e-10
12460.0  7.9619e-10
12465.0  7.955e-10
12470.0  7.94808e-10
12475.0  7.94118e-10
12480.0  7.93428e-10
12485.0  7.92738e-10
12490.0  7.92049e-10
12495.0  7.9136e-10
12500.0  7.90672e-10
12505.0  7.89984e-10
12510.0  7.89298e-10
12515.0  7.88612e-10
12520.0  7.87924e-10
12525.0  7.87237e-10
12530.0  7.86554e-10
12535.0  7.85868e-10
12540.0  7.85183e-10
12545.0  7.845e-10
12550.0  7.83815e-10
12555.0  7.83131e-10
12560.0  7.82449e-10
12565.0  7.81767e-10
12570.0  7.81084e-10
12575.0  7.80406e-10
12580.0  7.79724e-10
12585.0  7.79045e-10
12590.0  7.78364e-10
12595.0  7.77685e-10
12600.0  7.77006e-10
12605.0  7.76327e-10
12610.0  7.75648e-10
12615.0  7.74973e-10
12620.0  7.74294e-10
12625.0  7.73618e-10
12630.0  7.7294e-10
12635.0  7.72265e-10
12640.0  7.71589e-10
12645.0  7.70915e-10
12650.0  7.70241e-10
12655.0  7.69568e-10
12660.0  7.68894e-10
12665.0  7.68221e-10
12670.0  7.67547e-10
12675.0  7.66875e-10
12680.0  7.66203e-10
12685.0  7.65532e-10
12690.0  7.64864e-10
12695.0  7.64192e-10
12700.0  7.63522e-10
12705.0  7.62853e-10
12710.0  7.62186e-10
12715.0  7.61518e-10
12720.0  7.6085e-10
12725.0  7.60182e-10
12730.0  7.59514e-10
12735.0  7.58846e-10
12740.0  7.5818e-10
12745.0  7.57514e-10
12750.0  7.56849e-10
12755.0  7.56186e-10
12760.0  7.5552e-10
12765.0  7.54857e-10
12770.0  7.54192e-10
12775.0  7.53531e-10
12780.0  7.52867e-10
12785.0  7.52207e-10
12790.0  7.51546e-10
12795.0  7.50885e-10
12800.0  7.50224e-10
12805.0  7.49563e-10
12810.0  7.48904e-10
12815.0  7.48243e-10
12820.0  7.47585e-10
12825.0  7.46925e-10
12830.0  7.46268e-10
12835.0  7.45612e-10
12840.0  7.44954e-10
12845.0  7.44298e-10
12850.0  7.43642e-10
12855.0  7.42986e-10
12860.0  7.42329e-10
12865.0  7.41676e-10
12870.0  7.41023e-10
12875.0  7.40369e-10
12880.0  7.39716e-10
12885.0  7.39062e-10
12890.0  7.3841e-10
12895.0  7.37759e-10
12900.0  7.37105e-10
12905.0  7.36454e-10
12910.0  7.35802e-10
12915.0  7.35152e-10
12920.0  7.34502e-10
12925.0  7.33854e-10
12930.0  7.33205e-10
12935.0  7.32556e-10
12940.0  7.31909e-10
12945.0  7.31261e-10
12950.0  7.30614e-10
12955.0  7.29968e-10
12960.0  7.29322e-10
12965.0  7.28675e-10
12970.0  7.28029e-10
12975.0  7.27386e-10
12980.0  7.2674e-10
12985.0  7.26098e-10
12990.0  7.25455e-10
12995.0  7.24812e-10
13000.0  7.24169e-10
13005.0  7.23526e-10
13010.0  7.22883e-10
13015.0  7.22243e-10
13020.0  7.21603e-10
13025.0  7.20964e-10
13030.0  7.20321e-10
13035.0  7.19682e-10
13040.0  7.19043e-10
13045.0  7.18405e-10
13050.0  7.17768e-10
13055.0  7.1713e-10
13060.0  7.16492e-10
13065.0  7.15855e-10
13070.0  7.1522e-10
13075.0  7.14585e-10
13080.0  7.1395e-10
13085.0  7.13313e-10
13090.0  7.12678e-10
13095.0  7.12043e-10
13100.0  7.11412e-10
13105.0  7.10778e-10
13110.0  7.10144e-10
13115.0  7.09512e-10
13120.0  7.08881e-10
13125.0  7.08248e-10
13130.0  7.0762e-10
13135.0  7.06988e-10
13140.0  7.06358e-10
13145.0  7.05729e-10
13150.0  7.051e-10
13155.0  7.04472e-10
13160.0  7.03844e-10
13165.0  7.03215e-10
13170.0  7.02588e-10
13175.0  7.01959e-10
13180.0  7.01335e-10
13185.0  7.00707e-10
13190.0  7.00083e-10
13195.0  6.99457e-10
13200.0  6.98834e-10
13205.0  6.98208e-10
13210.0  6.97584e-10
13215.0  6.96961e-10
13220.0  6.96339e-10
13225.0  6.95717e-10
13230.0  6.95093e-10
13235.0  6.94472e-10
13240.0  6.93851e-10
13245.0  6.9323e-10
13250.0  6.92609e-10
13255.0  6.91991e-10
13260.0  6.91372e-10
13265.0  6.90753e-10
13270.0  6.90134e-10
13275.0  6.89515e-10
13280.0  6.88898e-10
13285.0  6.88281e-10
13290.0  6.87664e-10
13295.0  6.87048e-10
13300.0  6.86433e-10
13305.0  6.85815e-10
13310.0  6.85201e-10
13315.0  6.84588e-10
13320.0  6.83974e-10
13325.0  6.8336e-10
13330.0  6.82746e-10
13335.0  6.82133e-10
13340.0  6.81522e-10
13345.0  6.80908e-10
13350.0  6.80298e-10
13355.0  6.79687e-10
13360.0  6.79075e-10
13365.0  6.78466e-10
13370.0  6.77856e-10
13375.0  6.77247e-10
13380.0  6.76639e-10
13385.0  6.76031e-10
13390.0  6.75421e-10
13395.0  6.74815e-10
13400.0  6.74208e-10
13405.0  6.73602e-10
13410.0  6.72995e-10
13415.0  6.72388e-10
13420.0  6.71785e-10
13425.0  6.71179e-10
13430.0  6.70575e-10
13435.0  6.69969e-10
13440.0  6.69366e-10
13445.0  6.68764e-10
13450.0  6.6816e-10
13455.0  6.67559e-10
13460.0  6.66958e-10
13465.0  6.66356e-10
13470.0  6.65755e-10
13475.0  6.65155e-10
13480.0  6.64555e-10
13485.0  6.63954e-10
13490.0  6.63355e-10
13495.0  6.62757e-10
13500.0  6.62159e-10
13505.0  6.6156e-10
13510.0  6.60963e-10
13515.0  6.60366e-10
13520.0  6.5977e-10
13525.0  6.59175e-10
13530.0  6.5858e-10
13535.0  6.57984e-10
13540.0  6.57388e-10
13545.0  6.56794e-10
13550.0  6.562e-10
13555.0  6.55608e-10
13560.0  6.55012e-10
13565.0  6.5442e-10
13570.0  6.53828e-10
13575.0  6.53235e-10
13580.0  6.52644e-10
13585.0  6.52055e-10
13590.0  6.51464e-10
13595.0  6.50875e-10
13600.0  6.50286e-10
13605.0  6.49694e-10
13610.0  6.49107e-10
13615.0  6.48518e-10
13620.0  6.47929e-10
13625.0  6.47344e-10
13630.0  6.46757e-10
13635.0  6.46171e-10
13640.0  6.45584e-10
13645.0  6.44998e-10
13650.0  6.44413e-10
13655.0  6.43828e-10
13660.0  6.43244e-10
13665.0  6.42659e-10
13670.0  6.42077e-10
13675.0  6.41492e-10
13680.0  6.4091e-10
13685.0  6.4033e-10
13690.0  6.39745e-10
13695.0  6.39164e-10
13700.0  6.38585e-10
13705.0  6.38004e-10
13710.0  6.37424e-10
13715.0  6.36845e-10
13720.0  6.36265e-10
13725.0  6.35686e-10
13730.0  6.35108e-10
13735.0  6.34529e-10
13740.0  6.33953e-10
13745.0  6.33375e-10
13750.0  6.32798e-10
13755.0  6.32221e-10
13760.0  6.31647e-10
13765.0  6.31072e-10
13770.0  6.30497e-10
13775.0  6.29922e-10
13780.0  6.29348e-10
13785.0  6.28774e-10
13790.0  6.28201e-10
13795.0  6.27628e-10
13800.0  6.27055e-10
13805.0  6.26484e-10
13810.0  6.25913e-10
13815.0  6.25342e-10
13820.0  6.2477e-10
13825.0  6.242e-10
13830.0  6.23633e-10
13835.0  6.23062e-10
13840.0  6.22493e-10
13845.0  6.21924e-10
13850.0  6.21355e-10
13855.0  6.20788e-10
13860.0  6.20221e-10
13865.0  6.19654e-10
13870.0  6.19087e-10
13875.0  6.18524e-10
13880.0  6.17956e-10
13885.0  6.1739e-10
13890.0  6.16827e-10
13895.0  6.16264e-10
13900.0  6.15697e-10
13905.0  6.15134e-10
13910.0  6.14573e-10
13915.0  6.14011e-10
13920.0  6.13448e-10
13925.0  6.12886e-10
13930.0  6.12326e-10
13935.0  6.11766e-10
13940.0  6.11202e-10
13945.0  6.10643e-10
13950.0  6.10084e-10
13955.0  6.09524e-10
13960.0  6.08966e-10
13965.0  6.08408e-10
13970.0  6.07852e-10
13975.0  6.07294e-10
13980.0  6.06737e-10
13985.0  6.06181e-10
13990.0  6.05625e-10
13995.0  6.05069e-10
14000.0  6.04513e-10
14005.0  6.03957e-10
14010.0  6.03403e-10
14015.0  6.02849e-10
14020.0  6.02297e-10
14025.0  6.01743e-10
14030.0  6.01189e-10
14035.0  6.00636e-10
14040.0  6.00086e-10
14045.0  5.99534e-10
14050.0  5.98981e-10
14055.0  5.98432e-10
14060.0  5.97881e-10
14065.0  5.97332e-10
14070.0  5.96783e-10
14075.0  5.96235e-10
14080.0  5.95686e-10
14085.0  5.95137e-10
14090.0  5.94589e-10
14095.0  5.94042e-10
14100.0  5.93495e-10
14105.0  5.92948e-10
14110.0  5.92401e-10
14115.0  5.91855e-10
14120.0  5.9131e-10
14125.0  5.90765e-10
14130.0  5.90224e-10
14135.0  5.89679e-10
14140.0  5.89134e-10
14145.0  5.88591e-10
14150.0  5.88049e-10
14155.0  5.87507e-10
14160.0  5.86965e-10
14165.0  5.86421e-10
14170.0  5.85884e-10
14175.0  5.85343e-10
14180.0  5.84801e-10
14185.0  5.84263e-10
14190.0  5.83721e-10
14195.0  5.83183e-10
14200.0  5.82645e-10
14205.0  5.82108e-10
14210.0  5.81571e-10
14215.0  5.81032e-10
14220.0  5.80494e-10
14225.0  5.79959e-10
14230.0  5.79422e-10
14235.0  5.78886e-10
14240.0  5.78353e-10
14245.0  5.77819e-10
14250.0  5.77285e-10
14255.0  5.7675e-10
14260.0  5.76216e-10
14265.0  5.75682e-10
14270.0  5.7515e-10
14275.0  5.74617e-10
14280.0  5.74086e-10
14285.0  5.73556e-10
14290.0  5.73025e-10
14295.0  5.72494e-10
14300.0  5.74358e-10
14305.0  5.86702e-10
14310.0  5.78052e-10
14315.0  5.65644e-10
14320.0  5.56789e-10
14325.0  5.55091e-10
14330.0  5.60535e-10
14335.0  5.71124e-10
14340.0  5.82856e-10
14345.0  5.9213e-10
14350.0  5.96406e-10
14355.0  5.93761e-10
14360.0  5.83647e-10
14365.0  5.68308e-10
14370.0  5.52558e-10
14375.0  5.4163e-10
14380.0  5.38708e-10
14385.0  5.4345e-10
14390.0  5.52618e-10
14395.0  5.62e-10
14400.0  5.67814e-10
14405.0  5.67738e-10
14410.0  5.61799e-10
14415.0  5.52421e-10
14420.0  5.43352e-10
14425.0  5.38076e-10
14430.0  5.38157e-10
14435.0  5.44354e-10
14440.0  5.53685e-10
14445.0  5.62705e-10
14450.0  5.67298e-10
14455.0  5.65187e-10
14460.0  5.5717e-10
14465.0  5.46697e-10
14470.0  5.38111e-10
14475.0  5.3449e-10
14480.0  5.36918e-10
14485.0  5.45074e-10
14490.0  5.57224e-10
14495.0  5.72802e-10
14500.0  5.99936e-10
14505.0  6.00515e-10
14510.0  5.83211e-10
14515.0  5.58497e-10
14520.0  5.37451e-10
14525.0  5.27672e-10
14530.0  5.30359e-10
14535.0  5.42411e-10
14540.0  5.58559e-10
14545.0  5.7235e-10
14550.0  5.77843e-10
14555.0  5.73679e-10
14560.0  5.61604e-10
14565.0  5.46734e-10
14570.0  5.34633e-10
14575.0  5.28707e-10
14580.0  5.29305e-10
14585.0  5.344e-10
14590.0  5.40801e-10
14595.0  5.45514e-10
14600.0  5.47105e-10
14605.0  5.46353e-10
14610.0  5.45775e-10
14615.0  5.48194e-10
14620.0  5.55019e-10
14625.0  5.65183e-10
14630.0  5.75184e-10
14635.0  5.80141e-10
14640.0  5.75552e-10
14645.0  5.59321e-10
14650.0  5.33138e-10
14655.0  5.02351e-10
14660.0  4.7438e-10
14665.0  4.56389e-10
14670.0  4.505e-10
14675.0  4.56196e-10
14680.0  4.69403e-10
14685.0  4.84679e-10
14690.0  4.97022e-10
14695.0  5.03247e-10
14700.0  5.02863e-10
14705.0  4.98232e-10
14710.0  4.93459e-10
14715.0  4.92337e-10
14720.0  4.96576e-10
14725.0  5.05167e-10
14730.0  5.15202e-10
14735.0  5.2356e-10
14740.0  5.28209e-10
14745.0  5.28637e-10
14750.0  5.25783e-10
14755.0  5.21778e-10
14760.0  5.19277e-10
14765.0  5.20456e-10
14770.0  5.26143e-10
14775.0  5.35463e-10
14780.0  5.46774e-10
14785.0  5.57684e-10
14790.0  5.66692e-10
14795.0  5.7301e-10
14800.0  5.76413e-10
14805.0  5.76982e-10
14810.0  5.74937e-10
14815.0  5.70517e-10
14820.0  5.63947e-10
14825.0  5.55402e-10
14830.0  5.44879e-10
14835.0  5.31537e-10
14840.0  5.1452e-10
14845.0  4.94996e-10
14850.0  4.75608e-10
14855.0  4.59749e-10
14860.0  4.50664e-10
14865.0  4.48481e-10
14870.0  4.51211e-10
14875.0  4.57608e-10
14880.0  4.66878e-10
14885.0  4.78814e-10
14890.0  4.93382e-10
14895.0  5.09882e-10
14900.0  5.25577e-10
14905.0  5.38222e-10
14910.0  5.45194e-10
14915.0  5.44597e-10
14920.0  5.36e-10
14925.0  5.21468e-10
14930.0  5.04974e-10
14935.0  4.91157e-10
14940.0  4.83699e-10
14945.0  4.83954e-10
14950.0  4.90486e-10
14955.0  4.99725e-10
14960.0  5.07508e-10
14965.0  5.10755e-10
14970.0  5.08682e-10
14975.0  5.03113e-10
14980.0  4.97789e-10
14985.0  4.97381e-10
14990.0  5.04626e-10
14995.0  5.17759e-10
15000.0  5.31371e-10
15005.0  5.38193e-10
15010.0  5.32223e-10
15015.0  5.13089e-10
15020.0  4.83757e-10
15025.0  4.54372e-10
15030.0  4.33203e-10
15035.0  4.2633e-10
15040.0  4.35096e-10
15045.0  4.55227e-10
15050.0  4.78032e-10
15055.0  4.95393e-10
15060.0  5.02728e-10
15065.0  4.99399e-10
15070.0  4.89197e-10
15075.0  4.77854e-10
15080.0  4.69331e-10
15085.0  4.6557e-10
15090.0  4.66293e-10
15095.0  4.69313e-10
15100.0  4.71663e-10
15105.0  4.71062e-10
15110.0  4.6701e-10
15115.0  4.6099e-10
15120.0  4.55725e-10
15125.0  4.53851e-10
15130.0  4.56695e-10
15135.0  4.6349e-10
15140.0  4.714e-10
15145.0  4.76739e-10
15150.0  4.76522e-10
15155.0  4.69605e-10
15160.0  4.57502e-10
15165.0  4.43836e-10
15170.0  4.32982e-10
15175.0  4.28412e-10
15180.0  4.31436e-10
15185.0  4.40746e-10
15190.0  4.52955e-10
15195.0  4.63869e-10
15200.0  4.70081e-10
15205.0  4.70244e-10
15210.0  4.65475e-10
15215.0  4.58825e-10
15220.0  4.53984e-10
15225.0  4.53763e-10
15230.0  4.5896e-10
15235.0  4.68015e-10
15240.0  4.77531e-10
15245.0  4.83494e-10
15250.0  4.82781e-10
15255.0  4.74304e-10
15260.0  4.59479e-10
15265.0  4.41529e-10
15270.0  4.2462e-10
15275.0  4.12617e-10
15280.0  4.07796e-10
15285.0  4.10517e-10
15290.0  4.19207e-10
15295.0  4.30927e-10
15300.0  4.42354e-10
15305.0  4.50827e-10
15310.0  4.55131e-10
15315.0  4.55711e-10
15320.0  4.54311e-10
15325.0  4.53208e-10
15330.0  4.54364e-10
15335.0  4.58718e-10
15340.0  4.65867e-10
15345.0  4.74205e-10
15350.0  4.81513e-10
15355.0  4.85731e-10
15360.0  4.85646e-10
15365.0  4.81229e-10
15370.0  4.73567e-10
15375.0  4.64471e-10
15380.0  4.55929e-10
15385.0  4.49524e-10
15390.0  4.46024e-10
15395.0  4.45723e-10
15400.0  4.4692e-10
15405.0  4.4822e-10
15410.0  4.48183e-10
15415.0  4.46073e-10
15420.0  4.42101e-10
15425.0  4.37326e-10
15430.0  4.33215e-10
15435.0  4.31057e-10
15440.0  4.314e-10
15445.0  4.33772e-10
15450.0  4.36843e-10
15455.0  4.38873e-10
15460.0  4.38366e-10
15465.0  4.34733e-10
15470.0  4.28503e-10
15475.0  4.21222e-10
15480.0  4.15033e-10
15485.0  4.12005e-10
15490.0  4.13468e-10
15495.0  4.19561e-10
15500.0  4.29132e-10
15505.0  4.40096e-10
15510.0  4.50053e-10
15515.0  4.57201e-10
15520.0  4.60237e-10
15525.0  4.58743e-10
15530.0  4.5417e-10
15535.0  4.47386e-10
15540.0  4.39594e-10
15545.0  4.31764e-10
15550.0  4.24272e-10
15555.0  4.16946e-10
15560.0  4.11215e-10
15565.0  4.08738e-10
15570.0  4.10137e-10
15575.0  4.1618e-10
15580.0  4.2684e-10
15585.0  4.3963e-10
15590.0  4.51618e-10
15595.0  4.60556e-10
15600.0  4.64942e-10
15605.0  4.6406e-10
15610.0  4.58906e-10
15615.0  4.51699e-10
15620.0  4.44843e-10
15625.0  4.40345e-10
15630.0  4.39232e-10
15635.0  4.41227e-10
15640.0  4.44844e-10
15645.0  4.48243e-10
15650.0  4.49546e-10
15655.0  4.4683e-10
15660.0  4.41045e-10
15665.0  4.33319e-10
15670.0  4.25377e-10
15675.0  4.18899e-10
15680.0  4.14721e-10
15685.0  4.12245e-10
15690.0  4.09711e-10
15695.0  4.05557e-10
15700.0  3.99877e-10
15705.0  3.94174e-10
15710.0  3.90308e-10
15715.0  3.90158e-10
15720.0  3.95745e-10
15725.0  4.07031e-10
15730.0  4.22232e-10
15735.0  4.39466e-10
15740.0  4.55772e-10
15745.0  4.66802e-10
15750.0  4.69258e-10
15755.0  4.62201e-10
15760.0  4.47203e-10
15765.0  4.28146e-10
15770.0  4.10361e-10
15775.0  3.98831e-10
15780.0  3.95583e-10
15785.0  4.00922e-10
15790.0  4.1276e-10
15795.0  4.26019e-10
15800.0  4.36666e-10
15805.0  4.41596e-10
15810.0  4.39655e-10
15815.0  4.31588e-10
15820.0  4.20385e-10
15825.0  4.10142e-10
15830.0  4.04473e-10
15835.0  4.05105e-10
15840.0  4.11548e-10
15845.0  4.2127e-10
15850.0  4.30545e-10
15855.0  4.35894e-10
15860.0  4.35094e-10
15865.0  4.27629e-10
15870.0  4.14927e-10
15875.0  3.9993e-10
15880.0  3.86311e-10
15885.0  3.77547e-10
15890.0  3.75903e-10
15895.0  3.81711e-10
15900.0  3.93358e-10
15905.0  4.07455e-10
15910.0  4.19994e-10
15915.0  4.28388e-10
15920.0  4.30974e-10
15925.0  4.28011e-10
15930.0  4.23158e-10
15935.0  4.19235e-10
15940.0  4.18577e-10
15945.0  4.22232e-10
15950.0  4.29204e-10
15955.0  4.37187e-10
15960.0  4.43474e-10
15965.0  4.45836e-10
15970.0  4.43238e-10
15975.0  4.36099e-10
15980.0  4.26071e-10
15985.0  4.15441e-10
15990.0  4.06425e-10
15995.0  4.00596e-10
16000.0  3.98561e-10
16005.0  3.99916e-10
16010.0  4.03422e-10
16015.0  4.07418e-10
16020.0  4.10354e-10
16025.0  4.1128e-10
16030.0  4.10116e-10
16035.0  4.07623e-10
16040.0  4.05069e-10
16045.0  4.03758e-10
16050.0  4.04149e-10
16055.0  4.0603e-10
16060.0  4.08779e-10
16065.0  4.11123e-10
16070.0  4.11895e-10
16075.0  4.1068e-10
16080.0  4.07367e-10
16085.0  4.02138e-10
16090.0  3.95618e-10
16095.0  3.88557e-10
16100.0  3.81752e-10
16105.0  3.76095e-10
16110.0  3.72377e-10
16115.0  3.71138e-10
16120.0  3.72504e-10
16125.0  3.76058e-10
16130.0  3.81192e-10
16135.0  3.87202e-10
16140.0  3.92107e-10
16145.0  3.94154e-10
16150.0  3.93097e-10
16155.0  3.8927e-10
16160.0  3.83117e-10
16165.0  3.76982e-10
16170.0  3.72936e-10
16175.0  3.71896e-10
16180.0  3.74009e-10
16185.0  3.78763e-10
16190.0  3.8508e-10
16195.0  3.91753e-10
16200.0  3.97224e-10
16205.0  4.00654e-10
16210.0  4.01817e-10
16215.0  4.0078e-10
16220.0  3.98157e-10
16225.0  3.94753e-10
16230.0  3.91325e-10
16235.0  3.88377e-10
16240.0  3.86113e-10
16245.0  3.84431e-10
16250.0  3.83015e-10
16255.0  3.81495e-10
16260.0  3.79583e-10
16265.0  3.77129e-10
16270.0  3.74135e-10
16275.0  3.70732e-10
16280.0  3.67113e-10
16285.0  3.63498e-10
16290.0  3.60126e-10
16295.0  3.57274e-10
16300.0  3.55301e-10
16305.0  3.54612e-10
16310.0  3.556e-10
16315.0  3.58515e-10
16320.0  3.63347e-10
16325.0  3.69742e-10
16330.0  3.76996e-10
16335.0  3.84271e-10
16340.0  3.90588e-10
16345.0  3.94306e-10
16350.0  3.95174e-10
16355.0  3.92828e-10
16360.0  3.87578e-10
16365.0  3.80523e-10
16370.0  3.73229e-10
16375.0  3.67118e-10
16380.0  3.63182e-10
16385.0  3.61618e-10
16390.0  3.61719e-10
16395.0  3.62379e-10
16400.0  3.62574e-10
16405.0  3.61703e-10
16410.0  3.59866e-10
16415.0  3.57834e-10
16420.0  3.56903e-10
16425.0  3.5851e-10
16430.0  3.63423e-10
16435.0  3.71454e-10
16440.0  3.81776e-10
16445.0  3.92777e-10
16450.0  4.02292e-10
16455.0  4.07748e-10
16460.0  4.07826e-10
16465.0  4.02959e-10
16470.0  3.93854e-10
16475.0  3.81945e-10
16480.0  3.69599e-10
16485.0  3.59568e-10
16490.0  3.53673e-10
16495.0  3.52017e-10
16500.0  3.54657e-10
16505.0  3.60682e-10
16510.0  3.68177e-10
16515.0  3.74936e-10
16520.0  3.78991e-10
16525.0  3.7911e-10
16530.0  3.7508e-10
16535.0  3.67757e-10
16540.0  3.58831e-10
16545.0  3.50395e-10
16550.0  3.44408e-10
16555.0  3.42202e-10
16560.0  3.44173e-10
16565.0  3.49744e-10
16570.0  3.57585e-10
16575.0  3.66003e-10
16580.0  3.73372e-10
16585.0  3.78476e-10
16590.0  3.80705e-10
16595.0  3.80091e-10
16600.0  3.7718e-10
16605.0  3.72855e-10
16610.0  3.68075e-10
16615.0  3.63661e-10
16620.0  3.60129e-10
16625.0  3.57645e-10
16630.0  3.56033e-10
16635.0  3.54944e-10
16640.0  3.53981e-10
16645.0  3.52758e-10
16650.0  3.51116e-10
16655.0  3.49064e-10
16660.0  3.46753e-10
16665.0  3.44405e-10
16670.0  3.42228e-10
16675.0  3.40357e-10
16680.0  3.38824e-10
16685.0  3.37583e-10
16690.0  3.36542e-10
16695.0  3.35632e-10
16700.0  3.34863e-10
16705.0  3.34352e-10
16710.0  3.34338e-10
16715.0  3.35127e-10
16720.0  3.37045e-10
16725.0  3.40309e-10
16730.0  3.44944e-10
16735.0  3.50681e-10
16740.0  3.56949e-10
16745.0  3.62936e-10
16750.0  3.67723e-10
16755.0  3.70557e-10
16760.0  3.71376e-10
16765.0  3.69567e-10
16770.0  3.64693e-10
16775.0  3.57074e-10
16780.0  3.47616e-10
16785.0  3.37268e-10
16790.0  3.27246e-10
16795.0  3.19934e-10
16800.0  3.16851e-10
16805.0  3.18646e-10
16810.0  3.2503e-10
16815.0  3.34772e-10
16820.0  3.45982e-10
16825.0  3.56527e-10
16830.0  3.6453e-10
16835.0  3.68737e-10
16840.0  3.68658e-10
16845.0  3.64839e-10
16850.0  3.5907e-10
16855.0  3.53444e-10
16860.0  3.49742e-10
16865.0  3.49331e-10
16870.0  3.52715e-10
16875.0  3.58996e-10
16880.0  3.66263e-10
16885.0  3.72395e-10
16890.0  3.75504e-10
16895.0  3.74393e-10
16900.0  3.68885e-10
16905.0  3.59855e-10
16910.0  3.49022e-10
16915.0  3.38501e-10
16920.0  3.30304e-10
16925.0  3.25792e-10
16930.0  3.2512e-10
16935.0  3.28337e-10
16940.0  3.33753e-10
16945.0  3.38964e-10
16950.0  3.42323e-10
16955.0  3.42429e-10
16960.0  3.38822e-10
16965.0  3.32064e-10
16970.0  3.23581e-10
16975.0  3.15286e-10
16980.0  3.09087e-10
16985.0  3.06405e-10
16990.0  3.07805e-10
16995.0  3.12841e-10
17000.0  3.20151e-10
17005.0  3.27765e-10
17010.0  3.33642e-10
17015.0  3.36191e-10
17020.0  3.34695e-10
17025.0  3.29468e-10
17030.0  3.21749e-10
17035.0  3.1334e-10
17040.0  3.06115e-10
17045.0  3.01553e-10
17050.0  3.00385e-10
17055.0  3.02472e-10
17060.0  3.06854e-10
17065.0  3.12024e-10
17070.0  3.16306e-10
17075.0  3.183e-10
17080.0  3.17234e-10
17085.0  3.13306e-10
17090.0  3.07217e-10
17095.0  3.00327e-10
17100.0  2.94572e-10
17105.0  2.9128e-10
17110.0  2.91304e-10
17115.0  2.94772e-10
17120.0  3.01065e-10
17125.0  3.09008e-10
17130.0  3.1715e-10
17135.0  3.24117e-10
17140.0  3.28889e-10
17145.0  3.31013e-10
17150.0  3.3062e-10
17155.0  3.28322e-10
17160.0  3.24976e-10
17165.0  3.21444e-10
17170.0  3.18372e-10
17175.0  3.16044e-10
17180.0  3.14399e-10
17185.0  3.13113e-10
17190.0  3.11768e-10
17195.0  3.10026e-10
17200.0  3.0776e-10
17205.0  3.05125e-10
17210.0  3.02517e-10
17215.0  3.00475e-10
17220.0  2.99503e-10
17225.0  2.99935e-10
17230.0  3.01812e-10
17235.0  3.04847e-10
17240.0  3.08496e-10
17245.0  3.12159e-10
17250.0  3.1492e-10
17255.0  3.16287e-10
17260.0  3.16215e-10
17265.0  3.14675e-10
17270.0  3.12043e-10
17275.0  3.08874e-10
17280.0  3.0577e-10
17285.0  3.03247e-10
17290.0  3.01645e-10
17295.0  3.01027e-10
17300.0  3.0105e-10
17305.0  3.01078e-10
17310.0  3.00741e-10
17315.0  2.99784e-10
17320.0  2.97958e-10
17325.0  2.95261e-10
17330.0  2.92038e-10
17335.0  2.88672e-10
17340.0  2.85289e-10
17345.0  2.81929e-10
17350.0  2.78614e-10
17355.0  2.75299e-10
17360.0  2.71932e-10
17365.0  2.68547e-10
17370.0  2.65312e-10
17375.0  2.62563e-10
17380.0  2.60767e-10
17385.0  2.6045e-10
17390.0  2.62074e-10
17395.0  2.65919e-10
17400.0  2.72181e-10
17405.0  2.80328e-10
17410.0  2.89114e-10
17415.0  2.97328e-10
17420.0  3.03959e-10
17425.0  3.08022e-10
17430.0  3.08668e-10
17435.0  3.05884e-10
17440.0  3.00441e-10
17445.0  2.93184e-10
17450.0  2.85183e-10
17455.0  2.77621e-10
17460.0  2.71612e-10
17465.0  2.68013e-10
17470.0  2.67243e-10
17475.0  2.69195e-10
17480.0  2.73287e-10
17485.0  2.786e-10
17490.0  2.8406e-10
17495.0  2.88663e-10
17500.0  2.91678e-10
17505.0  2.9279e-10
17510.0  2.92117e-10
17515.0  2.90145e-10
17520.0  2.87606e-10
17525.0  2.85334e-10
17530.0  2.84083e-10
17535.0  2.84366e-10
17540.0  2.86364e-10
17545.0  2.89866e-10
17550.0  2.94302e-10
17555.0  2.98879e-10
17560.0  3.02729e-10
17565.0  3.05056e-10
17570.0  3.0553e-10
17575.0  3.03895e-10
17580.0  2.99933e-10
17585.0  2.94675e-10
17590.0  2.88886e-10
17595.0  2.83296e-10
17600.0  2.78768e-10
17605.0  2.75951e-10
17610.0  2.752e-10
17615.0  2.76488e-10
17620.0  2.79401e-10
17625.0  2.832e-10
17630.0  2.86933e-10
17635.0  2.89617e-10
17640.0  2.9045e-10
17645.0  2.88982e-10
17650.0  2.85223e-10
17655.0  2.7966e-10
17660.0  2.73194e-10
17665.0  2.66979e-10
17670.0  2.62184e-10
17675.0  2.59757e-10
17680.0  2.60256e-10
17685.0  2.6371e-10
17690.0  2.69596e-10
17695.0  2.76939e-10
17700.0  2.84467e-10
17705.0  2.90829e-10
17710.0  2.94841e-10
17715.0  2.95696e-10
17720.0  2.93139e-10
17725.0  2.8751e-10
17730.0  2.79751e-10
17735.0  2.71209e-10
17740.0  2.63119e-10
17745.0  2.57519e-10
17750.0  2.55729e-10
17755.0  2.57548e-10
17760.0  2.63076e-10
17765.0  2.71571e-10
17770.0  2.8163e-10
17775.0  2.91626e-10
17780.0  2.99956e-10
17785.0  3.05364e-10
17790.0  3.07165e-10
17795.0  3.05352e-10
17800.0  3.00577e-10
17805.0  2.94001e-10
17810.0  2.87084e-10
17815.0  2.8128e-10
17820.0  2.77788e-10
17825.0  2.77341e-10
17830.0  2.80042e-10
17835.0  2.85335e-10
17840.0  2.92098e-10
17845.0  2.98875e-10
17850.0  3.04177e-10
17855.0  3.06819e-10
17860.0  3.06173e-10
17865.0  3.02242e-10
17870.0  2.95645e-10
17875.0  2.87469e-10
17880.0  2.79014e-10
17885.0  2.71533e-10
17890.0  2.66042e-10
17895.0  2.632e-10
17900.0  2.6325e-10
17905.0  2.65991e-10
17910.0  2.70802e-10
17915.0  2.76735e-10
17920.0  2.82665e-10
17925.0  2.8747e-10
17930.0  2.90268e-10
17935.0  2.90584e-10
17940.0  2.884e-10
17945.0  2.8414e-10
17950.0  2.7855e-10
17955.0  2.72502e-10
17960.0  2.66831e-10
17965.0  2.62206e-10
17970.0  2.59075e-10
17975.0  2.57644e-10
17980.0  2.57904e-10
17985.0  2.59657e-10
17990.0  2.62541e-10
17995.0  2.6607e-10
18000.0  2.69691e-10
18005.0  2.7289e-10
18010.0  2.75282e-10
18015.0  2.7669e-10
18020.0  2.77161e-10
18025.0  2.76941e-10
18030.0  2.7642e-10
18035.0  2.76038e-10
18040.0  2.76165e-10
18045.0  2.77035e-10
18050.0  2.787e-10
18055.0  2.81019e-10
18060.0  2.83697e-10
18065.0  2.86327e-10
18070.0  2.88475e-10
18075.0  2.89732e-10
18080.0  2.8978e-10
18085.0  2.88586e-10
18090.0  2.86054e-10
18095.0  2.82132e-10
18100.0  2.77437e-10
18105.0  2.71593e-10
18110.0  2.64513e-10
18115.0  2.57376e-10
18120.0  2.51509e-10
18125.0  2.48009e-10
18130.0  2.47677e-10
18135.0  2.50933e-10
18140.0  2.57628e-10
18145.0  2.66231e-10
18150.0  2.71781e-10
18155.0  2.71785e-10
18160.0  2.71244e-10
18165.0  2.71064e-10
18170.0  2.70728e-10
18175.0  2.70425e-10
18180.0  2.70126e-10
18185.0  2.69822e-10
18190.0  2.6952e-10
18195.0  2.69218e-10
18200.0  2.68914e-10
18205.0  2.68614e-10
18210.0  2.68311e-10
18215.0  2.68008e-10
18220.0  2.67708e-10
18225.0  2.67406e-10
18230.0  2.67105e-10
18235.0  2.66802e-10
18240.0  2.66502e-10
18245.0  2.66199e-10
18250.0  2.659e-10
18255.0  2.656e-10
18260.0  2.653e-10
18265.0  2.64997e-10
18270.0  2.64697e-10
18275.0  2.64398e-10
18280.0  2.64098e-10
18285.0  2.63799e-10
18290.0  2.63499e-10
18295.0  2.632e-10
18300.0  2.62903e-10
18305.0  2.62604e-10
18310.0  2.62304e-10
18315.0  2.62005e-10
18320.0  2.61707e-10
18325.0  2.61409e-10
18330.0  2.61109e-10
18335.0  2.60812e-10
18340.0  2.60514e-10
18345.0  2.60217e-10
18350.0  2.59921e-10
18355.0  2.59622e-10
18360.0  2.59326e-10
18365.0  2.59029e-10
18370.0  2.5873e-10
18375.0  2.58434e-10
18380.0  2.58138e-10
18385.0  2.57842e-10
18390.0  2.57545e-10
18395.0  2.57249e-10
18400.0  2.56954e-10
18405.0  2.56658e-10
18410.0  2.56362e-10
18415.0  2.56066e-10
18420.0  2.55772e-10
18425.0  2.55477e-10
18430.0  2.55181e-10
18435.0  2.54888e-10
18440.0  2.54592e-10
18445.0  2.54297e-10
18450.0  2.54004e-10
18455.0  2.53711e-10
18460.0  2.53416e-10
18465.0  2.53122e-10
18470.0  2.52827e-10
18475.0  2.52534e-10
18480.0  2.52242e-10
18485.0  2.51949e-10
18490.0  2.51654e-10
18495.0  2.51361e-10
18500.0  2.51069e-10
18505.0  2.50776e-10
18510.0  2.50484e-10
18515.0  2.50192e-10
18520.0  2.499e-10
18525.0  2.4961e-10
18530.0  2.49318e-10
18535.0  2.49025e-10
18540.0  2.48733e-10
18545.0  2.48444e-10
18550.0  2.48152e-10
18555.0  2.4786e-10
18560.0  2.4757e-10
18565.0  2.47279e-10
18570.0  2.4699e-10
18575.0  2.467e-10
18580.0  2.46409e-10
18585.0  2.46119e-10
18590.0  2.4583e-10
18595.0  2.45538e-10
18600.0  2.4525e-10
18605.0  2.4496e-10
18610.0  2.44671e-10
18615.0  2.44383e-10
18620.0  2.44094e-10
18625.0  2.43805e-10
18630.0  2.43516e-10
18635.0  2.43227e-10
18640.0  2.42939e-10
18645.0  2.4265e-10
18650.0  2.42362e-10
18655.0  2.42075e-10
18660.0  2.41787e-10
18665.0  2.41498e-10
18670.0  2.41213e-10
18675.0  2.40925e-10
18680.0  2.40639e-10
18685.0  2.4035e-10
18690.0  2.40064e-10
18695.0  2.39777e-10
18700.0  2.39491e-10
18705.0  2.39206e-10
18710.0  2.3892e-10
18715.0  2.38632e-10
18720.0  2.38347e-10
18725.0  2.38061e-10
18730.0  2.37776e-10
18735.0  2.37491e-10
18740.0  2.37205e-10
18745.0  2.36921e-10
18750.0  2.36635e-10
18755.0  2.3635e-10
18760.0  2.36065e-10
18765.0  2.35783e-10
18770.0  2.35498e-10
18775.0  2.35213e-10
18780.0  2.34928e-10
18785.0  2.34645e-10
18790.0  2.34361e-10
18795.0  2.34079e-10
18800.0  2.33794e-10
18805.0  2.33512e-10
18810.0  2.33228e-10
18815.0  2.32945e-10
18820.0  2.32664e-10
18825.0  2.32379e-10
18830.0  2.32097e-10
18835.0  2.31815e-10
18840.0  2.31534e-10
18845.0  2.31252e-10
18850.0  2.30967e-10
18855.0  2.30686e-10
18860.0  2.30404e-10
18865.0  2.30123e-10
18870.0  2.29844e-10
18875.0  2.29563e-10
18880.0  2.29281e-10
18885.0  2.29e-10
18890.0  2.28718e-10
18895.0  2.2844e-10
18900.0  2.28158e-10
18905.0  2.27877e-10
18910.0  2.27599e-10
18915.0  2.27318e-10
18920.0  2.27039e-10
18925.0  2.26758e-10
18930.0  2.26479e-10
18935.0  2.26199e-10
18940.0  2.2592e-10
18945.0  2.25642e-10
18950.0  2.25361e-10
18955.0  2.25082e-10
18960.0  2.24804e-10
18965.0  2.24526e-10
18970.0  2.24249e-10
18975.0  2.2397e-10
18980.0  2.23693e-10
18985.0  2.23415e-10
18990.0  2.23137e-10
18995.0  2.22858e-10
19000.0  2.22581e-10
19005.0  2.22303e-10
19010.0  2.22026e-10
19015.0  2.2175e-10
19020.0  2.21473e-10
19025.0  2.21195e-10
19030.0  2.2092e-10
19035.0  2.20642e-10
19040.0  2.20367e-10
19045.0  2.2009e-10
19050.0  2.19815e-10
19055.0  2.19538e-10
19060.0  2.19263e-10
19065.0  2.18988e-10
19070.0  2.18711e-10
19075.0  2.18436e-10
19080.0  2.18162e-10
19085.0  2.17887e-10
19090.0  2.1761e-10
19095.0  2.17335e-10
19100.0  2.1706e-10
19105.0  2.16786e-10
19110.0  2.16512e-10
19115.0  2.16237e-10
19120.0  2.15963e-10
19125.0  2.15692e-10
19130.0  2.15418e-10
19135.0  2.15144e-10
19140.0  2.1487e-10
19145.0  2.14598e-10
19150.0  2.14324e-10
19155.0  2.1405e-10
19160.0  2.13778e-10
19165.0  2.13505e-10
19170.0  2.13233e-10
19175.0  2.1296e-10
19180.0  2.12688e-10
19185.0  2.12415e-10
19190.0  2.12143e-10
19195.0  2.11872e-10
19200.0  2.11601e-10
19205.0  2.11328e-10
19210.0  2.11057e-10
19215.0  2.10786e-10
19220.0  2.10515e-10
19225.0  2.10245e-10
19230.0  2.09974e-10
19235.0  2.09703e-10
19240.0  2.09432e-10
19245.0  2.09161e-10
19250.0  2.08891e-10
19255.0  2.0862e-10
19260.0  2.0835e-10
19265.0  2.08082e-10
19270.0  2.07811e-10
19275.0  2.07541e-10
19280.0  2.07273e-10
19285.0  2.07003e-10
19290.0  2.06732e-10
19295.0  2.06464e-10
19300.0  2.06194e-10
19305.0  2.05927e-10
19310.0  2.05658e-10
19315.0  2.05384e-10
19320.0  2.05125e-10
19325.0  2.04869e-10
19330.0  2.04514e-10
19335.0  2.04382e-10
19340.0  2.04239e-10
19345.0  2.01774e-10
19350.0  1.97448e-10
19355.0  1.94123e-10
19360.0  1.92322e-10
19365.0  1.92041e-10
19370.0  1.93563e-10
19375.0  1.96823e-10
19380.0  2.01489e-10
19385.0  2.07076e-10
19390.0  2.12961e-10
19395.0  2.18511e-10
19400.0  2.23147e-10
19405.0  2.26439e-10
19410.0  2.283e-10
19415.0  2.28826e-10
19420.0  2.27936e-10
19425.0  2.25961e-10
19430.0  2.23552e-10
19435.0  2.20964e-10
19440.0  2.18361e-10
19445.0  2.15946e-10
19450.0  2.13815e-10
19455.0  2.11966e-10
19460.0  2.10338e-10
19465.0  2.08821e-10
19470.0  2.07296e-10
19475.0  2.0567e-10
19480.0  2.03874e-10
19485.0  2.01894e-10
19490.0  1.99772e-10
19495.0  1.976e-10
19500.0  1.95507e-10
19505.0  1.93637e-10
19510.0  1.92144e-10
19515.0  1.91179e-10
19520.0  1.90882e-10
19525.0  1.91381e-10
19530.0  1.92762e-10
19535.0  1.95037e-10
19540.0  1.98091e-10
19545.0  2.01699e-10
19550.0  2.05531e-10
19555.0  2.09231e-10
19560.0  2.12487e-10
19565.0  2.15062e-10
19570.0  2.16825e-10
19575.0  2.17757e-10
19580.0  2.17969e-10
19585.0  2.17654e-10
19590.0  2.17029e-10
19595.0  2.16252e-10
19600.0  2.15401e-10
19605.0  2.14461e-10
19610.0  2.13352e-10
19615.0  2.12009e-10
19620.0  2.10389e-10
19625.0  2.08389e-10
19630.0  2.06042e-10
19635.0  2.0357e-10
19640.0  2.01163e-10
19645.0  1.98984e-10
19650.0  1.97231e-10
19655.0  1.9606e-10
19660.0  1.95539e-10
19665.0  1.95659e-10
19670.0  1.96321e-10
19675.0  1.97359e-10
19680.0  1.98569e-10
19685.0  1.99752e-10
19690.0  2.00729e-10
19695.0  2.01379e-10
19700.0  2.01646e-10
19705.0  2.01553e-10
19710.0  2.01189e-10
19715.0  2.00703e-10
19720.0  2.00278e-10
19725.0  2.00091e-10
19730.0  2.00291e-10
19735.0  2.0097e-10
19740.0  2.02131e-10
19745.0  2.03697e-10
19750.0  2.05498e-10
19755.0  2.07301e-10
19760.0  2.08834e-10
19765.0  2.09829e-10
19770.0  2.10051e-10
19775.0  2.0934e-10
19780.0  2.07644e-10
19785.0  2.05029e-10
19790.0  2.01688e-10
19795.0  1.97922e-10
19800.0  1.94096e-10
19805.0  1.9061e-10
19810.0  1.8782e-10
19815.0  1.86013e-10
19820.0  1.85368e-10
19825.0  1.85864e-10
19830.0  1.87329e-10
19835.0  1.89653e-10
19840.0  1.92544e-10
19845.0  1.95431e-10
19850.0  1.97892e-10
19855.0  1.99635e-10
19860.0  2.00387e-10
19865.0  1.99989e-10
19870.0  1.98437e-10
19875.0  1.9587e-10
19880.0  1.92547e-10
19885.0  1.88824e-10
19890.0  1.85093e-10
19895.0  1.81743e-10
19900.0  1.79107e-10
19905.0  1.7742e-10
19910.0  1.76812e-10
19915.0  1.77278e-10
19920.0  1.78703e-10
19925.0  1.80878e-10
19930.0  1.83534e-10
19935.0  1.86369e-10
19940.0  1.8908e-10
19945.0  1.91401e-10
19950.0  1.93118e-10
19955.0  1.94099e-10
19960.0  1.94302e-10
19965.0  1.93771e-10
19970.0  1.92641e-10
19975.0  1.91108e-10
19980.0  1.89413e-10
19985.0  1.87834e-10
19990.0  1.86642e-10
19995.0  1.86088e-10
20000.0  1.86355e-10
20005.0  1.87505e-10
20010.0  1.89396e-10
20015.0  1.91665e-10
20020.0  1.93782e-10
20025.0  1.95246e-10
20030.0  1.95685e-10
20035.0  1.94939e-10
20040.0  1.93066e-10
20045.0  1.90253e-10
20050.0  1.86706e-10
20055.0  1.82858e-10
20060.0  1.79379e-10
20065.0  1.76697e-10
20070.0  1.74994e-10
20075.0  1.74287e-10
20080.0  1.74502e-10
20085.0  1.75519e-10
20090.0  1.77247e-10
20095.0  1.79638e-10
20100.0  1.82666e-10
20105.0  1.86321e-10
20110.0  1.90558e-10
20115.0  1.95271e-10
20120.0  2.00274e-10
20125.0  2.04114e-10
20130.0  2.01461e-10
20135.0  2.02639e-10
20140.0  2.03541e-10
20145.0  2.03886e-10
20150.0  2.04564e-10
20155.0  2.04724e-10
20160.0  2.03245e-10
20165.0  2.02017e-10
20170.0  2.02857e-10
20175.0  1.97961e-10
20180.0  1.91764e-10
20185.0  1.90422e-10
20190.0  1.87662e-10
20195.0  1.84002e-10
20200.0  1.82036e-10
20205.0  1.8042e-10
20210.0  1.79955e-10
20215.0  1.78605e-10
20220.0  1.75925e-10
20225.0  1.76654e-10
20230.0  1.77976e-10
20235.0  1.79085e-10
20240.0  1.78291e-10
20245.0  1.78281e-10
20250.0  1.78436e-10
20255.0  1.79333e-10
20260.0  1.78798e-10
20265.0  1.78563e-10
20270.0  1.78153e-10
20275.0  1.77454e-10
20280.0  1.77549e-10
20285.0  1.77144e-10
20290.0  1.76095e-10
20295.0  1.74889e-10
20300.0  1.7379e-10
20305.0  1.73868e-10
20310.0  1.75883e-10
20315.0  1.76959e-10
20320.0  1.7737e-10
20325.0  1.77948e-10
20330.0  1.78441e-10
20335.0  1.79557e-10
20340.0  1.78986e-10
20345.0  1.77764e-10
20350.0  1.76778e-10
20355.0  1.76146e-10
20360.0  1.7509e-10
20365.0  1.73853e-10
20370.0  1.72599e-10
20375.0  1.71415e-10
20380.0  1.70092e-10
20385.0  1.69602e-10
20390.0  1.7039e-10
20395.0  1.71194e-10
20400.0  1.72806e-10
20405.0  1.74948e-10
20410.0  1.74823e-10
20415.0  1.75406e-10
20420.0  1.76208e-10
20425.0  1.76907e-10
20430.0  1.77249e-10
20435.0  1.77034e-10
20440.0  1.76556e-10
20445.0  1.75556e-10
20450.0  1.73402e-10
20455.0  1.7186e-10
20460.0  1.70442e-10
20465.0  1.68993e-10
20470.0  1.67638e-10
20475.0  1.67042e-10
20480.0  1.66536e-10
20485.0  1.66191e-10
20490.0  1.66971e-10
20495.0  1.68025e-10
20500.0  1.69227e-10
20505.0  1.71371e-10
20510.0  1.73242e-10
20515.0  1.73783e-10
20520.0  1.74281e-10
20525.0  1.73823e-10
20530.0  1.73324e-10
20535.0  1.72896e-10
20540.0  1.71557e-10
20545.0  1.69647e-10
20550.0  1.67846e-10
20555.0  1.66029e-10
20560.0  1.64227e-10
20565.0  1.63664e-10
20570.0  1.63676e-10
20575.0  1.63748e-10
20580.0  1.64507e-10
20585.0  1.64645e-10
20590.0  1.66349e-10
20595.0  1.68932e-10
20600.0  1.71268e-10
20605.0  1.7308e-10
20610.0  1.75347e-10
20615.0  1.78239e-10
20620.0  1.79414e-10
20625.0  1.79941e-10
20630.0  1.80703e-10
20635.0  1.80024e-10
20640.0  1.79604e-10
20645.0  1.7885e-10
20650.0  1.78249e-10
20655.0  1.7755e-10
20660.0  1.76834e-10
20665.0  1.75378e-10
20670.0  1.72941e-10
20675.0  1.71677e-10
20680.0  1.70524e-10
20685.0  1.69788e-10
20690.0  1.69891e-10
20695.0  1.6939e-10
20700.0  1.67915e-10
20705.0  1.66812e-10
20710.0  1.6711e-10
20715.0  1.67166e-10
20720.0  1.67296e-10
20725.0  1.6667e-10
20730.0  1.66536e-10
20735.0  1.66189e-10
20740.0  1.65265e-10
20745.0  1.64973e-10
20750.0  1.64568e-10
20755.0  1.63872e-10
20760.0  1.63282e-10
20765.0  1.62721e-10
20770.0  1.61608e-10
20775.0  1.61413e-10
20780.0  1.61774e-10
20785.0  1.60811e-10
20790.0  1.59939e-10
20795.0  1.58857e-10
20800.0  1.57412e-10
20805.0  1.56663e-10
20810.0  1.56335e-10
20815.0  1.56465e-10
20820.0  1.56725e-10
20825.0  1.57228e-10
20830.0  1.57477e-10
20835.0  1.57842e-10
20840.0  1.58257e-10
20845.0  1.58215e-10
20850.0  1.59576e-10
20855.0  1.60429e-10
20860.0  1.61009e-10
20865.0  1.62255e-10
20870.0  1.62698e-10
20875.0  1.62894e-10
20880.0  1.62657e-10
20885.0  1.62066e-10
20890.0  1.61341e-10
20895.0  1.60728e-10
20900.0  1.60248e-10
20905.0  1.59668e-10
20910.0  1.58394e-10
20915.0  1.56587e-10
20920.0  1.54588e-10
20925.0  1.53931e-10
20930.0  1.54157e-10
20935.0  1.54017e-10
20940.0  1.54333e-10
20945.0  1.53426e-10
20950.0  1.52749e-10
20955.0  1.52795e-10
20960.0  1.52391e-10
20965.0  1.52024e-10
20970.0  1.52107e-10
20975.0  1.52257e-10
20980.0  1.51843e-10
20985.0  1.52217e-10
20990.0  1.52292e-10
20995.0  1.50701e-10
21000.0  1.49817e-10
21005.0  1.4914e-10
21010.0  1.48244e-10
21015.0  1.47602e-10
21020.0  1.47246e-10
21025.0  1.45357e-10
21030.0  1.4443e-10
21035.0  1.44935e-10
21040.0  1.45065e-10
21045.0  1.45126e-10
21050.0  1.45101e-10
21055.0  1.45394e-10
21060.0  1.44676e-10
21065.0  1.43152e-10
21070.0  1.44761e-10
21075.0  1.47523e-10
21080.0  1.48792e-10
21085.0  1.49079e-10
21090.0  1.48259e-10
21095.0  1.4737e-10
21100.0  1.47407e-10
21105.0  1.4817e-10
21110.0  1.48269e-10
21115.0  1.48397e-10
21120.0  1.48606e-10
21125.0  1.48359e-10
21130.0  1.48373e-10
21135.0  1.4875e-10
21140.0  1.49483e-10
21145.0  1.50454e-10
21150.0  1.51734e-10
21155.0  1.53102e-10
21160.0  1.54022e-10
21165.0  1.54391e-10
21170.0  1.54695e-10
21175.0  1.55954e-10
21180.0  1.56862e-10
21185.0  1.57913e-10
21190.0  1.57533e-10
21195.0  1.552e-10
21200.0  1.538e-10
21205.0  1.52454e-10
21210.0  1.50046e-10
21215.0  1.47989e-10
21220.0  1.47262e-10
21225.0  1.46414e-10
21230.0  1.45538e-10
21235.0  1.45022e-10
21240.0  1.44699e-10
21245.0  1.45177e-10
21250.0  1.45667e-10
21255.0  1.45862e-10
21260.0  1.46333e-10
21265.0  1.46914e-10
21270.0  1.48071e-10
21275.0  1.49494e-10
21280.0  1.50826e-10
21285.0  1.50337e-10
21290.0  1.49916e-10
21295.0  1.4954e-10
21300.0  1.48619e-10
21305.0  1.48312e-10
21310.0  1.48583e-10
21315.0  1.47948e-10
21320.0  1.47459e-10
21325.0  1.47415e-10
21330.0  1.47219e-10
21335.0  1.47519e-10
21340.0  1.48251e-10
21345.0  1.49035e-10
21350.0  1.49865e-10
21355.0  1.50002e-10
21360.0  1.49926e-10
21365.0  1.51149e-10
21370.0  1.51954e-10
21375.0  1.51713e-10
21380.0  1.51472e-10
21385.0  1.5159e-10
21390.0  1.50627e-10
21395.0  1.49192e-10
21400.0  1.48398e-10
21405.0  1.46981e-10
21410.0  1.45044e-10
21415.0  1.43788e-10
21420.0  1.42264e-10
21425.0  1.40721e-10
21430.0  1.39551e-10
21435.0  1.38983e-10
21440.0  1.38974e-10
21445.0  1.39442e-10
21450.0  1.40194e-10
21455.0  1.40806e-10
21460.0  1.41914e-10
21465.0  1.43137e-10
21470.0  1.43944e-10
21475.0  1.44916e-10
21480.0  1.45525e-10
21485.0  1.44996e-10
21490.0  1.44515e-10
21495.0  1.44728e-10
21500.0  1.44935e-10
21505.0  1.4473e-10
21510.0  1.44364e-10
21515.0  1.43587e-10
21520.0  1.4223e-10
21525.0  1.41099e-10
21530.0  1.40074e-10
21535.0  1.39318e-10
21540.0  1.3919e-10
21545.0  1.39092e-10
21550.0  1.38687e-10
21555.0  1.38455e-10
21560.0  1.38444e-10
21565.0  1.38515e-10
21570.0  1.38927e-10
21575.0  1.39478e-10
21580.0  1.40316e-10
21585.0  1.41116e-10
21590.0  1.41626e-10
21595.0  1.42042e-10
21600.0  1.42095e-10
21605.0  1.41674e-10
21610.0  1.41034e-10
21615.0  1.40091e-10
21620.0  1.38731e-10
21625.0  1.37671e-10
21630.0  1.37117e-10
21635.0  1.37035e-10
21640.0  1.36055e-10
21645.0  1.33202e-10
21650.0  1.29527e-10
21655.0  1.25163e-10
21660.0  1.22593e-10
21665.0  1.23206e-10
21670.0  1.25399e-10
21675.0  1.27964e-10
21680.0  1.30472e-10
21685.0  1.3276e-10
21690.0  1.34399e-10
21695.0  1.34628e-10
21700.0  1.34763e-10
21705.0  1.35413e-10
21710.0  1.36633e-10
21715.0  1.37663e-10
21720.0  1.37847e-10
21725.0  1.37735e-10
21730.0  1.37588e-10
21735.0  1.37353e-10
21740.0  1.37432e-10
21745.0  1.37692e-10
21750.0  1.3715e-10
21755.0  1.35706e-10
21760.0  1.34442e-10
21765.0  1.34139e-10
21770.0  1.33895e-10
21775.0  1.33361e-10
21780.0  1.32471e-10
21785.0  1.31359e-10
21790.0  1.31771e-10
21795.0  1.33221e-10
21800.0  1.34087e-10
21805.0  1.34865e-10
21810.0  1.35908e-10
21815.0  1.36403e-10
21820.0  1.3556e-10
21825.0  1.34534e-10
21830.0  1.35429e-10
21835.0  1.37256e-10
21840.0  1.36787e-10
21845.0  1.36366e-10
21850.0  1.36943e-10
21855.0  1.35883e-10
21860.0  1.34546e-10
21865.0  1.33776e-10
21870.0  1.33526e-10
21875.0  1.33167e-10
21880.0  1.32222e-10
21885.0  1.31741e-10
21890.0  1.32145e-10
21895.0  1.32664e-10
21900.0  1.3303e-10
21905.0  1.33973e-10
21910.0  1.34836e-10
21915.0  1.35036e-10
21920.0  1.3518e-10
21925.0  1.35225e-10
21930.0  1.35025e-10
21935.0  1.34679e-10
21940.0  1.34322e-10
21945.0  1.33818e-10
21950.0  1.3337e-10
21955.0  1.31962e-10
21960.0  1.30256e-10
21965.0  1.28942e-10
21970.0  1.27652e-10
21975.0  1.26408e-10
21980.0  1.25631e-10
21985.0  1.25258e-10
21990.0  1.24214e-10
21995.0  1.2356e-10
22000.0  1.23731e-10
22005.0  1.23944e-10
22010.0  1.23844e-10
22015.0  1.24377e-10
22020.0  1.25195e-10
22025.0  1.25827e-10
22030.0  1.2632e-10
22035.0  1.26905e-10
22040.0  1.27423e-10
22045.0  1.27704e-10
22050.0  1.27859e-10
22055.0  1.27005e-10
22060.0  1.25355e-10
22065.0  1.2434e-10
22070.0  1.24502e-10
22075.0  1.25072e-10
22080.0  1.24943e-10
22085.0  1.24237e-10
22090.0  1.23777e-10
22095.0  1.24194e-10
22100.0  1.24717e-10
22105.0  1.2502e-10
22110.0  1.25108e-10
22115.0  1.25397e-10
22120.0  1.25716e-10
22125.0  1.26026e-10
22130.0  1.26373e-10
22135.0  1.26665e-10
22140.0  1.26778e-10
22145.0  1.26732e-10
22150.0  1.26532e-10
22155.0  1.25935e-10
22160.0  1.25099e-10
22165.0  1.24027e-10
22170.0  1.22623e-10
22175.0  1.21741e-10
22180.0  1.21029e-10
22185.0  1.20324e-10
22190.0  1.19491e-10
22195.0  1.18804e-10
22200.0  1.1827e-10
22205.0  1.17824e-10
22210.0  1.17736e-10
22215.0  1.18021e-10
22220.0  1.18755e-10
22225.0  1.1973e-10
22230.0  1.20946e-10
22235.0  1.22034e-10
22240.0  1.22908e-10
22245.0  1.23841e-10
22250.0  1.24922e-10
22255.0  1.2591e-10
22260.0  1.25911e-10
22265.0  1.25753e-10
22270.0  1.26291e-10
22275.0  1.26615e-10
22280.0  1.26555e-10
22285.0  1.2614e-10
22290.0  1.25329e-10
22295.0  1.2454e-10
22300.0  1.23683e-10
22305.0  1.22498e-10
22310.0  1.21329e-10
22315.0  1.20495e-10
22320.0  1.19998e-10
22325.0  1.19475e-10
22330.0  1.18962e-10
22335.0  1.18591e-10
22340.0  1.18718e-10
22345.0  1.18919e-10
22350.0  1.19076e-10
22355.0  1.19321e-10
22360.0  1.19892e-10
22365.0  1.20561e-10
22370.0  1.20828e-10
22375.0  1.20796e-10
22380.0  1.20696e-10
22385.0  1.20501e-10
22390.0  1.20557e-10
22395.0  1.20888e-10
22400.0  1.21167e-10
22405.0  1.21132e-10
22410.0  1.20879e-10
22415.0  1.20665e-10
22420.0  1.20388e-10
22425.0  1.19945e-10
22430.0  1.19977e-10
22435.0  1.20558e-10
22440.0  1.21134e-10
22445.0  1.21638e-10
22450.0  1.22187e-10
22455.0  1.23014e-10
22460.0  1.23991e-10
22465.0  1.2485e-10
22470.0  1.25638e-10
22475.0  1.25952e-10
22480.0  1.2619e-10
22485.0  1.2691e-10
22490.0  1.27373e-10
22495.0  1.27592e-10
22500.0  1.27432e-10
22505.0  1.26636e-10
22510.0  1.2549e-10
22515.0  1.24281e-10
22520.0  1.23054e-10
22525.0  1.21564e-10
22530.0  1.20297e-10
22535.0  1.19441e-10
22540.0  1.18409e-10
22545.0  1.17524e-10
22550.0  1.1732e-10
22555.0  1.17074e-10
22560.0  1.16883e-10
22565.0  1.17216e-10
22570.0  1.1763e-10
22575.0  1.1827e-10
22580.0  1.19003e-10
22585.0  1.19673e-10
22590.0  1.20196e-10
22595.0  1.20695e-10
22600.0  1.21095e-10
22605.0  1.21093e-10
22610.0  1.20429e-10
22615.0  1.19422e-10
22620.0  1.18469e-10
22625.0  1.16895e-10
22630.0  1.15481e-10
22635.0  1.15052e-10
22640.0  1.14704e-10
22645.0  1.13437e-10
22650.0  1.11931e-10
22655.0  1.10723e-10
22660.0  1.10179e-10
22665.0  1.10358e-10
22670.0  1.10302e-10
22675.0  1.10529e-10
22680.0  1.11635e-10
22685.0  1.12864e-10
22690.0  1.13667e-10
22695.0  1.1403e-10
22700.0  1.1454e-10
22705.0  1.1509e-10
22710.0  1.15077e-10
22715.0  1.14928e-10
22720.0  1.15055e-10
22725.0  1.14938e-10
22730.0  1.14211e-10
22735.0  1.13071e-10
22740.0  1.1187e-10
22745.0  1.10412e-10
22750.0  1.09042e-10
22755.0  1.07833e-10
22760.0  1.068e-10
22765.0  1.05974e-10
22770.0  1.05301e-10
22775.0  1.04927e-10
22780.0  1.0499e-10
22785.0  1.05582e-10
22790.0  1.06454e-10
22795.0  1.07398e-10
22800.0  1.08503e-10
22805.0  1.09872e-10
22810.0  1.10501e-10
22815.0  1.10969e-10
22820.0  1.13115e-10
22825.0  1.15177e-10
22830.0  1.16075e-10
22835.0  1.16433e-10
22840.0  1.16377e-10
22845.0  1.1594e-10
22850.0  1.14867e-10
22855.0  1.13705e-10
22860.0  1.12565e-10
22865.0  1.11212e-10
22870.0  1.09707e-10
22875.0  1.08189e-10
22880.0  1.06945e-10
22885.0  1.05747e-10
22890.0  1.04846e-10
22895.0  1.04464e-10
22900.0  1.04641e-10
22905.0  1.05009e-10
22910.0  1.05426e-10
22915.0  1.06509e-10
22920.0  1.08184e-10
22925.0  1.0959e-10
22930.0  1.10576e-10
22935.0  1.11427e-10
22940.0  1.12317e-10
22945.0  1.13606e-10
22950.0  1.14913e-10
22955.0  1.15335e-10
22960.0  1.14892e-10
22965.0  1.14226e-10
22970.0  1.13353e-10
22975.0  1.12121e-10
22980.0  1.10777e-10
22985.0  1.09398e-10
22990.0  1.07941e-10
22995.0  1.06506e-10
23000.0  1.05193e-10
23005.0  1.04105e-10
23010.0  1.03524e-10
23015.0  1.03401e-10
23020.0  1.0345e-10
23025.0  1.03665e-10
23030.0  1.04212e-10
23035.0  1.05136e-10
23040.0  1.06326e-10
23045.0  1.07553e-10
23050.0  1.08605e-10
23055.0  1.09537e-10
23060.0  1.10448e-10
23065.0  1.11152e-10
23070.0  1.11435e-10
23075.0  1.11426e-10
23080.0  1.11203e-10
23085.0  1.10738e-10
23090.0  1.09959e-10
23095.0  1.09147e-10
23100.0  1.08184e-10
23105.0  1.07042e-10
23110.0  1.05882e-10
23115.0  1.04952e-10
23120.0  1.04302e-10
23125.0  1.03548e-10
23130.0  1.02973e-10
23135.0  1.02655e-10
23140.0  1.02376e-10
23145.0  1.02184e-10
23150.0  1.02331e-10
23155.0  1.03084e-10
23160.0  1.03952e-10
23165.0  1.04697e-10
23170.0  1.05075e-10
23175.0  1.05308e-10
23180.0  1.05529e-10
23185.0  1.05734e-10
23190.0  1.05963e-10
23195.0  1.06022e-10
23200.0  1.05751e-10
23205.0  1.05275e-10
23210.0  1.04964e-10
23215.0  1.04686e-10
23220.0  1.04583e-10
23225.0  1.04258e-10
23230.0  1.03757e-10
23235.0  1.03574e-10
23240.0  1.03298e-10
23245.0  1.03331e-10
23250.0  1.03592e-10
23255.0  1.04045e-10
23260.0  1.04621e-10
23265.0  1.0536e-10
23270.0  1.06202e-10
23275.0  1.06931e-10
23280.0  1.07602e-10
23285.0  1.08181e-10
23290.0  1.08613e-10
23295.0  1.08813e-10
23300.0  1.0887e-10
23305.0  1.08837e-10
23310.0  1.08703e-10
23315.0  1.08263e-10
23320.0  1.07573e-10
23325.0  1.0676e-10
23330.0  1.05782e-10
23335.0  1.04815e-10
23340.0  1.03955e-10
23345.0  1.031e-10
23350.0  1.02235e-10
23355.0  1.01533e-10
23360.0  1.01302e-10
23365.0  1.0126e-10
23370.0  1.01086e-10
23375.0  1.00924e-10
23380.0  1.00535e-10
23385.0  1.00347e-10
23390.0  1.01177e-10
23395.0  1.01862e-10
23400.0  1.02159e-10
23405.0  1.0249e-10
23410.0  1.02512e-10
23415.0  1.02548e-10
23420.0  1.02499e-10
23425.0  1.02188e-10
23430.0  1.0148e-10
23435.0  1.00836e-10
23440.0  1.00226e-10
23445.0  9.98113e-11
23450.0  9.99181e-11
23455.0  9.98162e-11
23460.0  9.91947e-11
23465.0  9.89343e-11
23470.0  9.88734e-11
23475.0  9.89665e-11
23480.0  9.91958e-11
23485.0  9.92797e-11
23490.0  9.94845e-11
23495.0  1.00036e-10
23500.0  1.00696e-10
23505.0  1.01064e-10
23510.0  1.01504e-10
23515.0  1.02161e-10
23520.0  1.03134e-10
23525.0  1.03812e-10
23530.0  1.03291e-10
23535.0  1.02337e-10
23540.0  1.02152e-10
23545.0  1.01812e-10
23550.0  1.01201e-10
23555.0  1.0084e-10
23560.0  1.00465e-10
23565.0  9.97002e-11
23570.0  9.87787e-11
23575.0  9.79073e-11
23580.0  9.71166e-11
23585.0  9.65854e-11
23590.0  9.61851e-11
23595.0  9.54568e-11
23600.0  9.49357e-11
23605.0  9.44009e-11
23610.0  9.36317e-11
23615.0  9.31512e-11
23620.0  9.31166e-11
23625.0  9.31085e-11
23630.0  9.33294e-11
23635.0  9.38533e-11
23640.0  9.44686e-11
23645.0  9.46404e-11
23650.0  9.46097e-11
23655.0  9.48115e-11
23660.0  9.48331e-11
23665.0  9.50806e-11
23670.0  9.59817e-11
23675.0  9.71689e-11
23680.0  9.77095e-11
23685.0  9.81971e-11
23690.0  9.91078e-11
23695.0  9.93767e-11
23700.0  9.91681e-11
23705.0  9.96936e-11
23710.0  1.00883e-10
23715.0  1.01454e-10
23720.0  1.00726e-10
23725.0  9.96817e-11
23730.0  9.9395e-11
23735.0  9.92092e-11
23740.0  9.88767e-11
23745.0  9.8516e-11
23750.0  9.80259e-11
23755.0  9.76393e-11
23760.0  9.75549e-11
23765.0  9.79936e-11
23770.0  9.82188e-11
23775.0  9.77145e-11
23780.0  9.77632e-11
23785.0  9.80743e-11
23790.0  9.73744e-11
23795.0  9.67471e-11
23800.0  9.68568e-11
23805.0  9.68582e-11
23810.0  9.69931e-11
23815.0  9.69362e-11
23820.0  9.67776e-11
23825.0  9.67645e-11
23830.0  9.66495e-11
23835.0  9.66626e-11
23840.0  9.68427e-11
23845.0  9.62906e-11
23850.0  9.48971e-11
23855.0  9.40515e-11
23860.0  9.39788e-11
23865.0  9.34197e-11
23870.0  9.23998e-11
23875.0  9.2098e-11
23880.0  9.25552e-11
23885.0  9.29918e-11
23890.0  9.23982e-11
23895.0  9.16007e-11
23900.0  9.13657e-11
23905.0  9.16747e-11
23910.0  9.23335e-11
23915.0  9.33187e-11
23920.0  9.37965e-11
23925.0  9.33557e-11
23930.0  9.29009e-11
23935.0  9.25732e-11
23940.0  9.27387e-11
23945.0  9.33033e-11
23950.0  9.30827e-11
23955.0  9.20631e-11
23960.0  9.16164e-11
23965.0  9.19346e-11
23970.0  9.25027e-11
23975.0  9.17772e-11
23980.0  9.00528e-11
23985.0  8.88162e-11
23990.0  8.78686e-11
23995.0  8.69254e-11
24000.0  8.64384e-11
24005.0  8.65805e-11
24010.0  8.62178e-11
24015.0  8.57129e-11
24020.0  8.60905e-11
24025.0  8.63956e-11
24030.0  8.65013e-11
24035.0  8.72414e-11
24040.0  8.87906e-11
24045.0  9.04965e-11
24050.0  9.10054e-11
24055.0  9.12261e-11
24060.0  9.23671e-11
24065.0  9.38309e-11
24070.0  9.52547e-11
24075.0  9.69663e-11
24080.0  9.76428e-11
24085.0  9.58922e-11
24090.0  9.48386e-11
24095.0  9.54303e-11
24100.0  9.78113e-11
24105.0  9.73236e-11
24110.0  9.60588e-11
24115.0  9.45778e-11
24120.0  9.29589e-11
24125.0  9.12798e-11
24130.0  8.96209e-11
24135.0  8.80541e-11
24140.0  8.66384e-11
24145.0  8.54253e-11
24150.0  8.4446e-11
24155.0  8.37214e-11
24160.0  8.32559e-11
24165.0  8.303e-11
24170.0  8.30209e-11
24175.0  8.31875e-11
24180.0  8.34773e-11
24185.0  8.38383e-11
24190.0  8.42142e-11
24195.0  8.45513e-11
24200.0  8.48035e-11
24205.0  8.49375e-11
24210.0  8.49286e-11
24215.0  8.47635e-11
24220.0  8.44484e-11
24225.0  8.40035e-11
24230.0  8.34524e-11
24235.0  8.28323e-11
24240.0  8.21811e-11
24245.0  8.15449e-11
24250.0  8.09712e-11
24255.0  8.04961e-11
24260.0  8.01548e-11
24265.0  7.99659e-11
24270.0  7.99442e-11
24275.0  8.00922e-11
24280.0  8.04067e-11
24285.0  8.08668e-11
24290.0  8.14502e-11
24295.0  8.21207e-11
24300.0  8.2841e-11
24305.0  8.35672e-11
24310.0  8.4249e-11
24315.0  8.48491e-11
24320.0  8.53212e-11
24325.0  8.56298e-11
24330.0  8.57571e-11
24335.0  8.56854e-11
24340.0  8.54165e-11
24345.0  8.49637e-11
24350.0  8.43486e-11
24355.0  8.36124e-11
24360.0  8.27931e-11
24365.0  8.19442e-11
24370.0  8.11194e-11
24375.0  8.03646e-11
24380.0  7.97336e-11
24385.0  7.92615e-11
24390.0  7.89826e-11
24395.0  7.89185e-11
24400.0  7.90777e-11
24405.0  7.94622e-11
24410.0  8.00598e-11
24415.0  8.08536e-11
24420.0  8.18128e-11
24425.0  8.29028e-11
24430.0  8.40874e-11
24435.0  8.53167e-11
24440.0  8.65451e-11
24445.0  8.77233e-11
24450.0  8.88037e-11
24455.0  8.97374e-11
24460.0  9.04843e-11
24465.0  9.10123e-11
24470.0  9.12996e-11
24475.0  9.13353e-11
24480.0  9.11178e-11
24485.0  9.06664e-11
24490.0  9.00099e-11
24495.0  8.91827e-11
24500.0  8.82355e-11
24505.0  8.7217e-11
24510.0  8.61808e-11
24515.0  8.51825e-11
24520.0  8.42665e-11
24525.0  8.34696e-11
24530.0  8.28251e-11
24535.0  8.23494e-11
24540.0  8.20477e-11
24545.0  8.19035e-11
24550.0  8.1895e-11
24555.0  8.20089e-11
24560.0  8.223e-11
24565.0  8.25319e-11
24570.0  8.28541e-11
24575.0  8.31465e-11
24580.0  8.33788e-11
24585.0  8.35313e-11
24590.0  8.35824e-11
24595.0  8.35089e-11
24600.0  8.32985e-11
24605.0  8.29457e-11
24610.0  8.2456e-11
24615.0  8.18405e-11
24620.0  8.11149e-11
24625.0  8.0307e-11
24630.0  7.94513e-11
24635.0  7.8579e-11
24640.0  7.77294e-11
24645.0  7.69464e-11
24650.0  7.6265e-11
24655.0  7.57206e-11
24660.0  7.53471e-11
24665.0  7.51624e-11
24670.0  7.51877e-11
24675.0  7.5426e-11
24680.0  7.5876e-11
24685.0  7.65262e-11
24690.0  7.73539e-11
24695.0  7.83346e-11
24700.0  7.94306e-11
24705.0  8.06021e-11
24710.0  8.18066e-11
24715.0  8.30027e-11
24720.0  8.41431e-11
24725.0  8.51923e-11
24730.0  8.61122e-11
24735.0  8.68723e-11
24740.0  8.74545e-11
24745.0  8.78403e-11
24750.0  8.80244e-11
24755.0  8.80081e-11
24760.0  8.7804e-11
24765.0  8.7428e-11
24770.0  8.69042e-11
24775.0  8.62584e-11
24780.0  8.55224e-11
24785.0  8.47282e-11
24790.0  8.39064e-11
24795.0  8.30927e-11
24800.0  8.23092e-11
24805.0  8.15823e-11
24810.0  8.09302e-11
24815.0  8.03642e-11
24820.0  7.98922e-11
24825.0  7.95194e-11
24830.0  7.92402e-11
24835.0  7.90439e-11
24840.0  7.89189e-11
24845.0  7.88489e-11
24850.0  7.88205e-11
24855.0  7.88115e-11
24860.0  7.88061e-11
24865.0  7.87902e-11
24870.0  7.87532e-11
24875.0  7.86882e-11
24880.0  7.85939e-11
24885.0  7.84686e-11
24890.0  7.83177e-11
24895.0  7.81503e-11
24900.0  7.79843e-11
24905.0  7.78448e-11
24910.0  7.77466e-11
24915.0  7.77077e-11
24920.0  7.77392e-11
24925.0  7.78597e-11
24930.0  7.808e-11
24935.0  7.84023e-11
24940.0  7.88308e-11
24945.0  7.93599e-11
24950.0  7.99762e-11
24955.0  8.06699e-11
24960.0  8.14186e-11
24965.0  8.22025e-11
24970.0  8.29977e-11
24975.0  8.37814e-11
24980.0  8.45265e-11
24985.0  7.44685e-11
24990.0  1.06485e-11
24995.0  0.0
25000.0  0.0
