# Extracted from file: pickles_uk_75.fits
#SIMPLETrueFits standard
#BITPIX16Bits per pixel
#NAXIS0Number of axes
#EXTENDTrueFile may contain extensions
#DATE2007-01-11T21:02:23Date FITS file was generated
#IRAF-TLM16:02:39 (11/01/2007)Time of last modification
#COMMENT  FITS (Flexible Image Transport System) format is defined in 'Astronomy
#COMMENT  and Astrophysics', volume 376, page 359; bibcode: 2001A&A...376..359H
#ORIGINSTScI-STSDAS/TABLESTables version 2002-02-22
#FILENAMEpickles_uk_75.fitsname of file
#NEXTEND1number of extensions in file
#COMMENT1spectral type: G5III
#COMMENT2metallicity: rich
#COMMENT3original filename: ukrg5iii.dat
#HISTORY  File created by F.R.Boffi.
#HISTORY  SEDs from Pickles UVKLIB Library (1998, PASP 110, 863).
#HISTORY  Wavelength is in Angstrom.
#HISTORY  Fluxes are tabulated in units of erg/s/cm^2/A
#HISTORY  and were calculated by normalizing the original fluxes
#HISTORY  in the Pickles V band to a 0 magnitude in vegamag.
#HISTORY  In the vegamag system, Vega has magnitude zero in all passbands.
#HISTORY  Please refer to the SYNPHOT manual for further information.
#
#
#
#
#
#
#
#
#
#
#
#
#
#  
#Columns WAVELENGTH FLUX
#Units  angstroms flam
1150.0  0.0
1155.0  0.0
1160.0  0.0
1165.0  0.0
1170.0  0.0
1175.0  0.0
1180.0  0.0
1185.0  0.0
1190.0  0.0
1195.0  0.0
1200.0  0.0
1205.0  0.0
1210.0  0.0
1215.0  0.0
1220.0  0.0
1225.0  0.0
1230.0  0.0
1235.0  0.0
1240.0  0.0
1245.0  0.0
1250.0  0.0
1255.0  0.0
1260.0  0.0
1265.0  0.0
1270.0  0.0
1275.0  0.0
1280.0  0.0
1285.0  0.0
1290.0  0.0
1295.0  0.0
1300.0  0.0
1305.0  0.0
1310.0  0.0
1315.0  0.0
1320.0  0.0
1325.0  0.0
1330.0  0.0
1335.0  0.0
1340.0  0.0
1345.0  0.0
1350.0  0.0
1355.0  0.0
1360.0  0.0
1365.0  0.0
1370.0  0.0
1375.0  0.0
1380.0  0.0
1385.0  0.0
1390.0  0.0
1395.0  0.0
1400.0  0.0
1405.0  0.0
1410.0  0.0
1415.0  0.0
1420.0  0.0
1425.0  0.0
1430.0  0.0
1435.0  0.0
1440.0  0.0
1445.0  0.0
1450.0  0.0
1455.0  0.0
1460.0  0.0
1465.0  0.0
1470.0  0.0
1475.0  0.0
1480.0  0.0
1485.0  0.0
1490.0  0.0
1495.0  0.0
1500.0  0.0
1505.0  0.0
1510.0  0.0
1515.0  0.0
1520.0  0.0
1525.0  0.0
1530.0  0.0
1535.0  0.0
1540.0  0.0
1545.0  0.0
1550.0  0.0
1555.0  0.0
1560.0  0.0
1565.0  0.0
1570.0  0.0
1575.0  0.0
1580.0  0.0
1585.0  0.0
1590.0  0.0
1595.0  0.0
1600.0  0.0
1605.0  0.0
1610.0  0.0
1615.0  0.0
1620.0  0.0
1625.0  0.0
1630.0  0.0
1635.0  0.0
1640.0  0.0
1645.0  0.0
1650.0  0.0
1655.0  0.0
1660.0  0.0
1665.0  0.0
1670.0  0.0
1675.0  0.0
1680.0  0.0
1685.0  0.0
1690.0  0.0
1695.0  0.0
1700.0  0.0
1705.0  0.0
1710.0  0.0
1715.0  4.61824e-16
1720.0  3.22471e-15
1725.0  3.68385e-15
1730.0  3.68385e-15
1735.0  3.68385e-15
1740.0  3.22205e-15
1745.0  4.59162e-16
1750.0  0.0
1755.0  0.0
1760.0  0.0
1765.0  0.0
1770.0  0.0
1775.0  0.0
1780.0  0.0
1785.0  0.0
1790.0  0.0
1795.0  0.0
1800.0  9.23522e-16
1805.0  7.37281e-15
1810.0  1.47405e-14
1815.0  2.21082e-14
1820.0  2.90142e-14
1825.0  3.31572e-14
1830.0  3.59176e-14
1835.0  3.31522e-14
1840.0  2.85449e-14
1845.0  1.74883e-14
1850.0  2.29619e-15
1855.0  0.0
1860.0  0.0
1865.0  0.0
1870.0  0.0
1875.0  0.0
1880.0  0.0
1885.0  0.0
1890.0  0.0
1895.0  0.0
1900.0  1.10806e-14
1905.0  9.03172e-14
1910.0  1.91628e-13
1915.0  2.93852e-13
1920.0  3.87319e-13
1925.0  4.55448e-13
1930.0  4.84432e-13
1935.0  4.66897e-13
1940.0  3.85348e-13
1945.0  2.31496e-13
1950.0  3.03139e-14
1955.0  0.0
1960.0  0.0
1965.0  0.0
1970.0  0.0
1975.0  0.0
1980.0  0.0
1985.0  0.0
1990.0  0.0
1995.0  0.0
2000.0  1.57417e-13
2005.0  1.29575e-12
2010.0  2.85281e-12
2015.0  4.6502e-12
2020.0  6.6239e-12
2025.0  8.70809e-12
2030.0  1.0836e-11
2035.0  1.29394e-11
2040.0  1.49563e-11
2045.0  1.68165e-11
2050.0  1.84607e-11
2055.0  1.98503e-11
2060.0  2.10152e-11
2065.0  2.20171e-11
2070.0  2.29164e-11
2075.0  2.37757e-11
2080.0  2.46589e-11
2085.0  2.56218e-11
2090.0  2.67307e-11
2095.0  2.80465e-11
2100.0  2.96284e-11
2105.0  3.15083e-11
2110.0  3.36437e-11
2115.0  3.59678e-11
2120.0  3.84153e-11
2125.0  4.09125e-11
2130.0  4.33936e-11
2135.0  4.57862e-11
2140.0  4.80184e-11
2145.0  5.00269e-11
2150.0  5.17378e-11
2155.0  5.31108e-11
2160.0  5.41611e-11
2165.0  5.49212e-11
2170.0  5.54311e-11
2175.0  5.5734e-11
2180.0  5.58675e-11
2185.0  5.58689e-11
2190.0  5.57785e-11
2195.0  5.56386e-11
2200.0  5.54815e-11
2205.0  5.53424e-11
2210.0  5.5232e-11
2215.0  5.51505e-11
2220.0  5.50966e-11
2225.0  5.50773e-11
2230.0  5.50889e-11
2235.0  5.51335e-11
2240.0  5.52142e-11
2245.0  5.53293e-11
2250.0  5.5484e-11
2255.0  5.56788e-11
2260.0  5.59109e-11
2265.0  5.61803e-11
2270.0  5.64899e-11
2275.0  5.68398e-11
2280.0  5.72299e-11
2285.0  5.76576e-11
2290.0  5.81254e-11
2295.0  5.86339e-11
2300.0  5.91819e-11
2305.0  5.97589e-11
2310.0  6.0328e-11
2315.0  6.08451e-11
2320.0  6.12632e-11
2325.0  6.15375e-11
2330.0  6.16226e-11
2335.0  6.14673e-11
2340.0  6.10324e-11
2345.0  6.02651e-11
2350.0  5.91279e-11
2355.0  5.76164e-11
2360.0  5.58283e-11
2365.0  5.38974e-11
2370.0  5.19657e-11
2375.0  5.01719e-11
2380.0  4.86598e-11
2385.0  4.7566e-11
2390.0  4.7034e-11
2395.0  4.71997e-11
2400.0  4.81984e-11
2405.0  5.00984e-11
2410.0  5.27907e-11
2415.0  5.60986e-11
2420.0  5.98411e-11
2425.0  6.38377e-11
2430.0  6.79075e-11
2435.0  7.18671e-11
2440.0  7.55351e-11
2445.0  7.87281e-11
2450.0  8.1272e-11
2455.0  8.3056e-11
2460.0  8.41314e-11
2465.0  8.4611e-11
2470.0  8.46176e-11
2475.0  8.42679e-11
2480.0  8.36831e-11
2485.0  8.29863e-11
2490.0  8.22947e-11
2495.0  8.17311e-11
2500.0  8.14118e-11
2505.0  8.14188e-11
2510.0  8.17326e-11
2515.0  8.23009e-11
2520.0  8.30709e-11
2525.0  8.3985e-11
2530.0  8.4987e-11
2535.0  8.60193e-11
2540.0  8.70283e-11
2545.0  8.79539e-11
2550.0  8.87472e-11
2555.0  8.94014e-11
2560.0  9.00136e-11
2565.0  9.07282e-11
2570.0  9.16944e-11
2575.0  9.30646e-11
2580.0  9.49842e-11
2585.0  9.76005e-11
2590.0  1.01064e-10
2595.0  1.05522e-10
2600.0  1.11114e-10
2605.0  1.17896e-10
2610.0  1.25688e-10
2615.0  1.3423e-10
2620.0  1.43247e-10
2625.0  1.5247e-10
2630.0  1.61625e-10
2635.0  1.70443e-10
2640.0  1.78652e-10
2645.0  1.85979e-10
2650.0  1.92163e-10
2655.0  1.97023e-10
2660.0  2.00607e-10
2665.0  2.03046e-10
2670.0  2.04478e-10
2675.0  2.05041e-10
2680.0  2.04877e-10
2685.0  2.04122e-10
2690.0  2.02919e-10
2695.0  2.01407e-10
2700.0  1.9972e-10
2705.0  1.97973e-10
2710.0  1.96218e-10
2715.0  1.9448e-10
2720.0  1.92787e-10
2725.0  1.91163e-10
2730.0  1.89633e-10
2735.0  1.88222e-10
2740.0  1.86954e-10
2745.0  1.8586e-10
2750.0  1.84959e-10
2755.0  1.84266e-10
2760.0  1.83777e-10
2765.0  1.83469e-10
2770.0  1.83327e-10
2775.0  1.83336e-10
2780.0  1.8347e-10
2785.0  1.83715e-10
2790.0  1.84055e-10
2795.0  1.84469e-10
2800.0  1.84944e-10
2805.0  1.85529e-10
2810.0  1.86428e-10
2815.0  1.87903e-10
2820.0  1.90227e-10
2825.0  1.93666e-10
2830.0  1.98493e-10
2835.0  2.04977e-10
2840.0  2.13386e-10
2845.0  2.2399e-10
2850.0  2.37045e-10
2855.0  2.52635e-10
2860.0  2.70414e-10
2865.0  2.89873e-10
2870.0  3.10484e-10
2875.0  3.31715e-10
2880.0  3.53042e-10
2885.0  3.73936e-10
2890.0  3.93866e-10
2895.0  4.12307e-10
2900.0  4.28745e-10
2905.0  4.42796e-10
2910.0  4.54427e-10
2915.0  4.63734e-10
2920.0  4.70831e-10
2925.0  4.75829e-10
2930.0  4.78841e-10
2935.0  4.79977e-10
2940.0  4.79346e-10
2945.0  4.77067e-10
2950.0  4.73253e-10
2955.0  4.68092e-10
2960.0  4.61946e-10
2965.0  4.55244e-10
2970.0  4.48421e-10
2975.0  4.41915e-10
2980.0  4.36163e-10
2985.0  4.316e-10
2990.0  4.28663e-10
2995.0  4.27787e-10
3000.0  4.29394e-10
3005.0  4.3373e-10
3010.0  4.40589e-10
3015.0  4.49596e-10
3020.0  4.60362e-10
3025.0  4.72493e-10
3030.0  4.85595e-10
3035.0  4.99277e-10
3040.0  5.13148e-10
3045.0  5.26814e-10
3050.0  5.39893e-10
3055.0  5.52099e-10
3060.0  5.63392e-10
3065.0  5.73831e-10
3070.0  5.83484e-10
3075.0  5.92423e-10
3080.0  6.00713e-10
3085.0  6.0842e-10
3090.0  6.15612e-10
3095.0  6.22362e-10
3100.0  6.28735e-10
3105.0  6.34801e-10
3110.0  6.40635e-10
3115.0  6.46309e-10
3120.0  6.51904e-10
3125.0  6.57492e-10
3130.0  6.63151e-10
3135.0  6.68955e-10
3140.0  6.74984e-10
3145.0  6.81308e-10
3150.0  6.88006e-10
3155.0  6.9513e-10
3160.0  7.02685e-10
3165.0  7.10657e-10
3170.0  7.1903e-10
3175.0  7.27785e-10
3180.0  7.36911e-10
3185.0  7.46384e-10
3190.0  7.56195e-10
3195.0  7.66325e-10
3200.0  7.76755e-10
3205.0  7.87489e-10
3210.0  7.98542e-10
3215.0  8.09948e-10
3220.0  8.21741e-10
3225.0  8.33959e-10
3230.0  8.4663e-10
3235.0  8.5979e-10
3240.0  8.73476e-10
3245.0  8.8772e-10
3250.0  9.02546e-10
3255.0  9.1788e-10
3260.0  9.33399e-10
3265.0  9.48685e-10
3270.0  9.63307e-10
3275.0  9.76832e-10
3280.0  9.8883e-10
3285.0  9.98873e-10
3290.0  1.00653e-09
3295.0  1.01137e-09
3300.0  1.01299e-09
3305.0  1.01121e-09
3310.0  1.00644e-09
3315.0  9.99324e-10
3320.0  9.90531e-10
3325.0  9.80728e-10
3330.0  9.70576e-10
3335.0  9.60744e-10
3340.0  9.51898e-10
3345.0  9.44706e-10
3350.0  9.39807e-10
3355.0  9.37635e-10
3360.0  9.38054e-10
3365.0  9.40716e-10
3370.0  9.45253e-10
3375.0  9.51298e-10
3380.0  9.58477e-10
3385.0  9.66419e-10
3390.0  9.74759e-10
3395.0  9.83126e-10
3400.0  9.91161e-10
3405.0  9.98609e-10
3410.0  1.00548e-09
3415.0  1.01188e-09
3420.0  1.01795e-09
3425.0  1.0238e-09
3430.0  1.02956e-09
3435.0  1.03535e-09
3440.0  1.04131e-09
3445.0  1.04754e-09
3450.0  1.05418e-09
3455.0  1.06128e-09
3460.0  1.06879e-09
3465.0  1.07657e-09
3470.0  1.08449e-09
3475.0  1.09244e-09
3480.0  1.10027e-09
3485.0  1.10788e-09
3490.0  1.11512e-09
3495.0  1.11205e-09
3500.0  1.06323e-09
3505.0  1.07898e-09
3510.0  1.07165e-09
3515.0  1.08263e-09
3520.0  1.06115e-09
3525.0  1.01683e-09
3530.0  1.09855e-09
3535.0  1.22755e-09
3540.0  1.28855e-09
3545.0  1.25731e-09
3550.0  1.17789e-09
3555.0  1.11201e-09
3560.0  1.07221e-09
3565.0  9.41593e-10
3570.0  8.07787e-10
3575.0  7.85893e-10
3580.0  7.16094e-10
3585.0  7.23595e-10
3590.0  9.19878e-10
3595.0  1.15937e-09
3600.0  1.22701e-09
3605.0  1.0189e-09
3610.0  9.44133e-10
3615.0  1.05919e-09
3620.0  1.20676e-09
3625.0  1.28702e-09
3630.0  1.22589e-09
3635.0  1.24764e-09
3640.0  1.24128e-09
3645.0  1.16753e-09
3650.0  1.26795e-09
3655.0  1.43895e-09
3660.0  1.43161e-09
3665.0  1.45371e-09
3670.0  1.43312e-09
3675.0  1.36728e-09
3680.0  1.29427e-09
3685.0  1.29768e-09
3690.0  1.3597e-09
3695.0  1.42031e-09
3700.0  1.38681e-09
3705.0  1.30495e-09
3710.0  1.27952e-09
3715.0  1.22564e-09
3720.0  1.07563e-09
3725.0  1.04883e-09
3730.0  1.00023e-09
3735.0  8.86973e-10
3740.0  8.73772e-10
3745.0  8.56028e-10
3750.0  8.92573e-10
3755.0  1.03495e-09
3760.0  1.06899e-09
3765.0  1.14393e-09
3770.0  1.32466e-09
3775.0  1.49626e-09
3780.0  1.54425e-09
3785.0  1.42309e-09
3790.0  1.19193e-09
3795.0  1.09088e-09
3800.0  1.13913e-09
3805.0  1.22415e-09
3810.0  1.17296e-09
3815.0  9.42769e-10
3820.0  7.38441e-10
3825.0  6.53666e-10
3830.0  6.4308e-10
3835.0  6.6853e-10
3840.0  7.51912e-10
3845.0  8.59203e-10
3850.0  8.63361e-10
3855.0  7.99403e-10
3860.0  7.76874e-10
3865.0  8.28631e-10
3870.0  8.47903e-10
3875.0  9.02869e-10
3880.0  9.71831e-10
3885.0  1.09861e-09
3890.0  1.27993e-09
3895.0  1.39457e-09
3900.0  1.41468e-09
3905.0  1.46133e-09
3910.0  1.55133e-09
3915.0  1.50387e-09
3920.0  1.26273e-09
3925.0  9.59139e-10
3930.0  6.97232e-10
3935.0  6.76474e-10
3940.0  9.21077e-10
3945.0  1.22839e-09
3950.0  1.47037e-09
3955.0  1.48708e-09
3960.0  1.23064e-09
3965.0  8.93592e-10
3970.0  8.63682e-10
3975.0  1.26254e-09
3980.0  1.73033e-09
3985.0  1.98752e-09
3990.0  2.10244e-09
3995.0  2.17709e-09
4000.0  2.21851e-09
4005.0  2.2555e-09
4010.0  2.33762e-09
4015.0  2.42238e-09
4020.0  2.44115e-09
4025.0  2.35891e-09
4030.0  2.24704e-09
4035.0  2.25024e-09
4040.0  2.27403e-09
4045.0  2.1966e-09
4050.0  2.21707e-09
4055.0  2.15975e-09
4060.0  2.08906e-09
4065.0  2.09026e-09
4070.0  2.14727e-09
4075.0  2.22517e-09
4080.0  2.36723e-09
4085.0  2.54846e-09
4090.0  2.58148e-09
4095.0  2.41662e-09
4100.0  2.27713e-09
4105.0  2.33858e-09
4110.0  2.44759e-09
4115.0  2.49122e-09
4120.0  2.45969e-09
4125.0  2.37694e-09
4130.0  2.27388e-09
4135.0  2.25574e-09
4140.0  2.24932e-09
4145.0  2.20665e-09
4150.0  2.19175e-09
4155.0  2.23224e-09
4160.0  2.33064e-09
4165.0  2.34021e-09
4170.0  2.23803e-09
4175.0  2.15521e-09
4180.0  2.17036e-09
4185.0  2.22304e-09
4190.0  2.26156e-09
4195.0  2.20238e-09
4200.0  2.14672e-09
4205.0  2.27854e-09
4210.0  2.4182e-09
4215.0  2.46109e-09
4220.0  2.40419e-09
4225.0  2.22334e-09
4230.0  2.24183e-09
4235.0  2.36587e-09
4240.0  2.4588e-09
4245.0  2.47722e-09
4250.0  2.39125e-09
4255.0  2.3602e-09
4260.0  2.38196e-09
4265.0  2.39706e-09
4270.0  2.29292e-09
4275.0  2.29632e-09
4280.0  2.39611e-09
4285.0  2.34931e-09
4290.0  2.21951e-09
4295.0  2.05958e-09
4300.0  1.84527e-09
4305.0  1.76102e-09
4310.0  1.94547e-09
4315.0  2.4352e-09
4320.0  2.77081e-09
4325.0  2.75583e-09
4330.0  2.79636e-09
4335.0  2.78239e-09
4340.0  2.70635e-09
4345.0  2.80126e-09
4350.0  2.87738e-09
4355.0  2.93163e-09
4360.0  3.00424e-09
4365.0  3.02539e-09
4370.0  2.91661e-09
4375.0  2.73547e-09
4380.0  2.56006e-09
4385.0  2.45685e-09
4390.0  2.59728e-09
4395.0  2.75686e-09
4400.0  2.77748e-09
4405.0  2.73048e-09
4410.0  2.8516e-09
4415.0  2.94095e-09
4420.0  3.01566e-09
4425.0  3.03648e-09
4430.0  3.03338e-09
4435.0  3.03901e-09
4440.0  3.1306e-09
4445.0  3.22159e-09
4450.0  3.19518e-09
4455.0  3.00873e-09
4460.0  2.93189e-09
4465.0  3.07309e-09
4470.0  3.26574e-09
4475.0  3.40792e-09
4480.0  3.4192e-09
4485.0  3.4166e-09
4490.0  3.39355e-09
4495.0  3.41024e-09
4500.0  3.53904e-09
4505.0  3.68358e-09
4510.0  3.71442e-09
4515.0  3.64228e-09
4520.0  3.49459e-09
4525.0  3.26713e-09
4530.0  3.17308e-09
4535.0  3.27783e-09
4540.0  3.39819e-09
4545.0  3.41847e-09
4550.0  3.42317e-09
4555.0  3.51897e-09
4560.0  3.61904e-09
4565.0  3.61529e-09
4570.0  3.58222e-09
4575.0  3.54206e-09
4580.0  3.49531e-09
4585.0  3.50248e-09
4590.0  3.50277e-09
4595.0  3.46098e-09
4600.0  3.48319e-09
4605.0  3.57829e-09
4610.0  3.67943e-09
4615.0  3.73414e-09
4620.0  3.76624e-09
4625.0  3.769e-09
4630.0  3.72646e-09
4635.0  3.62276e-09
4640.0  3.52772e-09
4645.0  3.45734e-09
4650.0  3.47761e-09
4655.0  3.5542e-09
4660.0  3.56184e-09
4665.0  3.44622e-09
4670.0  3.42177e-09
4675.0  3.47779e-09
4680.0  3.5306e-09
4685.0  3.56201e-09
4690.0  3.54164e-09
4695.0  3.49893e-09
4700.0  3.4173e-09
4705.0  3.39534e-09
4710.0  3.46827e-09
4715.0  3.61595e-09
4720.0  3.69479e-09
4725.0  3.61821e-09
4730.0  3.53502e-09
4735.0  3.58179e-09
4740.0  3.66132e-09
4745.0  3.72469e-09
4750.0  3.72398e-09
4755.0  3.65349e-09
4760.0  3.58571e-09
4765.0  3.55891e-09
4770.0  3.62705e-09
4775.0  3.68002e-09
4780.0  3.71773e-09
4785.0  3.70708e-09
4790.0  3.7036e-09
4795.0  3.7541e-09
4800.0  3.77365e-09
4805.0  3.75049e-09
4810.0  3.74366e-09
4815.0  3.79969e-09
4820.0  3.81653e-09
4825.0  3.75126e-09
4830.0  3.68896e-09
4835.0  3.68045e-09
4840.0  3.66062e-09
4845.0  3.67008e-09
4850.0  3.58684e-09
4855.0  3.37162e-09
4860.0  3.18382e-09
4865.0  3.22887e-09
4870.0  3.31937e-09
4875.0  3.4167e-09
4880.0  3.49801e-09
4885.0  3.42758e-09
4890.0  3.42315e-09
4895.0  3.63176e-09
4900.0  3.72872e-09
4905.0  3.6758e-09
4910.0  3.55239e-09
4915.0  3.45474e-09
4920.0  3.34618e-09
4925.0  3.48182e-09
4930.0  3.62769e-09
4935.0  3.56893e-09
4940.0  3.56598e-09
4945.0  3.70779e-09
4950.0  3.75361e-09
4955.0  3.67017e-09
4960.0  3.62077e-09
4965.0  3.65113e-09
4970.0  3.65324e-09
4975.0  3.61322e-09
4980.0  3.47444e-09
4985.0  3.44673e-09
4990.0  3.51882e-09
4995.0  3.52342e-09
5000.0  3.42056e-09
5005.0  3.31855e-09
5010.0  3.3069e-09
5015.0  3.26326e-09
5020.0  3.29715e-09
5025.0  3.40324e-09
5030.0  3.48667e-09
5035.0  3.45455e-09
5040.0  3.3444e-09
5045.0  3.40343e-09
5050.0  3.4986e-09
5055.0  3.59398e-09
5060.0  3.65352e-09
5065.0  3.56624e-09
5070.0  3.4689e-09
5075.0  3.41253e-09
5080.0  3.36028e-09
5085.0  3.44686e-09
5090.0  3.54106e-09
5095.0  3.51455e-09
5100.0  3.42477e-09
5105.0  3.40794e-09
5110.0  3.4263e-09
5115.0  3.50595e-09
5120.0  3.47945e-09
5125.0  3.35878e-09
5130.0  3.33515e-09
5135.0  3.33807e-09
5140.0  3.29808e-09
5145.0  3.27009e-09
5150.0  3.28472e-09
5155.0  3.34811e-09
5160.0  3.27876e-09
5165.0  2.92923e-09
5170.0  2.71704e-09
5175.0  2.89926e-09
5180.0  3.04814e-09
5185.0  3.0571e-09
5190.0  3.20468e-09
5195.0  3.32927e-09
5200.0  3.38879e-09
5205.0  3.30733e-09
5210.0  3.32385e-09
5215.0  3.44336e-09
5220.0  3.48998e-09
5225.0  3.38086e-09
5230.0  3.37059e-09
5235.0  3.53641e-09
5240.0  3.66909e-09
5245.0  3.6507e-09
5250.0  3.57846e-09
5255.0  3.55458e-09
5260.0  3.42708e-09
5265.0  3.14941e-09
5270.0  3.09962e-09
5275.0  3.34033e-09
5280.0  3.57813e-09
5285.0  3.72637e-09
5290.0  3.81234e-09
5295.0  3.7103e-09
5300.0  3.65457e-09
5305.0  3.78714e-09
5310.0  3.87979e-09
5315.0  3.82898e-09
5320.0  3.66067e-09
5325.0  3.46947e-09
5330.0  3.47617e-09
5335.0  3.62895e-09
5340.0  3.6787e-09
5345.0  3.7077e-09
5350.0  3.78019e-09
5355.0  3.88239e-09
5360.0  3.86154e-09
5365.0  3.7046e-09
5370.0  3.60392e-09
5375.0  3.70998e-09
5380.0  3.77735e-09
5385.0  3.74388e-09
5390.0  3.63863e-09
5395.0  3.52701e-09
5400.0  3.46577e-09
5405.0  3.42781e-09
5410.0  3.49495e-09
5415.0  3.64018e-09
5420.0  3.69591e-09
5425.0  3.66343e-09
5430.0  3.59714e-09
5435.0  3.63156e-09
5440.0  3.74337e-09
5445.0  3.7084e-09
5450.0  3.70678e-09
5455.0  3.69901e-09
5460.0  3.73595e-09
5465.0  3.73116e-09
5470.0  3.70212e-09
5475.0  3.62144e-09
5480.0  3.5925e-09
5485.0  3.65397e-09
5490.0  3.70712e-09
5495.0  3.73357e-09
5500.0  3.7182e-09
5505.0  3.6697e-09
5510.0  3.64424e-09
5515.0  3.68579e-09
5520.0  3.74845e-09
5525.0  3.7206e-09
5530.0  3.68073e-09
5535.0  3.71205e-09
5540.0  3.77101e-09
5545.0  3.80786e-09
5550.0  3.83886e-09
5555.0  3.8013e-09
5560.0  3.74092e-09
5565.0  3.66624e-09
5570.0  3.64338e-09
5575.0  3.68519e-09
5580.0  3.6933e-09
5585.0  3.57646e-09
5590.0  3.49686e-09
5595.0  3.54645e-09
5600.0  3.60729e-09
5605.0  3.73651e-09
5610.0  3.80658e-09
5615.0  3.69267e-09
5620.0  3.64752e-09
5625.0  3.67326e-09
5630.0  3.74074e-09
5635.0  3.72597e-09
5640.0  3.68009e-09
5645.0  3.68836e-09
5650.0  3.68306e-09
5655.0  3.61646e-09
5660.0  3.57004e-09
5665.0  3.63294e-09
5670.0  3.73409e-09
5675.0  3.7925e-09
5680.0  3.75587e-09
5685.0  3.69337e-09
5690.0  3.69952e-09
5695.0  3.69646e-09
5700.0  3.61391e-09
5705.0  3.52891e-09
5710.0  3.5013e-09
5715.0  3.64127e-09
5720.0  3.78389e-09
5725.0  3.8311e-09
5730.0  3.81799e-09
5735.0  3.81735e-09
5740.0  3.80855e-09
5745.0  3.77998e-09
5750.0  3.73341e-09
5755.0  3.7145e-09
5760.0  3.74065e-09
5765.0  3.78961e-09
5770.0  3.81169e-09
5775.0  3.75316e-09
5780.0  3.64204e-09
5785.0  3.59751e-09
5790.0  3.67631e-09
5795.0  3.76112e-09
5800.0  3.80407e-09
5805.0  3.79842e-09
5810.0  3.80336e-09
5815.0  3.82486e-09
5820.0  3.8693e-09
5825.0  3.88788e-09
5830.0  3.88904e-09
5835.0  3.87674e-09
5840.0  3.87338e-09
5845.0  3.84119e-09
5850.0  3.7813e-09
5855.0  3.7128e-09
5860.0  3.70766e-09
5865.0  3.77757e-09
5870.0  3.84128e-09
5875.0  3.82473e-09
5880.0  3.70816e-09
5885.0  3.49174e-09
5890.0  3.23292e-09
5895.0  3.28965e-09
5900.0  3.54796e-09
5905.0  3.71869e-09
5910.0  3.77589e-09
5915.0  3.77711e-09
5920.0  3.7865e-09
5925.0  3.77525e-09
5930.0  3.76285e-09
5935.0  3.77361e-09
5940.0  3.77858e-09
5945.0  3.76319e-09
5950.0  3.73737e-09
5955.0  3.73894e-09
5960.0  3.75959e-09
5965.0  3.77883e-09
5970.0  3.78637e-09
5975.0  3.7376e-09
5980.0  3.69802e-09
5985.0  3.67615e-09
5990.0  3.69657e-09
5995.0  3.69332e-09
6000.0  3.65821e-09
6005.0  3.62251e-09
6010.0  3.60322e-09
6015.0  3.58757e-09
6020.0  3.58132e-09
6025.0  3.6277e-09
6030.0  3.69635e-09
6035.0  3.73141e-09
6040.0  3.72605e-09
6045.0  3.75311e-09
6050.0  3.73618e-09
6055.0  3.70022e-09
6060.0  3.68826e-09
6065.0  3.69234e-09
6070.0  3.7224e-09
6075.0  3.68359e-09
6080.0  3.62556e-09
6085.0  3.60225e-09
6090.0  3.60013e-09
6095.0  3.59068e-09
6100.0  3.57089e-09
6105.0  3.58786e-09
6110.0  3.6315e-09
6115.0  3.62624e-09
6120.0  3.56888e-09
6125.0  3.55721e-09
6130.0  3.54681e-09
6135.0  3.47053e-09
6140.0  3.49275e-09
6145.0  3.56104e-09
6150.0  3.56997e-09
6155.0  3.5132e-09
6160.0  3.41668e-09
6165.0  3.39641e-09
6170.0  3.45985e-09
6175.0  3.55031e-09
6180.0  3.59026e-09
6185.0  3.5783e-09
6190.0  3.54852e-09
6195.0  3.59389e-09
6200.0  3.63722e-09
6205.0  3.65216e-09
6210.0  3.60482e-09
6215.0  3.53372e-09
6220.0  3.51101e-09
6225.0  3.50735e-09
6230.0  3.48287e-09
6235.0  3.50161e-09
6240.0  3.4864e-09
6245.0  3.45053e-09
6250.0  3.44259e-09
6255.0  3.40724e-09
6260.0  3.43779e-09
6265.0  3.50113e-09
6270.0  3.51599e-09
6275.0  3.48219e-09
6280.0  3.44335e-09
6285.0  3.49379e-09
6290.0  3.52633e-09
6295.0  3.48829e-09
6300.0  3.44866e-09
6305.0  3.48034e-09
6310.0  3.48484e-09
6315.0  3.421e-09
6320.0  3.42551e-09
6325.0  3.49379e-09
6330.0  3.50688e-09
6335.0  3.47633e-09
6340.0  3.47097e-09
6345.0  3.48783e-09
6350.0  3.50824e-09
6355.0  3.45693e-09
6360.0  3.40857e-09
6365.0  3.43769e-09
6370.0  3.5143e-09
6375.0  3.54293e-09
6380.0  3.53336e-09
6385.0  3.52587e-09
6390.0  3.49397e-09
6395.0  3.46249e-09
6400.0  3.4361e-09
6405.0  3.4405e-09
6410.0  3.43522e-09
6415.0  3.43656e-09
6420.0  3.44366e-09
6425.0  3.47277e-09
6430.0  3.46068e-09
6435.0  3.46028e-09
6440.0  3.44845e-09
6445.0  3.43837e-09
6450.0  3.40603e-09
6455.0  3.41335e-09
6460.0  3.41463e-09
6465.0  3.4286e-09
6470.0  3.45242e-09
6475.0  3.44901e-09
6480.0  3.4369e-09
6485.0  3.41784e-09
6490.0  3.35226e-09
6495.0  3.25878e-09
6500.0  3.33652e-09
6505.0  3.44675e-09
6510.0  3.49137e-09
6515.0  3.48091e-09
6520.0  3.46804e-09
6525.0  3.46762e-09
6530.0  3.46173e-09
6535.0  3.48125e-09
6540.0  3.48096e-09
6545.0  3.43876e-09
6550.0  3.36018e-09
6555.0  3.22699e-09
6560.0  3.02748e-09
6565.0  3.09637e-09
6570.0  3.2946e-09
6575.0  3.38221e-09
6580.0  3.41361e-09
6585.0  3.41065e-09
6590.0  3.39976e-09
6595.0  3.38729e-09
6600.0  3.41654e-09
6605.0  3.42168e-09
6610.0  3.43091e-09
6615.0  3.46825e-09
6620.0  3.47555e-09
6625.0  3.44194e-09
6630.0  3.38937e-09
6635.0  3.37548e-09
6640.0  3.3833e-09
6645.0  3.38709e-09
6650.0  3.4051e-09
6655.0  3.41535e-09
6660.0  3.3955e-09
6665.0  3.37939e-09
6670.0  3.39439e-09
6675.0  3.39456e-09
6680.0  3.39871e-09
6685.0  3.43618e-09
6690.0  3.43788e-09
6695.0  3.39805e-09
6700.0  3.36675e-09
6705.0  3.35326e-09
6710.0  3.3388e-09
6715.0  3.30336e-09
6720.0  3.31989e-09
6725.0  3.3611e-09
6730.0  3.37197e-09
6735.0  3.35661e-09
6740.0  3.3328e-09
6745.0  3.32787e-09
6750.0  3.33443e-09
6755.0  3.36444e-09
6760.0  3.38042e-09
6765.0  3.35845e-09
6770.0  3.3321e-09
6775.0  3.35475e-09
6780.0  3.36296e-09
6785.0  3.33574e-09
6790.0  3.33426e-09
6795.0  3.33886e-09
6800.0  3.34981e-09
6805.0  3.34705e-09
6810.0  3.34207e-09
6815.0  3.33479e-09
6820.0  3.3304e-09
6825.0  3.32614e-09
6830.0  3.32427e-09
6835.0  3.32777e-09
6840.0  3.31209e-09
6845.0  3.32859e-09
6850.0  3.33962e-09
6855.0  3.32267e-09
6860.0  3.31993e-09
6865.0  3.33686e-09
6870.0  3.34342e-09
6875.0  3.33713e-09
6880.0  3.33029e-09
6885.0  3.33304e-09
6890.0  3.34914e-09
6895.0  3.34353e-09
6900.0  3.33736e-09
6905.0  3.33522e-09
6910.0  3.3261e-09
6915.0  3.31262e-09
6920.0  3.3176e-09
6925.0  3.30438e-09
6930.0  3.29349e-09
6935.0  3.29052e-09
6940.0  3.29057e-09
6945.0  3.2789e-09
6950.0  3.27566e-09
6955.0  3.27351e-09
6960.0  3.28368e-09
6965.0  3.29329e-09
6970.0  3.28005e-09
6975.0  3.20741e-09
6980.0  3.17246e-09
6985.0  3.2135e-09
6990.0  3.23383e-09
6995.0  3.23708e-09
7000.0  3.20072e-09
7005.0  3.17703e-09
7010.0  3.18422e-09
7015.0  3.14852e-09
7020.0  3.14835e-09
7025.0  3.13955e-09
7030.0  3.17055e-09
7035.0  3.18633e-09
7040.0  3.20942e-09
7045.0  3.24997e-09
7050.0  3.25603e-09
7055.0  3.23966e-09
7060.0  3.24265e-09
7065.0  3.22519e-09
7070.0  3.22235e-09
7075.0  3.25122e-09
7080.0  3.24179e-09
7085.0  3.18491e-09
7090.0  3.16257e-09
7095.0  3.19215e-09
7100.0  3.2244e-09
7105.0  3.20208e-09
7110.0  3.16817e-09
7115.0  3.17701e-09
7120.0  3.17785e-09
7125.0  3.17903e-09
7130.0  3.17956e-09
7135.0  3.21034e-09
7140.0  3.21934e-09
7145.0  3.17871e-09
7150.0  3.16069e-09
7155.0  3.19633e-09
7160.0  3.19029e-09
7165.0  3.14441e-09
7170.0  3.12179e-09
7175.0  3.07213e-09
7180.0  3.0037e-09
7185.0  2.91207e-09
7190.0  2.8948e-09
7195.0  2.9337e-09
7200.0  2.96851e-09
7205.0  2.98983e-09
7210.0  3.04514e-09
7215.0  3.10195e-09
7220.0  3.13186e-09
7225.0  3.13826e-09
7230.0  3.12287e-09
7235.0  3.07563e-09
7240.0  3.04412e-09
7245.0  3.04705e-09
7250.0  3.05603e-09
7255.0  3.05768e-09
7260.0  3.05963e-09
7265.0  3.07342e-09
7270.0  3.08169e-09
7275.0  3.03776e-09
7280.0  2.99835e-09
7285.0  2.95128e-09
7290.0  2.91358e-09
7295.0  2.98696e-09
7300.0  3.03397e-09
7305.0  3.01696e-09
7310.0  3.00293e-09
7315.0  3.02146e-09
7320.0  3.03679e-09
7325.0  3.0282e-09
7330.0  3.03518e-09
7335.0  3.08256e-09
7340.0  3.11374e-09
7345.0  3.08731e-09
7350.0  3.03874e-09
7355.0  3.00092e-09
7360.0  3.00261e-09
7365.0  3.01464e-09
7370.0  3.0392e-09
7375.0  3.05786e-09
7380.0  3.03522e-09
7385.0  2.95781e-09
7390.0  2.93473e-09
7395.0  2.97373e-09
7400.0  2.99367e-09
7405.0  2.98668e-09
7410.0  2.94089e-09
7415.0  2.92439e-09
7420.0  2.93531e-09
7425.0  3.00325e-09
7430.0  3.04402e-09
7435.0  3.04465e-09
7440.0  3.01915e-09
7445.0  2.98983e-09
7450.0  3.00762e-09
7455.0  3.01983e-09
7460.0  2.99963e-09
7465.0  3.01614e-09
7470.0  3.02301e-09
7475.0  2.99882e-09
7480.0  2.9867e-09
7485.0  2.98273e-09
7490.0  2.96308e-09
7495.0  2.94531e-09
7500.0  2.96563e-09
7505.0  2.95279e-09
7510.0  2.93703e-09
7515.0  2.96325e-09
7520.0  2.97345e-09
7525.0  2.94952e-09
7530.0  2.94384e-09
7535.0  2.96775e-09
7540.0  2.97314e-09
7545.0  2.95868e-09
7550.0  2.9453e-09
7555.0  2.93239e-09
7560.0  2.93049e-09
7565.0  2.92896e-09
7570.0  2.91808e-09
7575.0  2.9187e-09
7580.0  2.91357e-09
7585.0  2.90079e-09
7590.0  2.92415e-09
7595.0  2.9498e-09
7600.0  2.9405e-09
7605.0  2.92287e-09
7610.0  2.90632e-09
7615.0  2.87976e-09
7620.0  2.88433e-09
7625.0  2.90576e-09
7630.0  2.91116e-09
7635.0  2.91185e-09
7640.0  2.90997e-09
7645.0  2.90808e-09
7650.0  2.88658e-09
7655.0  2.85683e-09
7660.0  2.82665e-09
7665.0  2.83856e-09
7670.0  2.86273e-09
7675.0  2.87193e-09
7680.0  2.87222e-09
7685.0  2.86912e-09
7690.0  2.85616e-09
7695.0  2.84706e-09
7700.0  2.85506e-09
7705.0  2.85814e-09
7710.0  2.83235e-09
7715.0  2.816e-09
7720.0  2.82708e-09
7725.0  2.83162e-09
7730.0  2.84525e-09
7735.0  2.86497e-09
7740.0  2.85022e-09
7745.0  2.79099e-09
7750.0  2.77307e-09
7755.0  2.82216e-09
7760.0  2.8517e-09
7765.0  2.86197e-09
7770.0  2.84177e-09
7775.0  2.8155e-09
7780.0  2.79833e-09
7785.0  2.80463e-09
7790.0  2.8073e-09
7795.0  2.7982e-09
7800.0  2.79032e-09
7805.0  2.7896e-09
7810.0  2.78559e-09
7815.0  2.81135e-09
7820.0  2.82452e-09
7825.0  2.81992e-09
7830.0  2.78079e-09
7835.0  2.75399e-09
7840.0  2.78159e-09
7845.0  2.79035e-09
7850.0  2.78885e-09
7855.0  2.79258e-09
7860.0  2.8015e-09
7865.0  2.80547e-09
7870.0  2.79315e-09
7875.0  2.76871e-09
7880.0  2.75346e-09
7885.0  2.77063e-09
7890.0  2.76839e-09
7895.0  2.73585e-09
7900.0  2.72476e-09
7905.0  2.72431e-09
7910.0  2.70734e-09
7915.0  2.67415e-09
7920.0  2.66864e-09
7925.0  2.67956e-09
7930.0  2.67804e-09
7935.0  2.66449e-09
7940.0  2.65192e-09
7945.0  2.64515e-09
7950.0  2.67403e-09
7955.0  2.69742e-09
7960.0  2.71663e-09
7965.0  2.72526e-09
7970.0  2.72364e-09
7975.0  2.73049e-09
7980.0  2.73387e-09
7985.0  2.73536e-09
7990.0  2.72677e-09
7995.0  2.69146e-09
8000.0  2.675e-09
8005.0  2.69769e-09
8010.0  2.71628e-09
8015.0  2.7284e-09
8020.0  2.71521e-09
8025.0  2.67609e-09
8030.0  2.67943e-09
8035.0  2.72532e-09
8040.0  2.72463e-09
8045.0  2.67224e-09
8050.0  2.65411e-09
8055.0  2.69458e-09
8060.0  2.7208e-09
8065.0  2.70723e-09
8070.0  2.67382e-09
8075.0  2.66433e-09
8080.0  2.66333e-09
8085.0  2.65796e-09
8090.0  2.63876e-09
8095.0  2.61525e-09
8100.0  2.61766e-09
8105.0  2.62785e-09
8110.0  2.637e-09
8115.0  2.63381e-09
8120.0  2.64247e-09
8125.0  2.64597e-09
8130.0  2.63567e-09
8135.0  2.62542e-09
8140.0  2.60851e-09
8145.0  2.58946e-09
8150.0  2.58413e-09
8155.0  2.58943e-09
8160.0  2.57821e-09
8165.0  2.54349e-09
8170.0  2.52026e-09
8175.0  2.52268e-09
8180.0  2.53236e-09
8185.0  2.52905e-09
8190.0  2.51789e-09
8195.0  2.48686e-09
8200.0  2.51903e-09
8205.0  2.57646e-09
8210.0  2.61614e-09
8215.0  2.62803e-09
8220.0  2.58237e-09
8225.0  2.51833e-09
8230.0  2.46875e-09
8235.0  2.5211e-09
8240.0  2.58195e-09
8245.0  2.61852e-09
8250.0  2.62938e-09
8255.0  2.61727e-09
8260.0  2.6323e-09
8265.0  2.65218e-09
8270.0  2.64097e-09
8275.0  2.58669e-09
8280.0  2.5655e-09
8285.0  2.55574e-09
8290.0  2.55523e-09
8295.0  2.5457e-09
8300.0  2.54596e-09
8305.0  2.54056e-09
8310.0  2.53772e-09
8315.0  2.55915e-09
8320.0  2.54719e-09
8325.0  2.52306e-09
8330.0  2.50606e-09
8335.0  2.50547e-09
8340.0  2.51063e-09
8345.0  2.52988e-09
8350.0  2.55603e-09
8355.0  2.56645e-09
8360.0  2.55839e-09
8365.0  2.5509e-09
8370.0  2.56476e-09
8375.0  2.56547e-09
8380.0  2.54015e-09
8385.0  2.50196e-09
8390.0  2.50937e-09
8395.0  2.54523e-09
8400.0  2.56835e-09
8405.0  2.56998e-09
8410.0  2.55905e-09
8415.0  2.54948e-09
8420.0  2.53162e-09
8425.0  2.51276e-09
8430.0  2.51599e-09
8435.0  2.48981e-09
8440.0  2.49193e-09
8445.0  2.50754e-09
8450.0  2.53806e-09
8455.0  2.55849e-09
8460.0  2.55141e-09
8465.0  2.51415e-09
8470.0  2.50462e-09
8475.0  2.53443e-09
8480.0  2.54535e-09
8485.0  2.54626e-09
8490.0  2.48482e-09
8495.0  2.29563e-09
8500.0  2.2524e-09
8505.0  2.37647e-09
8510.0  2.43284e-09
8515.0  2.40535e-09
8520.0  2.40649e-09
8525.0  2.40041e-09
8530.0  2.38697e-09
8535.0  2.25364e-09
8540.0  1.99932e-09
8545.0  1.94829e-09
8550.0  2.11405e-09
8555.0  2.2682e-09
8560.0  2.38415e-09
8565.0  2.41959e-09
8570.0  2.39483e-09
8575.0  2.38219e-09
8580.0  2.37732e-09
8585.0  2.3774e-09
8590.0  2.36252e-09
8595.0  2.34788e-09
8600.0  2.36167e-09
8605.0  2.38984e-09
8610.0  2.40854e-09
8615.0  2.42339e-09
8620.0  2.4214e-09
8625.0  2.43899e-09
8630.0  2.45689e-09
8635.0  2.46646e-09
8640.0  2.4655e-09
8645.0  2.44014e-09
8650.0  2.41089e-09
8655.0  2.32884e-09
8660.0  2.10489e-09
8665.0  2.04351e-09
8670.0  2.12265e-09
8675.0  2.22891e-09
8680.0  2.34335e-09
8685.0  2.36079e-09
8690.0  2.36431e-09
8695.0  2.41711e-09
8700.0  2.37216e-09
8705.0  2.43443e-09
8710.0  2.43273e-09
8715.0  2.44277e-09
8720.0  2.45834e-09
8725.0  2.43049e-09
8730.0  2.41832e-09
8735.0  2.42382e-09
8740.0  2.3934e-09
8745.0  2.39556e-09
8750.0  2.38113e-09
8755.0  2.38735e-09
8760.0  2.39952e-09
8765.0  2.39759e-09
8770.0  2.39123e-09
8775.0  2.40719e-09
8780.0  2.41883e-09
8785.0  2.40249e-09
8790.0  2.36706e-09
8795.0  2.36641e-09
8800.0  2.35259e-09
8805.0  2.28373e-09
8810.0  2.32747e-09
8815.0  2.37589e-09
8820.0  2.35793e-09
8825.0  2.35625e-09
8830.0  2.38116e-09
8835.0  2.36309e-09
8840.0  2.36299e-09
8845.0  2.37916e-09
8850.0  2.38066e-09
8855.0  2.36187e-09
8860.0  2.31145e-09
8865.0  2.30156e-09
8870.0  2.35192e-09
8875.0  2.35186e-09
8880.0  2.35277e-09
8885.0  2.38326e-09
8890.0  2.3811e-09
8895.0  2.37733e-09
8900.0  2.37878e-09
8905.0  2.38502e-09
8910.0  2.37498e-09
8915.0  2.36261e-09
8920.0  2.34243e-09
8925.0  2.32704e-09
8930.0  2.33475e-09
8935.0  2.35688e-09
8940.0  2.34782e-09
8945.0  2.29867e-09
8950.0  2.2959e-09
8955.0  2.32037e-09
8960.0  2.31816e-09
8965.0  2.2721e-09
8970.0  2.26151e-09
8975.0  2.26416e-09
8980.0  2.24409e-09
8985.0  2.20541e-09
8990.0  2.13477e-09
8995.0  2.16315e-09
9000.0  2.15175e-09
9005.0  2.14143e-09
9010.0  2.11322e-09
9015.0  2.09837e-09
9020.0  2.15526e-09
9025.0  2.20649e-09
9030.0  2.2611e-09
9035.0  2.29974e-09
9040.0  2.33651e-09
9045.0  2.31675e-09
9050.0  2.30965e-09
9055.0  2.27558e-09
9060.0  2.24115e-09
9065.0  2.22641e-09
9070.0  2.15251e-09
9075.0  2.1179e-09
9080.0  2.10083e-09
9085.0  2.08098e-09
9090.0  2.0776e-09
9095.0  2.10468e-09
9100.0  2.10585e-09
9105.0  2.11428e-09
9110.0  2.14045e-09
9115.0  2.15434e-09
9120.0  2.13734e-09
9125.0  2.13429e-09
9130.0  2.11963e-09
9135.0  2.08472e-09
9140.0  2.06852e-09
9145.0  2.06255e-09
9150.0  2.05816e-09
9155.0  2.05011e-09
9160.0  2.07561e-09
9165.0  2.07112e-09
9170.0  2.01198e-09
9175.0  2.00291e-09
9180.0  2.04752e-09
9185.0  2.07908e-09
9190.0  2.06459e-09
9195.0  2.05505e-09
9200.0  2.10834e-09
9205.0  2.10803e-09
9210.0  2.03616e-09
9215.0  2.03386e-09
9220.0  2.06888e-09
9225.0  2.05513e-09
9230.0  2.0427e-09
9235.0  2.06327e-09
9240.0  2.06704e-09
9245.0  2.08189e-09
9250.0  2.08414e-09
9255.0  2.08076e-09
9260.0  2.13579e-09
9265.0  2.18819e-09
9270.0  2.20418e-09
9275.0  2.16114e-09
9280.0  2.11178e-09
9285.0  2.1886e-09
9290.0  2.17309e-09
9295.0  2.14586e-09
9300.0  2.13681e-09
9305.0  2.08688e-09
9310.0  2.04291e-09
9315.0  1.99403e-09
9320.0  1.97574e-09
9325.0  1.9594e-09
9330.0  1.97828e-09
9335.0  1.9366e-09
9340.0  1.89325e-09
9345.0  1.88643e-09
9350.0  1.97611e-09
9355.0  1.9423e-09
9360.0  1.96954e-09
9365.0  1.97987e-09
9370.0  1.97005e-09
9375.0  1.98328e-09
9380.0  1.99257e-09
9385.0  2.07038e-09
9390.0  2.15993e-09
9395.0  2.21127e-09
9400.0  2.17852e-09
9405.0  2.1623e-09
9410.0  2.10039e-09
9415.0  2.08309e-09
9420.0  2.07774e-09
9425.0  2.02666e-09
9430.0  1.97926e-09
9435.0  2.03827e-09
9440.0  1.9503e-09
9445.0  1.97272e-09
9450.0  2.02402e-09
9455.0  1.99165e-09
9460.0  1.9638e-09
9465.0  1.98486e-09
9470.0  2.02837e-09
9475.0  2.02827e-09
9480.0  2.01887e-09
9485.0  2.02804e-09
9490.0  2.06083e-09
9495.0  1.99109e-09
9500.0  1.94531e-09
9505.0  2.03516e-09
9510.0  2.08529e-09
9515.0  2.00564e-09
9520.0  1.97337e-09
9525.0  1.97219e-09
9530.0  2.03417e-09
9535.0  2.03135e-09
9540.0  1.9936e-09
9545.0  1.94636e-09
9550.0  1.94623e-09
9555.0  1.86739e-09
9560.0  1.92082e-09
9565.0  1.93533e-09
9570.0  1.94761e-09
9575.0  2.01129e-09
9580.0  1.99123e-09
9585.0  1.95474e-09
9590.0  1.9114e-09
9595.0  1.93052e-09
9600.0  1.95722e-09
9605.0  1.94245e-09
9610.0  1.94192e-09
9615.0  1.95252e-09
9620.0  1.91459e-09
9625.0  1.91251e-09
9630.0  1.92665e-09
9635.0  1.90688e-09
9640.0  1.90034e-09
9645.0  1.90234e-09
9650.0  1.91371e-09
9655.0  1.87915e-09
9660.0  1.84303e-09
9665.0  1.87658e-09
9670.0  1.94227e-09
9675.0  1.93185e-09
9680.0  1.91767e-09
9685.0  1.92778e-09
9690.0  1.92768e-09
9695.0  1.91916e-09
9700.0  1.88927e-09
9705.0  1.91641e-09
9710.0  1.9232e-09
9715.0  1.91673e-09
9720.0  1.89308e-09
9725.0  1.87649e-09
9730.0  1.8751e-09
9735.0  1.87324e-09
9740.0  1.85044e-09
9745.0  1.80345e-09
9750.0  1.82908e-09
9755.0  1.87715e-09
9760.0  1.86997e-09
9765.0  1.85659e-09
9770.0  1.87606e-09
9775.0  1.93916e-09
9780.0  1.91641e-09
9785.0  1.87025e-09
9790.0  1.84659e-09
9795.0  1.87086e-09
9800.0  1.87485e-09
9805.0  1.8597e-09
9810.0  1.86899e-09
9815.0  1.87252e-09
9820.0  1.92455e-09
9825.0  1.97351e-09
9830.0  1.87217e-09
9835.0  1.84723e-09
9840.0  1.88087e-09
9845.0  1.88191e-09
9850.0  1.87866e-09
9855.0  1.86289e-09
9860.0  1.87657e-09
9865.0  1.88819e-09
9870.0  1.89441e-09
9875.0  1.87571e-09
9880.0  1.86609e-09
9885.0  1.87418e-09
9890.0  1.9123e-09
9895.0  1.88652e-09
9900.0  1.8728e-09
9905.0  1.87062e-09
9910.0  1.86972e-09
9915.0  1.8688e-09
9920.0  1.86784e-09
9925.0  1.86683e-09
9930.0  1.86574e-09
9935.0  1.86458e-09
9940.0  1.86331e-09
9945.0  1.86192e-09
9950.0  1.86041e-09
9955.0  1.85875e-09
9960.0  1.85697e-09
9965.0  1.85511e-09
9970.0  1.85317e-09
9975.0  1.85121e-09
9980.0  1.84925e-09
9985.0  1.84732e-09
9990.0  1.84543e-09
9995.0  1.84363e-09
10000.0  1.84194e-09
10005.0  1.84038e-09
10010.0  1.83893e-09
10015.0  1.83755e-09
10020.0  1.83621e-09
10025.0  1.83488e-09
10030.0  1.83352e-09
10035.0  1.8321e-09
10040.0  1.83058e-09
10045.0  1.82892e-09
10050.0  1.82711e-09
10055.0  1.82511e-09
10060.0  1.82296e-09
10065.0  1.82069e-09
10070.0  1.81834e-09
10075.0  1.81596e-09
10080.0  1.81358e-09
10085.0  1.81125e-09
10090.0  1.80901e-09
10095.0  1.80691e-09
10100.0  1.80497e-09
10105.0  1.80322e-09
10110.0  1.80164e-09
10115.0  1.80019e-09
10120.0  1.79882e-09
10125.0  1.7975e-09
10130.0  1.79619e-09
10135.0  1.79484e-09
10140.0  1.7934e-09
10145.0  1.79184e-09
10150.0  1.79012e-09
10155.0  1.78821e-09
10160.0  1.78614e-09
10165.0  1.78393e-09
10170.0  1.78163e-09
10175.0  1.77927e-09
10180.0  1.7769e-09
10185.0  1.77454e-09
10190.0  1.77225e-09
10195.0  1.77004e-09
10200.0  1.76798e-09
10205.0  1.76606e-09
10210.0  1.76429e-09
10215.0  1.76266e-09
10220.0  1.76114e-09
10225.0  1.75969e-09
10230.0  1.75833e-09
10235.0  1.75701e-09
10240.0  1.75572e-09
10245.0  1.75444e-09
10250.0  1.75316e-09
10255.0  1.75184e-09
10260.0  1.75049e-09
10265.0  1.74911e-09
10270.0  1.74769e-09
10275.0  1.74624e-09
10280.0  1.74474e-09
10285.0  1.74321e-09
10290.0  1.74164e-09
10295.0  1.74002e-09
10300.0  1.73784e-09
10305.0  1.73304e-09
10310.0  1.73094e-09
10315.0  1.72936e-09
10320.0  1.72776e-09
10325.0  1.72615e-09
10330.0  1.72453e-09
10335.0  1.7229e-09
10340.0  1.72126e-09
10345.0  1.71962e-09
10350.0  1.71797e-09
10355.0  1.71632e-09
10360.0  1.71468e-09
10365.0  1.71303e-09
10370.0  1.71141e-09
10375.0  1.7098e-09
10380.0  1.70821e-09
10385.0  1.70663e-09
10390.0  1.7051e-09
10395.0  1.70359e-09
10400.0  1.70211e-09
10405.0  1.70067e-09
10410.0  1.69927e-09
10415.0  1.69789e-09
10420.0  1.69653e-09
10425.0  1.69518e-09
10430.0  1.69383e-09
10435.0  1.69248e-09
10440.0  1.69111e-09
10445.0  1.68973e-09
10450.0  1.68831e-09
10455.0  1.68686e-09
10460.0  1.68539e-09
10465.0  1.68388e-09
10470.0  1.68235e-09
10475.0  1.6808e-09
10480.0  1.67923e-09
10485.0  1.67765e-09
10490.0  1.67607e-09
10495.0  1.67448e-09
10500.0  1.6729e-09
10505.0  1.67131e-09
10510.0  1.66973e-09
10515.0  1.66815e-09
10520.0  1.66658e-09
10525.0  1.66501e-09
10530.0  1.66345e-09
10535.0  1.66189e-09
10540.0  1.66033e-09
10545.0  1.65878e-09
10550.0  1.65723e-09
10555.0  1.65568e-09
10560.0  1.65415e-09
10565.0  1.65261e-09
10570.0  1.65108e-09
10575.0  1.64955e-09
10580.0  1.64803e-09
10585.0  1.64651e-09
10590.0  1.64499e-09
10595.0  1.64348e-09
10600.0  1.64197e-09
10605.0  1.64047e-09
10610.0  1.63897e-09
10615.0  1.63747e-09
10620.0  1.63775e-09
10625.0  1.64692e-09
10630.0  1.64753e-09
10635.0  1.64642e-09
10640.0  1.64531e-09
10645.0  1.64422e-09
10650.0  1.64312e-09
10655.0  1.64203e-09
10660.0  1.64094e-09
10665.0  1.63985e-09
10670.0  1.63877e-09
10675.0  1.6377e-09
10680.0  1.63662e-09
10685.0  1.63556e-09
10690.0  1.63449e-09
10695.0  1.63343e-09
10700.0  1.63237e-09
10705.0  1.63131e-09
10710.0  1.63026e-09
10715.0  1.62922e-09
10720.0  1.62818e-09
10725.0  1.62713e-09
10730.0  1.62609e-09
10735.0  1.62506e-09
10740.0  1.62403e-09
10745.0  1.62301e-09
10750.0  1.62198e-09
10755.0  1.62096e-09
10760.0  1.61995e-09
10765.0  1.61894e-09
10770.0  1.61793e-09
10775.0  1.61693e-09
10780.0  1.61592e-09
10785.0  1.61493e-09
10790.0  1.61393e-09
10795.0  1.61294e-09
10800.0  1.61195e-09
10805.0  1.61097e-09
10810.0  1.60998e-09
10815.0  1.609e-09
10820.0  1.60803e-09
10825.0  1.60706e-09
10830.0  1.60609e-09
10835.0  1.60513e-09
10840.0  1.60416e-09
10845.0  1.60321e-09
10850.0  1.60225e-09
10855.0  1.6013e-09
10860.0  1.60035e-09
10865.0  1.5994e-09
10870.0  1.59846e-09
10875.0  1.59752e-09
10880.0  1.59658e-09
10885.0  1.59565e-09
10890.0  1.59472e-09
10895.0  1.59379e-09
10900.0  1.59287e-09
10905.0  1.59195e-09
10910.0  1.59103e-09
10915.0  1.59011e-09
10920.0  1.5892e-09
10925.0  1.5883e-09
10930.0  1.58739e-09
10935.0  1.58648e-09
10940.0  1.58559e-09
10945.0  1.58469e-09
10950.0  1.58379e-09
10955.0  1.58291e-09
10960.0  1.58202e-09
10965.0  1.58113e-09
10970.0  1.58025e-09
10975.0  1.57937e-09
10980.0  1.57849e-09
10985.0  1.57762e-09
10990.0  1.57675e-09
10995.0  1.57588e-09
11000.0  1.57501e-09
11005.0  1.57415e-09
11010.0  1.57329e-09
11015.0  1.57243e-09
11020.0  1.57158e-09
11025.0  1.57073e-09
11030.0  1.56988e-09
11035.0  1.56904e-09
11040.0  1.56819e-09
11045.0  1.56735e-09
11050.0  1.56651e-09
11055.0  1.56568e-09
11060.0  1.56484e-09
11065.0  1.56401e-09
11070.0  1.56318e-09
11075.0  1.56236e-09
11080.0  1.56154e-09
11085.0  1.56071e-09
11090.0  1.5599e-09
11095.0  1.55908e-09
11100.0  1.55827e-09
11105.0  1.55746e-09
11110.0  1.55665e-09
11115.0  1.55585e-09
11120.0  1.55504e-09
11125.0  1.55424e-09
11130.0  1.55345e-09
11135.0  1.55265e-09
11140.0  1.55186e-09
11145.0  1.55106e-09
11150.0  1.55028e-09
11155.0  1.54949e-09
11160.0  1.54871e-09
11165.0  1.54792e-09
11170.0  1.54715e-09
11175.0  1.54637e-09
11180.0  1.54559e-09
11185.0  1.54482e-09
11190.0  1.54405e-09
11195.0  1.54329e-09
11200.0  1.54252e-09
11205.0  1.54175e-09
11210.0  1.54099e-09
11215.0  1.54023e-09
11220.0  1.53948e-09
11225.0  1.53872e-09
11230.0  1.53797e-09
11235.0  1.53722e-09
11240.0  1.53647e-09
11245.0  1.53572e-09
11250.0  1.53498e-09
11255.0  1.53424e-09
11260.0  1.5335e-09
11265.0  1.53276e-09
11270.0  1.53202e-09
11275.0  1.53129e-09
11280.0  1.53055e-09
11285.0  1.52982e-09
11290.0  1.5291e-09
11295.0  1.52837e-09
11300.0  1.52764e-09
11305.0  1.52692e-09
11310.0  1.5262e-09
11315.0  1.52548e-09
11320.0  1.52477e-09
11325.0  1.52405e-09
11330.0  1.52334e-09
11335.0  1.52262e-09
11340.0  1.52192e-09
11345.0  1.52121e-09
11350.0  1.5205e-09
11355.0  1.5198e-09
11360.0  1.5191e-09
11365.0  1.51839e-09
11370.0  1.5177e-09
11375.0  1.517e-09
11380.0  1.5163e-09
11385.0  1.5156e-09
11390.0  1.51491e-09
11395.0  1.51422e-09
11400.0  1.51353e-09
11405.0  1.51284e-09
11410.0  1.51216e-09
11415.0  1.51148e-09
11420.0  1.51079e-09
11425.0  1.51011e-09
11430.0  1.50943e-09
11435.0  1.50875e-09
11440.0  1.50808e-09
11445.0  1.5074e-09
11450.0  1.50672e-09
11455.0  1.50605e-09
11460.0  1.50538e-09
11465.0  1.50471e-09
11470.0  1.50405e-09
11475.0  1.50338e-09
11480.0  1.50272e-09
11485.0  1.50205e-09
11490.0  1.50139e-09
11495.0  1.50073e-09
11500.0  1.50007e-09
11505.0  1.49941e-09
11510.0  1.49876e-09
11515.0  1.4981e-09
11520.0  1.49744e-09
11525.0  1.49679e-09
11530.0  1.49614e-09
11535.0  1.49549e-09
11540.0  1.49484e-09
11545.0  1.49419e-09
11550.0  1.49354e-09
11555.0  1.4929e-09
11560.0  1.49225e-09
11565.0  1.49161e-09
11570.0  1.49097e-09
11575.0  1.49033e-09
11580.0  1.48968e-09
11585.0  1.48905e-09
11590.0  1.48841e-09
11595.0  1.48777e-09
11600.0  1.48713e-09
11605.0  1.4865e-09
11610.0  1.48587e-09
11615.0  1.48523e-09
11620.0  1.4846e-09
11625.0  1.48397e-09
11630.0  1.48334e-09
11635.0  1.48271e-09
11640.0  1.48209e-09
11645.0  1.48146e-09
11650.0  1.48083e-09
11655.0  1.48021e-09
11660.0  1.47958e-09
11665.0  1.47896e-09
11670.0  1.47833e-09
11675.0  1.47771e-09
11680.0  1.47709e-09
11685.0  1.47647e-09
11690.0  1.47585e-09
11695.0  1.47524e-09
11700.0  1.47462e-09
11705.0  1.474e-09
11710.0  1.47338e-09
11715.0  1.47277e-09
11720.0  1.47215e-09
11725.0  1.47154e-09
11730.0  1.47093e-09
11735.0  1.47031e-09
11740.0  1.4697e-09
11745.0  1.46909e-09
11750.0  1.46848e-09
11755.0  1.46787e-09
11760.0  1.46726e-09
11765.0  1.46665e-09
11770.0  1.46604e-09
11775.0  1.46543e-09
11780.0  1.46482e-09
11785.0  1.46422e-09
11790.0  1.46361e-09
11795.0  1.463e-09
11800.0  1.4624e-09
11805.0  1.46179e-09
11810.0  1.46119e-09
11815.0  1.46058e-09
11820.0  1.45998e-09
11825.0  1.45938e-09
11830.0  1.45877e-09
11835.0  1.45817e-09
11840.0  1.45757e-09
11845.0  1.45697e-09
11850.0  1.45636e-09
11855.0  1.45577e-09
11860.0  1.45516e-09
11865.0  1.45456e-09
11870.0  1.45396e-09
11875.0  1.45336e-09
11880.0  1.45276e-09
11885.0  1.45216e-09
11890.0  1.45156e-09
11895.0  1.45096e-09
11900.0  1.45036e-09
11905.0  1.44976e-09
11910.0  1.44917e-09
11915.0  1.44857e-09
11920.0  1.44797e-09
11925.0  1.44737e-09
11930.0  1.44677e-09
11935.0  1.44617e-09
11940.0  1.44557e-09
11945.0  1.44498e-09
11950.0  1.44438e-09
11955.0  1.44378e-09
11960.0  1.44318e-09
11965.0  1.44258e-09
11970.0  1.44199e-09
11975.0  1.44138e-09
11980.0  1.44079e-09
11985.0  1.44019e-09
11990.0  1.43959e-09
11995.0  1.43899e-09
12000.0  1.4384e-09
12005.0  1.4378e-09
12010.0  1.4372e-09
12015.0  1.4366e-09
12020.0  1.436e-09
12025.0  1.4354e-09
12030.0  1.4348e-09
12035.0  1.4342e-09
12040.0  1.4336e-09
12045.0  1.433e-09
12050.0  1.4324e-09
12055.0  1.4318e-09
12060.0  1.4312e-09
12065.0  1.4306e-09
12070.0  1.43e-09
12075.0  1.42939e-09
12080.0  1.4288e-09
12085.0  1.42819e-09
12090.0  1.42759e-09
12095.0  1.42698e-09
12100.0  1.42638e-09
12105.0  1.42578e-09
12110.0  1.42517e-09
12115.0  1.42457e-09
12120.0  1.42396e-09
12125.0  1.42336e-09
12130.0  1.42275e-09
12135.0  1.42214e-09
12140.0  1.42154e-09
12145.0  1.42093e-09
12150.0  1.42032e-09
12155.0  1.41971e-09
12160.0  1.4191e-09
12165.0  1.41849e-09
12170.0  1.41788e-09
12175.0  1.41727e-09
12180.0  1.41665e-09
12185.0  1.41604e-09
12190.0  1.41543e-09
12195.0  1.41482e-09
12200.0  1.4142e-09
12205.0  1.41359e-09
12210.0  1.41297e-09
12215.0  1.41235e-09
12220.0  1.41174e-09
12225.0  1.41112e-09
12230.0  1.4105e-09
12235.0  1.40988e-09
12240.0  1.40926e-09
12245.0  1.40864e-09
12250.0  1.40801e-09
12255.0  1.4074e-09
12260.0  1.40677e-09
12265.0  1.40615e-09
12270.0  1.40552e-09
12275.0  1.4049e-09
12280.0  1.40427e-09
12285.0  1.40364e-09
12290.0  1.40302e-09
12295.0  1.40239e-09
12300.0  1.40176e-09
12305.0  1.40113e-09
12310.0  1.4005e-09
12315.0  1.39987e-09
12320.0  1.39924e-09
12325.0  1.39861e-09
12330.0  1.39798e-09
12335.0  1.39734e-09
12340.0  1.3967e-09
12345.0  1.39607e-09
12350.0  1.39543e-09
12355.0  1.3948e-09
12360.0  1.39416e-09
12365.0  1.39352e-09
12370.0  1.39288e-09
12375.0  1.39225e-09
12380.0  1.3916e-09
12385.0  1.39096e-09
12390.0  1.39032e-09
12395.0  1.38968e-09
12400.0  1.38904e-09
12405.0  1.3884e-09
12410.0  1.38775e-09
12415.0  1.38711e-09
12420.0  1.38646e-09
12425.0  1.38582e-09
12430.0  1.38517e-09
12435.0  1.38452e-09
12440.0  1.38388e-09
12445.0  1.38323e-09
12450.0  1.38258e-09
12455.0  1.38193e-09
12460.0  1.38128e-09
12465.0  1.38063e-09
12470.0  1.37997e-09
12475.0  1.37932e-09
12480.0  1.37867e-09
12485.0  1.37802e-09
12490.0  1.37736e-09
12495.0  1.37671e-09
12500.0  1.37605e-09
12505.0  1.3754e-09
12510.0  1.37474e-09
12515.0  1.37408e-09
12520.0  1.37342e-09
12525.0  1.37276e-09
12530.0  1.3721e-09
12535.0  1.37144e-09
12540.0  1.37078e-09
12545.0  1.37012e-09
12550.0  1.36946e-09
12555.0  1.3688e-09
12560.0  1.36814e-09
12565.0  1.36747e-09
12570.0  1.3668e-09
12575.0  1.36614e-09
12580.0  1.36548e-09
12585.0  1.36481e-09
12590.0  1.36414e-09
12595.0  1.36348e-09
12600.0  1.36281e-09
12605.0  1.36214e-09
12610.0  1.36147e-09
12615.0  1.3608e-09
12620.0  1.36013e-09
12625.0  1.35946e-09
12630.0  1.35879e-09
12635.0  1.35812e-09
12640.0  1.35744e-09
12645.0  1.35677e-09
12650.0  1.3561e-09
12655.0  1.35542e-09
12660.0  1.35475e-09
12665.0  1.35407e-09
12670.0  1.3534e-09
12675.0  1.35272e-09
12680.0  1.35204e-09
12685.0  1.35136e-09
12690.0  1.35068e-09
12695.0  1.35001e-09
12700.0  1.34932e-09
12705.0  1.34864e-09
12710.0  1.34796e-09
12715.0  1.34728e-09
12720.0  1.3466e-09
12725.0  1.34592e-09
12730.0  1.34523e-09
12735.0  1.34455e-09
12740.0  1.34387e-09
12745.0  1.34318e-09
12750.0  1.3425e-09
12755.0  1.34181e-09
12760.0  1.34112e-09
12765.0  1.34043e-09
12770.0  1.33975e-09
12775.0  1.33906e-09
12780.0  1.33837e-09
12785.0  1.33768e-09
12790.0  1.33699e-09
12795.0  1.3363e-09
12800.0  1.33561e-09
12805.0  1.33492e-09
12810.0  1.33422e-09
12815.0  1.33353e-09
12820.0  1.33284e-09
12825.0  1.33215e-09
12830.0  1.33145e-09
12835.0  1.33075e-09
12840.0  1.33006e-09
12845.0  1.32937e-09
12850.0  1.32867e-09
12855.0  1.32797e-09
12860.0  1.32728e-09
12865.0  1.32658e-09
12870.0  1.32588e-09
12875.0  1.32518e-09
12880.0  1.32448e-09
12885.0  1.32378e-09
12890.0  1.32308e-09
12895.0  1.32238e-09
12900.0  1.32168e-09
12905.0  1.32098e-09
12910.0  1.32027e-09
12915.0  1.31957e-09
12920.0  1.31887e-09
12925.0  1.31816e-09
12930.0  1.31746e-09
12935.0  1.31675e-09
12940.0  1.31605e-09
12945.0  1.31534e-09
12950.0  1.31464e-09
12955.0  1.31393e-09
12960.0  1.31322e-09
12965.0  1.31251e-09
12970.0  1.3118e-09
12975.0  1.3111e-09
12980.0  1.31038e-09
12985.0  1.30968e-09
12990.0  1.30896e-09
12995.0  1.30825e-09
13000.0  1.30754e-09
13005.0  1.30683e-09
13010.0  1.30612e-09
13015.0  1.3054e-09
13020.0  1.30469e-09
13025.0  1.30398e-09
13030.0  1.30326e-09
13035.0  1.30255e-09
13040.0  1.30183e-09
13045.0  1.30111e-09
13050.0  1.3004e-09
13055.0  1.29968e-09
13060.0  1.29897e-09
13065.0  1.29825e-09
13070.0  1.29753e-09
13075.0  1.29681e-09
13080.0  1.29609e-09
13085.0  1.29537e-09
13090.0  1.29466e-09
13095.0  1.29393e-09
13100.0  1.29321e-09
13105.0  1.29249e-09
13110.0  1.29177e-09
13115.0  1.29105e-09
13120.0  1.29032e-09
13125.0  1.2896e-09
13130.0  1.28888e-09
13135.0  1.28816e-09
13140.0  1.28743e-09
13145.0  1.2867e-09
13150.0  1.28598e-09
13155.0  1.28525e-09
13160.0  1.28453e-09
13165.0  1.2838e-09
13170.0  1.28308e-09
13175.0  1.28235e-09
13180.0  1.28162e-09
13185.0  1.28089e-09
13190.0  1.28016e-09
13195.0  1.27943e-09
13200.0  1.2787e-09
13205.0  1.27797e-09
13210.0  1.27724e-09
13215.0  1.27651e-09
13220.0  1.27578e-09
13225.0  1.27505e-09
13230.0  1.27432e-09
13235.0  1.27359e-09
13240.0  1.27285e-09
13245.0  1.27212e-09
13250.0  1.27139e-09
13255.0  1.27065e-09
13260.0  1.26992e-09
13265.0  1.26918e-09
13270.0  1.26845e-09
13275.0  1.26771e-09
13280.0  1.26698e-09
13285.0  1.26624e-09
13290.0  1.2655e-09
13295.0  1.26477e-09
13300.0  1.26403e-09
13305.0  1.26329e-09
13310.0  1.26255e-09
13315.0  1.26181e-09
13320.0  1.26107e-09
13325.0  1.26033e-09
13330.0  1.25959e-09
13335.0  1.25886e-09
13340.0  1.25812e-09
13345.0  1.25737e-09
13350.0  1.25663e-09
13355.0  1.25589e-09
13360.0  1.25515e-09
13365.0  1.2544e-09
13370.0  1.25366e-09
13375.0  1.25292e-09
13380.0  1.25217e-09
13385.0  1.25143e-09
13390.0  1.25069e-09
13395.0  1.24994e-09
13400.0  1.2492e-09
13405.0  1.24845e-09
13410.0  1.24771e-09
13415.0  1.24696e-09
13420.0  1.24621e-09
13425.0  1.24547e-09
13430.0  1.24472e-09
13435.0  1.24397e-09
13440.0  1.24322e-09
13445.0  1.24248e-09
13450.0  1.24173e-09
13455.0  1.24098e-09
13460.0  1.24023e-09
13465.0  1.23948e-09
13470.0  1.23873e-09
13475.0  1.23798e-09
13480.0  1.23723e-09
13485.0  1.23648e-09
13490.0  1.23573e-09
13495.0  1.23498e-09
13500.0  1.23422e-09
13505.0  1.23347e-09
13510.0  1.23272e-09
13515.0  1.23197e-09
13520.0  1.23121e-09
13525.0  1.23046e-09
13530.0  1.2297e-09
13535.0  1.22895e-09
13540.0  1.2282e-09
13545.0  1.22744e-09
13550.0  1.22669e-09
13555.0  1.22593e-09
13560.0  1.22518e-09
13565.0  1.22442e-09
13570.0  1.22367e-09
13575.0  1.22291e-09
13580.0  1.22215e-09
13585.0  1.22139e-09
13590.0  1.22063e-09
13595.0  1.21988e-09
13600.0  1.21912e-09
13605.0  1.21836e-09
13610.0  1.2176e-09
13615.0  1.21684e-09
13620.0  1.21608e-09
13625.0  1.21533e-09
13630.0  1.21456e-09
13635.0  1.2138e-09
13640.0  1.21304e-09
13645.0  1.21228e-09
13650.0  1.21152e-09
13655.0  1.21076e-09
13660.0  1.21e-09
13665.0  1.20923e-09
13670.0  1.20848e-09
13675.0  1.20771e-09
13680.0  1.20695e-09
13685.0  1.20619e-09
13690.0  1.20542e-09
13695.0  1.20466e-09
13700.0  1.2039e-09
13705.0  1.20313e-09
13710.0  1.20237e-09
13715.0  1.2016e-09
13720.0  1.20084e-09
13725.0  1.20008e-09
13730.0  1.19931e-09
13735.0  1.19855e-09
13740.0  1.19778e-09
13745.0  1.19701e-09
13750.0  1.19625e-09
13755.0  1.19548e-09
13760.0  1.19472e-09
13765.0  1.19395e-09
13770.0  1.19318e-09
13775.0  1.19241e-09
13780.0  1.19165e-09
13785.0  1.19088e-09
13790.0  1.19011e-09
13795.0  1.18934e-09
13800.0  1.18857e-09
13805.0  1.1878e-09
13810.0  1.18703e-09
13815.0  1.18626e-09
13820.0  1.1855e-09
13825.0  1.18472e-09
13830.0  1.18395e-09
13835.0  1.18318e-09
13840.0  1.18241e-09
13845.0  1.18164e-09
13850.0  1.18087e-09
13855.0  1.1801e-09
13860.0  1.17933e-09
13865.0  1.17856e-09
13870.0  1.17779e-09
13875.0  1.17701e-09
13880.0  1.17624e-09
13885.0  1.17547e-09
13890.0  1.1747e-09
13895.0  1.17392e-09
13900.0  1.17315e-09
13905.0  1.17238e-09
13910.0  1.1716e-09
13915.0  1.17083e-09
13920.0  1.17006e-09
13925.0  1.16929e-09
13930.0  1.16851e-09
13935.0  1.16774e-09
13940.0  1.16696e-09
13945.0  1.16619e-09
13950.0  1.16541e-09
13955.0  1.16464e-09
13960.0  1.16386e-09
13965.0  1.16309e-09
13970.0  1.16231e-09
13975.0  1.16154e-09
13980.0  1.16076e-09
13985.0  1.15998e-09
13990.0  1.15921e-09
13995.0  1.15843e-09
14000.0  1.15765e-09
14005.0  1.15687e-09
14010.0  1.1561e-09
14015.0  1.15532e-09
14020.0  1.15454e-09
14025.0  1.15377e-09
14030.0  1.15299e-09
14035.0  1.15221e-09
14040.0  1.15143e-09
14045.0  1.15066e-09
14050.0  1.14987e-09
14055.0  1.1491e-09
14060.0  1.14832e-09
14065.0  1.14754e-09
14070.0  1.14676e-09
14075.0  1.14598e-09
14080.0  1.1452e-09
14085.0  1.14442e-09
14090.0  1.14364e-09
14095.0  1.14286e-09
14100.0  1.14208e-09
14105.0  1.1413e-09
14110.0  1.14053e-09
14115.0  1.13974e-09
14120.0  1.13896e-09
14125.0  1.13818e-09
14130.0  1.1374e-09
14135.0  1.13662e-09
14140.0  1.13584e-09
14145.0  1.13506e-09
14150.0  1.13428e-09
14155.0  1.1335e-09
14160.0  1.13272e-09
14165.0  1.13194e-09
14170.0  1.13115e-09
14175.0  1.13037e-09
14180.0  1.12959e-09
14185.0  1.12881e-09
14190.0  1.12802e-09
14195.0  1.12725e-09
14200.0  1.12646e-09
14205.0  1.12568e-09
14210.0  1.1249e-09
14215.0  1.12412e-09
14220.0  1.12333e-09
14225.0  1.12255e-09
14230.0  1.12177e-09
14235.0  1.12098e-09
14240.0  1.1202e-09
14245.0  1.11942e-09
14250.0  1.11863e-09
14255.0  1.11785e-09
14260.0  1.11707e-09
14265.0  1.11628e-09
14270.0  1.1155e-09
14275.0  1.11471e-09
14280.0  1.11393e-09
14285.0  1.11315e-09
14290.0  1.11237e-09
14295.0  1.11158e-09
14300.0  1.1108e-09
14305.0  1.11001e-09
14310.0  1.10923e-09
14315.0  1.10844e-09
14320.0  1.10766e-09
14325.0  1.10687e-09
14330.0  1.10609e-09
14335.0  1.1053e-09
14340.0  1.10452e-09
14345.0  1.10373e-09
14350.0  1.10295e-09
14355.0  1.10217e-09
14360.0  1.10138e-09
14365.0  1.1006e-09
14370.0  1.09981e-09
14375.0  1.09903e-09
14380.0  1.09824e-09
14385.0  1.09746e-09
14390.0  1.09667e-09
14395.0  1.09588e-09
14400.0  1.0951e-09
14405.0  1.09431e-09
14410.0  1.09353e-09
14415.0  1.09274e-09
14420.0  1.09196e-09
14425.0  1.09117e-09
14430.0  1.09039e-09
14435.0  1.0896e-09
14440.0  1.08881e-09
14445.0  1.08803e-09
14450.0  1.08725e-09
14455.0  1.08646e-09
14460.0  1.08567e-09
14465.0  1.08489e-09
14470.0  1.0841e-09
14475.0  1.08332e-09
14480.0  1.08253e-09
14485.0  1.08174e-09
14490.0  1.08096e-09
14495.0  1.08017e-09
14500.0  1.07939e-09
14505.0  1.0786e-09
14510.0  1.07782e-09
14515.0  1.07703e-09
14520.0  1.07624e-09
14525.0  1.07545e-09
14530.0  1.07467e-09
14535.0  1.07388e-09
14540.0  1.0731e-09
14545.0  1.07231e-09
14550.0  1.07152e-09
14555.0  1.07074e-09
14560.0  1.06995e-09
14565.0  1.06917e-09
14570.0  1.06838e-09
14575.0  1.06759e-09
14580.0  1.06681e-09
14585.0  1.06602e-09
14590.0  1.06524e-09
14595.0  1.06445e-09
14600.0  1.06367e-09
14605.0  1.06288e-09
14610.0  1.06209e-09
14615.0  1.06131e-09
14620.0  1.06052e-09
14625.0  1.05973e-09
14630.0  1.05895e-09
14635.0  1.05816e-09
14640.0  1.05738e-09
14645.0  1.05659e-09
14650.0  1.05581e-09
14655.0  1.05502e-09
14660.0  1.05424e-09
14665.0  1.05345e-09
14670.0  1.05267e-09
14675.0  1.05188e-09
14680.0  1.05109e-09
14685.0  1.05031e-09
14690.0  1.04952e-09
14695.0  1.04874e-09
14700.0  1.04795e-09
14705.0  1.04716e-09
14710.0  1.04638e-09
14715.0  1.0456e-09
14720.0  1.04481e-09
14725.0  1.04403e-09
14730.0  1.04324e-09
14735.0  1.04246e-09
14740.0  1.04167e-09
14745.0  1.04089e-09
14750.0  1.0401e-09
14755.0  1.03932e-09
14760.0  1.03854e-09
14765.0  1.03775e-09
14770.0  1.03696e-09
14775.0  1.03618e-09
14780.0  1.03539e-09
14785.0  1.03461e-09
14790.0  1.03383e-09
14795.0  1.03304e-09
14800.0  1.03226e-09
14805.0  1.03147e-09
14810.0  1.03069e-09
14815.0  1.02991e-09
14820.0  1.02912e-09
14825.0  1.02834e-09
14830.0  1.02756e-09
14835.0  1.02677e-09
14840.0  1.02599e-09
14845.0  1.0252e-09
14850.0  1.02442e-09
14855.0  1.02364e-09
14860.0  1.02286e-09
14865.0  1.02207e-09
14870.0  1.02129e-09
14875.0  1.02051e-09
14880.0  1.01972e-09
14885.0  1.01894e-09
14890.0  1.01816e-09
14895.0  1.01738e-09
14900.0  1.0166e-09
14905.0  1.01581e-09
14910.0  1.01503e-09
14915.0  1.01425e-09
14920.0  1.01347e-09
14925.0  1.01269e-09
14930.0  1.0119e-09
14935.0  1.01112e-09
14940.0  1.01034e-09
14945.0  1.00956e-09
14950.0  1.00878e-09
14955.0  1.008e-09
14960.0  1.00722e-09
14965.0  1.00644e-09
14970.0  1.00566e-09
14975.0  1.00488e-09
14980.0  1.0041e-09
14985.0  1.00332e-09
14990.0  1.00254e-09
14995.0  1.00176e-09
15000.0  1.00098e-09
15005.0  1.0002e-09
15010.0  9.99418e-10
15015.0  9.98639e-10
15020.0  9.9786e-10
15025.0  9.97079e-10
15030.0  9.96303e-10
15035.0  9.95524e-10
15040.0  9.94743e-10
15045.0  9.93965e-10
15050.0  9.93188e-10
15055.0  9.92412e-10
15060.0  9.91632e-10
15065.0  9.90854e-10
15070.0  9.90078e-10
15075.0  9.89299e-10
15080.0  9.88522e-10
15085.0  9.87745e-10
15090.0  9.86967e-10
15095.0  9.86193e-10
15100.0  9.85417e-10
15105.0  9.8464e-10
15110.0  9.83861e-10
15115.0  9.83088e-10
15120.0  9.82312e-10
15125.0  9.81535e-10
15130.0  9.80761e-10
15135.0  9.79987e-10
15140.0  9.7921e-10
15145.0  9.78435e-10
15150.0  9.77663e-10
15155.0  9.76885e-10
15160.0  9.7611e-10
15165.0  9.75337e-10
15170.0  9.74563e-10
15175.0  9.7379e-10
15180.0  9.73017e-10
15185.0  9.72243e-10
15190.0  9.71469e-10
15195.0  9.70695e-10
15200.0  9.69922e-10
15205.0  9.69152e-10
15210.0  9.68378e-10
15215.0  9.67604e-10
15220.0  9.66834e-10
15225.0  9.66062e-10
15230.0  9.65293e-10
15235.0  9.64521e-10
15240.0  9.63748e-10
15245.0  9.62977e-10
15250.0  9.62207e-10
15255.0  9.61437e-10
15260.0  9.60665e-10
15265.0  9.59894e-10
15270.0  9.59124e-10
15275.0  9.58358e-10
15280.0  9.57588e-10
15285.0  9.56818e-10
15290.0  9.56049e-10
15295.0  9.55281e-10
15300.0  9.54514e-10
15305.0  9.53742e-10
15310.0  9.52976e-10
15315.0  9.5221e-10
15320.0  9.51441e-10
15325.0  9.50674e-10
15330.0  9.49907e-10
15335.0  9.49141e-10
15340.0  9.48374e-10
15345.0  9.4761e-10
15350.0  9.46845e-10
15355.0  9.46076e-10
15360.0  9.45309e-10
15365.0  9.44545e-10
15370.0  9.4378e-10
15375.0  9.43015e-10
15380.0  9.42249e-10
15385.0  9.41488e-10
15390.0  9.40725e-10
15395.0  9.39958e-10
15400.0  9.39197e-10
15405.0  9.38433e-10
15410.0  9.37669e-10
15415.0  9.36908e-10
15420.0  9.36144e-10
15425.0  9.35382e-10
15430.0  9.3462e-10
15435.0  9.33858e-10
15440.0  9.33098e-10
15445.0  9.32335e-10
15450.0  9.31575e-10
15455.0  9.30815e-10
15460.0  9.30056e-10
15465.0  9.29296e-10
15470.0  9.28538e-10
15475.0  9.2778e-10
15480.0  9.27018e-10
15485.0  9.26261e-10
15490.0  9.25502e-10
15495.0  9.24743e-10
15500.0  9.23985e-10
15505.0  9.23229e-10
15510.0  9.22471e-10
15515.0  9.21712e-10
15520.0  9.20955e-10
15525.0  9.20202e-10
15530.0  9.19447e-10
15535.0  9.18686e-10
15540.0  9.17931e-10
15545.0  9.17176e-10
15550.0  9.16425e-10
15555.0  9.1567e-10
15560.0  9.14914e-10
15565.0  9.14161e-10
15570.0  9.13407e-10
15575.0  9.12654e-10
15580.0  9.11903e-10
15585.0  9.11151e-10
15590.0  9.10398e-10
15595.0  9.09644e-10
15600.0  9.08891e-10
15605.0  9.08141e-10
15610.0  9.07393e-10
15615.0  9.06641e-10
15620.0  9.05889e-10
15625.0  9.05142e-10
15630.0  9.04392e-10
15635.0  9.03643e-10
15640.0  9.02893e-10
15645.0  9.02144e-10
15650.0  9.01395e-10
15655.0  9.00647e-10
15660.0  8.999e-10
15665.0  8.99152e-10
15670.0  8.98407e-10
15675.0  8.97659e-10
15680.0  8.96914e-10
15685.0  8.9617e-10
15690.0  8.95423e-10
15695.0  8.94676e-10
15700.0  8.9393e-10
15705.0  8.93187e-10
15710.0  8.92443e-10
15715.0  8.91699e-10
15720.0  8.90958e-10
15725.0  8.90213e-10
15730.0  8.8947e-10
15735.0  8.8873e-10
15740.0  8.87989e-10
15745.0  8.87245e-10
15750.0  8.86505e-10
15755.0  8.85764e-10
15760.0  8.85024e-10
15765.0  8.84285e-10
15770.0  8.83548e-10
15775.0  8.82806e-10
15780.0  8.82065e-10
15785.0  8.81329e-10
15790.0  8.80591e-10
15795.0  8.79852e-10
15800.0  8.79116e-10
15805.0  8.78379e-10
15810.0  8.77642e-10
15815.0  8.76905e-10
15820.0  8.76171e-10
15825.0  8.75436e-10
15830.0  8.74701e-10
15835.0  8.73965e-10
15840.0  8.73232e-10
15845.0  8.72498e-10
15850.0  8.71767e-10
15855.0  8.71034e-10
15860.0  8.703e-10
15865.0  8.69567e-10
15870.0  8.68836e-10
15875.0  8.68105e-10
15880.0  8.67375e-10
15885.0  8.66645e-10
15890.0  8.65916e-10
15895.0  8.65185e-10
15900.0  8.64456e-10
15905.0  8.63727e-10
15910.0  8.62997e-10
15915.0  8.62269e-10
15920.0  8.61544e-10
15925.0  8.60816e-10
15930.0  8.60087e-10
15935.0  8.59361e-10
15940.0  8.58635e-10
15945.0  8.57911e-10
15950.0  8.57188e-10
15955.0  8.56463e-10
15960.0  8.55741e-10
15965.0  8.55015e-10
15970.0  8.54294e-10
15975.0  8.53572e-10
15980.0  8.5285e-10
15985.0  8.52127e-10
15990.0  8.51405e-10
15995.0  8.50683e-10
16000.0  8.49965e-10
16005.0  8.49244e-10
16010.0  8.48525e-10
16015.0  8.47804e-10
16020.0  8.47088e-10
16025.0  8.46369e-10
16030.0  8.45651e-10
16035.0  8.44933e-10
16040.0  8.44216e-10
16045.0  8.43499e-10
16050.0  8.42785e-10
16055.0  8.42071e-10
16060.0  8.41356e-10
16065.0  8.4064e-10
16070.0  8.39926e-10
16075.0  8.39212e-10
16080.0  8.38499e-10
16085.0  8.37787e-10
16090.0  8.37075e-10
16095.0  8.36365e-10
16100.0  8.35653e-10
16105.0  8.34942e-10
16110.0  8.34232e-10
16115.0  8.33524e-10
16120.0  8.32814e-10
16125.0  8.32107e-10
16130.0  8.31399e-10
16135.0  8.3069e-10
16140.0  8.29983e-10
16145.0  8.29276e-10
16150.0  8.28569e-10
16155.0  8.27862e-10
16160.0  8.27158e-10
16165.0  8.26453e-10
16170.0  8.25751e-10
16175.0  8.25047e-10
16180.0  8.24343e-10
16185.0  8.23639e-10
16190.0  8.22937e-10
16195.0  8.22238e-10
16200.0  8.21537e-10
16205.0  8.20837e-10
16210.0  8.20137e-10
16215.0  8.19438e-10
16220.0  8.18735e-10
16225.0  8.18038e-10
16230.0  8.17341e-10
16235.0  8.16641e-10
16240.0  8.15945e-10
16245.0  8.15249e-10
16250.0  8.14553e-10
16255.0  8.13859e-10
16260.0  8.13163e-10
16265.0  8.12469e-10
16270.0  8.11776e-10
16275.0  8.11081e-10
16280.0  8.10389e-10
16285.0  8.09697e-10
16290.0  8.09004e-10
16295.0  8.08316e-10
16300.0  8.07622e-10
16305.0  8.06933e-10
16310.0  8.06245e-10
16315.0  8.05556e-10
16320.0  8.04868e-10
16325.0  8.04178e-10
16330.0  8.03493e-10
16335.0  8.02808e-10
16340.0  8.02118e-10
16345.0  8.01435e-10
16350.0  8.00748e-10
16355.0  8.00064e-10
16360.0  7.99381e-10
16365.0  7.98697e-10
16370.0  7.98015e-10
16375.0  7.97334e-10
16380.0  7.96653e-10
16385.0  7.95971e-10
16390.0  7.9529e-10
16395.0  7.94611e-10
16400.0  7.9393e-10
16405.0  7.93253e-10
16410.0  7.92574e-10
16415.0  7.91896e-10
16420.0  7.91217e-10
16425.0  7.90541e-10
16430.0  7.89862e-10
16435.0  7.89189e-10
16440.0  7.88514e-10
16445.0  7.87841e-10
16450.0  7.87166e-10
16455.0  7.86493e-10
16460.0  7.85818e-10
16465.0  7.85147e-10
16470.0  7.84474e-10
16475.0  7.83803e-10
16480.0  7.83133e-10
16485.0  7.8246e-10
16490.0  7.81793e-10
16495.0  7.81123e-10
16500.0  7.80454e-10
16505.0  7.79788e-10
16510.0  7.79121e-10
16515.0  7.78453e-10
16520.0  7.77786e-10
16525.0  7.77119e-10
16530.0  7.76455e-10
16535.0  7.7579e-10
16540.0  7.75124e-10
16545.0  7.74461e-10
16550.0  7.73797e-10
16555.0  7.73135e-10
16560.0  7.72475e-10
16565.0  7.71812e-10
16570.0  7.71152e-10
16575.0  7.7049e-10
16580.0  7.6983e-10
16585.0  7.6917e-10
16590.0  7.68512e-10
16595.0  7.67853e-10
16600.0  7.67196e-10
16605.0  7.66536e-10
16610.0  7.6588e-10
16615.0  7.65226e-10
16620.0  7.64569e-10
16625.0  7.63914e-10
16630.0  7.63259e-10
16635.0  7.62606e-10
16640.0  7.61953e-10
16645.0  7.61299e-10
16650.0  7.60646e-10
16655.0  7.59993e-10
16660.0  7.59342e-10
16665.0  7.58693e-10
16670.0  7.58042e-10
16675.0  7.57392e-10
16680.0  7.56742e-10
16685.0  7.56092e-10
16690.0  7.55443e-10
16695.0  7.54795e-10
16700.0  7.5415e-10
16705.0  7.53504e-10
16710.0  7.52858e-10
16715.0  7.52213e-10
16720.0  7.51566e-10
16725.0  7.50921e-10
16730.0  7.50279e-10
16735.0  7.49634e-10
16740.0  7.48991e-10
16745.0  7.48349e-10
16750.0  7.47709e-10
16755.0  7.47067e-10
16760.0  7.46426e-10
16765.0  7.45785e-10
16770.0  7.45145e-10
16775.0  7.44506e-10
16780.0  7.43866e-10
16785.0  7.43228e-10
16790.0  7.42592e-10
16795.0  7.41953e-10
16800.0  7.41317e-10
16805.0  7.40679e-10
16810.0  7.40044e-10
16815.0  7.39408e-10
16820.0  7.38774e-10
16825.0  7.38142e-10
16830.0  7.37508e-10
16835.0  7.36874e-10
16840.0  7.3624e-10
16845.0  7.3561e-10
16850.0  7.34978e-10
16855.0  7.34346e-10
16860.0  7.33717e-10
16865.0  7.33087e-10
16870.0  7.32457e-10
16875.0  7.31828e-10
16880.0  7.31201e-10
16885.0  7.30571e-10
16890.0  7.29945e-10
16895.0  7.29318e-10
16900.0  7.28692e-10
16905.0  7.28067e-10
16910.0  7.27441e-10
16915.0  7.26817e-10
16920.0  7.26191e-10
16925.0  7.25568e-10
16930.0  7.24945e-10
16935.0  7.24323e-10
16940.0  7.23701e-10
16945.0  7.23078e-10
16950.0  7.22456e-10
16955.0  7.21835e-10
16960.0  7.21213e-10
16965.0  7.20595e-10
16970.0  7.19976e-10
16975.0  7.19356e-10
16980.0  7.18739e-10
16985.0  7.18123e-10
16990.0  7.17505e-10
16995.0  7.16888e-10
17000.0  7.16274e-10
17005.0  7.15658e-10
17010.0  7.15043e-10
17015.0  7.14429e-10
17020.0  7.13815e-10
17025.0  7.13202e-10
17030.0  7.12587e-10
17035.0  7.11974e-10
17040.0  7.11363e-10
17045.0  7.10753e-10
17050.0  7.10139e-10
17055.0  7.09529e-10
17060.0  7.08921e-10
17065.0  7.08311e-10
17070.0  7.07702e-10
17075.0  7.07095e-10
17080.0  7.06486e-10
17085.0  7.05878e-10
17090.0  7.0527e-10
17095.0  7.04664e-10
17100.0  7.04059e-10
17105.0  7.03453e-10
17110.0  7.02847e-10
17115.0  7.02243e-10
17120.0  7.01639e-10
17125.0  7.01033e-10
17130.0  7.00433e-10
17135.0  6.99829e-10
17140.0  6.99229e-10
17145.0  6.98628e-10
17150.0  6.98025e-10
17155.0  6.97427e-10
17160.0  6.96827e-10
17165.0  6.96227e-10
17170.0  6.95626e-10
17175.0  6.9503e-10
17180.0  6.94431e-10
17185.0  6.93832e-10
17190.0  6.93235e-10
17195.0  6.92639e-10
17200.0  6.92045e-10
17205.0  6.91449e-10
17210.0  6.90855e-10
17215.0  6.90258e-10
17220.0  6.89667e-10
17225.0  6.89073e-10
17230.0  6.88479e-10
17235.0  6.87887e-10
17240.0  6.87293e-10
17245.0  6.86703e-10
17250.0  6.86111e-10
17255.0  6.85521e-10
17260.0  6.84932e-10
17265.0  6.84343e-10
17270.0  6.83753e-10
17275.0  6.83165e-10
17280.0  6.82578e-10
17285.0  6.81989e-10
17290.0  6.81403e-10
17295.0  6.80816e-10
17300.0  6.80229e-10
17305.0  6.79641e-10
17310.0  6.7906e-10
17315.0  6.78474e-10
17320.0  6.77889e-10
17325.0  6.77306e-10
17330.0  6.76724e-10
17335.0  6.76138e-10
17340.0  6.75556e-10
17345.0  6.74977e-10
17350.0  6.74396e-10
17355.0  6.73814e-10
17360.0  6.73235e-10
17365.0  6.72653e-10
17370.0  6.72075e-10
17375.0  6.71496e-10
17380.0  6.70918e-10
17385.0  6.7034e-10
17390.0  6.69762e-10
17395.0  6.69185e-10
17400.0  6.68608e-10
17405.0  6.68034e-10
17410.0  6.67459e-10
17415.0  6.66884e-10
17420.0  6.66311e-10
17425.0  6.65735e-10
17430.0  6.65161e-10
17435.0  6.64589e-10
17440.0  6.64018e-10
17445.0  6.63444e-10
17450.0  6.62872e-10
17455.0  6.62302e-10
17460.0  6.61732e-10
17465.0  6.61163e-10
17470.0  6.60592e-10
17475.0  6.60023e-10
17480.0  6.59454e-10
17485.0  6.58886e-10
17490.0  6.5832e-10
17495.0  6.57752e-10
17500.0  6.57186e-10
17505.0  6.56618e-10
17510.0  6.56054e-10
17515.0  6.55488e-10
17520.0  6.54924e-10
17525.0  6.54358e-10
17530.0  6.53797e-10
17535.0  6.53232e-10
17540.0  6.52667e-10
17545.0  6.52106e-10
17550.0  6.51544e-10
17555.0  6.5098e-10
17560.0  6.50422e-10
17565.0  6.49861e-10
17570.0  6.49301e-10
17575.0  6.48742e-10
17580.0  6.48181e-10
17585.0  6.47626e-10
17590.0  6.47066e-10
17595.0  6.46508e-10
17600.0  6.45949e-10
17605.0  6.45394e-10
17610.0  6.44837e-10
17615.0  6.44281e-10
17620.0  6.43727e-10
17625.0  6.43171e-10
17630.0  6.42619e-10
17635.0  6.42063e-10
17640.0  6.4151e-10
17645.0  6.40959e-10
17650.0  6.40406e-10
17655.0  6.39853e-10
17660.0  6.39299e-10
17665.0  6.38751e-10
17670.0  6.38199e-10
17675.0  6.37649e-10
17680.0  6.37101e-10
17685.0  6.36552e-10
17690.0  6.36004e-10
17695.0  6.35454e-10
17700.0  6.34905e-10
17705.0  6.34356e-10
17710.0  6.33812e-10
17715.0  6.33266e-10
17720.0  6.32716e-10
17725.0  6.32171e-10
17730.0  6.31627e-10
17735.0  6.31085e-10
17740.0  6.3054e-10
17745.0  6.29995e-10
17750.0  6.29453e-10
17755.0  6.28908e-10
17760.0  6.28367e-10
17765.0  6.27825e-10
17770.0  6.27283e-10
17775.0  6.26742e-10
17780.0  6.26204e-10
17785.0  6.25662e-10
17790.0  6.25124e-10
17795.0  6.24583e-10
17800.0  6.24045e-10
17805.0  6.23508e-10
17810.0  6.22969e-10
17815.0  6.22432e-10
17820.0  6.21897e-10
17825.0  6.2136e-10
17830.0  6.20824e-10
17835.0  6.20287e-10
17840.0  6.19753e-10
17845.0  6.19218e-10
17850.0  6.18685e-10
17855.0  6.18151e-10
17860.0  6.17617e-10
17865.0  6.17085e-10
17870.0  6.16552e-10
17875.0  6.16021e-10
17880.0  6.15491e-10
17885.0  6.14961e-10
17890.0  6.1443e-10
17895.0  6.13899e-10
17900.0  6.13369e-10
17905.0  6.12839e-10
17910.0  6.12312e-10
17915.0  6.11785e-10
17920.0  6.11254e-10
17925.0  6.10728e-10
17930.0  6.10201e-10
17935.0  6.09675e-10
17940.0  6.09151e-10
17945.0  6.08626e-10
17950.0  6.08101e-10
17955.0  6.07575e-10
17960.0  6.07052e-10
17965.0  6.06528e-10
17970.0  6.06006e-10
17975.0  6.05481e-10
17980.0  6.04959e-10
17985.0  6.04436e-10
17990.0  6.03915e-10
17995.0  6.03393e-10
18000.0  6.02874e-10
18005.0  6.02354e-10
18010.0  6.01835e-10
18015.0  6.01316e-10
18020.0  6.00797e-10
18025.0  6.00279e-10
18030.0  5.99762e-10
18035.0  5.99245e-10
18040.0  5.98726e-10
18045.0  5.9821e-10
18050.0  5.97695e-10
18055.0  5.97178e-10
18060.0  5.96662e-10
18065.0  5.96147e-10
18070.0  5.95634e-10
18075.0  5.95119e-10
18080.0  5.94607e-10
18085.0  5.94095e-10
18090.0  5.93584e-10
18095.0  5.93072e-10
18100.0  5.92559e-10
18105.0  5.92047e-10
18110.0  5.91536e-10
18115.0  5.91027e-10
18120.0  5.90515e-10
18125.0  5.90007e-10
18130.0  5.89498e-10
18135.0  5.8899e-10
18140.0  5.88482e-10
18145.0  5.87973e-10
18150.0  5.87465e-10
18155.0  5.86959e-10
18160.0  5.86452e-10
18165.0  5.85948e-10
18170.0  5.85442e-10
18175.0  5.84937e-10
18180.0  5.84433e-10
18185.0  5.83928e-10
18190.0  5.83423e-10
18195.0  5.82921e-10
18200.0  5.82418e-10
18205.0  5.81915e-10
18210.0  5.81412e-10
18215.0  5.80911e-10
18220.0  5.8041e-10
18225.0  5.79909e-10
18230.0  5.79408e-10
18235.0  5.7891e-10
18240.0  5.78409e-10
18245.0  5.77911e-10
18250.0  5.77412e-10
18255.0  5.76914e-10
18260.0  5.76417e-10
18265.0  5.75919e-10
18270.0  5.75422e-10
18275.0  5.74927e-10
18280.0  5.74431e-10
18285.0  5.73934e-10
18290.0  5.7344e-10
18295.0  5.72945e-10
18300.0  5.7245e-10
18305.0  5.71956e-10
18310.0  5.71462e-10
18315.0  5.70971e-10
18320.0  5.70478e-10
18325.0  5.69985e-10
18330.0  5.69494e-10
18335.0  5.69004e-10
18340.0  5.68511e-10
18345.0  5.68021e-10
18350.0  5.67531e-10
18355.0  5.67041e-10
18360.0  5.66552e-10
18365.0  5.66064e-10
18370.0  5.65575e-10
18375.0  5.65088e-10
18380.0  5.64599e-10
18385.0  5.64112e-10
18390.0  5.63626e-10
18395.0  5.6314e-10
18400.0  5.62654e-10
18405.0  5.62171e-10
18410.0  5.61684e-10
18415.0  5.61199e-10
18420.0  5.60716e-10
18425.0  5.60232e-10
18430.0  5.59747e-10
18435.0  5.59265e-10
18440.0  5.58782e-10
18445.0  5.58303e-10
18450.0  5.57821e-10
18455.0  5.57338e-10
18460.0  5.56858e-10
18465.0  5.56377e-10
18470.0  5.55898e-10
18475.0  5.55418e-10
18480.0  5.5494e-10
18485.0  5.54461e-10
18490.0  5.53982e-10
18495.0  5.53503e-10
18500.0  5.53027e-10
18505.0  5.52549e-10
18510.0  5.52074e-10
18515.0  5.51598e-10
18520.0  5.51124e-10
18525.0  5.50648e-10
18530.0  5.50172e-10
18535.0  5.49697e-10
18540.0  5.49222e-10
18545.0  5.48747e-10
18550.0  5.48276e-10
18555.0  5.47804e-10
18560.0  5.47329e-10
18565.0  5.46858e-10
18570.0  5.46385e-10
18575.0  5.45914e-10
18580.0  5.45442e-10
18585.0  5.44974e-10
18590.0  5.44504e-10
18595.0  5.44034e-10
18600.0  5.43565e-10
18605.0  5.43096e-10
18610.0  5.42628e-10
18615.0  5.4216e-10
18620.0  5.41693e-10
18625.0  5.41225e-10
18630.0  5.4076e-10
18635.0  5.40292e-10
18640.0  5.39825e-10
18645.0  5.3936e-10
18650.0  5.38897e-10
18655.0  5.38431e-10
18660.0  5.37968e-10
18665.0  5.37503e-10
18670.0  5.3704e-10
18675.0  5.36577e-10
18680.0  5.36114e-10
18685.0  5.35651e-10
18690.0  5.35189e-10
18695.0  5.34727e-10
18700.0  5.34265e-10
18705.0  5.33805e-10
18710.0  5.33345e-10
18715.0  5.32886e-10
18720.0  5.32427e-10
18725.0  5.31967e-10
18730.0  5.3151e-10
18735.0  5.31051e-10
18740.0  5.30593e-10
18745.0  5.30136e-10
18750.0  5.2968e-10
18755.0  5.29222e-10
18760.0  5.28766e-10
18765.0  5.28309e-10
18770.0  5.27852e-10
18775.0  5.27399e-10
18780.0  5.26942e-10
18785.0  5.26489e-10
18790.0  5.26035e-10
18795.0  5.25583e-10
18800.0  5.25131e-10
18805.0  5.24677e-10
18810.0  5.24224e-10
18815.0  5.2377e-10
18820.0  5.2332e-10
18825.0  5.22868e-10
18830.0  5.22418e-10
18835.0  5.21968e-10
18840.0  5.21519e-10
18845.0  5.21071e-10
18850.0  5.2062e-10
18855.0  5.20171e-10
18860.0  5.19723e-10
18865.0  5.19276e-10
18870.0  5.18828e-10
18875.0  5.18381e-10
18880.0  5.17933e-10
18885.0  5.17486e-10
18890.0  5.17041e-10
18895.0  5.16594e-10
18900.0  5.16149e-10
18905.0  5.15706e-10
18910.0  5.15261e-10
18915.0  5.14816e-10
18920.0  5.14373e-10
18925.0  5.1393e-10
18930.0  5.13486e-10
18935.0  5.13043e-10
18940.0  5.12601e-10
18945.0  5.1216e-10
18950.0  5.1172e-10
18955.0  5.11278e-10
18960.0  5.10837e-10
18965.0  5.10397e-10
18970.0  5.09956e-10
18975.0  5.09517e-10
18980.0  5.09079e-10
18985.0  5.08641e-10
18990.0  5.08203e-10
18995.0  5.07764e-10
19000.0  5.07326e-10
19005.0  5.06888e-10
19010.0  5.06453e-10
19015.0  5.06015e-10
19020.0  5.0558e-10
19025.0  5.05146e-10
19030.0  5.0471e-10
19035.0  5.04275e-10
19040.0  5.03842e-10
19045.0  5.03406e-10
19050.0  5.02973e-10
19055.0  5.0254e-10
19060.0  5.02106e-10
19065.0  5.01674e-10
19070.0  5.01241e-10
19075.0  5.00809e-10
19080.0  5.00378e-10
19085.0  4.99947e-10
19090.0  4.99515e-10
19095.0  4.99086e-10
19100.0  4.98657e-10
19105.0  4.98227e-10
19110.0  4.97796e-10
19115.0  4.97368e-10
19120.0  4.96941e-10
19125.0  4.96513e-10
19130.0  4.96086e-10
19135.0  4.95659e-10
19140.0  4.95231e-10
19145.0  4.94804e-10
19150.0  4.94377e-10
19155.0  4.93952e-10
19160.0  4.93526e-10
19165.0  4.93102e-10
19170.0  4.92675e-10
19175.0  4.92252e-10
19180.0  4.91827e-10
19185.0  4.91405e-10
19190.0  4.90981e-10
19195.0  4.9056e-10
19200.0  4.90137e-10
19205.0  4.89714e-10
19210.0  4.89293e-10
19215.0  4.88874e-10
19220.0  4.88449e-10
19225.0  4.88029e-10
19230.0  4.87609e-10
19235.0  4.8719e-10
19240.0  4.8677e-10
19245.0  4.8635e-10
19250.0  4.85933e-10
19255.0  4.85515e-10
19260.0  4.85096e-10
19265.0  4.84678e-10
19270.0  4.84261e-10
19275.0  4.83845e-10
19280.0  4.83429e-10
19285.0  4.83012e-10
19290.0  4.82596e-10
19295.0  4.8218e-10
19300.0  4.81764e-10
19305.0  4.8135e-10
19310.0  4.80936e-10
19315.0  4.80522e-10
19320.0  4.80109e-10
19325.0  4.79696e-10
19330.0  4.79281e-10
19335.0  4.78869e-10
19340.0  4.78459e-10
19345.0  4.78047e-10
19350.0  4.77634e-10
19355.0  4.77225e-10
19360.0  4.76812e-10
19365.0  4.76402e-10
19370.0  4.75992e-10
19375.0  4.75582e-10
19380.0  4.75174e-10
19385.0  4.74765e-10
19390.0  4.74355e-10
19395.0  4.73946e-10
19400.0  4.73541e-10
19405.0  4.73133e-10
19410.0  4.72724e-10
19415.0  4.72317e-10
19420.0  4.71912e-10
19425.0  4.71504e-10
19430.0  4.71099e-10
19435.0  4.70693e-10
19440.0  4.70289e-10
19445.0  4.69883e-10
19450.0  4.69482e-10
19455.0  4.69077e-10
19460.0  4.68675e-10
19465.0  4.6827e-10
19470.0  4.67867e-10
19475.0  4.67463e-10
19480.0  4.67061e-10
19485.0  4.6666e-10
19490.0  4.66258e-10
19495.0  4.65857e-10
19500.0  4.65458e-10
19505.0  4.65058e-10
19510.0  4.64656e-10
19515.0  4.64257e-10
19520.0  4.63857e-10
19525.0  4.63459e-10
19530.0  4.63061e-10
19535.0  4.62663e-10
19540.0  4.62265e-10
19545.0  4.61867e-10
19550.0  4.61469e-10
19555.0  4.61072e-10
19560.0  4.60676e-10
19565.0  4.60279e-10
19570.0  4.59885e-10
19575.0  4.59487e-10
19580.0  4.59093e-10
19585.0  4.58699e-10
19590.0  4.58304e-10
19595.0  4.5791e-10
19600.0  4.57517e-10
19605.0  4.57122e-10
19610.0  4.56729e-10
19615.0  4.56337e-10
19620.0  4.55944e-10
19625.0  4.55552e-10
19630.0  4.55159e-10
19635.0  4.54768e-10
19640.0  4.54377e-10
19645.0  4.53988e-10
19650.0  4.53597e-10
19655.0  4.53205e-10
19660.0  4.52815e-10
19665.0  4.52429e-10
19670.0  4.52038e-10
19675.0  4.51648e-10
19680.0  4.51261e-10
19685.0  4.50874e-10
19690.0  4.50487e-10
19695.0  4.50097e-10
19700.0  4.4971e-10
19705.0  4.49324e-10
19710.0  4.4894e-10
19715.0  4.48554e-10
19720.0  4.48167e-10
19725.0  4.47783e-10
19730.0  4.47397e-10
19735.0  4.47013e-10
19740.0  4.46627e-10
19745.0  4.46243e-10
19750.0  4.45861e-10
19755.0  4.45478e-10
19760.0  4.45095e-10
19765.0  4.44712e-10
19770.0  4.44329e-10
19775.0  4.43948e-10
19780.0  4.43566e-10
19785.0  4.43186e-10
19790.0  4.42804e-10
19795.0  4.42423e-10
19800.0  4.42044e-10
19805.0  4.41664e-10
19810.0  4.41286e-10
19815.0  4.40906e-10
19820.0  4.40527e-10
19825.0  4.40146e-10
19830.0  4.39767e-10
19835.0  4.39391e-10
19840.0  4.39013e-10
19845.0  4.38637e-10
19850.0  4.3826e-10
19855.0  4.37882e-10
19860.0  4.37506e-10
19865.0  4.3713e-10
19870.0  4.36754e-10
19875.0  4.36379e-10
19880.0  4.36005e-10
19885.0  4.35631e-10
19890.0  4.35255e-10
19895.0  4.34882e-10
19900.0  4.34507e-10
19905.0  4.34135e-10
19910.0  4.33762e-10
19915.0  4.33391e-10
19920.0  4.33019e-10
19925.0  4.32646e-10
19930.0  4.32275e-10
19935.0  4.31902e-10
19940.0  4.31531e-10
19945.0  4.31161e-10
19950.0  4.3079e-10
19955.0  4.30421e-10
19960.0  4.3005e-10
19965.0  4.29682e-10
19970.0  4.29313e-10
19975.0  4.28945e-10
19980.0  4.28575e-10
19985.0  4.28208e-10
19990.0  4.27839e-10
19995.0  4.27471e-10
20000.0  4.27103e-10
20005.0  4.26737e-10
20010.0  4.2637e-10
20015.0  4.26005e-10
20020.0  4.2564e-10
20025.0  4.25273e-10
20030.0  4.24907e-10
20035.0  4.24543e-10
20040.0  4.24178e-10
20045.0  4.23812e-10
20050.0  4.23449e-10
20055.0  4.23087e-10
20060.0  4.22723e-10
20065.0  4.22361e-10
20070.0  4.21997e-10
20075.0  4.21635e-10
20080.0  4.21272e-10
20085.0  4.2091e-10
20090.0  4.20549e-10
20095.0  4.20188e-10
20100.0  4.19826e-10
20105.0  4.19466e-10
20110.0  4.19105e-10
20115.0  4.18747e-10
20120.0  4.18386e-10
20125.0  4.18028e-10
20130.0  4.17669e-10
20135.0  4.1731e-10
20140.0  4.16953e-10
20145.0  4.16593e-10
20150.0  4.16235e-10
20155.0  4.15878e-10
20160.0  4.15521e-10
20165.0  4.15166e-10
20170.0  4.14809e-10
20175.0  4.14452e-10
20180.0  4.14095e-10
20185.0  4.13741e-10
20190.0  4.13387e-10
20195.0  4.1303e-10
20200.0  4.12677e-10
20205.0  4.12322e-10
20210.0  4.11969e-10
20215.0  4.11616e-10
20220.0  4.11262e-10
20225.0  4.10909e-10
20230.0  4.10554e-10
20235.0  4.10201e-10
20240.0  4.0985e-10
20245.0  4.09498e-10
20250.0  4.09147e-10
20255.0  4.08797e-10
20260.0  4.08444e-10
20265.0  4.08094e-10
20270.0  4.07744e-10
20275.0  4.07394e-10
20280.0  4.07044e-10
20285.0  4.06694e-10
20290.0  4.06344e-10
20295.0  4.05998e-10
20300.0  4.05648e-10
20305.0  4.05301e-10
20310.0  4.04953e-10
20315.0  4.04605e-10
20320.0  4.04259e-10
20325.0  4.03909e-10
20330.0  4.03562e-10
20335.0  4.03216e-10
20340.0  4.02871e-10
20345.0  4.02523e-10
20350.0  4.02181e-10
20355.0  4.01835e-10
20360.0  4.01488e-10
20365.0  4.01146e-10
20370.0  4.008e-10
20375.0  4.00457e-10
20380.0  4.00112e-10
20385.0  3.99768e-10
20390.0  3.99425e-10
20395.0  3.99083e-10
20400.0  3.98741e-10
20405.0  3.98398e-10
20410.0  3.98056e-10
20415.0  3.97716e-10
20420.0  3.97374e-10
20425.0  3.97031e-10
20430.0  3.96692e-10
20435.0  3.9635e-10
20440.0  3.96011e-10
20445.0  3.95672e-10
20450.0  3.95332e-10
20455.0  3.9499e-10
20460.0  3.94651e-10
20465.0  3.94313e-10
20470.0  3.93977e-10
20475.0  3.93639e-10
20480.0  3.93299e-10
20485.0  3.9296e-10
20490.0  3.92625e-10
20495.0  3.92286e-10
20500.0  3.91952e-10
20505.0  3.91616e-10
20510.0  3.91277e-10
20515.0  3.90942e-10
20520.0  3.90606e-10
20525.0  3.90271e-10
20530.0  3.89936e-10
20535.0  3.89602e-10
20540.0  3.89269e-10
20545.0  3.88933e-10
20550.0  3.886e-10
20555.0  3.88267e-10
20560.0  3.87932e-10
20565.0  3.876e-10
20570.0  3.87266e-10
20575.0  3.86934e-10
20580.0  3.86602e-10
20585.0  3.86271e-10
20590.0  3.85939e-10
20595.0  3.85608e-10
20600.0  3.85276e-10
20605.0  3.84945e-10
20610.0  3.84616e-10
20615.0  3.84286e-10
20620.0  3.83957e-10
20625.0  3.83627e-10
20630.0  3.83298e-10
20635.0  3.82966e-10
20640.0  3.82638e-10
20645.0  3.82311e-10
20650.0  3.81982e-10
20655.0  3.81655e-10
20660.0  3.81327e-10
20665.0  3.80999e-10
20670.0  3.80672e-10
20675.0  3.80343e-10
20680.0  3.80019e-10
20685.0  3.79691e-10
20690.0  3.79366e-10
20695.0  3.7904e-10
20700.0  3.78715e-10
20705.0  3.78391e-10
20710.0  3.78066e-10
20715.0  3.7774e-10
20720.0  3.77415e-10
20725.0  3.77091e-10
20730.0  3.7677e-10
20735.0  3.76446e-10
20740.0  3.76121e-10
20745.0  3.75798e-10
20750.0  3.75476e-10
20755.0  3.75153e-10
20760.0  3.74832e-10
20765.0  3.74508e-10
20770.0  3.74188e-10
20775.0  3.73866e-10
20780.0  3.73546e-10
20785.0  3.73226e-10
20790.0  3.72905e-10
20795.0  3.72585e-10
20800.0  3.72265e-10
20805.0  3.71944e-10
20810.0  3.71624e-10
20815.0  3.71307e-10
20820.0  3.70987e-10
20825.0  3.70669e-10
20830.0  3.7035e-10
20835.0  3.70032e-10
20840.0  3.69715e-10
20845.0  3.69395e-10
20850.0  3.69078e-10
20855.0  3.68762e-10
20860.0  3.68444e-10
20865.0  3.68128e-10
20870.0  3.67811e-10
20875.0  3.67498e-10
20880.0  3.67181e-10
20885.0  3.66865e-10
20890.0  3.66551e-10
20895.0  3.66235e-10
20900.0  3.65921e-10
20905.0  3.65607e-10
20910.0  3.65291e-10
20915.0  3.64977e-10
20920.0  3.64665e-10
20925.0  3.64352e-10
20930.0  3.64038e-10
20935.0  3.63726e-10
20940.0  3.63412e-10
20945.0  3.63099e-10
20950.0  3.62789e-10
20955.0  3.62477e-10
20960.0  3.62167e-10
20965.0  3.61854e-10
20970.0  3.61544e-10
20975.0  3.61232e-10
20980.0  3.60922e-10
20985.0  3.60612e-10
20990.0  3.60303e-10
20995.0  3.59994e-10
21000.0  3.59684e-10
21005.0  3.59375e-10
21010.0  3.59065e-10
21015.0  3.58756e-10
21020.0  3.58446e-10
21025.0  3.5814e-10
21030.0  3.57831e-10
21035.0  3.57525e-10
21040.0  3.57216e-10
21045.0  3.5691e-10
21050.0  3.56602e-10
21055.0  3.56295e-10
21060.0  3.55989e-10
21065.0  3.55683e-10
21070.0  3.55378e-10
21075.0  3.55072e-10
21080.0  3.54767e-10
21085.0  3.54461e-10
21090.0  3.54155e-10
21095.0  3.53853e-10
21100.0  3.53547e-10
21105.0  3.53244e-10
21110.0  3.52939e-10
21115.0  3.52636e-10
21120.0  3.52331e-10
21125.0  3.52029e-10
21130.0  3.51727e-10
21135.0  3.51426e-10
21140.0  3.51123e-10
21145.0  3.5082e-10
21150.0  3.50519e-10
21155.0  3.50216e-10
21160.0  3.49915e-10
21165.0  3.49613e-10
21170.0  3.49314e-10
21175.0  3.49012e-10
21180.0  3.48711e-10
21185.0  3.48411e-10
21190.0  3.48113e-10
21195.0  3.47811e-10
21200.0  3.47513e-10
21205.0  3.47214e-10
21210.0  3.46916e-10
21215.0  3.46618e-10
21220.0  3.46319e-10
21225.0  3.46021e-10
21230.0  3.45722e-10
21235.0  3.45424e-10
21240.0  3.45126e-10
21245.0  3.44827e-10
21250.0  3.44532e-10
21255.0  3.44235e-10
21260.0  3.43939e-10
21265.0  3.43641e-10
21270.0  3.43346e-10
21275.0  3.43051e-10
21280.0  3.42756e-10
21285.0  3.42459e-10
21290.0  3.42164e-10
21295.0  3.41869e-10
21300.0  3.41574e-10
21305.0  3.4128e-10
21310.0  3.40988e-10
21315.0  3.40694e-10
21320.0  3.40399e-10
21325.0  3.40105e-10
21330.0  3.39813e-10
21335.0  3.39519e-10
21340.0  3.39227e-10
21345.0  3.38933e-10
21350.0  3.38642e-10
21355.0  3.38351e-10
21360.0  3.3806e-10
21365.0  3.37769e-10
21370.0  3.37478e-10
21375.0  3.37187e-10
21380.0  3.36896e-10
21385.0  3.36605e-10
21390.0  3.36314e-10
21395.0  3.36023e-10
21400.0  3.35732e-10
21405.0  3.35444e-10
21410.0  3.35154e-10
21415.0  3.34865e-10
21420.0  3.34576e-10
21425.0  3.34288e-10
21430.0  3.34e-10
21435.0  3.3371e-10
21440.0  3.33422e-10
21445.0  3.33134e-10
21450.0  3.32847e-10
21455.0  3.3256e-10
21460.0  3.32273e-10
21465.0  3.31985e-10
21470.0  3.31699e-10
21475.0  3.31413e-10
21480.0  3.31127e-10
21485.0  3.30841e-10
21490.0  3.30556e-10
21495.0  3.30269e-10
21500.0  3.29984e-10
21505.0  3.29698e-10
21510.0  3.29414e-10
21515.0  3.29131e-10
21520.0  3.28847e-10
21525.0  3.2856e-10
21530.0  3.28276e-10
21535.0  3.27992e-10
21540.0  3.27709e-10
21545.0  3.27425e-10
21550.0  3.27144e-10
21555.0  3.26861e-10
21560.0  3.26577e-10
21565.0  3.26294e-10
21570.0  3.26013e-10
21575.0  3.2573e-10
21580.0  3.2545e-10
21585.0  3.25167e-10
21590.0  3.24887e-10
21595.0  3.24607e-10
21600.0  3.24326e-10
21605.0  3.24043e-10
21610.0  3.23763e-10
21615.0  3.23483e-10
21620.0  3.23203e-10
21625.0  3.22923e-10
21630.0  3.22643e-10
21635.0  3.22366e-10
21640.0  3.22087e-10
21645.0  3.21807e-10
21650.0  3.21528e-10
21655.0  3.2125e-10
21660.0  3.20971e-10
21665.0  3.20694e-10
21670.0  3.20415e-10
21675.0  3.20138e-10
21680.0  3.19862e-10
21685.0  3.19583e-10
21690.0  3.19306e-10
21695.0  3.19029e-10
21700.0  3.18753e-10
21705.0  3.18477e-10
21710.0  3.182e-10
21715.0  3.17924e-10
21720.0  3.17648e-10
21725.0  3.17374e-10
21730.0  3.17099e-10
21735.0  3.16823e-10
21740.0  3.1655e-10
21745.0  3.16274e-10
21750.0  3.16001e-10
21755.0  3.15725e-10
21760.0  3.15451e-10
21765.0  3.15176e-10
21770.0  3.14903e-10
21775.0  3.14631e-10
21780.0  3.14358e-10
21785.0  3.14085e-10
21790.0  3.13813e-10
21795.0  3.1354e-10
21800.0  3.13268e-10
21805.0  3.12995e-10
21810.0  3.12723e-10
21815.0  3.1245e-10
21820.0  3.1218e-10
21825.0  3.11908e-10
21830.0  3.11636e-10
21835.0  3.11366e-10
21840.0  3.11094e-10
21845.0  3.10825e-10
21850.0  3.10556e-10
21855.0  3.10284e-10
21860.0  3.10015e-10
21865.0  3.09746e-10
21870.0  3.09477e-10
21875.0  3.09208e-10
21880.0  3.08936e-10
21885.0  3.08667e-10
21890.0  3.08401e-10
21895.0  3.08133e-10
21900.0  3.07864e-10
21905.0  3.07595e-10
21910.0  3.07326e-10
21915.0  3.0706e-10
21920.0  3.06791e-10
21925.0  3.06526e-10
21930.0  3.06258e-10
21935.0  3.05992e-10
21940.0  3.05723e-10
21945.0  3.05458e-10
21950.0  3.05192e-10
21955.0  3.04924e-10
21960.0  3.04659e-10
21965.0  3.04393e-10
21970.0  3.04128e-10
21975.0  3.03862e-10
21980.0  3.03598e-10
21985.0  3.03332e-10
21990.0  3.03068e-10
21995.0  3.02805e-10
22000.0  3.0254e-10
22005.0  3.02275e-10
22010.0  3.02013e-10
22015.0  3.01748e-10
22020.0  3.01484e-10
22025.0  3.01221e-10
22030.0  3.00959e-10
22035.0  3.00695e-10
22040.0  3.00433e-10
22045.0  3.00171e-10
22050.0  2.99907e-10
22055.0  2.99645e-10
22060.0  2.99384e-10
22065.0  2.99121e-10
22070.0  2.9886e-10
22075.0  2.98599e-10
22080.0  2.98337e-10
22085.0  2.98079e-10
22090.0  2.97818e-10
22095.0  2.97556e-10
22100.0  2.97295e-10
22105.0  2.97036e-10
22110.0  2.96776e-10
22115.0  2.96517e-10
22120.0  2.96257e-10
22125.0  2.95998e-10
22130.0  2.9574e-10
22135.0  2.95479e-10
22140.0  2.9522e-10
22145.0  2.94962e-10
22150.0  2.94705e-10
22155.0  2.94447e-10
22160.0  2.94189e-10
22165.0  2.93931e-10
22170.0  2.93673e-10
22175.0  2.93416e-10
22180.0  2.93157e-10
22185.0  2.929e-10
22190.0  2.92645e-10
22195.0  2.92388e-10
22200.0  2.92133e-10
22205.0  2.91876e-10
22210.0  2.91621e-10
22215.0  2.91364e-10
22220.0  2.91109e-10
22225.0  2.90852e-10
22230.0  2.90597e-10
22235.0  2.90343e-10
22240.0  2.90089e-10
22245.0  2.89835e-10
22250.0  2.8958e-10
22255.0  2.89326e-10
22260.0  2.89073e-10
22265.0  2.88818e-10
22270.0  2.88564e-10
22275.0  2.88309e-10
22280.0  2.88056e-10
22285.0  2.87804e-10
22290.0  2.87551e-10
22295.0  2.873e-10
22300.0  2.87047e-10
22305.0  2.86795e-10
22310.0  2.86542e-10
22315.0  2.8629e-10
22320.0  2.86037e-10
22325.0  2.85786e-10
22330.0  2.85535e-10
22335.0  2.85285e-10
22340.0  2.85034e-10
22345.0  2.84784e-10
22350.0  2.84534e-10
22355.0  2.84283e-10
22360.0  2.84033e-10
22365.0  2.83782e-10
22370.0  2.83531e-10
22375.0  2.83281e-10
22380.0  2.83034e-10
22385.0  2.82784e-10
22390.0  2.82537e-10
22395.0  2.82287e-10
22400.0  2.82039e-10
22405.0  2.81789e-10
22410.0  2.81542e-10
22415.0  2.81293e-10
22420.0  2.81045e-10
22425.0  2.80798e-10
22430.0  2.80552e-10
22435.0  2.80304e-10
22440.0  2.80058e-10
22445.0  2.79811e-10
22450.0  2.79564e-10
22455.0  2.79317e-10
22460.0  2.7907e-10
22465.0  2.78824e-10
22470.0  2.78577e-10
22475.0  2.78333e-10
22480.0  2.78087e-10
22485.0  2.77843e-10
22490.0  2.77597e-10
22495.0  2.77354e-10
22500.0  2.77107e-10
22505.0  2.76864e-10
22510.0  2.76617e-10
22515.0  2.76373e-10
22520.0  2.76131e-10
22525.0  2.75887e-10
22530.0  2.75644e-10
22535.0  2.75401e-10
22540.0  2.75158e-10
22545.0  2.74915e-10
22550.0  2.74672e-10
22555.0  2.74429e-10
22560.0  2.74186e-10
22565.0  2.73943e-10
22570.0  2.73702e-10
22575.0  2.7346e-10
22580.0  2.73218e-10
22585.0  2.72977e-10
22590.0  2.72735e-10
22595.0  2.72494e-10
22600.0  2.72252e-10
22605.0  2.72012e-10
22610.0  2.71772e-10
22615.0  2.71533e-10
22620.0  2.71291e-10
22625.0  2.71051e-10
22630.0  2.70812e-10
22635.0  2.70572e-10
22640.0  2.70332e-10
22645.0  2.70093e-10
22650.0  2.69854e-10
22655.0  2.69614e-10
22660.0  2.69378e-10
22665.0  2.69138e-10
22670.0  2.68899e-10
22675.0  2.68663e-10
22680.0  2.68425e-10
22685.0  2.68188e-10
22690.0  2.67949e-10
22695.0  2.67713e-10
22700.0  2.67474e-10
22705.0  2.67238e-10
22710.0  2.67002e-10
22715.0  2.66766e-10
22720.0  2.66527e-10
22725.0  2.66291e-10
22730.0  2.66056e-10
22735.0  2.6582e-10
22740.0  2.65583e-10
22745.0  2.65348e-10
22750.0  2.65116e-10
22755.0  2.6488e-10
22760.0  2.64644e-10
22765.0  2.64409e-10
22770.0  2.64176e-10
22775.0  2.63941e-10
22780.0  2.63706e-10
22785.0  2.63473e-10
22790.0  2.6324e-10
22795.0  2.63006e-10
22800.0  2.62772e-10
22805.0  2.62538e-10
22810.0  2.62305e-10
22815.0  2.62073e-10
22820.0  2.61841e-10
22825.0  2.61609e-10
22830.0  2.61377e-10
22835.0  2.61145e-10
22840.0  2.60912e-10
22845.0  2.60681e-10
22850.0  2.60449e-10
22855.0  2.60216e-10
22860.0  2.59988e-10
22865.0  2.59756e-10
22870.0  2.59524e-10
22875.0  2.59295e-10
22880.0  2.59064e-10
22885.0  2.58834e-10
22890.0  2.58603e-10
22895.0  2.58374e-10
22900.0  2.58143e-10
22905.0  2.57914e-10
22910.0  2.57686e-10
22915.0  2.57457e-10
22920.0  2.57228e-10
22925.0  2.57001e-10
22930.0  2.56772e-10
22935.0  2.56544e-10
22940.0  2.56315e-10
22945.0  2.56087e-10
22950.0  2.55858e-10
22955.0  2.5563e-10
22960.0  2.55402e-10
22965.0  2.55176e-10
22970.0  2.54948e-10
22975.0  2.54721e-10
22980.0  2.54495e-10
22985.0  2.54268e-10
22990.0  2.54042e-10
22995.0  2.53817e-10
23000.0  2.5359e-10
23005.0  2.53365e-10
23010.0  2.5314e-10
23015.0  2.52914e-10
23020.0  2.52687e-10
23025.0  2.52462e-10
23030.0  2.52237e-10
23035.0  2.52012e-10
23040.0  2.51787e-10
23045.0  2.51564e-10
23050.0  2.51342e-10
23055.0  2.51117e-10
23060.0  2.50893e-10
23065.0  2.50668e-10
23070.0  2.50446e-10
23075.0  2.50222e-10
23080.0  2.50001e-10
23085.0  2.49777e-10
23090.0  2.49555e-10
23095.0  2.49331e-10
23100.0  2.49109e-10
23105.0  2.48888e-10
23110.0  2.48664e-10
23115.0  2.48442e-10
23120.0  2.48222e-10
23125.0  2.48e-10
23130.0  2.4778e-10
23135.0  2.47559e-10
23140.0  2.47338e-10
23145.0  2.47117e-10
23150.0  2.46896e-10
23155.0  2.46675e-10
23160.0  2.46457e-10
23165.0  2.46236e-10
23170.0  2.46016e-10
23175.0  2.45798e-10
23180.0  2.45578e-10
23185.0  2.45359e-10
23190.0  2.45139e-10
23195.0  2.4492e-10
23200.0  2.44701e-10
23205.0  2.44483e-10
23210.0  2.44266e-10
23215.0  2.44048e-10
23220.0  2.43828e-10
23225.0  2.4361e-10
23230.0  2.43393e-10
23235.0  2.43175e-10
23240.0  2.42958e-10
23245.0  2.42741e-10
23250.0  2.42526e-10
23255.0  2.42309e-10
23260.0  2.42092e-10
23265.0  2.41875e-10
23270.0  2.4166e-10
23275.0  2.41443e-10
23280.0  2.41227e-10
23285.0  2.41012e-10
23290.0  2.40796e-10
23295.0  2.40581e-10
23300.0  2.40367e-10
23305.0  2.40151e-10
23310.0  2.39937e-10
23315.0  2.39722e-10
23320.0  2.39506e-10
23325.0  2.39292e-10
23330.0  2.39079e-10
23335.0  2.38865e-10
23340.0  2.38651e-10
23345.0  2.38438e-10
23350.0  2.38224e-10
23355.0  2.3801e-10
23360.0  2.378e-10
23365.0  2.37586e-10
23370.0  2.37373e-10
23375.0  2.37163e-10
23380.0  2.36949e-10
23385.0  2.36736e-10
23390.0  2.36525e-10
23395.0  2.36312e-10
23400.0  2.36102e-10
23405.0  2.35892e-10
23410.0  2.35679e-10
23415.0  2.35468e-10
23420.0  2.35258e-10
23425.0  2.35048e-10
23430.0  2.34835e-10
23435.0  2.34625e-10
23440.0  2.34415e-10
23445.0  2.34204e-10
23450.0  2.33996e-10
23455.0  2.33788e-10
23460.0  2.33579e-10
23465.0  2.33368e-10
23470.0  2.33159e-10
23475.0  2.32949e-10
23480.0  2.32742e-10
23485.0  2.32533e-10
23490.0  2.32326e-10
23495.0  2.32116e-10
23500.0  2.31909e-10
23505.0  2.317e-10
23510.0  2.31493e-10
23515.0  2.31286e-10
23520.0  2.31078e-10
23525.0  2.30871e-10
23530.0  2.30665e-10
23535.0  2.30459e-10
23540.0  2.30252e-10
23545.0  2.30046e-10
23550.0  2.29839e-10
23555.0  2.29633e-10
23560.0  2.29427e-10
23565.0  2.2922e-10
23570.0  2.29014e-10
23575.0  2.28808e-10
23580.0  2.28605e-10
23585.0  2.284e-10
23590.0  2.28196e-10
23595.0  2.2799e-10
23600.0  2.27784e-10
23605.0  2.27581e-10
23610.0  2.27378e-10
23615.0  2.27173e-10
23620.0  2.2697e-10
23625.0  2.26766e-10
23630.0  2.26561e-10
23635.0  2.26359e-10
23640.0  2.26155e-10
23645.0  2.25953e-10
23650.0  2.2575e-10
23655.0  2.25548e-10
23660.0  2.25345e-10
23665.0  2.25142e-10
23670.0  2.2494e-10
23675.0  2.24738e-10
23680.0  2.24538e-10
23685.0  2.24336e-10
23690.0  2.24134e-10
23695.0  2.23934e-10
23700.0  2.23732e-10
23705.0  2.23532e-10
23710.0  2.23331e-10
23715.0  2.23131e-10
23720.0  2.22929e-10
23725.0  2.22729e-10
23730.0  2.2253e-10
23735.0  2.22329e-10
23740.0  2.22129e-10
23745.0  2.2193e-10
23750.0  2.21731e-10
23755.0  2.21532e-10
23760.0  2.21333e-10
23765.0  2.21134e-10
23770.0  2.20936e-10
23775.0  2.20737e-10
23780.0  2.20538e-10
23785.0  2.20342e-10
23790.0  2.20143e-10
23795.0  2.19945e-10
23800.0  2.19749e-10
23805.0  2.1955e-10
23810.0  2.19352e-10
23815.0  2.19156e-10
23820.0  2.18958e-10
23825.0  2.18762e-10
23830.0  2.18566e-10
23835.0  2.18368e-10
23840.0  2.18172e-10
23845.0  2.17977e-10
23850.0  2.17782e-10
23855.0  2.17586e-10
23860.0  2.17388e-10
23865.0  2.17193e-10
23870.0  2.16998e-10
23875.0  2.16803e-10
23880.0  2.1661e-10
23885.0  2.16416e-10
23890.0  2.1622e-10
23895.0  2.16025e-10
23900.0  2.1583e-10
23905.0  2.15637e-10
23910.0  2.15443e-10
23915.0  2.15251e-10
23920.0  2.15056e-10
23925.0  2.14864e-10
23930.0  2.14669e-10
23935.0  2.14477e-10
23940.0  2.14283e-10
23945.0  2.14091e-10
23950.0  2.13899e-10
23955.0  2.13707e-10
23960.0  2.13513e-10
23965.0  2.13321e-10
23970.0  2.1313e-10
23975.0  2.12938e-10
23980.0  2.12746e-10
23985.0  2.12555e-10
23990.0  2.12364e-10
23995.0  2.12175e-10
24000.0  2.11984e-10
24005.0  2.11792e-10
24010.0  2.11601e-10
24015.0  2.11413e-10
24020.0  2.11221e-10
24025.0  2.1103e-10
24030.0  2.10841e-10
24035.0  2.10651e-10
24040.0  2.10463e-10
24045.0  2.10274e-10
24050.0  2.10083e-10
24055.0  2.09895e-10
24060.0  2.09707e-10
24065.0  2.09516e-10
24070.0  2.09328e-10
24075.0  2.0914e-10
24080.0  2.08952e-10
24085.0  2.08764e-10
24090.0  2.08576e-10
24095.0  2.08389e-10
24100.0  2.08201e-10
24105.0  2.08013e-10
24110.0  2.07828e-10
24115.0  2.07641e-10
24120.0  2.07452e-10
24125.0  2.07265e-10
24130.0  2.0708e-10
24135.0  2.06893e-10
24140.0  2.06708e-10
24145.0  2.06521e-10
24150.0  2.06336e-10
24155.0  2.06149e-10
24160.0  2.05964e-10
24165.0  2.0578e-10
24170.0  2.05593e-10
24175.0  2.05408e-10
24180.0  2.05224e-10
24185.0  2.0504e-10
24190.0  2.04855e-10
24195.0  2.04671e-10
24200.0  2.04487e-10
24205.0  2.04303e-10
24210.0  2.04119e-10
24215.0  2.03935e-10
24220.0  2.0375e-10
24225.0  2.03566e-10
24230.0  2.03385e-10
24235.0  2.03202e-10
24240.0  2.03018e-10
24245.0  2.02837e-10
24250.0  2.02653e-10
24255.0  2.02471e-10
24260.0  2.02288e-10
24265.0  2.02108e-10
24270.0  2.01926e-10
24275.0  2.01743e-10
24280.0  2.01562e-10
24285.0  2.01381e-10
24290.0  2.01198e-10
24295.0  2.01017e-10
24300.0  2.00836e-10
24305.0  2.00656e-10
24310.0  2.00475e-10
24315.0  2.00295e-10
24320.0  2.00115e-10
24325.0  1.99934e-10
24330.0  1.99754e-10
24335.0  1.99576e-10
24340.0  1.99396e-10
24345.0  1.99216e-10
24350.0  1.99038e-10
24355.0  1.98858e-10
24360.0  1.98678e-10
24365.0  1.985e-10
24370.0  1.98321e-10
24375.0  1.98143e-10
24380.0  1.97963e-10
24385.0  1.97786e-10
24390.0  1.97609e-10
24395.0  1.97429e-10
24400.0  1.97252e-10
24405.0  1.97075e-10
24410.0  1.96898e-10
24415.0  1.96721e-10
24420.0  1.96545e-10
24425.0  1.96368e-10
24430.0  1.96191e-10
24435.0  1.96015e-10
24440.0  1.95838e-10
24445.0  1.95661e-10
24450.0  1.95484e-10
24455.0  1.9531e-10
24460.0  1.95134e-10
24465.0  1.94957e-10
24470.0  1.94783e-10
24475.0  1.94608e-10
24480.0  1.94433e-10
24485.0  1.94257e-10
24490.0  1.94083e-10
24495.0  1.93907e-10
24500.0  1.93734e-10
24505.0  1.9356e-10
24510.0  1.93385e-10
24515.0  1.93211e-10
24520.0  1.93038e-10
24525.0  1.92865e-10
24530.0  1.92692e-10
24535.0  1.92518e-10
24540.0  1.92345e-10
24545.0  1.92172e-10
24550.0  1.91999e-10
24555.0  1.91825e-10
24560.0  1.91652e-10
24565.0  1.91479e-10
24570.0  1.91307e-10
24575.0  1.91136e-10
24580.0  1.90963e-10
24585.0  1.90791e-10
24590.0  1.90621e-10
24595.0  1.90448e-10
24600.0  1.90278e-10
24605.0  1.90106e-10
24610.0  1.89936e-10
24615.0  1.89766e-10
24620.0  1.89594e-10
24625.0  1.89424e-10
24630.0  1.89254e-10
24635.0  1.89081e-10
24640.0  1.88912e-10
24645.0  1.88742e-10
24650.0  1.88573e-10
24655.0  1.88403e-10
24660.0  1.88234e-10
24665.0  1.88065e-10
24670.0  1.87895e-10
24675.0  1.87726e-10
24680.0  1.87559e-10
24685.0  1.8739e-10
24690.0  1.87221e-10
24695.0  1.87052e-10
24700.0  1.86885e-10
24705.0  1.86717e-10
24710.0  1.8655e-10
24715.0  1.86381e-10
24720.0  1.86215e-10
24725.0  1.86046e-10
24730.0  1.8588e-10
24735.0  1.85714e-10
24740.0  1.85545e-10
24745.0  1.85379e-10
24750.0  1.85213e-10
24755.0  1.85047e-10
24760.0  1.84878e-10
24765.0  1.84712e-10
24770.0  1.84546e-10
24775.0  1.84381e-10
24780.0  1.84215e-10
24785.0  1.84049e-10
24790.0  1.83886e-10
24795.0  1.83721e-10
24800.0  1.83555e-10
24805.0  1.8339e-10
24810.0  1.83225e-10
24815.0  1.83061e-10
24820.0  1.82897e-10
24825.0  1.82733e-10
24830.0  1.82568e-10
24835.0  1.82403e-10
24840.0  1.8224e-10
24845.0  1.82078e-10
24850.0  1.81913e-10
24855.0  1.8175e-10
24860.0  1.81588e-10
24865.0  1.81423e-10
24870.0  1.8126e-10
24875.0  1.81098e-10
24880.0  1.80936e-10
24885.0  1.80774e-10
24890.0  1.80612e-10
24895.0  1.8045e-10
24900.0  1.80288e-10
24905.0  1.80126e-10
24910.0  1.79964e-10
24915.0  1.79802e-10
24920.0  1.7964e-10
24925.0  1.79481e-10
24930.0  1.79319e-10
24935.0  1.79157e-10
24940.0  1.78998e-10
24945.0  1.78836e-10
24950.0  1.78675e-10
24955.0  1.78516e-10
24960.0  1.78357e-10
24965.0  1.78196e-10
24970.0  1.78036e-10
24975.0  1.77875e-10
24980.0  1.77717e-10
24985.0  1.77558e-10
24990.0  1.77399e-10
24995.0  1.55099e-10
25000.0  2.21503e-11
