# Extracted from file: pickles_uk_28.fits
#SIMPLETrueFits standard
#BITPIX16Bits per pixel
#NAXIS0Number of axes
#EXTENDTrueFile may contain extensions
#DATE2007-01-11T21:02:19Date FITS file was generated
#IRAF-TLM16:02:35 (11/01/2007)Time of last modification
#COMMENT  FITS (Flexible Image Transport System) format is defined in 'Astronomy
#COMMENT  and Astrophysics', volume 376, page 359; bibcode: 2001A&A...376..359H
#ORIGINSTScI-STSDAS/TABLESTables version 2002-02-22
#FILENAMEpickles_uk_28.fitsname of file
#NEXTEND1number of extensions in file
#COMMENT1spectral type: G5V
#COMMENT2metallicity: weak
#COMMENT3original filename: ukwg5v.dat
#HISTORY  File created by F.R.Boffi.
#HISTORY  SEDs from Pickles UVKLIB Library (1998, PASP 110, 863).
#HISTORY  Wavelength is in Angstrom.
#HISTORY  Fluxes are tabulated in units of erg/s/cm^2/A
#HISTORY  and were calculated by normalizing the original fluxes
#HISTORY  in the Pickles V band to a 0 magnitude in vegamag.
#HISTORY  In the vegamag system, Vega has magnitude zero in all passbands.
#HISTORY  Please refer to the SYNPHOT manual for further information.
#
#
#
#
#
#
#
#
#
#
#
#
#
#  
#Columns WAVELENGTH FLUX
#Units  angstroms flam
1150.0  1.101e-11
1155.0  1.09133e-11
1160.0  6.0324e-12
1165.0  3.88416e-12
1170.0  3.91926e-12
1175.0  3.65055e-12
1180.0  2.13976e-12
1185.0  1.52532e-12
1190.0  1.1402e-12
1195.0  6.28263e-12
1200.0  3.09975e-11
1205.0  1.44542e-10
1210.0  3.37325e-10
1215.0  3.79622e-10
1220.0  1.94926e-10
1225.0  4.40214e-11
1230.0  6.10774e-12
1235.0  2.35841e-12
1240.0  2.20929e-12
1245.0  1.76029e-12
1250.0  1.11325e-12
1255.0  6.75912e-13
1260.0  6.71146e-13
1265.0  6.70669e-13
1270.0  7.39436e-13
1275.0  1.07604e-12
1280.0  1.32638e-12
1285.0  1.13806e-12
1290.0  8.41721e-13
1295.0  1.01998e-12
1300.0  1.9611e-12
1305.0  2.42978e-12
1310.0  1.26856e-12
1315.0  6.17665e-13
1320.0  5.00445e-13
1325.0  7.79313e-13
1330.0  1.78078e-12
1335.0  2.91127e-12
1340.0  1.35576e-12
1345.0  3.55006e-13
1350.0  1.47723e-13
1355.0  5.52509e-13
1360.0  7.9061e-13
1365.0  7.30014e-13
1370.0  5.81628e-13
1375.0  6.31615e-13
1380.0  5.52983e-13
1385.0  5.78746e-13
1390.0  1.13944e-12
1395.0  1.77202e-12
1400.0  1.68819e-12
1405.0  1.6839e-12
1410.0  1.09967e-12
1415.0  6.41393e-13
1420.0  6.42236e-13
1425.0  9.74287e-13
1430.0  1.19278e-12
1435.0  8.98926e-13
1440.0  1.0142e-12
1445.0  1.39017e-12
1450.0  1.53292e-12
1455.0  1.32099e-12
1460.0  8.79941e-13
1465.0  1.28237e-12
1470.0  1.7959e-12
1475.0  1.39088e-12
1480.0  1.19998e-12
1485.0  2.00756e-12
1490.0  2.30491e-12
1495.0  2.16699e-12
1500.0  1.68288e-12
1505.0  1.439e-12
1510.0  1.69012e-12
1515.0  1.55056e-12
1520.0  1.54205e-12
1525.0  1.71915e-12
1530.0  2.56135e-12
1535.0  2.49209e-12
1540.0  2.40023e-12
1545.0  4.56221e-12
1550.0  5.17632e-12
1555.0  2.63464e-12
1560.0  1.60485e-12
1565.0  1.53284e-12
1570.0  1.33229e-12
1575.0  1.66762e-12
1580.0  1.8403e-12
1585.0  1.5376e-12
1590.0  1.12368e-12
1595.0  1.21076e-12
1600.0  1.5281e-12
1605.0  1.52782e-12
1610.0  1.29582e-12
1615.0  1.29138e-12
1620.0  1.32971e-12
1625.0  1.79446e-12
1630.0  2.36209e-12
1635.0  2.97732e-12
1640.0  3.21352e-12
1645.0  2.16272e-12
1650.0  2.43381e-12
1655.0  4.04296e-12
1660.0  4.1405e-12
1665.0  2.79084e-12
1670.0  2.27465e-12
1675.0  2.01829e-12
1680.0  2.09789e-12
1685.0  2.2051e-12
1690.0  2.45218e-12
1695.0  2.71739e-12
1700.0  3.05432e-12
1705.0  3.27205e-12
1710.0  3.15396e-12
1715.0  3.23161e-12
1720.0  3.0767e-12
1725.0  3.0828e-12
1730.0  3.34535e-12
1735.0  3.61094e-12
1740.0  3.82529e-12
1745.0  4.15823e-12
1750.0  4.62414e-12
1755.0  5.01675e-12
1760.0  5.08236e-12
1765.0  4.97398e-12
1770.0  5.32149e-12
1775.0  5.5052e-12
1780.0  5.43464e-12
1785.0  5.01327e-12
1790.0  4.16027e-12
1795.0  5.27086e-12
1800.0  6.53106e-12
1805.0  8.32072e-12
1810.0  9.98211e-12
1815.0  1.14904e-11
1820.0  1.11604e-11
1825.0  8.84999e-12
1830.0  8.04332e-12
1835.0  8.20286e-12
1840.0  8.01904e-12
1845.0  7.43751e-12
1850.0  7.61735e-12
1855.0  8.16455e-12
1860.0  8.71282e-12
1865.0  9.84193e-12
1870.0  1.08825e-11
1875.0  1.06502e-11
1880.0  1.08902e-11
1885.0  1.12427e-11
1890.0  1.1867e-11
1895.0  1.20161e-11
1900.0  1.19398e-11
1905.0  1.20762e-11
1910.0  1.24159e-11
1915.0  1.28214e-11
1920.0  1.31459e-11
1925.0  1.28697e-11
1930.0  1.19228e-11
1935.0  1.25189e-11
1940.0  1.48814e-11
1945.0  1.69222e-11
1950.0  2.22393e-11
1955.0  3.52046e-11
1960.0  2.9707e-11
1965.0  2.87017e-11
1970.0  3.64685e-11
1975.0  2.99633e-11
1980.0  3.31389e-11
1985.0  3.31623e-11
1990.0  2.78681e-11
1995.0  4.15696e-11
2000.0  4.02255e-11
2005.0  3.24766e-11
2010.0  2.62108e-11
2015.0  2.88854e-11
2020.0  3.57503e-11
2025.0  2.97794e-11
2030.0  2.85777e-11
2035.0  3.96992e-11
2040.0  4.97147e-11
2045.0  5.2966e-11
2050.0  5.51502e-11
2055.0  4.3365e-11
2060.0  4.40561e-11
2065.0  4.89913e-11
2070.0  5.94107e-11
2075.0  6.08306e-11
2080.0  5.9846e-11
2085.0  5.81906e-11
2090.0  4.76035e-11
2095.0  5.66627e-11
2100.0  8.16322e-11
2105.0  8.95422e-11
2110.0  7.3061e-11
2115.0  8.33046e-11
2120.0  9.31071e-11
2125.0  7.64639e-11
2130.0  6.86225e-11
2135.0  7.94465e-11
2140.0  8.90897e-11
2145.0  8.67431e-11
2150.0  9.57445e-11
2155.0  1.01495e-10
2160.0  8.91281e-11
2165.0  8.15696e-11
2170.0  6.52237e-11
2175.0  6.97646e-11
2180.0  8.9815e-11
2185.0  1.25214e-10
2190.0  1.47548e-10
2195.0  1.5018e-10
2200.0  1.33647e-10
2205.0  1.08281e-10
2210.0  9.51153e-11
2215.0  9.48314e-11
2220.0  1.12722e-10
2225.0  1.19089e-10
2230.0  1.07973e-10
2235.0  1.17746e-10
2240.0  1.31053e-10
2245.0  1.4705e-10
2250.0  1.4405e-10
2255.0  1.2091e-10
2260.0  1.03618e-10
2265.0  9.4933e-11
2270.0  9.67128e-11
2275.0  9.27557e-11
2280.0  1.15882e-10
2285.0  1.19562e-10
2290.0  1.09942e-10
2295.0  1.19155e-10
2300.0  1.28522e-10
2305.0  1.43361e-10
2310.0  1.46735e-10
2315.0  1.37403e-10
2320.0  1.33461e-10
2325.0  1.53728e-10
2330.0  1.45318e-10
2335.0  1.23592e-10
2340.0  1.19207e-10
2345.0  1.10376e-10
2350.0  1.11814e-10
2355.0  1.25081e-10
2360.0  1.36283e-10
2365.0  1.50156e-10
2370.0  1.68395e-10
2375.0  1.65988e-10
2380.0  1.35086e-10
2385.0  1.16305e-10
2390.0  1.18411e-10
2395.0  1.18074e-10
2400.0  9.77131e-11
2405.0  1.03022e-10
2410.0  1.03144e-10
2415.0  1.16444e-10
2420.0  1.48906e-10
2425.0  1.66718e-10
2430.0  1.52077e-10
2435.0  1.47438e-10
2440.0  1.52691e-10
2445.0  1.475e-10
2450.0  1.44364e-10
2455.0  1.57606e-10
2460.0  1.43612e-10
2465.0  1.30492e-10
2470.0  1.33226e-10
2475.0  1.31739e-10
2480.0  1.1748e-10
2485.0  1.03383e-10
2490.0  1.12738e-10
2495.0  1.33868e-10
2500.0  1.52598e-10
2505.0  1.49471e-10
2510.0  1.399e-10
2515.0  1.33641e-10
2520.0  1.31749e-10
2525.0  1.3277e-10
2530.0  1.45649e-10
2535.0  1.43889e-10
2540.0  1.45794e-10
2545.0  1.57039e-10
2550.0  1.69648e-10
2555.0  1.82196e-10
2560.0  2.0651e-10
2565.0  2.38578e-10
2570.0  2.34129e-10
2575.0  2.2131e-10
2580.0  2.53591e-10
2585.0  2.76639e-10
2590.0  2.71946e-10
2595.0  2.5191e-10
2600.0  2.40096e-10
2605.0  2.38456e-10
2610.0  2.33838e-10
2615.0  2.3782e-10
2620.0  2.42749e-10
2625.0  2.55681e-10
2630.0  2.81789e-10
2635.0  3.53347e-10
2640.0  4.49946e-10
2645.0  4.85811e-10
2650.0  4.81851e-10
2655.0  5.0509e-10
2660.0  5.22519e-10
2665.0  5.05462e-10
2670.0  5.02674e-10
2675.0  5.10647e-10
2680.0  5.08347e-10
2685.0  4.91388e-10
2690.0  4.8315e-10
2695.0  4.96586e-10
2700.0  5.39994e-10
2705.0  5.40254e-10
2710.0  5.10367e-10
2715.0  4.62591e-10
2720.0  4.03708e-10
2725.0  4.04463e-10
2730.0  4.40027e-10
2735.0  4.07219e-10
2740.0  3.27232e-10
2745.0  3.01745e-10
2750.0  3.23517e-10
2755.0  3.83939e-10
2760.0  4.53226e-10
2765.0  4.98003e-10
2770.0  5.12209e-10
2775.0  4.94444e-10
2780.0  4.25394e-10
2785.0  3.54995e-10
2790.0  3.09935e-10
2795.0  2.82129e-10
2800.0  2.72956e-10
2805.0  2.93721e-10
2810.0  3.73014e-10
2815.0  5.05448e-10
2820.0  5.80951e-10
2825.0  6.24112e-10
2830.0  6.64388e-10
2835.0  6.59997e-10
2840.0  6.01019e-10
2845.0  5.12339e-10
2850.0  4.14542e-10
2855.0  4.18773e-10
2860.0  5.62758e-10
2865.0  6.88735e-10
2870.0  7.29336e-10
2875.0  7.14318e-10
2880.0  6.65784e-10
2885.0  7.13431e-10
2890.0  8.5086e-10
2895.0  1.01417e-09
2900.0  1.19913e-09
2905.0  1.32454e-09
2910.0  1.34611e-09
2915.0  1.28703e-09
2920.0  1.17941e-09
2925.0  1.13274e-09
2930.0  1.15907e-09
2935.0  1.14893e-09
2940.0  1.08886e-09
2945.0  1.06492e-09
2950.0  1.09368e-09
2955.0  1.17583e-09
2960.0  1.17731e-09
2965.0  1.07822e-09
2970.0  1.00339e-09
2975.0  1.07011e-09
2980.0  1.05033e-09
2985.0  9.42958e-10
2990.0  9.73753e-10
2995.0  9.59156e-10
3000.0  8.82707e-10
3005.0  8.56567e-10
3010.0  8.98748e-10
3015.0  9.24314e-10
3020.0  9.17661e-10
3025.0  1.03405e-09
3030.0  1.18957e-09
3035.0  1.21447e-09
3040.0  1.17593e-09
3045.0  1.18772e-09
3050.0  1.21709e-09
3055.0  1.17396e-09
3060.0  1.12439e-09
3065.0  1.16197e-09
3070.0  1.22096e-09
3075.0  1.25339e-09
3080.0  1.26799e-09
3085.0  1.24142e-09
3090.0  1.17858e-09
3095.0  1.129e-09
3100.0  1.21363e-09
3105.0  1.43949e-09
3110.0  1.54172e-09
3115.0  1.42751e-09
3120.0  1.37478e-09
3125.0  1.4361e-09
3130.0  1.52299e-09
3135.0  1.56805e-09
3140.0  1.50988e-09
3145.0  1.38559e-09
3150.0  1.43107e-09
3155.0  1.41225e-09
3160.0  1.48249e-09
3165.0  1.57997e-09
3170.0  1.6912e-09
3175.0  1.70595e-09
3180.0  1.59864e-09
3185.0  1.54495e-09
3190.0  1.60548e-09
3195.0  1.64582e-09
3200.0  1.62337e-09
3205.0  1.60062e-09
3210.0  1.54831e-09
3215.0  1.48303e-09
3220.0  1.40986e-09
3225.0  1.33958e-09
3230.0  1.3191e-09
3235.0  1.37602e-09
3240.0  1.45286e-09
3245.0  1.49836e-09
3250.0  1.56074e-09
3255.0  1.69124e-09
3260.0  1.84712e-09
3265.0  1.95579e-09
3270.0  1.96604e-09
3275.0  1.87529e-09
3280.0  1.7832e-09
3285.0  1.79218e-09
3290.0  1.90802e-09
3295.0  2.07165e-09
3300.0  2.15722e-09
3305.0  2.08793e-09
3310.0  1.97579e-09
3315.0  1.94326e-09
3320.0  1.95332e-09
3325.0  1.9376e-09
3330.0  1.90931e-09
3335.0  1.90626e-09
3340.0  1.94266e-09
3345.0  2.00169e-09
3350.0  2.0143e-09
3355.0  1.93298e-09
3360.0  1.81737e-09
3365.0  1.74789e-09
3370.0  1.74988e-09
3375.0  1.80749e-09
3380.0  1.85767e-09
3385.0  1.86569e-09
3390.0  1.9108e-09
3395.0  2.04666e-09
3400.0  2.1501e-09
3405.0  2.10398e-09
3410.0  1.98569e-09
3415.0  1.91938e-09
3420.0  1.94922e-09
3425.0  2.04152e-09
3430.0  2.05067e-09
3435.0  1.88915e-09
3440.0  1.72471e-09
3445.0  1.72781e-09
3450.0  1.82193e-09
3455.0  1.88101e-09
3460.0  1.90094e-09
3465.0  1.91276e-09
3470.0  1.91158e-09
3475.0  1.88763e-09
3480.0  1.85866e-09
3485.0  1.85272e-09
3490.0  1.89395e-09
3495.0  1.98e-09
3500.0  2.04593e-09
3505.0  2.03936e-09
3510.0  2.00204e-09
3515.0  1.9785e-09
3520.0  1.94339e-09
3525.0  1.91437e-09
3530.0  1.9849e-09
3535.0  2.12407e-09
3540.0  2.22543e-09
3545.0  2.27005e-09
3550.0  2.26329e-09
3555.0  2.20081e-09
3560.0  2.10071e-09
3565.0  1.94974e-09
3570.0  1.81326e-09
3575.0  1.72841e-09
3580.0  1.66441e-09
3585.0  1.66631e-09
3590.0  1.79629e-09
3595.0  1.97666e-09
3600.0  2.07632e-09
3605.0  2.02328e-09
3610.0  1.88031e-09
3615.0  1.84263e-09
3620.0  1.88748e-09
3625.0  2.00307e-09
3630.0  2.08636e-09
3635.0  2.09101e-09
3640.0  2.07207e-09
3645.0  2.01831e-09
3650.0  2.05511e-09
3655.0  2.21817e-09
3660.0  2.36523e-09
3665.0  2.38044e-09
3670.0  2.347e-09
3675.0  2.33487e-09
3680.0  2.31152e-09
3685.0  2.27723e-09
3690.0  2.34112e-09
3695.0  2.42138e-09
3700.0  2.46882e-09
3705.0  2.37966e-09
3710.0  2.31229e-09
3715.0  2.30606e-09
3720.0  2.23401e-09
3725.0  2.21693e-09
3730.0  2.16696e-09
3735.0  2.01315e-09
3740.0  1.9823e-09
3745.0  1.94347e-09
3750.0  1.93832e-09
3755.0  2.12122e-09
3760.0  2.23552e-09
3765.0  2.29922e-09
3770.0  2.40596e-09
3775.0  2.58376e-09
3780.0  2.75906e-09
3785.0  2.66388e-09
3790.0  2.40692e-09
3795.0  2.27904e-09
3800.0  2.33517e-09
3805.0  2.50668e-09
3810.0  2.5448e-09
3815.0  2.34432e-09
3820.0  2.05814e-09
3825.0  1.80957e-09
3830.0  1.62749e-09
3835.0  1.60981e-09
3840.0  1.81287e-09
3845.0  2.12685e-09
3850.0  2.26889e-09
3855.0  2.19401e-09
3860.0  2.12329e-09
3865.0  2.17283e-09
3870.0  2.16808e-09
3875.0  2.12909e-09
3880.0  2.09246e-09
3885.0  2.1222e-09
3890.0  2.18426e-09
3895.0  2.32863e-09
3900.0  2.4584e-09
3905.0  2.52864e-09
3910.0  2.61368e-09
3915.0  2.58919e-09
3920.0  2.3458e-09
3925.0  1.86646e-09
3930.0  1.32374e-09
3935.0  1.20063e-09
3940.0  1.62301e-09
3945.0  2.14538e-09
3950.0  2.46615e-09
3955.0  2.49617e-09
3960.0  2.14388e-09
3965.0  1.55507e-09
3970.0  1.39305e-09
3975.0  1.96275e-09
3980.0  2.64461e-09
3985.0  3.00031e-09
3990.0  3.12654e-09
3995.0  3.19251e-09
4000.0  3.23567e-09
4005.0  3.2646e-09
4010.0  3.32796e-09
4015.0  3.38636e-09
4020.0  3.39805e-09
4025.0  3.38334e-09
4030.0  3.33679e-09
4035.0  3.35591e-09
4040.0  3.38042e-09
4045.0  3.30865e-09
4050.0  3.28665e-09
4055.0  3.26277e-09
4060.0  3.25401e-09
4065.0  3.23855e-09
4070.0  3.25519e-09
4075.0  3.25548e-09
4080.0  3.30075e-09
4085.0  3.45637e-09
4090.0  3.52319e-09
4095.0  3.34171e-09
4100.0  3.09329e-09
4105.0  3.13751e-09
4110.0  3.37548e-09
4115.0  3.51104e-09
4120.0  3.5095e-09
4125.0  3.45536e-09
4130.0  3.40799e-09
4135.0  3.44607e-09
4140.0  3.48744e-09
4145.0  3.47285e-09
4150.0  3.45965e-09
4155.0  3.47042e-09
4160.0  3.52229e-09
4165.0  3.51796e-09
4170.0  3.42005e-09
4175.0  3.33012e-09
4180.0  3.33967e-09
4185.0  3.38167e-09
4190.0  3.40763e-09
4195.0  3.35964e-09
4200.0  3.28228e-09
4205.0  3.36843e-09
4210.0  3.50073e-09
4215.0  3.49896e-09
4220.0  3.41384e-09
4225.0  3.25552e-09
4230.0  3.22599e-09
4235.0  3.27716e-09
4240.0  3.28195e-09
4245.0  3.27941e-09
4250.0  3.26846e-09
4255.0  3.26972e-09
4260.0  3.24652e-09
4265.0  3.22217e-09
4270.0  3.15339e-09
4275.0  3.15712e-09
4280.0  3.1977e-09
4285.0  3.12418e-09
4290.0  2.97704e-09
4295.0  2.78666e-09
4300.0  2.49609e-09
4305.0  2.33469e-09
4310.0  2.47834e-09
4315.0  2.98807e-09
4320.0  3.37629e-09
4325.0  3.40657e-09
4330.0  3.3855e-09
4335.0  3.24407e-09
4340.0  3.09224e-09
4345.0  3.21183e-09
4350.0  3.37997e-09
4355.0  3.47167e-09
4360.0  3.55403e-09
4365.0  3.58693e-09
4370.0  3.52049e-09
4375.0  3.42581e-09
4380.0  3.32442e-09
4385.0  3.25855e-09
4390.0  3.32474e-09
4395.0  3.40423e-09
4400.0  3.44467e-09
4405.0  3.48147e-09
4410.0  3.56657e-09
4415.0  3.6608e-09
4420.0  3.70517e-09
4425.0  3.73959e-09
4430.0  3.73601e-09
4435.0  3.70726e-09
4440.0  3.7422e-09
4445.0  3.78489e-09
4450.0  3.78124e-09
4455.0  3.64499e-09
4460.0  3.55848e-09
4465.0  3.63859e-09
4470.0  3.76848e-09
4475.0  3.87749e-09
4480.0  3.88275e-09
4485.0  3.87997e-09
4490.0  3.87687e-09
4495.0  3.92004e-09
4500.0  3.9863e-09
4505.0  4.06287e-09
4510.0  4.09879e-09
4515.0  4.03165e-09
4520.0  3.94234e-09
4525.0  3.77385e-09
4530.0  3.65185e-09
4535.0  3.73052e-09
4540.0  3.85649e-09
4545.0  3.82963e-09
4550.0  3.78214e-09
4555.0  3.84714e-09
4560.0  3.95233e-09
4565.0  3.96941e-09
4570.0  3.95886e-09
4575.0  3.94995e-09
4580.0  3.91971e-09
4585.0  3.9034e-09
4590.0  3.91091e-09
4595.0  3.89565e-09
4600.0  3.88887e-09
4605.0  3.94459e-09
4610.0  3.99434e-09
4615.0  3.96595e-09
4620.0  3.95808e-09
4625.0  3.97359e-09
4630.0  3.97715e-09
4635.0  3.95253e-09
4640.0  3.927e-09
4645.0  3.90311e-09
4650.0  3.88409e-09
4655.0  3.91143e-09
4660.0  3.95091e-09
4665.0  3.88168e-09
4670.0  3.81739e-09
4675.0  3.87175e-09
4680.0  3.90315e-09
4685.0  3.93095e-09
4690.0  3.94764e-09
4695.0  3.95233e-09
4700.0  3.86377e-09
4705.0  3.79497e-09
4710.0  3.8265e-09
4715.0  3.93087e-09
4720.0  3.99965e-09
4725.0  3.94442e-09
4730.0  3.84776e-09
4735.0  3.86098e-09
4740.0  3.95164e-09
4745.0  4.01177e-09
4750.0  4.00239e-09
4755.0  3.93844e-09
4760.0  3.87463e-09
4765.0  3.85245e-09
4770.0  3.91539e-09
4775.0  3.98812e-09
4780.0  3.99276e-09
4785.0  3.93479e-09
4790.0  3.91863e-09
4795.0  3.98914e-09
4800.0  4.00908e-09
4805.0  4.00197e-09
4810.0  3.97475e-09
4815.0  4.01674e-09
4820.0  4.02374e-09
4825.0  3.98189e-09
4830.0  3.91799e-09
4835.0  3.87258e-09
4840.0  3.88158e-09
4845.0  3.91744e-09
4850.0  3.87663e-09
4855.0  3.61472e-09
4860.0  3.30453e-09
4865.0  3.36366e-09
4870.0  3.59802e-09
4875.0  3.73021e-09
4880.0  3.78714e-09
4885.0  3.72736e-09
4890.0  3.69022e-09
4895.0  3.82869e-09
4900.0  3.94734e-09
4905.0  3.92313e-09
4910.0  3.86083e-09
4915.0  3.78171e-09
4920.0  3.70257e-09
4925.0  3.77868e-09
4930.0  3.88601e-09
4935.0  3.8408e-09
4940.0  3.82999e-09
4945.0  3.90594e-09
4950.0  3.93041e-09
4955.0  3.88341e-09
4960.0  3.8823e-09
4965.0  3.92436e-09
4970.0  3.91123e-09
4975.0  3.8617e-09
4980.0  3.74145e-09
4985.0  3.72321e-09
4990.0  3.80114e-09
4995.0  3.8041e-09
5000.0  3.77502e-09
5005.0  3.73886e-09
5010.0  3.69431e-09
5015.0  3.63415e-09
5020.0  3.66738e-09
5025.0  3.75695e-09
5030.0  3.80762e-09
5035.0  3.73732e-09
5040.0  3.65708e-09
5045.0  3.72511e-09
5050.0  3.78531e-09
5055.0  3.85816e-09
5060.0  3.89245e-09
5065.0  3.82329e-09
5070.0  3.75129e-09
5075.0  3.70355e-09
5080.0  3.67297e-09
5085.0  3.76327e-09
5090.0  3.85143e-09
5095.0  3.80429e-09
5100.0  3.74143e-09
5105.0  3.74464e-09
5110.0  3.75547e-09
5115.0  3.82718e-09
5120.0  3.81603e-09
5125.0  3.72517e-09
5130.0  3.67115e-09
5135.0  3.64658e-09
5140.0  3.61216e-09
5145.0  3.61658e-09
5150.0  3.66271e-09
5155.0  3.72998e-09
5160.0  3.69558e-09
5165.0  3.37172e-09
5170.0  3.14448e-09
5175.0  3.28232e-09
5180.0  3.41632e-09
5185.0  3.40618e-09
5190.0  3.50388e-09
5195.0  3.60494e-09
5200.0  3.65443e-09
5205.0  3.62163e-09
5210.0  3.62394e-09
5215.0  3.67894e-09
5220.0  3.68106e-09
5225.0  3.6036e-09
5230.0  3.57725e-09
5235.0  3.65799e-09
5240.0  3.73886e-09
5245.0  3.73898e-09
5250.0  3.70482e-09
5255.0  3.71831e-09
5260.0  3.6509e-09
5265.0  3.45446e-09
5270.0  3.38931e-09
5275.0  3.50144e-09
5280.0  3.62863e-09
5285.0  3.72301e-09
5290.0  3.79453e-09
5295.0  3.74354e-09
5300.0  3.69235e-09
5305.0  3.75191e-09
5310.0  3.81855e-09
5315.0  3.78072e-09
5320.0  3.69019e-09
5325.0  3.58323e-09
5330.0  3.55089e-09
5335.0  3.62929e-09
5340.0  3.66735e-09
5345.0  3.68445e-09
5350.0  3.73228e-09
5355.0  3.80635e-09
5360.0  3.79149e-09
5365.0  3.69058e-09
5370.0  3.63223e-09
5375.0  3.67658e-09
5380.0  3.72058e-09
5385.0  3.72317e-09
5390.0  3.6732e-09
5395.0  3.60813e-09
5400.0  3.56131e-09
5405.0  3.53683e-09
5410.0  3.57641e-09
5415.0  3.64827e-09
5420.0  3.69957e-09
5425.0  3.6782e-09
5430.0  3.6357e-09
5435.0  3.67252e-09
5440.0  3.72802e-09
5445.0  3.69764e-09
5450.0  3.66655e-09
5455.0  3.65285e-09
5460.0  3.66541e-09
5465.0  3.6852e-09
5470.0  3.69535e-09
5475.0  3.63589e-09
5480.0  3.60674e-09
5485.0  3.65007e-09
5490.0  3.67523e-09
5495.0  3.69256e-09
5500.0  3.67735e-09
5505.0  3.64861e-09
5510.0  3.65337e-09
5515.0  3.69726e-09
5520.0  3.7295e-09
5525.0  3.66734e-09
5530.0  3.62062e-09
5535.0  3.65495e-09
5540.0  3.7064e-09
5545.0  3.71099e-09
5550.0  3.69749e-09
5555.0  3.68267e-09
5560.0  3.66026e-09
5565.0  3.60562e-09
5570.0  3.6e-09
5575.0  3.6357e-09
5580.0  3.64026e-09
5585.0  3.56059e-09
5590.0  3.48777e-09
5595.0  3.512e-09
5600.0  3.55014e-09
5605.0  3.62345e-09
5610.0  3.67964e-09
5615.0  3.63041e-09
5620.0  3.5916e-09
5625.0  3.61121e-09
5630.0  3.65153e-09
5635.0  3.63145e-09
5640.0  3.58757e-09
5645.0  3.60552e-09
5650.0  3.61208e-09
5655.0  3.54992e-09
5660.0  3.50478e-09
5665.0  3.55407e-09
5670.0  3.60969e-09
5675.0  3.62534e-09
5680.0  3.57442e-09
5685.0  3.54399e-09
5690.0  3.57297e-09
5695.0  3.59775e-09
5700.0  3.55319e-09
5705.0  3.47824e-09
5710.0  3.43441e-09
5715.0  3.50544e-09
5720.0  3.59395e-09
5725.0  3.6203e-09
5730.0  3.60823e-09
5735.0  3.61025e-09
5740.0  3.60647e-09
5745.0  3.56591e-09
5750.0  3.51974e-09
5755.0  3.51746e-09
5760.0  3.54853e-09
5765.0  3.586e-09
5770.0  3.59557e-09
5775.0  3.54887e-09
5780.0  3.49794e-09
5785.0  3.50824e-09
5790.0  3.52944e-09
5795.0  3.52063e-09
5800.0  3.53908e-09
5805.0  3.56125e-09
5810.0  3.5689e-09
5815.0  3.56995e-09
5820.0  3.58249e-09
5825.0  3.59567e-09
5830.0  3.61616e-09
5835.0  3.62948e-09
5840.0  3.61915e-09
5845.0  3.59589e-09
5850.0  3.55849e-09
5855.0  3.48939e-09
5860.0  3.48524e-09
5865.0  3.53855e-09
5870.0  3.57183e-09
5875.0  3.58021e-09
5880.0  3.54296e-09
5885.0  3.42663e-09
5890.0  3.28159e-09
5895.0  3.28339e-09
5900.0  3.40131e-09
5905.0  3.48948e-09
5910.0  3.50993e-09
5915.0  3.51194e-09
5920.0  3.52023e-09
5925.0  3.51767e-09
5930.0  3.50854e-09
5935.0  3.49876e-09
5940.0  3.49391e-09
5945.0  3.47026e-09
5950.0  3.44768e-09
5955.0  3.47136e-09
5960.0  3.50429e-09
5965.0  3.52304e-09
5970.0  3.51147e-09
5975.0  3.48161e-09
5980.0  3.46037e-09
5985.0  3.46032e-09
5990.0  3.46705e-09
5995.0  3.46924e-09
6000.0  3.45211e-09
6005.0  3.43515e-09
6010.0  3.41713e-09
6015.0  3.39923e-09
6020.0  3.37406e-09
6025.0  3.39971e-09
6030.0  3.45543e-09
6035.0  3.46285e-09
6040.0  3.43318e-09
6045.0  3.43335e-09
6050.0  3.43125e-09
6055.0  3.41326e-09
6060.0  3.40577e-09
6065.0  3.40474e-09
6070.0  3.42613e-09
6075.0  3.41836e-09
6080.0  3.39044e-09
6085.0  3.3807e-09
6090.0  3.38313e-09
6095.0  3.36237e-09
6100.0  3.34651e-09
6105.0  3.35579e-09
6110.0  3.4059e-09
6115.0  3.39272e-09
6120.0  3.36023e-09
6125.0  3.36482e-09
6130.0  3.35793e-09
6135.0  3.29632e-09
6140.0  3.26471e-09
6145.0  3.31072e-09
6150.0  3.33886e-09
6155.0  3.3135e-09
6160.0  3.24823e-09
6165.0  3.21541e-09
6170.0  3.25155e-09
6175.0  3.287e-09
6180.0  3.30243e-09
6185.0  3.30062e-09
6190.0  3.28686e-09
6195.0  3.31442e-09
6200.0  3.326e-09
6205.0  3.31912e-09
6210.0  3.33401e-09
6215.0  3.30593e-09
6220.0  3.272e-09
6225.0  3.25234e-09
6230.0  3.23841e-09
6235.0  3.25928e-09
6240.0  3.26543e-09
6245.0  3.2428e-09
6250.0  3.21491e-09
6255.0  3.17754e-09
6260.0  3.19239e-09
6265.0  3.22504e-09
6270.0  3.22863e-09
6275.0  3.16451e-09
6280.0  3.11089e-09
6285.0  3.17714e-09
6290.0  3.2149e-09
6295.0  3.16811e-09
6300.0  3.13412e-09
6305.0  3.16342e-09
6310.0  3.18124e-09
6315.0  3.14227e-09
6320.0  3.14832e-09
6325.0  3.20066e-09
6330.0  3.19822e-09
6335.0  3.14943e-09
6340.0  3.14236e-09
6345.0  3.19089e-09
6350.0  3.21592e-09
6355.0  3.19158e-09
6360.0  3.16802e-09
6365.0  3.19321e-09
6370.0  3.22174e-09
6375.0  3.22563e-09
6380.0  3.23009e-09
6385.0  3.2115e-09
6390.0  3.184e-09
6395.0  3.14765e-09
6400.0  3.14659e-09
6405.0  3.15543e-09
6410.0  3.14847e-09
6415.0  3.14568e-09
6420.0  3.14607e-09
6425.0  3.16499e-09
6430.0  3.15538e-09
6435.0  3.12583e-09
6440.0  3.12841e-09
6445.0  3.13138e-09
6450.0  3.11329e-09
6455.0  3.10866e-09
6460.0  3.10302e-09
6465.0  3.10595e-09
6470.0  3.11378e-09
6475.0  3.10421e-09
6480.0  3.08217e-09
6485.0  3.07536e-09
6490.0  3.04016e-09
6495.0  3.00536e-09
6500.0  3.05944e-09
6505.0  3.12376e-09
6510.0  3.14323e-09
6515.0  3.11993e-09
6520.0  3.11622e-09
6525.0  3.12946e-09
6530.0  3.13202e-09
6535.0  3.13437e-09
6540.0  3.13713e-09
6545.0  3.11263e-09
6550.0  3.01095e-09
6555.0  2.82202e-09
6560.0  2.61564e-09
6565.0  2.61727e-09
6570.0  2.84765e-09
6575.0  3.0003e-09
6580.0  3.03887e-09
6585.0  3.02741e-09
6590.0  3.01889e-09
6595.0  3.02128e-09
6600.0  3.04688e-09
6605.0  3.05007e-09
6610.0  3.04762e-09
6615.0  3.06812e-09
6620.0  3.07279e-09
6625.0  3.06612e-09
6630.0  3.0368e-09
6635.0  3.02091e-09
6640.0  3.02092e-09
6645.0  3.02505e-09
6650.0  3.03143e-09
6655.0  3.04299e-09
6660.0  3.02543e-09
6665.0  3.00655e-09
6670.0  3.00292e-09
6675.0  2.99447e-09
6680.0  2.98564e-09
6685.0  3.01468e-09
6690.0  3.03658e-09
6695.0  3.02331e-09
6700.0  2.99151e-09
6705.0  2.98645e-09
6710.0  2.97845e-09
6715.0  2.95654e-09
6720.0  2.95579e-09
6725.0  2.97115e-09
6730.0  2.98214e-09
6735.0  2.99806e-09
6740.0  2.99602e-09
6745.0  2.98612e-09
6750.0  2.95704e-09
6755.0  2.95403e-09
6760.0  2.9428e-09
6765.0  2.91968e-09
6770.0  2.90129e-09
6775.0  2.91287e-09
6780.0  2.93932e-09
6785.0  2.93283e-09
6790.0  2.91826e-09
6795.0  2.91297e-09
6800.0  2.92265e-09
6805.0  2.93158e-09
6810.0  2.93711e-09
6815.0  2.93943e-09
6820.0  2.92748e-09
6825.0  2.91899e-09
6830.0  2.90755e-09
6835.0  2.89284e-09
6840.0  2.86546e-09
6845.0  2.85888e-09
6850.0  2.85624e-09
6855.0  2.85359e-09
6860.0  2.85094e-09
6865.0  2.8483e-09
6870.0  2.84566e-09
6875.0  2.843e-09
6880.0  2.84036e-09
6885.0  2.83771e-09
6890.0  2.83506e-09
6895.0  2.83242e-09
6900.0  2.82978e-09
6905.0  2.82713e-09
6910.0  2.82449e-09
6915.0  2.82183e-09
6920.0  2.81919e-09
6925.0  2.81654e-09
6930.0  2.8139e-09
6935.0  2.81125e-09
6940.0  2.80861e-09
6945.0  2.80596e-09
6950.0  2.80331e-09
6955.0  2.80066e-09
6960.0  2.79802e-09
6965.0  2.79537e-09
6970.0  2.79532e-09
6975.0  2.80188e-09
6980.0  2.76613e-09
6985.0  2.77228e-09
6990.0  2.7837e-09
6995.0  2.79836e-09
7000.0  2.7705e-09
7005.0  2.74963e-09
7010.0  2.78098e-09
7015.0  2.76952e-09
7020.0  2.76405e-09
7025.0  2.76229e-09
7030.0  2.79372e-09
7035.0  2.79816e-09
7040.0  2.79961e-09
7045.0  2.81839e-09
7050.0  2.8118e-09
7055.0  2.80606e-09
7060.0  2.79818e-09
7065.0  2.77559e-09
7070.0  2.7873e-09
7075.0  2.7972e-09
7080.0  2.79215e-09
7085.0  2.78923e-09
7090.0  2.77754e-09
7095.0  2.77484e-09
7100.0  2.78062e-09
7105.0  2.7798e-09
7110.0  2.77657e-09
7115.0  2.76962e-09
7120.0  2.77182e-09
7125.0  2.78118e-09
7130.0  2.79643e-09
7135.0  2.83142e-09
7140.0  2.81833e-09
7145.0  2.78537e-09
7150.0  2.75408e-09
7155.0  2.77557e-09
7160.0  2.75587e-09
7165.0  2.68336e-09
7170.0  2.62653e-09
7175.0  2.62219e-09
7180.0  2.60423e-09
7185.0  2.55313e-09
7190.0  2.5411e-09
7195.0  2.56881e-09
7200.0  2.60041e-09
7205.0  2.62356e-09
7210.0  2.67402e-09
7215.0  2.73667e-09
7220.0  2.75592e-09
7225.0  2.72915e-09
7230.0  2.69567e-09
7235.0  2.65002e-09
7240.0  2.63391e-09
7245.0  2.63354e-09
7250.0  2.61564e-09
7255.0  2.58047e-09
7260.0  2.58661e-09
7265.0  2.61779e-09
7270.0  2.64148e-09
7275.0  2.60908e-09
7280.0  2.58962e-09
7285.0  2.56368e-09
7290.0  2.51816e-09
7295.0  2.57205e-09
7300.0  2.5976e-09
7305.0  2.57174e-09
7310.0  2.57795e-09
7315.0  2.60312e-09
7320.0  2.59617e-09
7325.0  2.59622e-09
7330.0  2.59968e-09
7335.0  2.61208e-09
7340.0  2.63039e-09
7345.0  2.61853e-09
7350.0  2.59812e-09
7355.0  2.58803e-09
7360.0  2.56573e-09
7365.0  2.56482e-09
7370.0  2.56793e-09
7375.0  2.57263e-09
7380.0  2.57797e-09
7385.0  2.53554e-09
7390.0  2.50861e-09
7395.0  2.51001e-09
7400.0  2.50731e-09
7405.0  2.48812e-09
7410.0  2.46275e-09
7415.0  2.47859e-09
7420.0  2.49673e-09
7425.0  2.52792e-09
7430.0  2.54935e-09
7435.0  2.54953e-09
7440.0  2.53641e-09
7445.0  2.52254e-09
7450.0  2.52408e-09
7455.0  2.52658e-09
7460.0  2.51863e-09
7465.0  2.53739e-09
7470.0  2.54757e-09
7475.0  2.53893e-09
7480.0  2.5271e-09
7485.0  2.52298e-09
7490.0  2.51029e-09
7495.0  2.49083e-09
7500.0  2.49479e-09
7505.0  2.46949e-09
7510.0  2.45595e-09
7515.0  2.47909e-09
7520.0  2.48167e-09
7525.0  2.47143e-09
7530.0  2.46789e-09
7535.0  2.47776e-09
7540.0  2.49253e-09
7545.0  2.47765e-09
7550.0  2.46471e-09
7555.0  2.46066e-09
7560.0  2.45795e-09
7565.0  2.45523e-09
7570.0  2.45251e-09
7575.0  2.44979e-09
7580.0  2.44707e-09
7585.0  2.44435e-09
7590.0  2.44163e-09
7595.0  2.43891e-09
7600.0  2.43619e-09
7605.0  2.43348e-09
7610.0  2.43076e-09
7615.0  2.42803e-09
7620.0  2.42531e-09
7625.0  2.4226e-09
7630.0  2.41988e-09
7635.0  2.41716e-09
7640.0  2.41444e-09
7645.0  2.41172e-09
7650.0  2.409e-09
7655.0  2.40628e-09
7660.0  2.40356e-09
7665.0  2.40085e-09
7670.0  2.39812e-09
7675.0  2.39541e-09
7680.0  2.39269e-09
7685.0  2.38997e-09
7690.0  2.38724e-09
7695.0  2.38453e-09
7700.0  2.38181e-09
7705.0  2.37909e-09
7710.0  2.37637e-09
7715.0  2.37365e-09
7720.0  2.37093e-09
7725.0  2.36821e-09
7730.0  2.36719e-09
7735.0  2.37428e-09
7740.0  2.36713e-09
7745.0  2.33928e-09
7750.0  2.32561e-09
7755.0  2.33899e-09
7760.0  2.35601e-09
7765.0  2.35991e-09
7770.0  2.34419e-09
7775.0  2.32109e-09
7780.0  2.31485e-09
7785.0  2.32091e-09
7790.0  2.32754e-09
7795.0  2.32281e-09
7800.0  2.31432e-09
7805.0  2.31325e-09
7810.0  2.31797e-09
7815.0  2.33037e-09
7820.0  2.33819e-09
7825.0  2.32983e-09
7830.0  2.31127e-09
7835.0  2.3039e-09
7840.0  2.30806e-09
7845.0  2.30965e-09
7850.0  2.31565e-09
7855.0  2.32725e-09
7860.0  2.31939e-09
7865.0  2.31134e-09
7870.0  2.30072e-09
7875.0  2.29365e-09
7880.0  2.29299e-09
7885.0  2.30492e-09
7890.0  2.29231e-09
7895.0  2.27945e-09
7900.0  2.27538e-09
7905.0  2.28431e-09
7910.0  2.28243e-09
7915.0  2.26813e-09
7920.0  2.25129e-09
7925.0  2.24975e-09
7930.0  2.23118e-09
7935.0  2.22746e-09
7940.0  2.23142e-09
7945.0  2.21948e-09
7950.0  2.2344e-09
7955.0  2.23693e-09
7960.0  2.24047e-09
7965.0  2.25104e-09
7970.0  2.24872e-09
7975.0  2.25573e-09
7980.0  2.26692e-09
7985.0  2.26491e-09
7990.0  2.25454e-09
7995.0  2.22645e-09
8000.0  2.20344e-09
8005.0  2.21979e-09
8010.0  2.2347e-09
8015.0  2.24488e-09
8020.0  2.23646e-09
8025.0  2.20794e-09
8030.0  2.20919e-09
8035.0  2.22641e-09
8040.0  2.22607e-09
8045.0  2.19411e-09
8050.0  2.19085e-09
8055.0  2.20967e-09
8060.0  2.22368e-09
8065.0  2.23509e-09
8070.0  2.22875e-09
8075.0  2.22635e-09
8080.0  2.22311e-09
8085.0  2.20652e-09
8090.0  2.19471e-09
8095.0  2.18136e-09
8100.0  2.17804e-09
8105.0  2.18857e-09
8110.0  2.20041e-09
8115.0  2.2015e-09
8120.0  2.19734e-09
8125.0  2.1954e-09
8130.0  2.19073e-09
8135.0  2.17716e-09
8140.0  2.15854e-09
8145.0  2.14209e-09
8150.0  2.13312e-09
8155.0  2.13143e-09
8160.0  2.12505e-09
8165.0  2.10658e-09
8170.0  2.09148e-09
8175.0  2.09476e-09
8180.0  2.10695e-09
8185.0  2.11162e-09
8190.0  2.09984e-09
8195.0  2.07729e-09
8200.0  2.07793e-09
8205.0  2.12257e-09
8210.0  2.17025e-09
8215.0  2.17309e-09
8220.0  2.1284e-09
8225.0  2.06262e-09
8230.0  2.03001e-09
8235.0  2.06461e-09
8240.0  2.12196e-09
8245.0  2.14833e-09
8250.0  2.14442e-09
8255.0  2.13226e-09
8260.0  2.13261e-09
8265.0  2.15074e-09
8270.0  2.1558e-09
8275.0  2.12482e-09
8280.0  2.09002e-09
8285.0  2.08584e-09
8290.0  2.0973e-09
8295.0  2.0998e-09
8300.0  2.09429e-09
8305.0  2.08942e-09
8310.0  2.08722e-09
8315.0  2.0871e-09
8320.0  2.08869e-09
8325.0  2.08983e-09
8330.0  2.08356e-09
8335.0  2.06812e-09
8340.0  2.05949e-09
8345.0  2.07044e-09
8350.0  2.08795e-09
8355.0  2.095e-09
8360.0  2.09056e-09
8365.0  2.08119e-09
8370.0  2.07622e-09
8375.0  2.0794e-09
8380.0  2.0783e-09
8385.0  2.06471e-09
8390.0  2.0566e-09
8395.0  2.06944e-09
8400.0  2.0862e-09
8405.0  2.08765e-09
8410.0  2.0823e-09
8415.0  2.07987e-09
8420.0  2.07484e-09
8425.0  2.0717e-09
8430.0  2.06326e-09
8435.0  2.04287e-09
8440.0  2.03392e-09
8445.0  2.04244e-09
8450.0  2.06074e-09
8455.0  2.07727e-09
8460.0  2.08151e-09
8465.0  2.07002e-09
8470.0  2.05431e-09
8475.0  2.04889e-09
8480.0  2.05207e-09
8485.0  2.06116e-09
8490.0  2.02785e-09
8495.0  1.9165e-09
8500.0  1.89005e-09
8505.0  1.96045e-09
8510.0  2.00208e-09
8515.0  1.99835e-09
8520.0  1.9886e-09
8525.0  1.98341e-09
8530.0  1.97065e-09
8535.0  1.88688e-09
8540.0  1.73388e-09
8545.0  1.68255e-09
8550.0  1.7249e-09
8555.0  1.81512e-09
8560.0  1.92213e-09
8565.0  1.96843e-09
8570.0  1.96382e-09
8575.0  1.95808e-09
8580.0  1.95472e-09
8585.0  1.94896e-09
8590.0  1.93905e-09
8595.0  1.932e-09
8600.0  1.93923e-09
8605.0  1.94656e-09
8610.0  1.94719e-09
8615.0  1.94506e-09
8620.0  1.94614e-09
8625.0  1.9614e-09
8630.0  1.98231e-09
8635.0  1.98814e-09
8640.0  1.9814e-09
8645.0  1.97257e-09
8650.0  1.96739e-09
8655.0  1.91617e-09
8660.0  1.78623e-09
8665.0  1.70938e-09
8670.0  1.71207e-09
8675.0  1.80035e-09
8680.0  1.89518e-09
8685.0  1.88904e-09
8690.0  1.88732e-09
8695.0  1.93302e-09
8700.0  1.88611e-09
8705.0  1.92217e-09
8710.0  1.89947e-09
8715.0  1.89841e-09
8720.0  1.91913e-09
8725.0  1.91294e-09
8730.0  1.88639e-09
8735.0  1.87572e-09
8740.0  1.87166e-09
8745.0  1.8667e-09
8750.0  1.86193e-09
8755.0  1.88843e-09
8760.0  1.89919e-09
8765.0  1.88318e-09
8770.0  1.87946e-09
8775.0  1.90012e-09
8780.0  1.90855e-09
8785.0  1.89447e-09
8790.0  1.86902e-09
8795.0  1.88604e-09
8800.0  1.85399e-09
8805.0  1.81589e-09
8810.0  1.86046e-09
8815.0  1.89703e-09
8820.0  1.88315e-09
8825.0  1.88493e-09
8830.0  1.89985e-09
8835.0  1.87287e-09
8840.0  1.87211e-09
8845.0  1.87846e-09
8850.0  1.89198e-09
8855.0  1.86873e-09
8860.0  1.83727e-09
8865.0  1.84105e-09
8870.0  1.87839e-09
8875.0  1.88086e-09
8880.0  1.90514e-09
8885.0  1.91676e-09
8890.0  1.90527e-09
8895.0  1.8892e-09
8900.0  1.91146e-09
8905.0  1.90372e-09
8910.0  1.88845e-09
8915.0  1.89506e-09
8920.0  1.8889e-09
8925.0  1.85772e-09
8930.0  1.85518e-09
8935.0  1.85155e-09
8940.0  1.84985e-09
8945.0  1.8515e-09
8950.0  1.85342e-09
8955.0  1.85134e-09
8960.0  1.84109e-09
8965.0  1.82059e-09
8970.0  1.79317e-09
8975.0  1.76425e-09
8980.0  1.73931e-09
8985.0  1.72227e-09
8990.0  1.71312e-09
8995.0  1.71027e-09
9000.0  1.71213e-09
9005.0  1.71816e-09
9010.0  1.73058e-09
9015.0  1.75271e-09
9020.0  1.78772e-09
9025.0  1.83654e-09
9030.0  1.89425e-09
9035.0  1.95362e-09
9040.0  2.00729e-09
9045.0  2.04817e-09
9050.0  2.07e-09
9055.0  2.06679e-09
9060.0  2.03313e-09
9065.0  1.96846e-09
9070.0  1.88503e-09
9075.0  1.79994e-09
9080.0  1.73028e-09
9085.0  1.68782e-09
9090.0  1.67048e-09
9095.0  1.67088e-09
9100.0  1.68115e-09
9105.0  1.69412e-09
9110.0  1.70434e-09
9115.0  1.70706e-09
9120.0  1.69789e-09
9125.0  1.67537e-09
9130.0  1.64573e-09
9135.0  1.61818e-09
9140.0  1.60184e-09
9145.0  1.60228e-09
9150.0  1.61577e-09
9155.0  1.63506e-09
9160.0  1.65279e-09
9165.0  1.66437e-09
9170.0  1.67244e-09
9175.0  1.6824e-09
9180.0  1.69965e-09
9185.0  1.72677e-09
9190.0  1.75902e-09
9195.0  1.78888e-09
9200.0  1.80877e-09
9205.0  1.81377e-09
9210.0  1.80584e-09
9215.0  1.78953e-09
9220.0  1.76958e-09
9225.0  1.74944e-09
9230.0  1.72932e-09
9235.0  1.70816e-09
9240.0  1.68507e-09
9245.0  1.66169e-09
9250.0  1.64644e-09
9255.0  1.65027e-09
9260.0  1.68374e-09
9265.0  1.75046e-09
9270.0  1.83604e-09
9275.0  1.91915e-09
9280.0  1.97843e-09
9285.0  1.99889e-09
9290.0  1.98205e-09
9295.0  1.93586e-09
9300.0  1.86887e-09
9305.0  1.78981e-09
9310.0  1.70775e-09
9315.0  1.63193e-09
9320.0  1.57113e-09
9325.0  1.5294e-09
9330.0  1.49849e-09
9335.0  1.46546e-09
9340.0  1.41764e-09
9345.0  1.34996e-09
9350.0  1.27716e-09
9355.0  1.22155e-09
9360.0  1.20535e-09
9365.0  1.2421e-09
9370.0  1.32283e-09
9375.0  1.42988e-09
9380.0  1.54499e-09
9385.0  1.6528e-09
9390.0  1.7453e-09
9395.0  1.81735e-09
9400.0  1.86431e-09
9405.0  1.88385e-09
9410.0  1.87959e-09
9415.0  1.85745e-09
9420.0  1.82351e-09
9425.0  1.78313e-09
9430.0  1.73984e-09
9435.0  1.69643e-09
9440.0  1.65567e-09
9445.0  1.62059e-09
9450.0  1.59499e-09
9455.0  1.58294e-09
9460.0  1.58823e-09
9465.0  1.61143e-09
9470.0  1.6449e-09
9475.0  1.67777e-09
9480.0  1.69928e-09
9485.0  1.70283e-09
9490.0  1.6926e-09
9495.0  1.67696e-09
9500.0  1.66435e-09
9505.0  1.66019e-09
9510.0  1.66195e-09
9515.0  1.66409e-09
9520.0  1.66105e-09
9525.0  1.6501e-09
9530.0  1.636e-09
9535.0  1.62632e-09
9540.0  1.62854e-09
9545.0  1.64563e-09
9550.0  1.66904e-09
9555.0  1.68575e-09
9560.0  1.68288e-09
9565.0  1.65348e-09
9570.0  1.60591e-09
9575.0  1.55443e-09
9580.0  1.51344e-09
9585.0  1.49272e-09
9590.0  1.49004e-09
9595.0  1.4986e-09
9600.0  1.51119e-09
9605.0  1.52181e-09
9610.0  1.52737e-09
9615.0  1.52593e-09
9620.0  1.51579e-09
9625.0  1.49635e-09
9630.0  1.46995e-09
9635.0  1.44005e-09
9640.0  1.41025e-09
9645.0  1.38453e-09
9650.0  1.3678e-09
9655.0  1.36535e-09
9660.0  1.38214e-09
9665.0  1.41942e-09
9670.0  1.46887e-09
9675.0  1.51843e-09
9680.0  1.55613e-09
9685.0  1.57418e-09
9690.0  1.57571e-09
9695.0  1.56805e-09
9700.0  1.55873e-09
9705.0  1.55304e-09
9710.0  1.55041e-09
9715.0  1.54806e-09
9720.0  1.54301e-09
9725.0  1.53274e-09
9730.0  1.51593e-09
9735.0  1.49168e-09
9740.0  1.45937e-09
9745.0  1.42043e-09
9750.0  1.3816e-09
9755.0  1.35171e-09
9760.0  1.3393e-09
9765.0  1.3485e-09
9770.0  1.37181e-09
9775.0  1.39727e-09
9780.0  1.41295e-09
9785.0  1.41162e-09
9790.0  1.39823e-09
9795.0  1.38242e-09
9800.0  1.37392e-09
9805.0  1.37875e-09
9810.0  1.39325e-09
9815.0  1.41005e-09
9820.0  1.42165e-09
9825.0  1.42314e-09
9830.0  1.41631e-09
9835.0  1.40552e-09
9840.0  1.39527e-09
9845.0  1.38892e-09
9850.0  1.38676e-09
9855.0  1.38794e-09
9860.0  1.3915e-09
9865.0  1.39654e-09
9870.0  1.40232e-09
9875.0  1.40819e-09
9880.0  1.41349e-09
9885.0  1.41767e-09
9890.0  1.42044e-09
9895.0  1.42163e-09
9900.0  1.42105e-09
9905.0  1.41877e-09
9910.0  1.41532e-09
9915.0  1.41145e-09
9920.0  1.40793e-09
9925.0  1.40538e-09
9930.0  1.40418e-09
9935.0  1.40457e-09
9940.0  1.40678e-09
9945.0  1.41068e-09
9950.0  1.41529e-09
9955.0  1.41931e-09
9960.0  1.42144e-09
9965.0  1.42088e-09
9970.0  1.41808e-09
9975.0  1.414e-09
9980.0  1.40962e-09
9985.0  1.40591e-09
9990.0  1.40378e-09
9995.0  1.40409e-09
10000.0  1.4076e-09
10005.0  1.414e-09
10010.0  1.4202e-09
10015.0  1.42201e-09
10020.0  1.41537e-09
10025.0  1.39845e-09
10030.0  1.37509e-09
10035.0  1.3514e-09
10040.0  1.33346e-09
10045.0  1.32525e-09
10050.0  1.32525e-09
10055.0  1.32981e-09
10060.0  1.33518e-09
10065.0  1.33867e-09
10070.0  1.34028e-09
10075.0  1.34106e-09
10080.0  1.34214e-09
10085.0  1.34429e-09
10090.0  1.34742e-09
10095.0  1.35109e-09
10100.0  1.35478e-09
10105.0  1.35784e-09
10110.0  1.35911e-09
10115.0  1.35725e-09
10120.0  1.35102e-09
10125.0  1.3403e-09
10130.0  1.32787e-09
10135.0  1.31765e-09
10140.0  1.31345e-09
10145.0  1.31721e-09
10150.0  1.32595e-09
10155.0  1.33481e-09
10160.0  1.33892e-09
10165.0  1.33553e-09
10170.0  1.32735e-09
10175.0  1.31915e-09
10180.0  1.31573e-09
10185.0  1.31974e-09
10190.0  1.32828e-09
10195.0  1.33631e-09
10200.0  1.3388e-09
10205.0  1.33293e-09
10210.0  1.32165e-09
10215.0  1.3101e-09
10220.0  1.30342e-09
10225.0  1.30454e-09
10230.0  1.31057e-09
10235.0  1.31641e-09
10240.0  1.31692e-09
10245.0  1.30918e-09
10250.0  1.29591e-09
10255.0  1.28204e-09
10260.0  1.27251e-09
10265.0  1.27057e-09
10270.0  1.27499e-09
10275.0  1.28283e-09
10280.0  1.29103e-09
10285.0  1.29724e-09
10290.0  1.30094e-09
10295.0  1.30228e-09
10300.0  1.30208e-09
10305.0  1.30315e-09
10310.0  1.30069e-09
10315.0  1.29687e-09
10320.0  1.29226e-09
10325.0  1.2871e-09
10330.0  1.28211e-09
10335.0  1.27818e-09
10340.0  1.27617e-09
10345.0  1.27649e-09
10350.0  1.27834e-09
10355.0  1.28047e-09
10360.0  1.28164e-09
10365.0  1.28126e-09
10370.0  1.28037e-09
10375.0  1.28065e-09
10380.0  1.28376e-09
10385.0  1.29034e-09
10390.0  1.2985e-09
10395.0  1.30537e-09
10400.0  1.30808e-09
10405.0  1.30507e-09
10410.0  1.29806e-09
10415.0  1.29005e-09
10420.0  1.28406e-09
10425.0  1.28188e-09
10430.0  1.28221e-09
10435.0  1.28253e-09
10440.0  1.28034e-09
10445.0  1.27432e-09
10450.0  1.26627e-09
10455.0  1.25921e-09
10460.0  1.2561e-09
10465.0  1.25861e-09
10470.0  1.26495e-09
10475.0  1.27197e-09
10480.0  1.27653e-09
10485.0  1.27663e-09
10490.0  1.27323e-09
10495.0  1.26846e-09
10500.0  1.26448e-09
10505.0  1.26272e-09
10510.0  1.26274e-09
10515.0  1.26337e-09
10520.0  1.2634e-09
10525.0  1.26208e-09
10530.0  1.25982e-09
10535.0  1.25745e-09
10540.0  1.25583e-09
10545.0  1.25541e-09
10550.0  1.25554e-09
10555.0  1.25521e-09
10560.0  1.25337e-09
10565.0  1.24946e-09
10570.0  1.24409e-09
10575.0  1.23835e-09
10580.0  1.23334e-09
10585.0  1.22976e-09
10590.0  1.22735e-09
10595.0  1.22544e-09
10600.0  1.22337e-09
10605.0  1.22065e-09
10610.0  1.2173e-09
10615.0  1.21351e-09
10620.0  1.21185e-09
10625.0  1.22225e-09
10630.0  1.22301e-09
10635.0  1.22178e-09
10640.0  1.22055e-09
10645.0  1.21933e-09
10650.0  1.2181e-09
10655.0  1.21688e-09
10660.0  1.21566e-09
10665.0  1.21443e-09
10670.0  1.21322e-09
10675.0  1.212e-09
10680.0  1.21079e-09
10685.0  1.20959e-09
10690.0  1.20838e-09
10695.0  1.20717e-09
10700.0  1.20597e-09
10705.0  1.20477e-09
10710.0  1.20357e-09
10715.0  1.20238e-09
10720.0  1.20119e-09
10725.0  1.19999e-09
10730.0  1.19881e-09
10735.0  1.19762e-09
10740.0  1.19644e-09
10745.0  1.19525e-09
10750.0  1.19407e-09
10755.0  1.1929e-09
10760.0  1.19172e-09
10765.0  1.19055e-09
10770.0  1.18938e-09
10775.0  1.18821e-09
10780.0  1.18705e-09
10785.0  1.18588e-09
10790.0  1.18472e-09
10795.0  1.18356e-09
10800.0  1.18241e-09
10805.0  1.18125e-09
10810.0  1.1801e-09
10815.0  1.17895e-09
10820.0  1.1778e-09
10825.0  1.17666e-09
10830.0  1.17551e-09
10835.0  1.17437e-09
10840.0  1.17323e-09
10845.0  1.17209e-09
10850.0  1.17096e-09
10855.0  1.16982e-09
10860.0  1.16869e-09
10865.0  1.16756e-09
10870.0  1.16644e-09
10875.0  1.16531e-09
10880.0  1.16419e-09
10885.0  1.16307e-09
10890.0  1.16195e-09
10895.0  1.16084e-09
10900.0  1.15972e-09
10905.0  1.15861e-09
10910.0  1.1575e-09
10915.0  1.15639e-09
10920.0  1.15529e-09
10925.0  1.15418e-09
10930.0  1.15308e-09
10935.0  1.15198e-09
10940.0  1.15088e-09
10945.0  1.14979e-09
10950.0  1.14869e-09
10955.0  1.1476e-09
10960.0  1.14651e-09
10965.0  1.14543e-09
10970.0  1.14434e-09
10975.0  1.14326e-09
10980.0  1.14217e-09
10985.0  1.1411e-09
10990.0  1.14002e-09
10995.0  1.13894e-09
11000.0  1.13787e-09
11005.0  1.1368e-09
11010.0  1.13573e-09
11015.0  1.13466e-09
11020.0  1.13359e-09
11025.0  1.13253e-09
11030.0  1.13147e-09
11035.0  1.13041e-09
11040.0  1.12935e-09
11045.0  1.12829e-09
11050.0  1.12724e-09
11055.0  1.12619e-09
11060.0  1.12514e-09
11065.0  1.12409e-09
11070.0  1.12305e-09
11075.0  1.122e-09
11080.0  1.12096e-09
11085.0  1.11992e-09
11090.0  1.11888e-09
11095.0  1.11784e-09
11100.0  1.11681e-09
11105.0  1.11577e-09
11110.0  1.11474e-09
11115.0  1.11371e-09
11120.0  1.11268e-09
11125.0  1.11166e-09
11130.0  1.11064e-09
11135.0  1.10961e-09
11140.0  1.10859e-09
11145.0  1.10757e-09
11150.0  1.10655e-09
11155.0  1.10554e-09
11160.0  1.10452e-09
11165.0  1.10351e-09
11170.0  1.1025e-09
11175.0  1.10149e-09
11180.0  1.10049e-09
11185.0  1.09948e-09
11190.0  1.09848e-09
11195.0  1.09748e-09
11200.0  1.09648e-09
11205.0  1.09548e-09
11210.0  1.09449e-09
11215.0  1.09349e-09
11220.0  1.0925e-09
11225.0  1.09151e-09
11230.0  1.09052e-09
11235.0  1.08953e-09
11240.0  1.08854e-09
11245.0  1.08756e-09
11250.0  1.08658e-09
11255.0  1.0856e-09
11260.0  1.08462e-09
11265.0  1.08364e-09
11270.0  1.08267e-09
11275.0  1.08169e-09
11280.0  1.08072e-09
11285.0  1.07975e-09
11290.0  1.07878e-09
11295.0  1.07781e-09
11300.0  1.07684e-09
11305.0  1.07588e-09
11310.0  1.07492e-09
11315.0  1.07396e-09
11320.0  1.073e-09
11325.0  1.07204e-09
11330.0  1.07108e-09
11335.0  1.07013e-09
11340.0  1.06917e-09
11345.0  1.06822e-09
11350.0  1.06727e-09
11355.0  1.06632e-09
11360.0  1.06538e-09
11365.0  1.06443e-09
11370.0  1.06349e-09
11375.0  1.06254e-09
11380.0  1.0616e-09
11385.0  1.06066e-09
11390.0  1.05973e-09
11395.0  1.05879e-09
11400.0  1.05785e-09
11405.0  1.05692e-09
11410.0  1.05599e-09
11415.0  1.05506e-09
11420.0  1.05413e-09
11425.0  1.0532e-09
11430.0  1.05228e-09
11435.0  1.05135e-09
11440.0  1.05043e-09
11445.0  1.0495e-09
11450.0  1.04858e-09
11455.0  1.04767e-09
11460.0  1.04675e-09
11465.0  1.04583e-09
11470.0  1.04492e-09
11475.0  1.044e-09
11480.0  1.04309e-09
11485.0  1.04218e-09
11490.0  1.04127e-09
11495.0  1.04037e-09
11500.0  1.03946e-09
11505.0  1.03856e-09
11510.0  1.03765e-09
11515.0  1.03675e-09
11520.0  1.03585e-09
11525.0  1.03495e-09
11530.0  1.03405e-09
11535.0  1.03315e-09
11540.0  1.03226e-09
11545.0  1.03136e-09
11550.0  1.03047e-09
11555.0  1.02958e-09
11560.0  1.02869e-09
11565.0  1.0278e-09
11570.0  1.02691e-09
11575.0  1.02603e-09
11580.0  1.02514e-09
11585.0  1.02426e-09
11590.0  1.02338e-09
11595.0  1.0225e-09
11600.0  1.02161e-09
11605.0  1.02074e-09
11610.0  1.01986e-09
11615.0  1.01898e-09
11620.0  1.01811e-09
11625.0  1.01723e-09
11630.0  1.01636e-09
11635.0  1.01549e-09
11640.0  1.01462e-09
11645.0  1.01375e-09
11650.0  1.01288e-09
11655.0  1.01202e-09
11660.0  1.01115e-09
11665.0  1.01029e-09
11670.0  1.00943e-09
11675.0  1.00856e-09
11680.0  1.0077e-09
11685.0  1.00684e-09
11690.0  1.00599e-09
11695.0  1.00513e-09
11700.0  1.00427e-09
11705.0  1.00342e-09
11710.0  1.00256e-09
11715.0  1.00171e-09
11720.0  1.00086e-09
11725.0  1.00001e-09
11730.0  9.9916e-10
11735.0  9.9831e-10
11740.0  9.97465e-10
11745.0  9.96618e-10
11750.0  9.95773e-10
11755.0  9.94932e-10
11760.0  9.9409e-10
11765.0  9.93247e-10
11770.0  9.92405e-10
11775.0  9.91566e-10
11780.0  9.9073e-10
11785.0  9.89891e-10
11790.0  9.89055e-10
11795.0  9.8822e-10
11800.0  9.87384e-10
11805.0  9.86553e-10
11810.0  9.8572e-10
11815.0  9.84887e-10
11820.0  9.84056e-10
11825.0  9.83228e-10
11830.0  9.82399e-10
11835.0  9.81571e-10
11840.0  9.80747e-10
11845.0  9.7992e-10
11850.0  9.79098e-10
11855.0  9.78275e-10
11860.0  9.7745e-10
11865.0  9.76627e-10
11870.0  9.75807e-10
11875.0  9.74991e-10
11880.0  9.7417e-10
11885.0  9.73352e-10
11890.0  9.72534e-10
11895.0  9.71719e-10
11900.0  9.70904e-10
11905.0  9.7009e-10
11910.0  9.69276e-10
11915.0  9.68465e-10
11920.0  9.67652e-10
11925.0  9.66843e-10
11930.0  9.66033e-10
11935.0  9.65224e-10
11940.0  9.64415e-10
11945.0  9.63608e-10
11950.0  9.62803e-10
11955.0  9.61996e-10
11960.0  9.61193e-10
11965.0  9.60388e-10
11970.0  9.59584e-10
11975.0  9.58784e-10
11980.0  9.57983e-10
11985.0  9.57181e-10
11990.0  9.56379e-10
11995.0  9.55582e-10
12000.0  9.54785e-10
12005.0  9.53985e-10
12010.0  9.53191e-10
12015.0  9.52394e-10
12020.0  9.51599e-10
12025.0  9.50805e-10
12030.0  9.50012e-10
12035.0  9.4922e-10
12040.0  9.48427e-10
12045.0  9.47636e-10
12050.0  9.46843e-10
12055.0  9.46055e-10
12060.0  9.45264e-10
12065.0  9.44477e-10
12070.0  9.43689e-10
12075.0  9.42903e-10
12080.0  9.42116e-10
12085.0  9.4133e-10
12090.0  9.40545e-10
12095.0  9.39762e-10
12100.0  9.38977e-10
12105.0  9.38194e-10
12110.0  9.37411e-10
12115.0  9.3663e-10
12120.0  9.35849e-10
12125.0  9.35066e-10
12130.0  9.3429e-10
12135.0  9.33509e-10
12140.0  9.32731e-10
12145.0  9.31953e-10
12150.0  9.31177e-10
12155.0  9.304e-10
12160.0  9.29622e-10
12165.0  9.28848e-10
12170.0  9.28072e-10
12175.0  9.27298e-10
12180.0  9.26523e-10
12185.0  9.2575e-10
12190.0  9.24979e-10
12195.0  9.24207e-10
12200.0  9.23437e-10
12205.0  9.22664e-10
12210.0  9.21893e-10
12215.0  9.21127e-10
12220.0  9.20355e-10
12225.0  9.19587e-10
12230.0  9.18817e-10
12235.0  9.18049e-10
12240.0  9.17283e-10
12245.0  9.16516e-10
12250.0  9.1575e-10
12255.0  9.14983e-10
12260.0  9.14221e-10
12265.0  9.13454e-10
12270.0  9.12691e-10
12275.0  9.11929e-10
12280.0  9.11164e-10
12285.0  9.10401e-10
12290.0  9.0964e-10
12295.0  9.08878e-10
12300.0  9.08116e-10
12305.0  9.07359e-10
12310.0  9.066e-10
12315.0  9.05842e-10
12320.0  9.05081e-10
12325.0  9.04322e-10
12330.0  9.03563e-10
12335.0  9.02806e-10
12340.0  9.0205e-10
12345.0  9.01296e-10
12350.0  9.00541e-10
12355.0  8.99784e-10
12360.0  8.9903e-10
12365.0  8.98272e-10
12370.0  8.97521e-10
12375.0  8.96769e-10
12380.0  8.96019e-10
12385.0  8.95264e-10
12390.0  8.94512e-10
12395.0  8.93762e-10
12400.0  8.93013e-10
12405.0  8.92262e-10
12410.0  8.91514e-10
12415.0  8.90766e-10
12420.0  8.90015e-10
12425.0  8.89269e-10
12430.0  8.88521e-10
12435.0  8.87775e-10
12440.0  8.87027e-10
12445.0  8.86283e-10
12450.0  8.85538e-10
12455.0  8.84793e-10
12460.0  8.84048e-10
12465.0  8.83307e-10
12470.0  8.82563e-10
12475.0  8.81821e-10
12480.0  8.8108e-10
12485.0  8.80337e-10
12490.0  8.79598e-10
12495.0  8.78857e-10
12500.0  8.78117e-10
12505.0  8.77379e-10
12510.0  8.76638e-10
12515.0  8.75901e-10
12520.0  8.75163e-10
12525.0  8.74426e-10
12530.0  8.73689e-10
12535.0  8.72952e-10
12540.0  8.72217e-10
12545.0  8.71484e-10
12550.0  8.70746e-10
12555.0  8.70012e-10
12560.0  8.69278e-10
12565.0  8.68548e-10
12570.0  8.67815e-10
12575.0  8.67079e-10
12580.0  8.6635e-10
12585.0  8.65619e-10
12590.0  8.64891e-10
12595.0  8.64161e-10
12600.0  8.63429e-10
12605.0  8.627e-10
12610.0  8.61971e-10
12615.0  8.61244e-10
12620.0  8.60515e-10
12625.0  8.59791e-10
12630.0  8.59063e-10
12635.0  8.58337e-10
12640.0  8.57613e-10
12645.0  8.56888e-10
12650.0  8.56164e-10
12655.0  8.55438e-10
12660.0  8.54715e-10
12665.0  8.53994e-10
12670.0  8.53272e-10
12675.0  8.52549e-10
12680.0  8.51827e-10
12685.0  8.51108e-10
12690.0  8.50389e-10
12695.0  8.49669e-10
12700.0  8.48949e-10
12705.0  8.48231e-10
12710.0  8.47513e-10
12715.0  8.46794e-10
12720.0  8.46077e-10
12725.0  8.45361e-10
12730.0  8.44646e-10
12735.0  8.43931e-10
12740.0  8.43214e-10
12745.0  8.425e-10
12750.0  8.41785e-10
12755.0  8.41071e-10
12760.0  8.4036e-10
12765.0  8.39648e-10
12770.0  8.38935e-10
12775.0  8.38223e-10
12780.0  8.37512e-10
12785.0  8.36803e-10
12790.0  8.36092e-10
12795.0  8.35383e-10
12800.0  8.34675e-10
12805.0  8.33966e-10
12810.0  8.33258e-10
12815.0  8.3255e-10
12820.0  8.31843e-10
12825.0  8.31138e-10
12830.0  8.30431e-10
12835.0  8.29727e-10
12840.0  8.29021e-10
12845.0  8.28316e-10
12850.0  8.27612e-10
12855.0  8.26908e-10
12860.0  8.26205e-10
12865.0  8.25504e-10
12870.0  8.24802e-10
12875.0  8.24101e-10
12880.0  8.23399e-10
12885.0  8.22701e-10
12890.0  8.22e-10
12895.0  8.213e-10
12900.0  8.20601e-10
12905.0  8.19903e-10
12910.0  8.19207e-10
12915.0  8.18509e-10
12920.0  8.17811e-10
12925.0  8.17115e-10
12930.0  8.1642e-10
12935.0  8.15723e-10
12940.0  8.1503e-10
12945.0  8.14336e-10
12950.0  8.13642e-10
12955.0  8.12947e-10
12960.0  8.12255e-10
12965.0  8.11562e-10
12970.0  8.1087e-10
12975.0  8.10181e-10
12980.0  8.09489e-10
12985.0  8.08799e-10
12990.0  8.0811e-10
12995.0  8.0742e-10
13000.0  8.06732e-10
13005.0  8.06043e-10
13010.0  8.05355e-10
13015.0  8.04668e-10
13020.0  8.03982e-10
13025.0  8.03296e-10
13030.0  8.02611e-10
13035.0  8.01924e-10
13040.0  8.0124e-10
13045.0  8.00554e-10
13050.0  7.99869e-10
13055.0  7.99187e-10
13060.0  7.98504e-10
13065.0  7.97822e-10
13070.0  7.97142e-10
13075.0  7.96461e-10
13080.0  7.9578e-10
13085.0  7.95098e-10
13090.0  7.94418e-10
13095.0  7.93739e-10
13100.0  7.9306e-10
13105.0  7.92384e-10
13110.0  7.91704e-10
13115.0  7.91026e-10
13120.0  7.90349e-10
13125.0  7.89674e-10
13130.0  7.88998e-10
13135.0  7.88324e-10
13140.0  7.87647e-10
13145.0  7.86975e-10
13150.0  7.86301e-10
13155.0  7.85626e-10
13160.0  7.84953e-10
13165.0  7.84279e-10
13170.0  7.83608e-10
13175.0  7.8294e-10
13180.0  7.82266e-10
13185.0  7.81596e-10
13190.0  7.80926e-10
13195.0  7.80258e-10
13200.0  7.79586e-10
13205.0  7.78918e-10
13210.0  7.78252e-10
13215.0  7.77585e-10
13220.0  7.76917e-10
13225.0  7.7625e-10
13230.0  7.75584e-10
13235.0  7.74918e-10
13240.0  7.74254e-10
13245.0  7.73589e-10
13250.0  7.72924e-10
13255.0  7.72263e-10
13260.0  7.71599e-10
13265.0  7.70936e-10
13270.0  7.70272e-10
13275.0  7.69611e-10
13280.0  7.68949e-10
13285.0  7.68288e-10
13290.0  7.67631e-10
13295.0  7.66971e-10
13300.0  7.66311e-10
13305.0  7.65652e-10
13310.0  7.64994e-10
13315.0  7.64336e-10
13320.0  7.63679e-10
13325.0  7.63023e-10
13330.0  7.62368e-10
13335.0  7.61712e-10
13340.0  7.61055e-10
13345.0  7.60399e-10
13350.0  7.59745e-10
13355.0  7.5909e-10
13360.0  7.58439e-10
13365.0  7.57787e-10
13370.0  7.57135e-10
13375.0  7.56484e-10
13380.0  7.5583e-10
13385.0  7.5518e-10
13390.0  7.54529e-10
13395.0  7.53879e-10
13400.0  7.53229e-10
13405.0  7.52581e-10
13410.0  7.51932e-10
13415.0  7.51285e-10
13420.0  7.50635e-10
13425.0  7.49988e-10
13430.0  7.49343e-10
13435.0  7.48696e-10
13440.0  7.48052e-10
13445.0  7.47405e-10
13450.0  7.46761e-10
13455.0  7.46116e-10
13460.0  7.45473e-10
13465.0  7.44829e-10
13470.0  7.44187e-10
13475.0  7.43543e-10
13480.0  7.42904e-10
13485.0  7.42262e-10
13490.0  7.41622e-10
13495.0  7.4098e-10
13500.0  7.4034e-10
13505.0  7.397e-10
13510.0  7.39061e-10
13515.0  7.38422e-10
13520.0  7.37786e-10
13525.0  7.37147e-10
13530.0  7.3651e-10
13535.0  7.35875e-10
13540.0  7.3524e-10
13545.0  7.34604e-10
13550.0  7.33969e-10
13555.0  7.33333e-10
13560.0  7.327e-10
13565.0  7.32067e-10
13570.0  7.31433e-10
13575.0  7.30801e-10
13580.0  7.30167e-10
13585.0  7.29536e-10
13590.0  7.28903e-10
13595.0  7.28272e-10
13600.0  7.27644e-10
13605.0  7.27011e-10
13610.0  7.26384e-10
13615.0  7.25756e-10
13620.0  7.25128e-10
13625.0  7.24498e-10
13630.0  7.2387e-10
13635.0  7.23241e-10
13640.0  7.22616e-10
13645.0  7.21991e-10
13650.0  7.21364e-10
13655.0  7.20738e-10
13660.0  7.20114e-10
13665.0  7.19489e-10
13670.0  7.18867e-10
13675.0  7.18243e-10
13680.0  7.17621e-10
13685.0  7.16997e-10
13690.0  7.16375e-10
13695.0  7.15755e-10
13700.0  7.15133e-10
13705.0  7.14514e-10
13710.0  7.13894e-10
13715.0  7.13274e-10
13720.0  7.12656e-10
13725.0  7.12034e-10
13730.0  7.11418e-10
13735.0  7.10801e-10
13740.0  7.10182e-10
13745.0  7.09566e-10
13750.0  7.08949e-10
13755.0  7.08335e-10
13760.0  7.07721e-10
13765.0  7.07105e-10
13770.0  7.06488e-10
13775.0  7.05874e-10
13780.0  7.0526e-10
13785.0  7.0465e-10
13790.0  7.04036e-10
13795.0  7.03425e-10
13800.0  7.02812e-10
13805.0  7.02202e-10
13810.0  7.01592e-10
13815.0  7.00981e-10
13820.0  7.0037e-10
13825.0  6.99761e-10
13830.0  6.99154e-10
13835.0  6.98544e-10
13840.0  6.97936e-10
13845.0  6.9733e-10
13850.0  6.96723e-10
13855.0  6.96117e-10
13860.0  6.95511e-10
13865.0  6.94904e-10
13870.0  6.94296e-10
13875.0  6.93695e-10
13880.0  6.93091e-10
13885.0  6.92485e-10
13890.0  6.91881e-10
13895.0  6.91278e-10
13900.0  6.90679e-10
13905.0  6.90075e-10
13910.0  6.89473e-10
13915.0  6.88873e-10
13920.0  6.88273e-10
13925.0  6.87671e-10
13930.0  6.87072e-10
13935.0  6.86472e-10
13940.0  6.85874e-10
13945.0  6.85278e-10
13950.0  6.8468e-10
13955.0  6.84081e-10
13960.0  6.83484e-10
13965.0  6.82886e-10
13970.0  6.82291e-10
13975.0  6.81696e-10
13980.0  6.81104e-10
13985.0  6.80509e-10
13990.0  6.79913e-10
13995.0  6.7932e-10
14000.0  6.78728e-10
14005.0  6.78132e-10
14010.0  6.77539e-10
14015.0  6.76949e-10
14020.0  6.76358e-10
14025.0  6.75767e-10
14030.0  6.75176e-10
14035.0  6.74587e-10
14040.0  6.73998e-10
14045.0  6.73407e-10
14050.0  6.72817e-10
14055.0  6.72229e-10
14060.0  6.71645e-10
14065.0  6.71057e-10
14070.0  6.70468e-10
14075.0  6.69883e-10
14080.0  6.69297e-10
14085.0  6.68713e-10
14090.0  6.68125e-10
14095.0  6.67542e-10
14100.0  6.66959e-10
14105.0  6.66374e-10
14110.0  6.65791e-10
14115.0  6.65208e-10
14120.0  6.64625e-10
14125.0  6.64046e-10
14130.0  6.63463e-10
14135.0  6.62883e-10
14140.0  6.62301e-10
14145.0  6.6172e-10
14150.0  6.61142e-10
14155.0  6.60561e-10
14160.0  6.59984e-10
14165.0  6.59406e-10
14170.0  6.58826e-10
14175.0  6.58251e-10
14180.0  6.57673e-10
14185.0  6.57095e-10
14190.0  6.56519e-10
14195.0  6.55944e-10
14200.0  6.55369e-10
14205.0  6.54792e-10
14210.0  6.54219e-10
14215.0  6.53645e-10
14220.0  6.53075e-10
14225.0  6.52501e-10
14230.0  6.51927e-10
14235.0  6.51357e-10
14240.0  6.50784e-10
14245.0  6.50211e-10
14250.0  6.49642e-10
14255.0  6.49071e-10
14260.0  6.48502e-10
14265.0  6.47933e-10
14270.0  6.47364e-10
14275.0  6.46794e-10
14280.0  6.46226e-10
14285.0  6.45661e-10
14290.0  6.45094e-10
14295.0  6.44528e-10
14300.0  6.43961e-10
14305.0  6.43395e-10
14310.0  6.42827e-10
14315.0  6.42263e-10
14320.0  6.41698e-10
14325.0  6.41135e-10
14330.0  6.40572e-10
14335.0  6.40008e-10
14340.0  6.39445e-10
14345.0  6.38883e-10
14350.0  6.38322e-10
14355.0  6.3776e-10
14360.0  6.37201e-10
14365.0  6.36637e-10
14370.0  6.36079e-10
14375.0  6.35517e-10
14380.0  6.34959e-10
14385.0  6.344e-10
14390.0  6.33844e-10
14395.0  6.33285e-10
14400.0  6.32728e-10
14405.0  6.32169e-10
14410.0  6.31613e-10
14415.0  6.31058e-10
14420.0  6.30502e-10
14425.0  6.29947e-10
14430.0  6.29393e-10
14435.0  6.28839e-10
14440.0  6.28284e-10
14445.0  6.2773e-10
14450.0  6.27177e-10
14455.0  6.26625e-10
14460.0  6.26075e-10
14465.0  6.25522e-10
14470.0  6.24969e-10
14475.0  6.24418e-10
14480.0  6.23868e-10
14485.0  6.23316e-10
14490.0  6.22767e-10
14495.0  6.2222e-10
14500.0  6.21672e-10
14505.0  6.21122e-10
14510.0  6.20573e-10
14515.0  6.20025e-10
14520.0  6.19481e-10
14525.0  6.18933e-10
14530.0  6.18388e-10
14535.0  6.17842e-10
14540.0  6.17297e-10
14545.0  6.16752e-10
14550.0  6.16208e-10
14555.0  6.15664e-10
14560.0  6.15121e-10
14565.0  6.14577e-10
14570.0  6.14034e-10
14575.0  6.13492e-10
14580.0  6.12949e-10
14585.0  6.12409e-10
14590.0  6.11868e-10
14595.0  6.11328e-10
14600.0  6.10788e-10
14605.0  6.10247e-10
14610.0  6.0971e-10
14615.0  6.09172e-10
14620.0  6.08631e-10
14625.0  6.08092e-10
14630.0  6.07555e-10
14635.0  6.07017e-10
14640.0  6.06483e-10
14645.0  6.05946e-10
14650.0  6.05412e-10
14655.0  6.04874e-10
14660.0  6.0434e-10
14665.0  6.03806e-10
14670.0  6.03272e-10
14675.0  6.02739e-10
14680.0  6.02204e-10
14685.0  6.0167e-10
14690.0  6.01139e-10
14695.0  6.00606e-10
14700.0  6.00075e-10
14705.0  5.99545e-10
14710.0  5.99015e-10
14715.0  5.98484e-10
14720.0  5.97955e-10
14725.0  5.97424e-10
14730.0  5.96897e-10
14735.0  5.96367e-10
14740.0  5.95839e-10
14745.0  5.95313e-10
14750.0  5.94783e-10
14755.0  5.94255e-10
14760.0  5.93729e-10
14765.0  5.93206e-10
14770.0  5.92679e-10
14775.0  5.92152e-10
14780.0  5.91631e-10
14785.0  5.91107e-10
14790.0  5.9058e-10
14795.0  5.90057e-10
14800.0  5.89533e-10
14805.0  5.89011e-10
14810.0  5.8849e-10
14815.0  5.87969e-10
14820.0  5.87447e-10
14825.0  5.86926e-10
14830.0  5.86406e-10
14835.0  5.85886e-10
14840.0  5.85368e-10
14845.0  5.84848e-10
14850.0  5.84328e-10
14855.0  5.8381e-10
14860.0  5.8329e-10
14865.0  5.82774e-10
14870.0  5.82258e-10
14875.0  5.81739e-10
14880.0  5.81223e-10
14885.0  5.80706e-10
14890.0  5.80191e-10
14895.0  5.79675e-10
14900.0  5.79162e-10
14905.0  5.78647e-10
14910.0  5.78134e-10
14915.0  5.77619e-10
14920.0  5.77106e-10
14925.0  5.76594e-10
14930.0  5.76082e-10
14935.0  5.7557e-10
14940.0  5.7506e-10
14945.0  5.74549e-10
14950.0  5.74037e-10
14955.0  5.73529e-10
14960.0  5.7302e-10
14965.0  5.72508e-10
14970.0  5.71999e-10
14975.0  5.7149e-10
14980.0  5.70981e-10
14985.0  5.70477e-10
14990.0  5.6997e-10
14995.0  5.69463e-10
15000.0  5.68956e-10
15005.0  5.6845e-10
15010.0  5.67945e-10
15015.0  5.6744e-10
15020.0  5.66936e-10
15025.0  5.66431e-10
15030.0  5.65926e-10
15035.0  5.65423e-10
15040.0  5.64919e-10
15045.0  5.64417e-10
15050.0  5.63914e-10
15055.0  5.63412e-10
15060.0  5.62911e-10
15065.0  5.62409e-10
15070.0  5.61911e-10
15075.0  5.6141e-10
15080.0  5.60909e-10
15085.0  5.60411e-10
15090.0  5.59911e-10
15095.0  5.59412e-10
15100.0  5.58915e-10
15105.0  5.58417e-10
15110.0  5.57919e-10
15115.0  5.57421e-10
15120.0  5.56927e-10
15125.0  5.5643e-10
15130.0  5.55932e-10
15135.0  5.55438e-10
15140.0  5.54944e-10
15145.0  5.5445e-10
15150.0  5.53956e-10
15155.0  5.53461e-10
15160.0  5.52968e-10
15165.0  5.52475e-10
15170.0  5.51984e-10
15175.0  5.5149e-10
15180.0  5.50999e-10
15185.0  5.50508e-10
15190.0  5.50019e-10
15195.0  5.49528e-10
15200.0  5.49038e-10
15205.0  5.48547e-10
15210.0  5.48057e-10
15215.0  5.47569e-10
15220.0  5.4708e-10
15225.0  5.46593e-10
15230.0  5.46106e-10
15235.0  5.45617e-10
15240.0  5.4513e-10
15245.0  5.44645e-10
15250.0  5.44159e-10
15255.0  5.43673e-10
15260.0  5.43186e-10
15265.0  5.42703e-10
15270.0  5.42218e-10
15275.0  5.41733e-10
15280.0  5.4125e-10
15285.0  5.40766e-10
15290.0  5.40283e-10
15295.0  5.39803e-10
15300.0  5.3932e-10
15305.0  5.38838e-10
15310.0  5.38358e-10
15315.0  5.37875e-10
15320.0  5.37395e-10
15325.0  5.36916e-10
15330.0  5.36436e-10
15335.0  5.35957e-10
15340.0  5.35477e-10
15345.0  5.34998e-10
15350.0  5.34522e-10
15355.0  5.34042e-10
15360.0  5.33567e-10
15365.0  5.3309e-10
15370.0  5.32614e-10
15375.0  5.32139e-10
15380.0  5.31663e-10
15385.0  5.31187e-10
15390.0  5.30712e-10
15395.0  5.30237e-10
15400.0  5.29763e-10
15405.0  5.29291e-10
15410.0  5.28816e-10
15415.0  5.28343e-10
15420.0  5.27871e-10
15425.0  5.27399e-10
15430.0  5.26926e-10
15435.0  5.26455e-10
15440.0  5.25985e-10
15445.0  5.25514e-10
15450.0  5.25044e-10
15455.0  5.24573e-10
15460.0  5.24103e-10
15465.0  5.23635e-10
15470.0  5.23166e-10
15475.0  5.22699e-10
15480.0  5.22233e-10
15485.0  5.21764e-10
15490.0  5.21297e-10
15495.0  5.2083e-10
15500.0  5.20363e-10
15505.0  5.19898e-10
15510.0  5.19432e-10
15515.0  5.18967e-10
15520.0  5.18503e-10
15525.0  5.18038e-10
15530.0  5.17576e-10
15535.0  5.17112e-10
15540.0  5.1665e-10
15545.0  5.16185e-10
15550.0  5.15724e-10
15555.0  5.15262e-10
15560.0  5.14801e-10
15565.0  5.14339e-10
15570.0  5.13878e-10
15575.0  5.13417e-10
15580.0  5.12959e-10
15585.0  5.12497e-10
15590.0  5.1204e-10
15595.0  5.11579e-10
15600.0  5.11122e-10
15605.0  5.10663e-10
15610.0  5.10206e-10
15615.0  5.09748e-10
15620.0  5.0929e-10
15625.0  5.08835e-10
15630.0  5.08379e-10
15635.0  5.07924e-10
15640.0  5.07467e-10
15645.0  5.07013e-10
15650.0  5.06558e-10
15655.0  5.06105e-10
15660.0  5.05651e-10
15665.0  5.05196e-10
15670.0  5.04742e-10
15675.0  5.04291e-10
15680.0  5.03839e-10
15685.0  5.03387e-10
15690.0  5.02933e-10
15695.0  5.02482e-10
15700.0  5.02032e-10
15705.0  5.01582e-10
15710.0  5.01132e-10
15715.0  5.00685e-10
15720.0  5.00234e-10
15725.0  4.99785e-10
15730.0  4.99336e-10
15735.0  4.98887e-10
15740.0  4.9844e-10
15745.0  4.97993e-10
15750.0  4.97546e-10
15755.0  4.97099e-10
15760.0  4.96653e-10
15765.0  4.96208e-10
15770.0  4.95763e-10
15775.0  4.95315e-10
15780.0  4.94873e-10
15785.0  4.94429e-10
15790.0  4.93982e-10
15795.0  4.93539e-10
15800.0  4.93097e-10
15805.0  4.92653e-10
15810.0  4.92213e-10
15815.0  4.9177e-10
15820.0  4.91327e-10
15825.0  4.90888e-10
15830.0  4.90448e-10
15835.0  4.90005e-10
15840.0  4.89565e-10
15845.0  4.89126e-10
15850.0  4.88687e-10
15855.0  4.88247e-10
15860.0  4.87808e-10
15865.0  4.87371e-10
15870.0  4.86932e-10
15875.0  4.86495e-10
15880.0  4.86056e-10
15885.0  4.85621e-10
15890.0  4.85184e-10
15895.0  4.84748e-10
15900.0  4.84312e-10
15905.0  4.83877e-10
15910.0  4.83441e-10
15915.0  4.83008e-10
15920.0  4.82572e-10
15925.0  4.82141e-10
15930.0  4.81707e-10
15935.0  4.81272e-10
15940.0  4.8084e-10
15945.0  4.80408e-10
15950.0  4.79976e-10
15955.0  4.79546e-10
15960.0  4.79115e-10
15965.0  4.78682e-10
15970.0  4.78253e-10
15975.0  4.77822e-10
15980.0  4.77392e-10
15985.0  4.76964e-10
15990.0  4.76535e-10
15995.0  4.76106e-10
16000.0  4.75678e-10
16005.0  4.75249e-10
16010.0  4.74821e-10
16015.0  4.74396e-10
16020.0  4.73967e-10
16025.0  4.73542e-10
16030.0  4.73116e-10
16035.0  4.7269e-10
16040.0  4.72263e-10
16045.0  4.71838e-10
16050.0  4.71414e-10
16055.0  4.70991e-10
16060.0  4.70567e-10
16065.0  4.70143e-10
16070.0  4.69721e-10
16075.0  4.69299e-10
16080.0  4.68874e-10
16085.0  4.68452e-10
16090.0  4.68032e-10
16095.0  4.6761e-10
16100.0  4.67189e-10
16105.0  4.66767e-10
16110.0  4.66349e-10
16115.0  4.65929e-10
16120.0  4.6551e-10
16125.0  4.65089e-10
16130.0  4.64671e-10
16135.0  4.64253e-10
16140.0  4.63836e-10
16145.0  4.63418e-10
16150.0  4.63001e-10
16155.0  4.62583e-10
16160.0  4.62168e-10
16165.0  4.61751e-10
16170.0  4.61333e-10
16175.0  4.60919e-10
16180.0  4.60505e-10
16185.0  4.60091e-10
16190.0  4.59677e-10
16195.0  4.59262e-10
16200.0  4.58848e-10
16205.0  4.58434e-10
16210.0  4.5802e-10
16215.0  4.57609e-10
16220.0  4.57196e-10
16225.0  4.56785e-10
16230.0  4.56374e-10
16235.0  4.55962e-10
16240.0  4.5555e-10
16245.0  4.5514e-10
16250.0  4.54729e-10
16255.0  4.54321e-10
16260.0  4.53912e-10
16265.0  4.53501e-10
16270.0  4.53095e-10
16275.0  4.52684e-10
16280.0  4.52277e-10
16285.0  4.51869e-10
16290.0  4.51463e-10
16295.0  4.51056e-10
16300.0  4.5065e-10
16305.0  4.50242e-10
16310.0  4.49836e-10
16315.0  4.49432e-10
16320.0  4.49027e-10
16325.0  4.48622e-10
16330.0  4.48216e-10
16335.0  4.47813e-10
16340.0  4.4741e-10
16345.0  4.47006e-10
16350.0  4.46602e-10
16355.0  4.462e-10
16360.0  4.458e-10
16365.0  4.45397e-10
16370.0  4.44995e-10
16375.0  4.44594e-10
16380.0  4.44194e-10
16385.0  4.43793e-10
16390.0  4.43392e-10
16395.0  4.42993e-10
16400.0  4.42592e-10
16405.0  4.42193e-10
16410.0  4.41796e-10
16415.0  4.41397e-10
16420.0  4.40998e-10
16425.0  4.40601e-10
16430.0  4.40203e-10
16435.0  4.39806e-10
16440.0  4.3941e-10
16445.0  4.39015e-10
16450.0  4.38618e-10
16455.0  4.38223e-10
16460.0  4.37826e-10
16465.0  4.37431e-10
16470.0  4.37038e-10
16475.0  4.36643e-10
16480.0  4.3625e-10
16485.0  4.35858e-10
16490.0  4.35462e-10
16495.0  4.35069e-10
16500.0  4.34677e-10
16505.0  4.34285e-10
16510.0  4.33893e-10
16515.0  4.33503e-10
16520.0  4.33112e-10
16525.0  4.3272e-10
16530.0  4.32331e-10
16535.0  4.31942e-10
16540.0  4.3155e-10
16545.0  4.3116e-10
16550.0  4.30772e-10
16555.0  4.30384e-10
16560.0  4.29995e-10
16565.0  4.29607e-10
16570.0  4.29221e-10
16575.0  4.28833e-10
16580.0  4.28447e-10
16585.0  4.28059e-10
16590.0  4.27674e-10
16595.0  4.27288e-10
16600.0  4.269e-10
16605.0  4.26515e-10
16610.0  4.2613e-10
16615.0  4.25748e-10
16620.0  4.25363e-10
16625.0  4.24978e-10
16630.0  4.24597e-10
16635.0  4.24212e-10
16640.0  4.2383e-10
16645.0  4.23446e-10
16650.0  4.23064e-10
16655.0  4.22682e-10
16660.0  4.22301e-10
16665.0  4.2192e-10
16670.0  4.21539e-10
16675.0  4.21159e-10
16680.0  4.20779e-10
16685.0  4.20398e-10
16690.0  4.2002e-10
16695.0  4.19641e-10
16700.0  4.19261e-10
16705.0  4.18883e-10
16710.0  4.18505e-10
16715.0  4.18127e-10
16720.0  4.1775e-10
16725.0  4.17372e-10
16730.0  4.16997e-10
16735.0  4.16621e-10
16740.0  4.16245e-10
16745.0  4.15868e-10
16750.0  4.15493e-10
16755.0  4.15117e-10
16760.0  4.14742e-10
16765.0  4.14368e-10
16770.0  4.13993e-10
16775.0  4.13619e-10
16780.0  4.13249e-10
16785.0  4.12875e-10
16790.0  4.12501e-10
16795.0  4.12129e-10
16800.0  4.11756e-10
16805.0  4.11385e-10
16810.0  4.11015e-10
16815.0  4.10644e-10
16820.0  4.10273e-10
16825.0  4.09902e-10
16830.0  4.09532e-10
16835.0  4.09161e-10
16840.0  4.08792e-10
16845.0  4.08424e-10
16850.0  4.08054e-10
16855.0  4.07687e-10
16860.0  4.0732e-10
16865.0  4.06951e-10
16870.0  4.06582e-10
16875.0  4.06216e-10
16880.0  4.05848e-10
16885.0  4.05483e-10
16890.0  4.05119e-10
16895.0  4.04753e-10
16900.0  4.04386e-10
16905.0  4.04021e-10
16910.0  4.03655e-10
16915.0  4.03292e-10
16920.0  4.02928e-10
16925.0  4.02566e-10
16930.0  4.02201e-10
16935.0  4.01839e-10
16940.0  4.01475e-10
16945.0  4.01112e-10
16950.0  4.00749e-10
16955.0  4.00389e-10
16960.0  4.00027e-10
16965.0  3.99666e-10
16970.0  3.99304e-10
16975.0  3.98944e-10
16980.0  3.98584e-10
16985.0  3.98225e-10
16990.0  3.97865e-10
16995.0  3.97505e-10
17000.0  3.97146e-10
17005.0  3.96789e-10
17010.0  3.9643e-10
17015.0  3.96073e-10
17020.0  3.95715e-10
17025.0  3.95358e-10
17030.0  3.95002e-10
17035.0  3.94643e-10
17040.0  3.94286e-10
17045.0  3.93931e-10
17050.0  3.93575e-10
17055.0  3.93222e-10
17060.0  3.92866e-10
17065.0  3.9251e-10
17070.0  3.92157e-10
17075.0  3.91802e-10
17080.0  3.9145e-10
17085.0  3.91097e-10
17090.0  3.90742e-10
17095.0  3.90389e-10
17100.0  3.90036e-10
17105.0  3.89685e-10
17110.0  3.89335e-10
17115.0  3.88983e-10
17120.0  3.88631e-10
17125.0  3.88281e-10
17130.0  3.8793e-10
17135.0  3.8758e-10
17140.0  3.87229e-10
17145.0  3.86879e-10
17150.0  3.86531e-10
17155.0  3.86182e-10
17160.0  3.85834e-10
17165.0  3.85485e-10
17170.0  3.85137e-10
17175.0  3.8479e-10
17180.0  3.84442e-10
17185.0  3.84097e-10
17190.0  3.83749e-10
17195.0  3.83403e-10
17200.0  3.83056e-10
17205.0  3.8271e-10
17210.0  3.82364e-10
17215.0  3.82019e-10
17220.0  3.81675e-10
17225.0  3.8133e-10
17230.0  3.80987e-10
17235.0  3.80643e-10
17240.0  3.80301e-10
17245.0  3.79957e-10
17250.0  3.79614e-10
17255.0  3.7927e-10
17260.0  3.78928e-10
17265.0  3.78586e-10
17270.0  3.78245e-10
17275.0  3.77904e-10
17280.0  3.77562e-10
17285.0  3.77222e-10
17290.0  3.76882e-10
17295.0  3.76541e-10
17300.0  3.76201e-10
17305.0  3.75862e-10
17310.0  3.75524e-10
17315.0  3.75184e-10
17320.0  3.74845e-10
17325.0  3.74507e-10
17330.0  3.7417e-10
17335.0  3.73832e-10
17340.0  3.73494e-10
17345.0  3.73156e-10
17350.0  3.72821e-10
17355.0  3.72485e-10
17360.0  3.72149e-10
17365.0  3.71813e-10
17370.0  3.71478e-10
17375.0  3.71144e-10
17380.0  3.70809e-10
17385.0  3.70471e-10
17390.0  3.70138e-10
17395.0  3.69807e-10
17400.0  3.69473e-10
17405.0  3.69139e-10
17410.0  3.68804e-10
17415.0  3.68473e-10
17420.0  3.6814e-10
17425.0  3.67809e-10
17430.0  3.67478e-10
17435.0  3.67145e-10
17440.0  3.66813e-10
17445.0  3.66482e-10
17450.0  3.66153e-10
17455.0  3.65822e-10
17460.0  3.65492e-10
17465.0  3.65164e-10
17470.0  3.64834e-10
17475.0  3.64504e-10
17480.0  3.64176e-10
17485.0  3.63849e-10
17490.0  3.63519e-10
17495.0  3.63192e-10
17500.0  3.62864e-10
17505.0  3.62538e-10
17510.0  3.62211e-10
17515.0  3.61884e-10
17520.0  3.61557e-10
17525.0  3.6123e-10
17530.0  3.60906e-10
17535.0  3.60581e-10
17540.0  3.60256e-10
17545.0  3.5993e-10
17550.0  3.59606e-10
17555.0  3.59283e-10
17560.0  3.58959e-10
17565.0  3.58634e-10
17570.0  3.5831e-10
17575.0  3.5799e-10
17580.0  3.57667e-10
17585.0  3.57344e-10
17590.0  3.57021e-10
17595.0  3.567e-10
17600.0  3.56378e-10
17605.0  3.56058e-10
17610.0  3.55738e-10
17615.0  3.55414e-10
17620.0  3.55095e-10
17625.0  3.54775e-10
17630.0  3.54455e-10
17635.0  3.54136e-10
17640.0  3.53817e-10
17645.0  3.53499e-10
17650.0  3.5318e-10
17655.0  3.52861e-10
17660.0  3.52545e-10
17665.0  3.52226e-10
17670.0  3.51909e-10
17675.0  3.51593e-10
17680.0  3.51277e-10
17685.0  3.50958e-10
17690.0  3.50641e-10
17695.0  3.50326e-10
17700.0  3.50013e-10
17705.0  3.49697e-10
17710.0  3.49381e-10
17715.0  3.49067e-10
17720.0  3.48753e-10
17725.0  3.48439e-10
17730.0  3.48124e-10
17735.0  3.47812e-10
17740.0  3.47499e-10
17745.0  3.47187e-10
17750.0  3.46872e-10
17755.0  3.46559e-10
17760.0  3.46249e-10
17765.0  3.45937e-10
17770.0  3.45625e-10
17775.0  3.45313e-10
17780.0  3.45003e-10
17785.0  3.44692e-10
17790.0  3.44382e-10
17795.0  3.44073e-10
17800.0  3.43762e-10
17805.0  3.43453e-10
17810.0  3.43143e-10
17815.0  3.42835e-10
17820.0  3.42526e-10
17825.0  3.42217e-10
17830.0  3.41909e-10
17835.0  3.41603e-10
17840.0  3.41295e-10
17845.0  3.40989e-10
17850.0  3.40681e-10
17855.0  3.40375e-10
17860.0  3.40067e-10
17865.0  3.39762e-10
17870.0  3.39456e-10
17875.0  3.39152e-10
17880.0  3.38846e-10
17885.0  3.38541e-10
17890.0  3.38237e-10
17895.0  3.37934e-10
17900.0  3.37629e-10
17905.0  3.37325e-10
17910.0  3.37022e-10
17915.0  3.36719e-10
17920.0  3.36416e-10
17925.0  3.36114e-10
17930.0  3.35813e-10
17935.0  3.35509e-10
17940.0  3.35207e-10
17945.0  3.34905e-10
17950.0  3.34606e-10
17955.0  3.34305e-10
17960.0  3.34004e-10
17965.0  3.33703e-10
17970.0  3.33404e-10
17975.0  3.33104e-10
17980.0  3.32805e-10
17985.0  3.32504e-10
17990.0  3.32206e-10
17995.0  3.31908e-10
18000.0  3.3161e-10
18005.0  3.31312e-10
18010.0  3.31014e-10
18015.0  3.30717e-10
18020.0  3.30419e-10
18025.0  3.30124e-10
18030.0  3.29826e-10
18035.0  3.29529e-10
18040.0  3.29234e-10
18045.0  3.28937e-10
18050.0  3.28643e-10
18055.0  3.28348e-10
18060.0  3.28054e-10
18065.0  3.27757e-10
18070.0  3.27462e-10
18075.0  3.27168e-10
18080.0  3.26877e-10
18085.0  3.26582e-10
18090.0  3.26289e-10
18095.0  3.25995e-10
18100.0  3.25703e-10
18105.0  3.2541e-10
18110.0  3.25119e-10
18115.0  3.24828e-10
18120.0  3.24534e-10
18125.0  3.24244e-10
18130.0  3.23952e-10
18135.0  3.23662e-10
18140.0  3.23372e-10
18145.0  3.23081e-10
18150.0  3.22791e-10
18155.0  3.22501e-10
18160.0  3.22212e-10
18165.0  3.21923e-10
18170.0  3.21635e-10
18175.0  3.21345e-10
18180.0  3.21057e-10
18185.0  3.2077e-10
18190.0  3.20481e-10
18195.0  3.20193e-10
18200.0  3.19906e-10
18205.0  3.19619e-10
18210.0  3.19332e-10
18215.0  3.19045e-10
18220.0  3.18762e-10
18225.0  3.18474e-10
18230.0  3.18188e-10
18235.0  3.17904e-10
18240.0  3.17618e-10
18245.0  3.17334e-10
18250.0  3.1705e-10
18255.0  3.16764e-10
18260.0  3.16481e-10
18265.0  3.16197e-10
18270.0  3.15914e-10
18275.0  3.1563e-10
18280.0  3.15347e-10
18285.0  3.15064e-10
18290.0  3.14784e-10
18295.0  3.14501e-10
18300.0  3.14218e-10
18305.0  3.13937e-10
18310.0  3.13657e-10
18315.0  3.13375e-10
18320.0  3.13095e-10
18325.0  3.12815e-10
18330.0  3.12535e-10
18335.0  3.12253e-10
18340.0  3.11973e-10
18345.0  3.11696e-10
18350.0  3.11417e-10
18355.0  3.11137e-10
18360.0  3.10858e-10
18365.0  3.10581e-10
18370.0  3.10302e-10
18375.0  3.10025e-10
18380.0  3.09746e-10
18385.0  3.0947e-10
18390.0  3.09194e-10
18395.0  3.08915e-10
18400.0  3.08638e-10
18405.0  3.08362e-10
18410.0  3.08086e-10
18415.0  3.07809e-10
18420.0  3.07534e-10
18425.0  3.07261e-10
18430.0  3.06985e-10
18435.0  3.06709e-10
18440.0  3.06436e-10
18445.0  3.0616e-10
18450.0  3.05888e-10
18455.0  3.05615e-10
18460.0  3.0534e-10
18465.0  3.05067e-10
18470.0  3.04794e-10
18475.0  3.04522e-10
18480.0  3.0425e-10
18485.0  3.03977e-10
18490.0  3.03705e-10
18495.0  3.03435e-10
18500.0  3.03163e-10
18505.0  3.02892e-10
18510.0  3.02622e-10
18515.0  3.0235e-10
18520.0  3.02081e-10
18525.0  3.01811e-10
18530.0  3.01541e-10
18535.0  3.01271e-10
18540.0  3.01002e-10
18545.0  3.00734e-10
18550.0  3.00465e-10
18555.0  3.00196e-10
18560.0  2.99927e-10
18565.0  2.99661e-10
18570.0  2.99393e-10
18575.0  2.99125e-10
18580.0  2.98858e-10
18585.0  2.9859e-10
18590.0  2.98325e-10
18595.0  2.98059e-10
18600.0  2.97791e-10
18605.0  2.97526e-10
18610.0  2.97261e-10
18615.0  2.96995e-10
18620.0  2.96731e-10
18625.0  2.96465e-10
18630.0  2.962e-10
18635.0  2.95935e-10
18640.0  2.95673e-10
18645.0  2.95408e-10
18650.0  2.95143e-10
18655.0  2.94881e-10
18660.0  2.94617e-10
18665.0  2.94355e-10
18670.0  2.94094e-10
18675.0  2.93831e-10
18680.0  2.93566e-10
18685.0  2.93305e-10
18690.0  2.93044e-10
18695.0  2.92781e-10
18700.0  2.92521e-10
18705.0  2.92262e-10
18710.0  2.92001e-10
18715.0  2.91739e-10
18720.0  2.91481e-10
18725.0  2.9122e-10
18730.0  2.90961e-10
18735.0  2.90701e-10
18740.0  2.90442e-10
18745.0  2.90184e-10
18750.0  2.89923e-10
18755.0  2.89665e-10
18760.0  2.89407e-10
18765.0  2.89149e-10
18770.0  2.88892e-10
18775.0  2.88636e-10
18780.0  2.88379e-10
18785.0  2.88121e-10
18790.0  2.87864e-10
18795.0  2.87608e-10
18800.0  2.87352e-10
18805.0  2.87097e-10
18810.0  2.86839e-10
18815.0  2.86584e-10
18820.0  2.8633e-10
18825.0  2.86076e-10
18830.0  2.85822e-10
18835.0  2.85567e-10
18840.0  2.85313e-10
18845.0  2.85059e-10
18850.0  2.84804e-10
18855.0  2.8455e-10
18860.0  2.84297e-10
18865.0  2.84045e-10
18870.0  2.83792e-10
18875.0  2.8354e-10
18880.0  2.83287e-10
18885.0  2.83035e-10
18890.0  2.82785e-10
18895.0  2.82531e-10
18900.0  2.8228e-10
18905.0  2.82029e-10
18910.0  2.81779e-10
18915.0  2.81528e-10
18920.0  2.81277e-10
18925.0  2.81026e-10
18930.0  2.80777e-10
18935.0  2.80528e-10
18940.0  2.80279e-10
18945.0  2.80031e-10
18950.0  2.79781e-10
18955.0  2.79533e-10
18960.0  2.79284e-10
18965.0  2.79036e-10
18970.0  2.78789e-10
18975.0  2.78539e-10
18980.0  2.78291e-10
18985.0  2.78045e-10
18990.0  2.77798e-10
18995.0  2.7755e-10
19000.0  2.77304e-10
19005.0  2.77059e-10
19010.0  2.76813e-10
19015.0  2.76567e-10
19020.0  2.76322e-10
19025.0  2.76076e-10
19030.0  2.75831e-10
19035.0  2.75585e-10
19040.0  2.75342e-10
19045.0  2.75098e-10
19050.0  2.74852e-10
19055.0  2.74608e-10
19060.0  2.74365e-10
19065.0  2.74121e-10
19070.0  2.73878e-10
19075.0  2.73635e-10
19080.0  2.73394e-10
19085.0  2.73151e-10
19090.0  2.72908e-10
19095.0  2.72667e-10
19100.0  2.72425e-10
19105.0  2.72181e-10
19110.0  2.71942e-10
19115.0  2.71702e-10
19120.0  2.71459e-10
19125.0  2.71218e-10
19130.0  2.70979e-10
19135.0  2.70739e-10
19140.0  2.70499e-10
19145.0  2.7026e-10
19150.0  2.7002e-10
19155.0  2.6978e-10
19160.0  2.69541e-10
19165.0  2.69301e-10
19170.0  2.69064e-10
19175.0  2.68826e-10
19180.0  2.68588e-10
19185.0  2.68349e-10
19190.0  2.68112e-10
19195.0  2.67874e-10
19200.0  2.67637e-10
19205.0  2.674e-10
19210.0  2.67164e-10
19215.0  2.66926e-10
19220.0  2.66689e-10
19225.0  2.66453e-10
19230.0  2.6622e-10
19235.0  2.65984e-10
19240.0  2.65748e-10
19245.0  2.65512e-10
19250.0  2.65276e-10
19255.0  2.65043e-10
19260.0  2.64808e-10
19265.0  2.64575e-10
19270.0  2.64339e-10
19275.0  2.64106e-10
19280.0  2.63873e-10
19285.0  2.63638e-10
19290.0  2.63405e-10
19295.0  2.63173e-10
19300.0  2.6294e-10
19305.0  2.62708e-10
19310.0  2.62475e-10
19315.0  2.62243e-10
19320.0  2.62013e-10
19325.0  2.61781e-10
19330.0  2.61549e-10
19335.0  2.61317e-10
19340.0  2.61087e-10
19345.0  2.60855e-10
19350.0  2.60626e-10
19355.0  2.60397e-10
19360.0  2.60165e-10
19365.0  2.59936e-10
19370.0  2.59707e-10
19375.0  2.59478e-10
19380.0  2.59249e-10
19385.0  2.59021e-10
19390.0  2.58792e-10
19395.0  2.58563e-10
19400.0  2.58334e-10
19405.0  2.58105e-10
19410.0  2.57877e-10
19415.0  2.57651e-10
19420.0  2.57423e-10
19425.0  2.57196e-10
19430.0  2.56968e-10
19435.0  2.56743e-10
19440.0  2.56515e-10
19445.0  2.56289e-10
19450.0  2.56064e-10
19455.0  2.55838e-10
19460.0  2.55613e-10
19465.0  2.55385e-10
19470.0  2.55162e-10
19475.0  2.54937e-10
19480.0  2.54712e-10
19485.0  2.54487e-10
19490.0  2.54262e-10
19495.0  2.54037e-10
19500.0  2.53815e-10
19505.0  2.53591e-10
19510.0  2.53368e-10
19515.0  2.53144e-10
19520.0  2.52921e-10
19525.0  2.52696e-10
19530.0  2.52475e-10
19535.0  2.52254e-10
19540.0  2.52032e-10
19545.0  2.5181e-10
19550.0  2.51588e-10
19555.0  2.51366e-10
19560.0  2.51145e-10
19565.0  2.50923e-10
19570.0  2.50702e-10
19575.0  2.5048e-10
19580.0  2.50262e-10
19585.0  2.50041e-10
19590.0  2.49819e-10
19595.0  2.49601e-10
19600.0  2.4938e-10
19605.0  2.49162e-10
19610.0  2.48944e-10
19615.0  2.48723e-10
19620.0  2.48504e-10
19625.0  2.48287e-10
19630.0  2.48068e-10
19635.0  2.4785e-10
19640.0  2.47632e-10
19645.0  2.47414e-10
19650.0  2.47196e-10
19655.0  2.46978e-10
19660.0  2.4676e-10
19665.0  2.46543e-10
19670.0  2.46328e-10
19675.0  2.46111e-10
19680.0  2.45895e-10
19685.0  2.45679e-10
19690.0  2.45463e-10
19695.0  2.45246e-10
19700.0  2.45031e-10
19705.0  2.44817e-10
19710.0  2.44602e-10
19715.0  2.44385e-10
19720.0  2.44171e-10
19725.0  2.43956e-10
19730.0  2.43742e-10
19735.0  2.43527e-10
19740.0  2.43314e-10
19745.0  2.43103e-10
19750.0  2.42888e-10
19755.0  2.42674e-10
19760.0  2.42463e-10
19765.0  2.42249e-10
19770.0  2.42035e-10
19775.0  2.41824e-10
19780.0  2.41613e-10
19785.0  2.41399e-10
19790.0  2.41189e-10
19795.0  2.40977e-10
19800.0  2.40763e-10
19805.0  2.40552e-10
19810.0  2.40342e-10
19815.0  2.40131e-10
19820.0  2.39921e-10
19825.0  2.3971e-10
19830.0  2.39499e-10
19835.0  2.39292e-10
19840.0  2.39081e-10
19845.0  2.38871e-10
19850.0  2.3866e-10
19855.0  2.38453e-10
19860.0  2.38243e-10
19865.0  2.38035e-10
19870.0  2.37825e-10
19875.0  2.37617e-10
19880.0  2.3741e-10
19885.0  2.372e-10
19890.0  2.36993e-10
19895.0  2.36786e-10
19900.0  2.36579e-10
19905.0  2.36372e-10
19910.0  2.36165e-10
19915.0  2.35958e-10
19920.0  2.3575e-10
19925.0  2.35544e-10
19930.0  2.35339e-10
19935.0  2.35133e-10
19940.0  2.34926e-10
19945.0  2.34719e-10
19950.0  2.34515e-10
19955.0  2.34309e-10
19960.0  2.34105e-10
19965.0  2.33901e-10
19970.0  2.33695e-10
19975.0  2.33491e-10
19980.0  2.33287e-10
19985.0  2.33083e-10
19990.0  2.32877e-10
19995.0  2.32673e-10
20000.0  2.3247e-10
20005.0  2.32267e-10
20010.0  2.32063e-10
20015.0  2.3186e-10
20020.0  2.3166e-10
20025.0  2.31457e-10
20030.0  2.31254e-10
20035.0  2.31053e-10
20040.0  2.3085e-10
20045.0  2.30647e-10
20050.0  2.30447e-10
20055.0  2.30244e-10
20060.0  2.30044e-10
20065.0  2.29843e-10
20070.0  2.2964e-10
20075.0  2.29441e-10
20080.0  2.2924e-10
20085.0  2.29041e-10
20090.0  2.28841e-10
20095.0  2.28641e-10
20100.0  2.28441e-10
20105.0  2.28242e-10
20110.0  2.28042e-10
20115.0  2.27842e-10
20120.0  2.27643e-10
20125.0  2.27446e-10
20130.0  2.27247e-10
20135.0  2.27047e-10
20140.0  2.2685e-10
20145.0  2.26651e-10
20150.0  2.26454e-10
20155.0  2.26255e-10
20160.0  2.26059e-10
20165.0  2.25862e-10
20170.0  2.25663e-10
20175.0  2.25466e-10
20180.0  2.2527e-10
20185.0  2.25074e-10
20190.0  2.24878e-10
20195.0  2.24682e-10
20200.0  2.24486e-10
20205.0  2.2429e-10
20210.0  2.24093e-10
20215.0  2.23898e-10
20220.0  2.23704e-10
20225.0  2.23508e-10
20230.0  2.23313e-10
20235.0  2.2312e-10
20240.0  2.22924e-10
20245.0  2.22731e-10
20250.0  2.22535e-10
20255.0  2.22343e-10
20260.0  2.22149e-10
20265.0  2.21954e-10
20270.0  2.21761e-10
20275.0  2.21569e-10
20280.0  2.21376e-10
20285.0  2.21183e-10
20290.0  2.20988e-10
20295.0  2.20796e-10
20300.0  2.20606e-10
20305.0  2.20413e-10
20310.0  2.20221e-10
20315.0  2.20029e-10
20320.0  2.19836e-10
20325.0  2.19644e-10
20330.0  2.19454e-10
20335.0  2.19262e-10
20340.0  2.19073e-10
20345.0  2.18881e-10
20350.0  2.18691e-10
20355.0  2.18499e-10
20360.0  2.1831e-10
20365.0  2.18121e-10
20370.0  2.17929e-10
20375.0  2.1774e-10
20380.0  2.17551e-10
20385.0  2.17362e-10
20390.0  2.17173e-10
20395.0  2.16985e-10
20400.0  2.16796e-10
20405.0  2.16607e-10
20410.0  2.16418e-10
20415.0  2.16229e-10
20420.0  2.1604e-10
20425.0  2.15854e-10
20430.0  2.15666e-10
20435.0  2.15478e-10
20440.0  2.15291e-10
20445.0  2.15103e-10
20450.0  2.14917e-10
20455.0  2.14729e-10
20460.0  2.14543e-10
20465.0  2.14355e-10
20470.0  2.14169e-10
20475.0  2.13984e-10
20480.0  2.13799e-10
20485.0  2.13613e-10
20490.0  2.13425e-10
20495.0  2.13239e-10
20500.0  2.13054e-10
20505.0  2.12869e-10
20510.0  2.12684e-10
20515.0  2.12501e-10
20520.0  2.12317e-10
20525.0  2.12131e-10
20530.0  2.11946e-10
20535.0  2.11761e-10
20540.0  2.11578e-10
20545.0  2.11394e-10
20550.0  2.11212e-10
20555.0  2.11028e-10
20560.0  2.10845e-10
20565.0  2.10661e-10
20570.0  2.10479e-10
20575.0  2.10296e-10
20580.0  2.10112e-10
20585.0  2.0993e-10
20590.0  2.09748e-10
20595.0  2.09567e-10
20600.0  2.09385e-10
20605.0  2.09204e-10
20610.0  2.09022e-10
20615.0  2.0884e-10
20620.0  2.08658e-10
20625.0  2.08477e-10
20630.0  2.08295e-10
20635.0  2.08114e-10
20640.0  2.07936e-10
20645.0  2.07754e-10
20650.0  2.07573e-10
20655.0  2.07394e-10
20660.0  2.07213e-10
20665.0  2.07034e-10
20670.0  2.06854e-10
20675.0  2.06675e-10
20680.0  2.06494e-10
20685.0  2.06316e-10
20690.0  2.06137e-10
20695.0  2.05959e-10
20700.0  2.05779e-10
20705.0  2.056e-10
20710.0  2.05422e-10
20715.0  2.05244e-10
20720.0  2.05066e-10
20725.0  2.04888e-10
20730.0  2.0471e-10
20735.0  2.04532e-10
20740.0  2.04355e-10
20745.0  2.04179e-10
20750.0  2.04001e-10
20755.0  2.03824e-10
20760.0  2.03649e-10
20765.0  2.03471e-10
20770.0  2.03294e-10
20775.0  2.03118e-10
20780.0  2.02941e-10
20785.0  2.02766e-10
20790.0  2.02589e-10
20795.0  2.02414e-10
20800.0  2.0224e-10
20805.0  2.02065e-10
20810.0  2.01888e-10
20815.0  2.01713e-10
20820.0  2.01539e-10
20825.0  2.01365e-10
20830.0  2.0119e-10
20835.0  2.01016e-10
20840.0  2.00841e-10
20845.0  2.00667e-10
20850.0  2.00493e-10
20855.0  2.00318e-10
20860.0  2.00145e-10
20865.0  1.99973e-10
20870.0  1.99799e-10
20875.0  1.99625e-10
20880.0  1.99453e-10
20885.0  1.99279e-10
20890.0  1.99108e-10
20895.0  1.98935e-10
20900.0  1.98763e-10
20905.0  1.98589e-10
20910.0  1.98418e-10
20915.0  1.98247e-10
20920.0  1.98073e-10
20925.0  1.97903e-10
20930.0  1.97732e-10
20935.0  1.97561e-10
20940.0  1.9739e-10
20945.0  1.97216e-10
20950.0  1.97045e-10
20955.0  1.96875e-10
20960.0  1.96704e-10
20965.0  1.96536e-10
20970.0  1.96366e-10
20975.0  1.96195e-10
20980.0  1.96025e-10
20985.0  1.95854e-10
20990.0  1.95687e-10
20995.0  1.95516e-10
21000.0  1.95346e-10
21005.0  1.95178e-10
21010.0  1.95008e-10
21015.0  1.9484e-10
21020.0  1.9467e-10
21025.0  1.94502e-10
21030.0  1.94332e-10
21035.0  1.94165e-10
21040.0  1.93997e-10
21045.0  1.9383e-10
21050.0  1.9366e-10
21055.0  1.93493e-10
21060.0  1.93325e-10
21065.0  1.93158e-10
21070.0  1.92991e-10
21075.0  1.92824e-10
21080.0  1.92657e-10
21085.0  1.9249e-10
21090.0  1.92323e-10
21095.0  1.92156e-10
21100.0  1.91989e-10
21105.0  1.91825e-10
21110.0  1.91658e-10
21115.0  1.91492e-10
21120.0  1.91327e-10
21125.0  1.91161e-10
21130.0  1.90994e-10
21135.0  1.9083e-10
21140.0  1.90663e-10
21145.0  1.90499e-10
21150.0  1.90333e-10
21155.0  1.90169e-10
21160.0  1.90005e-10
21165.0  1.89839e-10
21170.0  1.89675e-10
21175.0  1.89511e-10
21180.0  1.89348e-10
21185.0  1.89184e-10
21190.0  1.89018e-10
21195.0  1.88854e-10
21200.0  1.88691e-10
21205.0  1.88527e-10
21210.0  1.88364e-10
21215.0  1.88203e-10
21220.0  1.8804e-10
21225.0  1.87876e-10
21230.0  1.87713e-10
21235.0  1.8755e-10
21240.0  1.8739e-10
21245.0  1.87227e-10
21250.0  1.87063e-10
21255.0  1.86903e-10
21260.0  1.8674e-10
21265.0  1.86576e-10
21270.0  1.86416e-10
21275.0  1.86253e-10
21280.0  1.86093e-10
21285.0  1.85933e-10
21290.0  1.8577e-10
21295.0  1.8561e-10
21300.0  1.8545e-10
21305.0  1.8529e-10
21310.0  1.85127e-10
21315.0  1.84967e-10
21320.0  1.84807e-10
21325.0  1.84647e-10
21330.0  1.84487e-10
21335.0  1.84328e-10
21340.0  1.84168e-10
21345.0  1.84008e-10
21350.0  1.83848e-10
21355.0  1.83688e-10
21360.0  1.83529e-10
21365.0  1.83372e-10
21370.0  1.83212e-10
21375.0  1.83052e-10
21380.0  1.82893e-10
21385.0  1.82736e-10
21390.0  1.82577e-10
21395.0  1.8242e-10
21400.0  1.82261e-10
21405.0  1.82104e-10
21410.0  1.81945e-10
21415.0  1.81788e-10
21420.0  1.81629e-10
21425.0  1.81472e-10
21430.0  1.81316e-10
21435.0  1.81157e-10
21440.0  1.81e-10
21445.0  1.80844e-10
21450.0  1.80687e-10
21455.0  1.80528e-10
21460.0  1.80371e-10
21465.0  1.80216e-10
21470.0  1.80059e-10
21475.0  1.79903e-10
21480.0  1.79747e-10
21485.0  1.79591e-10
21490.0  1.79435e-10
21495.0  1.79282e-10
21500.0  1.79126e-10
21505.0  1.78969e-10
21510.0  1.78813e-10
21515.0  1.78658e-10
21520.0  1.78504e-10
21525.0  1.78349e-10
21530.0  1.78195e-10
21535.0  1.7804e-10
21540.0  1.77884e-10
21545.0  1.77731e-10
21550.0  1.77575e-10
21555.0  1.77422e-10
21560.0  1.77269e-10
21565.0  1.77114e-10
21570.0  1.7696e-10
21575.0  1.76805e-10
21580.0  1.76652e-10
21585.0  1.76499e-10
21590.0  1.76347e-10
21595.0  1.76194e-10
21600.0  1.76038e-10
21605.0  1.75885e-10
21610.0  1.75733e-10
21615.0  1.7558e-10
21620.0  1.75428e-10
21625.0  1.75275e-10
21630.0  1.75122e-10
21635.0  1.7497e-10
21640.0  1.74818e-10
21645.0  1.74668e-10
21650.0  1.74516e-10
21655.0  1.74364e-10
21660.0  1.74211e-10
21665.0  1.74061e-10
21670.0  1.73909e-10
21675.0  1.73758e-10
21680.0  1.73607e-10
21685.0  1.73456e-10
21690.0  1.73306e-10
21695.0  1.73154e-10
21700.0  1.73004e-10
21705.0  1.72853e-10
21710.0  1.72703e-10
21715.0  1.72551e-10
21720.0  1.72402e-10
21725.0  1.72253e-10
21730.0  1.72101e-10
21735.0  1.71951e-10
21740.0  1.71803e-10
21745.0  1.71654e-10
21750.0  1.71504e-10
21755.0  1.71352e-10
21760.0  1.71203e-10
21765.0  1.71054e-10
21770.0  1.70905e-10
21775.0  1.70756e-10
21780.0  1.70607e-10
21785.0  1.70458e-10
21790.0  1.7031e-10
21795.0  1.70163e-10
21800.0  1.70015e-10
21805.0  1.69866e-10
21810.0  1.69717e-10
21815.0  1.69569e-10
21820.0  1.69423e-10
21825.0  1.69274e-10
21830.0  1.69126e-10
21835.0  1.6898e-10
21840.0  1.68831e-10
21845.0  1.68682e-10
21850.0  1.68536e-10
21855.0  1.68388e-10
21860.0  1.68242e-10
21865.0  1.68097e-10
21870.0  1.67949e-10
21875.0  1.67803e-10
21880.0  1.67655e-10
21885.0  1.67509e-10
21890.0  1.67364e-10
21895.0  1.67218e-10
21900.0  1.6707e-10
21905.0  1.66924e-10
21910.0  1.66779e-10
21915.0  1.66633e-10
21920.0  1.66488e-10
21925.0  1.66343e-10
21930.0  1.66197e-10
21935.0  1.66052e-10
21940.0  1.65907e-10
21945.0  1.65761e-10
21950.0  1.65616e-10
21955.0  1.65471e-10
21960.0  1.65326e-10
21965.0  1.6518e-10
21970.0  1.65035e-10
21975.0  1.6489e-10
21980.0  1.64747e-10
21985.0  1.64603e-10
21990.0  1.64458e-10
21995.0  1.64315e-10
22000.0  1.6417e-10
22005.0  1.64026e-10
22010.0  1.63883e-10
22015.0  1.63739e-10
22020.0  1.63596e-10
22025.0  1.63452e-10
22030.0  1.63309e-10
22035.0  1.63165e-10
22040.0  1.63022e-10
22045.0  1.62881e-10
22050.0  1.62736e-10
22055.0  1.62594e-10
22060.0  1.62452e-10
22065.0  1.6231e-10
22070.0  1.62166e-10
22075.0  1.62024e-10
22080.0  1.61882e-10
22085.0  1.61741e-10
22090.0  1.61599e-10
22095.0  1.61457e-10
22100.0  1.61315e-10
22105.0  1.61173e-10
22110.0  1.61032e-10
22115.0  1.6089e-10
22120.0  1.60749e-10
22125.0  1.60607e-10
22130.0  1.60465e-10
22135.0  1.60324e-10
22140.0  1.60185e-10
22145.0  1.60044e-10
22150.0  1.59902e-10
22155.0  1.59761e-10
22160.0  1.59622e-10
22165.0  1.59481e-10
22170.0  1.5934e-10
22175.0  1.59201e-10
22180.0  1.5906e-10
22185.0  1.58921e-10
22190.0  1.5878e-10
22195.0  1.58642e-10
22200.0  1.58501e-10
22205.0  1.58362e-10
22210.0  1.58223e-10
22215.0  1.58083e-10
22220.0  1.57944e-10
22225.0  1.57806e-10
22230.0  1.57665e-10
22235.0  1.57527e-10
22240.0  1.57388e-10
22245.0  1.5725e-10
22250.0  1.57112e-10
22255.0  1.56971e-10
22260.0  1.56833e-10
22265.0  1.56695e-10
22270.0  1.56557e-10
22275.0  1.56418e-10
22280.0  1.56281e-10
22285.0  1.56143e-10
22290.0  1.56008e-10
22295.0  1.5587e-10
22300.0  1.55732e-10
22305.0  1.55594e-10
22310.0  1.55456e-10
22315.0  1.55318e-10
22320.0  1.55183e-10
22325.0  1.55045e-10
22330.0  1.54908e-10
22335.0  1.54772e-10
22340.0  1.54635e-10
22345.0  1.54497e-10
22350.0  1.54362e-10
22355.0  1.54225e-10
22360.0  1.5409e-10
22365.0  1.53953e-10
22370.0  1.53818e-10
22375.0  1.53683e-10
22380.0  1.53546e-10
22385.0  1.5341e-10
22390.0  1.53273e-10
22395.0  1.53138e-10
22400.0  1.53004e-10
22405.0  1.52869e-10
22410.0  1.52732e-10
22415.0  1.52597e-10
22420.0  1.52463e-10
22425.0  1.52328e-10
22430.0  1.52194e-10
22435.0  1.52059e-10
22440.0  1.51925e-10
22445.0  1.51791e-10
22450.0  1.51656e-10
22455.0  1.51522e-10
22460.0  1.51387e-10
22465.0  1.51253e-10
22470.0  1.51119e-10
22475.0  1.50985e-10
22480.0  1.50853e-10
22485.0  1.50719e-10
22490.0  1.50585e-10
22495.0  1.50451e-10
22500.0  1.50319e-10
22505.0  1.50185e-10
22510.0  1.50051e-10
22515.0  1.4992e-10
22520.0  1.49786e-10
22525.0  1.49654e-10
22530.0  1.49521e-10
22535.0  1.49389e-10
22540.0  1.49256e-10
22545.0  1.49124e-10
22550.0  1.4899e-10
22555.0  1.48859e-10
22560.0  1.48728e-10
22565.0  1.48594e-10
22570.0  1.48463e-10
22575.0  1.48333e-10
22580.0  1.48201e-10
22585.0  1.48068e-10
22590.0  1.47936e-10
22595.0  1.47806e-10
22600.0  1.47675e-10
22605.0  1.47544e-10
22610.0  1.47413e-10
22615.0  1.47283e-10
22620.0  1.47152e-10
22625.0  1.47021e-10
22630.0  1.4689e-10
22635.0  1.4676e-10
22640.0  1.46629e-10
22645.0  1.46498e-10
22650.0  1.46367e-10
22655.0  1.46237e-10
22660.0  1.46109e-10
22665.0  1.45978e-10
22670.0  1.45848e-10
22675.0  1.4572e-10
22680.0  1.4559e-10
22685.0  1.4546e-10
22690.0  1.45332e-10
22695.0  1.45202e-10
22700.0  1.45073e-10
22705.0  1.44944e-10
22710.0  1.44816e-10
22715.0  1.44686e-10
22720.0  1.44558e-10
22725.0  1.44428e-10
22730.0  1.443e-10
22735.0  1.44173e-10
22740.0  1.44043e-10
22745.0  1.43915e-10
22750.0  1.43787e-10
22755.0  1.43658e-10
22760.0  1.4353e-10
22765.0  1.43403e-10
22770.0  1.43276e-10
22775.0  1.43149e-10
22780.0  1.43022e-10
22785.0  1.42895e-10
22790.0  1.42768e-10
22795.0  1.4264e-10
22800.0  1.42513e-10
22805.0  1.42386e-10
22810.0  1.42259e-10
22815.0  1.42132e-10
22820.0  1.42004e-10
22825.0  1.41878e-10
22830.0  1.4175e-10
22835.0  1.41624e-10
22840.0  1.41499e-10
22845.0  1.41373e-10
22850.0  1.41246e-10
22855.0  1.41121e-10
22860.0  1.40995e-10
22865.0  1.40868e-10
22870.0  1.40743e-10
22875.0  1.40617e-10
22880.0  1.40493e-10
22885.0  1.40367e-10
22890.0  1.40242e-10
22895.0  1.40116e-10
22900.0  1.39992e-10
22905.0  1.39866e-10
22910.0  1.39741e-10
22915.0  1.39617e-10
22920.0  1.39491e-10
22925.0  1.39367e-10
22930.0  1.39244e-10
22935.0  1.3912e-10
22940.0  1.38993e-10
22945.0  1.3887e-10
22950.0  1.38746e-10
22955.0  1.38623e-10
22960.0  1.38499e-10
22965.0  1.38375e-10
22970.0  1.38252e-10
22975.0  1.38129e-10
22980.0  1.38005e-10
22985.0  1.37881e-10
22990.0  1.37758e-10
22995.0  1.37635e-10
23000.0  1.37511e-10
23005.0  1.37388e-10
23010.0  1.37264e-10
23015.0  1.37144e-10
23020.0  1.37021e-10
23025.0  1.36897e-10
23030.0  1.36774e-10
23035.0  1.36653e-10
23040.0  1.36531e-10
23045.0  1.3641e-10
23050.0  1.36287e-10
23055.0  1.36164e-10
23060.0  1.36043e-10
23065.0  1.3592e-10
23070.0  1.358e-10
23075.0  1.35677e-10
23080.0  1.35557e-10
23085.0  1.35436e-10
23090.0  1.35314e-10
23095.0  1.35193e-10
23100.0  1.3507e-10
23105.0  1.3495e-10
23110.0  1.3483e-10
23115.0  1.3471e-10
23120.0  1.34587e-10
23125.0  1.34467e-10
23130.0  1.34347e-10
23135.0  1.34227e-10
23140.0  1.34107e-10
23145.0  1.33987e-10
23150.0  1.33867e-10
23155.0  1.33748e-10
23160.0  1.33628e-10
23165.0  1.33508e-10
23170.0  1.33388e-10
23175.0  1.33268e-10
23180.0  1.33148e-10
23185.0  1.33029e-10
23190.0  1.32909e-10
23195.0  1.32792e-10
23200.0  1.32672e-10
23205.0  1.32552e-10
23210.0  1.32433e-10
23215.0  1.32316e-10
23220.0  1.32197e-10
23225.0  1.32077e-10
23230.0  1.3196e-10
23235.0  1.31841e-10
23240.0  1.31724e-10
23245.0  1.31605e-10
23250.0  1.31488e-10
23255.0  1.31369e-10
23260.0  1.31252e-10
23265.0  1.31133e-10
23270.0  1.31016e-10
23275.0  1.30896e-10
23280.0  1.3078e-10
23285.0  1.30663e-10
23290.0  1.30544e-10
23295.0  1.30427e-10
23300.0  1.30311e-10
23305.0  1.30195e-10
23310.0  1.30079e-10
23315.0  1.29959e-10
23320.0  1.29843e-10
23325.0  1.29726e-10
23330.0  1.2961e-10
23335.0  1.29494e-10
23340.0  1.29378e-10
23345.0  1.29261e-10
23350.0  1.29145e-10
23355.0  1.29029e-10
23360.0  1.28913e-10
23365.0  1.28796e-10
23370.0  1.28681e-10
23375.0  1.28567e-10
23380.0  1.28452e-10
23385.0  1.28335e-10
23390.0  1.28219e-10
23395.0  1.28106e-10
23400.0  1.2799e-10
23405.0  1.27874e-10
23410.0  1.27761e-10
23415.0  1.27645e-10
23420.0  1.27529e-10
23425.0  1.27416e-10
23430.0  1.273e-10
23435.0  1.27187e-10
23440.0  1.27071e-10
23445.0  1.26958e-10
23450.0  1.26842e-10
23455.0  1.26729e-10
23460.0  1.26617e-10
23465.0  1.26501e-10
23470.0  1.26388e-10
23475.0  1.26275e-10
23480.0  1.2616e-10
23485.0  1.26046e-10
23490.0  1.25934e-10
23495.0  1.25821e-10
23500.0  1.25705e-10
23505.0  1.25592e-10
23510.0  1.2548e-10
23515.0  1.25367e-10
23520.0  1.25255e-10
23525.0  1.25142e-10
23530.0  1.2503e-10
23535.0  1.24917e-10
23540.0  1.24804e-10
23545.0  1.24691e-10
23550.0  1.24579e-10
23555.0  1.24467e-10
23560.0  1.24354e-10
23565.0  1.24244e-10
23570.0  1.24132e-10
23575.0  1.2402e-10
23580.0  1.23908e-10
23585.0  1.23798e-10
23590.0  1.23685e-10
23595.0  1.23573e-10
23600.0  1.23463e-10
23605.0  1.23351e-10
23610.0  1.23239e-10
23615.0  1.23129e-10
23620.0  1.23018e-10
23625.0  1.22908e-10
23630.0  1.22796e-10
23635.0  1.22686e-10
23640.0  1.22574e-10
23645.0  1.22465e-10
23650.0  1.22356e-10
23655.0  1.22244e-10
23660.0  1.22134e-10
23665.0  1.22025e-10
23670.0  1.21913e-10
23675.0  1.21804e-10
23680.0  1.21695e-10
23685.0  1.21585e-10
23690.0  1.21474e-10
23695.0  1.21364e-10
23700.0  1.21255e-10
23705.0  1.21146e-10
23710.0  1.21037e-10
23715.0  1.20928e-10
23720.0  1.20819e-10
23725.0  1.2071e-10
23730.0  1.20601e-10
23735.0  1.20492e-10
23740.0  1.20383e-10
23745.0  1.20275e-10
23750.0  1.20166e-10
23755.0  1.20057e-10
23760.0  1.1995e-10
23765.0  1.19842e-10
23770.0  1.19733e-10
23775.0  1.19625e-10
23780.0  1.19518e-10
23785.0  1.1941e-10
23790.0  1.19301e-10
23795.0  1.19195e-10
23800.0  1.19087e-10
23805.0  1.18981e-10
23810.0  1.18872e-10
23815.0  1.18764e-10
23820.0  1.18657e-10
23825.0  1.18549e-10
23830.0  1.18444e-10
23835.0  1.18338e-10
23840.0  1.1823e-10
23845.0  1.18123e-10
23850.0  1.18015e-10
23855.0  1.1791e-10
23860.0  1.17804e-10
23865.0  1.17699e-10
23870.0  1.17591e-10
23875.0  1.17485e-10
23880.0  1.17379e-10
23885.0  1.17274e-10
23890.0  1.17168e-10
23895.0  1.1706e-10
23900.0  1.16954e-10
23905.0  1.16849e-10
23910.0  1.16744e-10
23915.0  1.16638e-10
23920.0  1.16533e-10
23925.0  1.16428e-10
23930.0  1.16322e-10
23935.0  1.16217e-10
23940.0  1.16112e-10
23945.0  1.16009e-10
23950.0  1.15904e-10
23955.0  1.15799e-10
23960.0  1.15694e-10
23965.0  1.15589e-10
23970.0  1.15486e-10
23975.0  1.15381e-10
23980.0  1.15276e-10
23985.0  1.15174e-10
23990.0  1.15069e-10
23995.0  1.14964e-10
24000.0  1.14862e-10
24005.0  1.14757e-10
24010.0  1.14654e-10
24015.0  1.1455e-10
24020.0  1.14448e-10
24025.0  1.14343e-10
24030.0  1.1424e-10
24035.0  1.14136e-10
24040.0  1.14033e-10
24045.0  1.13929e-10
24050.0  1.13827e-10
24055.0  1.13725e-10
24060.0  1.13623e-10
24065.0  1.13518e-10
24070.0  1.13416e-10
24075.0  1.13314e-10
24080.0  1.13212e-10
24085.0  1.13108e-10
24090.0  1.13006e-10
24095.0  1.12904e-10
24100.0  1.12802e-10
24105.0  1.12701e-10
24110.0  1.12599e-10
24115.0  1.12497e-10
24120.0  1.12395e-10
24125.0  1.12294e-10
24130.0  1.12192e-10
24135.0  1.1209e-10
24140.0  1.11989e-10
24145.0  1.11887e-10
24150.0  1.11788e-10
24155.0  1.11687e-10
24160.0  1.11585e-10
24165.0  1.11484e-10
24170.0  1.11385e-10
24175.0  1.11284e-10
24180.0  1.11182e-10
24185.0  1.11081e-10
24190.0  1.10982e-10
24195.0  1.10881e-10
24200.0  1.10782e-10
24205.0  1.10681e-10
24210.0  1.1058e-10
24215.0  1.10481e-10
24220.0  1.1038e-10
24225.0  1.10281e-10
24230.0  1.10183e-10
24235.0  1.10082e-10
24240.0  1.09983e-10
24245.0  1.09882e-10
24250.0  1.09784e-10
24255.0  1.09685e-10
24260.0  1.09584e-10
24265.0  1.09486e-10
24270.0  1.09388e-10
24275.0  1.09289e-10
24280.0  1.09188e-10
24285.0  1.0909e-10
24290.0  1.08992e-10
24295.0  1.08894e-10
24300.0  1.08795e-10
24305.0  1.08697e-10
24310.0  1.08599e-10
24315.0  1.08501e-10
24320.0  1.08403e-10
24325.0  1.08305e-10
24330.0  1.08207e-10
24335.0  1.08109e-10
24340.0  1.08011e-10
24345.0  1.07913e-10
24350.0  1.07815e-10
24355.0  1.07717e-10
24360.0  1.07622e-10
24365.0  1.07524e-10
24370.0  1.07426e-10
24375.0  1.07328e-10
24380.0  1.07233e-10
24385.0  1.07135e-10
24390.0  1.07038e-10
24395.0  1.06942e-10
24400.0  1.06845e-10
24405.0  1.06747e-10
24410.0  1.06652e-10
24415.0  1.06555e-10
24420.0  1.06459e-10
24425.0  1.06362e-10
24430.0  1.06267e-10
24435.0  1.0617e-10
24440.0  1.06075e-10
24445.0  1.0598e-10
24450.0  1.05883e-10
24455.0  1.05788e-10
24460.0  1.05693e-10
24465.0  1.05596e-10
24470.0  1.05501e-10
24475.0  1.05406e-10
24480.0  1.05311e-10
24485.0  1.05214e-10
24490.0  1.05119e-10
24495.0  1.05025e-10
24500.0  1.04931e-10
24505.0  1.04836e-10
24510.0  1.04742e-10
24515.0  1.04647e-10
24520.0  1.04553e-10
24525.0  1.04458e-10
24530.0  1.04364e-10
24535.0  1.04269e-10
24540.0  1.04175e-10
24545.0  1.0408e-10
24550.0  1.03986e-10
24555.0  1.03892e-10
24560.0  1.03797e-10
24565.0  1.03703e-10
24570.0  1.03611e-10
24575.0  1.03517e-10
24580.0  1.03423e-10
24585.0  1.03329e-10
24590.0  1.03237e-10
24595.0  1.03143e-10
24600.0  1.03049e-10
24605.0  1.02958e-10
24610.0  1.02863e-10
24615.0  1.0277e-10
24620.0  1.02678e-10
24625.0  1.02584e-10
24630.0  1.02493e-10
24635.0  1.02399e-10
24640.0  1.02307e-10
24645.0  1.02214e-10
24650.0  1.02123e-10
24655.0  1.02031e-10
24660.0  1.01938e-10
24665.0  1.01846e-10
24670.0  1.01755e-10
24675.0  1.01662e-10
24680.0  1.0157e-10
24685.0  1.0148e-10
24690.0  1.01388e-10
24695.0  1.01295e-10
24700.0  1.01204e-10
24705.0  1.01113e-10
24710.0  1.01022e-10
24715.0  1.00931e-10
24720.0  1.0084e-10
24725.0  1.00749e-10
24730.0  1.00659e-10
24735.0  1.00568e-10
24740.0  1.00477e-10
24745.0  1.00386e-10
24750.0  1.00295e-10
24755.0  1.00204e-10
24760.0  1.00114e-10
24765.0  1.00023e-10
24770.0  9.99322e-11
24775.0  9.98411e-11
24780.0  9.9751e-11
24785.0  9.96629e-11
24790.0  9.95724e-11
24795.0  9.94818e-11
24800.0  9.93913e-11
24805.0  9.93033e-11
24810.0  9.92129e-11
24815.0  9.91225e-11
24820.0  9.90344e-11
24825.0  9.89446e-11
24830.0  9.88564e-11
24835.0  9.87665e-11
24840.0  9.86784e-11
24845.0  9.85885e-11
24850.0  9.85002e-11
24855.0  9.84103e-11
24860.0  9.83223e-11
24865.0  9.82324e-11
24870.0  9.81449e-11
24875.0  9.80572e-11
24880.0  9.79672e-11
24885.0  9.78797e-11
24890.0  9.7792e-11
24895.0  9.77022e-11
24900.0  9.76144e-11
24905.0  9.75273e-11
24910.0  9.74396e-11
24915.0  9.73498e-11
24920.0  9.72621e-11
24925.0  9.71751e-11
24930.0  9.70879e-11
24935.0  9.70005e-11
24940.0  9.69133e-11
24945.0  9.68261e-11
24950.0  9.6739e-11
24955.0  9.66519e-11
24960.0  9.65646e-11
24965.0  9.64775e-11
24970.0  9.63903e-11
24975.0  9.6303e-11
24980.0  9.62159e-11
24985.0  9.61292e-11
24990.0  9.60448e-11
24995.0  8.39718e-11
25000.0  1.19923e-11
