# Extracted from file: pickles_uk_33.fits
#SIMPLETrueFits standard
#BITPIX16Bits per pixel
#NAXIS0Number of axes
#EXTENDTrueFile may contain extensions
#DATE2007-01-11T21:02:19Date FITS file was generated
#IRAF-TLM16:02:35 (11/01/2007)Time of last modification
#COMMENT  FITS (Flexible Image Transport System) format is defined in 'Astronomy
#COMMENT  and Astrophysics', volume 376, page 359; bibcode: 2001A&A...376..359H
#ORIGINSTScI-STSDAS/TABLESTables version 2002-02-22
#FILENAMEpickles_uk_33.fitsname of file
#NEXTEND1number of extensions in file
#COMMENT1spectral type: K2V
#COMMENT2metallicity: solar
#COMMENT3original filename: ukk2v.dat
#HISTORY  File created by F.R.Boffi.
#HISTORY  SEDs from Pickles UVKLIB Library (1998, PASP 110, 863).
#HISTORY  Wavelength is in Angstrom.
#HISTORY  Fluxes are tabulated in units of erg/s/cm^2/A
#HISTORY  and were calculated by normalizing the original fluxes
#HISTORY  in the Pickles V band to a 0 magnitude in vegamag.
#HISTORY  In the vegamag system, Vega has magnitude zero in all passbands.
#HISTORY  Please refer to the SYNPHOT manual for further information.
#
#
#
#
#
#
#
#
#
#
#
#
#
#  
#Columns WAVELENGTH FLUX
#Units  angstroms flam
1150.0  1.41559e-12
1155.0  1.56118e-12
1160.0  4.30537e-12
1165.0  6.58322e-12
1170.0  6.50661e-12
1175.0  6.66727e-12
1180.0  3.79403e-12
1185.0  1.23717e-12
1190.0  1.23365e-12
1195.0  1.60466e-12
1200.0  8.66265e-12
1205.0  3.28509e-11
1210.0  1.08673e-10
1215.0  1.56462e-10
1220.0  8.78865e-11
1225.0  2.21224e-11
1230.0  4.47655e-12
1235.0  3.06344e-12
1240.0  3.10473e-12
1245.0  2.02887e-12
1250.0  1.94935e-12
1255.0  2.28126e-12
1260.0  3.14426e-12
1265.0  2.31698e-12
1270.0  8.67007e-13
1275.0  7.61807e-13
1280.0  7.84173e-13
1285.0  8.55885e-13
1290.0  1.18908e-12
1295.0  1.76609e-12
1300.0  4.96501e-12
1305.0  5.89903e-12
1310.0  2.88282e-12
1315.0  1.60935e-12
1320.0  1.41617e-12
1325.0  2.21349e-12
1330.0  5.02474e-12
1335.0  7.84636e-12
1340.0  3.50621e-12
1345.0  1.34825e-12
1350.0  1.92261e-12
1355.0  2.02183e-12
1360.0  1.54036e-12
1365.0  1.22078e-12
1370.0  7.93595e-13
1375.0  5.24865e-13
1380.0  9.39351e-13
1385.0  1.62622e-12
1390.0  2.70074e-12
1395.0  2.67536e-12
1400.0  1.94006e-12
1405.0  2.1001e-12
1410.0  1.75174e-12
1415.0  1.70389e-12
1420.0  1.78148e-12
1425.0  1.73719e-12
1430.0  1.18431e-12
1435.0  1.07207e-12
1440.0  1.2096e-12
1445.0  1.45406e-12
1450.0  1.62662e-12
1455.0  1.30237e-12
1460.0  1.61682e-12
1465.0  2.01447e-12
1470.0  2.37334e-12
1475.0  2.6348e-12
1480.0  2.58438e-12
1485.0  2.81834e-12
1490.0  2.48183e-12
1495.0  2.71261e-12
1500.0  2.89007e-12
1505.0  2.07614e-12
1510.0  1.6519e-12
1515.0  1.82229e-12
1520.0  2.12243e-12
1525.0  2.57001e-12
1530.0  2.64177e-12
1535.0  2.65854e-12
1540.0  3.2791e-12
1545.0  7.82712e-12
1550.0  9.53594e-12
1555.0  5.07621e-12
1560.0  3.94814e-12
1565.0  2.68297e-12
1570.0  2.18719e-12
1575.0  2.68104e-12
1580.0  2.21769e-12
1585.0  2.3578e-12
1590.0  2.50912e-12
1595.0  2.56929e-12
1600.0  2.56114e-12
1605.0  2.95328e-12
1610.0  2.13233e-12
1615.0  1.82887e-12
1620.0  1.55058e-12
1625.0  1.91969e-12
1630.0  2.66187e-12
1635.0  4.53907e-12
1640.0  6.54027e-12
1645.0  3.80702e-12
1650.0  2.59688e-12
1655.0  5.51279e-12
1660.0  6.02769e-12
1665.0  4.29412e-12
1670.0  3.543e-12
1675.0  2.2796e-12
1680.0  1.33614e-12
1685.0  1.20954e-12
1690.0  1.60247e-12
1695.0  2.36634e-12
1700.0  2.32988e-12
1705.0  2.16855e-12
1710.0  2.8053e-12
1715.0  3.13893e-12
1720.0  2.69552e-12
1725.0  2.04173e-12
1730.0  1.60337e-12
1735.0  1.99018e-12
1740.0  2.34324e-12
1745.0  2.33711e-12
1750.0  2.49601e-12
1755.0  2.43651e-12
1760.0  2.28836e-12
1765.0  2.13971e-12
1770.0  1.95854e-12
1775.0  2.14326e-12
1780.0  2.24778e-12
1785.0  2.15531e-12
1790.0  2.3732e-12
1795.0  2.62247e-12
1800.0  3.77904e-12
1805.0  7.31697e-12
1810.0  1.07402e-11
1815.0  1.43849e-11
1820.0  1.31465e-11
1825.0  6.16923e-12
1830.0  3.82058e-12
1835.0  3.31971e-12
1840.0  3.31893e-12
1845.0  3.37741e-12
1850.0  3.63086e-12
1855.0  4.07198e-12
1860.0  4.21844e-12
1865.0  3.96784e-12
1870.0  3.84423e-12
1875.0  4.12802e-12
1880.0  4.35416e-12
1885.0  4.60937e-12
1890.0  4.91539e-12
1895.0  4.99616e-12
1900.0  5.0315e-12
1905.0  4.60884e-12
1910.0  4.22685e-12
1915.0  4.4327e-12
1920.0  4.62089e-12
1925.0  4.62752e-12
1930.0  4.96254e-12
1935.0  4.84137e-12
1940.0  4.90699e-12
1945.0  5.46474e-12
1950.0  8.25206e-12
1955.0  1.40937e-11
1960.0  9.66096e-12
1965.0  3.12095e-12
1970.0  6.67755e-12
1975.0  1.28377e-11
1980.0  8.55424e-12
1985.0  6.88044e-12
1990.0  4.19761e-12
1995.0  5.90158e-12
2000.0  1.34259e-11
2005.0  1.32034e-11
2010.0  1.20439e-11
2015.0  1.56277e-11
2020.0  1.42771e-11
2025.0  1.18695e-11
2030.0  7.6189e-12
2035.0  7.88665e-12
2040.0  6.04946e-12
2045.0  5.6661e-12
2050.0  7.0528e-12
2055.0  9.87352e-12
2060.0  1.12066e-11
2065.0  1.09555e-11
2070.0  1.09768e-11
2075.0  1.3754e-11
2080.0  1.53667e-11
2085.0  1.26065e-11
2090.0  1.31589e-11
2095.0  1.35872e-11
2100.0  1.29875e-11
2105.0  1.37488e-11
2110.0  1.90611e-11
2115.0  1.95088e-11
2120.0  1.93459e-11
2125.0  2.18164e-11
2130.0  2.31772e-11
2135.0  2.09628e-11
2140.0  2.04744e-11
2145.0  2.30929e-11
2150.0  1.9318e-11
2155.0  2.28028e-11
2160.0  2.62682e-11
2165.0  2.41594e-11
2170.0  2.51587e-11
2175.0  2.5369e-11
2180.0  2.41809e-11
2185.0  2.47061e-11
2190.0  3.13748e-11
2195.0  3.5752e-11
2200.0  3.49606e-11
2205.0  2.89593e-11
2210.0  2.80704e-11
2215.0  3.05655e-11
2220.0  2.99721e-11
2225.0  3.35599e-11
2230.0  3.86115e-11
2235.0  4.37019e-11
2240.0  4.49374e-11
2245.0  4.23589e-11
2250.0  4.61046e-11
2255.0  4.96461e-11
2260.0  4.73871e-11
2265.0  4.09224e-11
2270.0  3.7128e-11
2275.0  3.58022e-11
2280.0  3.92992e-11
2285.0  4.68948e-11
2290.0  4.4528e-11
2295.0  4.31815e-11
2300.0  4.96943e-11
2305.0  5.31929e-11
2310.0  4.9761e-11
2315.0  4.57722e-11
2320.0  4.65425e-11
2325.0  5.58096e-11
2330.0  6.84757e-11
2335.0  7.15692e-11
2340.0  6.83038e-11
2345.0  6.8559e-11
2350.0  6.49714e-11
2355.0  5.90048e-11
2360.0  6.51755e-11
2365.0  7.43994e-11
2370.0  7.36141e-11
2375.0  7.4517e-11
2380.0  8.17183e-11
2385.0  8.44927e-11
2390.0  7.85037e-11
2395.0  7.26203e-11
2400.0  7.97095e-11
2405.0  7.84438e-11
2410.0  7.59e-11
2415.0  7.01661e-11
2420.0  6.39295e-11
2425.0  6.83057e-11
2430.0  7.70066e-11
2435.0  7.7756e-11
2440.0  7.5495e-11
2445.0  8.33831e-11
2450.0  8.65844e-11
2455.0  8.42953e-11
2460.0  8.10573e-11
2465.0  7.69625e-11
2470.0  7.49365e-11
2475.0  7.54418e-11
2480.0  7.78068e-11
2485.0  7.09313e-11
2490.0  6.41714e-11
2495.0  7.39327e-11
2500.0  8.99422e-11
2505.0  9.49188e-11
2510.0  9.21285e-11
2515.0  8.49415e-11
2520.0  7.34512e-11
2525.0  7.03373e-11
2530.0  8.05593e-11
2535.0  9.41854e-11
2540.0  1.04129e-10
2545.0  1.07455e-10
2550.0  1.14571e-10
2555.0  1.26972e-10
2560.0  1.3749e-10
2565.0  1.47103e-10
2570.0  1.48953e-10
2575.0  1.32968e-10
2580.0  9.53716e-11
2585.0  1.1146e-10
2590.0  1.54212e-10
2595.0  1.68799e-10
2600.0  1.67251e-10
2605.0  1.64113e-10
2610.0  1.61029e-10
2615.0  1.59092e-10
2620.0  1.63061e-10
2625.0  1.65608e-10
2630.0  1.68215e-10
2635.0  1.68554e-10
2640.0  1.74826e-10
2645.0  1.7882e-10
2650.0  1.7591e-10
2655.0  1.78404e-10
2660.0  1.81434e-10
2665.0  1.78153e-10
2670.0  1.76327e-10
2675.0  1.73151e-10
2680.0  1.70242e-10
2685.0  1.72503e-10
2690.0  1.73394e-10
2695.0  1.69949e-10
2700.0  1.71215e-10
2705.0  1.74293e-10
2710.0  1.73082e-10
2715.0  1.67942e-10
2720.0  1.53214e-10
2725.0  1.46482e-10
2730.0  1.57321e-10
2735.0  1.61104e-10
2740.0  1.53222e-10
2745.0  1.52612e-10
2750.0  1.555e-10
2755.0  1.59788e-10
2760.0  1.65215e-10
2765.0  1.70917e-10
2770.0  1.74224e-10
2775.0  1.78342e-10
2780.0  1.71118e-10
2785.0  1.63886e-10
2790.0  1.68797e-10
2795.0  1.82123e-10
2800.0  1.88799e-10
2805.0  1.84456e-10
2810.0  1.77219e-10
2815.0  1.79003e-10
2820.0  1.8511e-10
2825.0  1.85386e-10
2830.0  1.85902e-10
2835.0  1.88502e-10
2840.0  1.84257e-10
2845.0  1.71251e-10
2850.0  1.50027e-10
2855.0  1.3706e-10
2860.0  1.52229e-10
2865.0  1.74258e-10
2870.0  1.88196e-10
2875.0  1.91622e-10
2880.0  1.93906e-10
2885.0  2.03101e-10
2890.0  2.17319e-10
2895.0  2.27785e-10
2900.0  2.4317e-10
2905.0  2.51807e-10
2910.0  2.52884e-10
2915.0  2.51505e-10
2920.0  2.52676e-10
2925.0  2.53532e-10
2930.0  2.54083e-10
2935.0  2.55678e-10
2940.0  2.53521e-10
2945.0  2.55645e-10
2950.0  2.60967e-10
2955.0  2.69957e-10
2960.0  2.75937e-10
2965.0  2.71632e-10
2970.0  2.60986e-10
2975.0  2.68809e-10
2980.0  2.83055e-10
2985.0  2.74802e-10
2990.0  2.71843e-10
2995.0  2.74591e-10
3000.0  2.71744e-10
3005.0  2.6941e-10
3010.0  2.74816e-10
3015.0  2.75873e-10
3020.0  2.74406e-10
3025.0  2.91112e-10
3030.0  3.20901e-10
3035.0  3.37531e-10
3040.0  3.44342e-10
3045.0  3.46628e-10
3050.0  3.51658e-10
3055.0  3.53012e-10
3060.0  3.56934e-10
3065.0  3.72977e-10
3070.0  4.05156e-10
3075.0  4.2688e-10
3080.0  4.31623e-10
3085.0  4.36657e-10
3090.0  4.37387e-10
3095.0  4.36823e-10
3100.0  4.52253e-10
3105.0  4.89353e-10
3110.0  5.3847e-10
3115.0  5.52607e-10
3120.0  5.46528e-10
3125.0  5.48508e-10
3130.0  5.69592e-10
3135.0  5.88118e-10
3140.0  6.01525e-10
3145.0  6.21961e-10
3150.0  6.54035e-10
3155.0  6.73558e-10
3160.0  6.53238e-10
3165.0  6.75408e-10
3170.0  7.11038e-10
3175.0  7.46859e-10
3180.0  7.63839e-10
3185.0  7.56565e-10
3190.0  7.60758e-10
3195.0  7.65659e-10
3200.0  7.21345e-10
3205.0  7.00513e-10
3210.0  6.61332e-10
3215.0  6.14311e-10
3220.0  5.74704e-10
3225.0  5.51296e-10
3230.0  5.44399e-10
3235.0  5.53536e-10
3240.0  5.83805e-10
3245.0  6.38818e-10
3250.0  7.12184e-10
3255.0  7.92789e-10
3260.0  8.66903e-10
3265.0  9.1889e-10
3270.0  9.31973e-10
3275.0  9.05941e-10
3280.0  8.84309e-10
3285.0  9.08027e-10
3290.0  9.66969e-10
3295.0  1.02731e-09
3300.0  1.04656e-09
3305.0  1.0041e-09
3310.0  9.42888e-10
3315.0  9.10783e-10
3320.0  9.05353e-10
3325.0  9.08048e-10
3330.0  9.1002e-10
3335.0  9.10668e-10
3340.0  9.18895e-10
3345.0  9.3704e-10
3350.0  9.41883e-10
3355.0  9.12168e-10
3360.0  8.57956e-10
3365.0  8.02722e-10
3370.0  7.72723e-10
3375.0  7.84467e-10
3380.0  8.2687e-10
3385.0  8.80672e-10
3390.0  9.32155e-10
3395.0  9.6943e-10
3400.0  9.79899e-10
3405.0  9.59923e-10
3410.0  9.3044e-10
3415.0  9.15974e-10
3420.0  9.24542e-10
3425.0  9.42382e-10
3430.0  9.18398e-10
3435.0  8.26232e-10
3440.0  7.39051e-10
3445.0  7.31964e-10
3450.0  7.84929e-10
3455.0  8.45677e-10
3460.0  8.76048e-10
3465.0  8.64497e-10
3470.0  8.50693e-10
3475.0  8.68029e-10
3480.0  8.85435e-10
3485.0  8.754e-10
3490.0  8.83028e-10
3495.0  9.49621e-10
3500.0  1.03262e-09
3505.0  1.07174e-09
3510.0  1.04732e-09
3515.0  9.73803e-10
3520.0  9.11202e-10
3525.0  9.1467e-10
3530.0  9.81515e-10
3535.0  1.07853e-09
3540.0  1.15151e-09
3545.0  1.15614e-09
3550.0  1.09408e-09
3555.0  9.91074e-10
3560.0  8.8892e-10
3565.0  8.15133e-10
3570.0  7.46824e-10
3575.0  6.65313e-10
3580.0  6.12337e-10
3585.0  6.35482e-10
3590.0  7.33985e-10
3595.0  8.7083e-10
3600.0  9.66346e-10
3605.0  9.67649e-10
3610.0  9.31885e-10
3615.0  9.31002e-10
3620.0  9.65429e-10
3625.0  1.00824e-09
3630.0  1.03602e-09
3635.0  1.04206e-09
3640.0  1.0571e-09
3645.0  1.11451e-09
3650.0  1.21677e-09
3655.0  1.3452e-09
3660.0  1.45715e-09
3665.0  1.5074e-09
3670.0  1.4698e-09
3675.0  1.35665e-09
3680.0  1.25935e-09
3685.0  1.25365e-09
3690.0  1.297e-09
3695.0  1.32142e-09
3700.0  1.31158e-09
3705.0  1.27338e-09
3710.0  1.21228e-09
3715.0  1.1304e-09
3720.0  1.02445e-09
3725.0  8.98636e-10
3730.0  7.82056e-10
3735.0  7.07026e-10
3740.0  6.88446e-10
3745.0  7.24849e-10
3750.0  7.90133e-10
3755.0  8.59935e-10
3760.0  9.38235e-10
3765.0  1.03711e-09
3770.0  1.15914e-09
3775.0  1.2827e-09
3780.0  1.33594e-09
3785.0  1.27117e-09
3790.0  1.15305e-09
3795.0  1.06502e-09
3800.0  1.02557e-09
3805.0  1.01309e-09
3810.0  9.70343e-10
3815.0  8.5777e-10
3820.0  7.15349e-10
3825.0  6.04227e-10
3830.0  5.60025e-10
3835.0  5.90129e-10
3840.0  6.55409e-10
3845.0  7.0901e-10
3850.0  7.29875e-10
3855.0  7.19231e-10
3860.0  7.09169e-10
3865.0  7.26439e-10
3870.0  7.55316e-10
3875.0  7.79661e-10
3880.0  8.23837e-10
3885.0  9.09204e-10
3890.0  1.00831e-09
3895.0  1.08841e-09
3900.0  1.1361e-09
3905.0  1.09813e-09
3910.0  1.13552e-09
3915.0  1.16134e-09
3920.0  1.11435e-09
3925.0  9.7954e-10
3930.0  8.23358e-10
3935.0  7.40511e-10
3940.0  7.81418e-10
3945.0  9.30629e-10
3950.0  1.08896e-09
3955.0  1.15023e-09
3960.0  1.09895e-09
3965.0  1.0009e-09
3970.0  9.77664e-10
3975.0  1.11951e-09
3980.0  1.38474e-09
3985.0  1.66601e-09
3990.0  1.87862e-09
3995.0  1.9855e-09
4000.0  2.01783e-09
4005.0  2.03779e-09
4010.0  2.0834e-09
4015.0  2.15219e-09
4020.0  2.20247e-09
4025.0  2.19079e-09
4030.0  2.11426e-09
4035.0  2.01236e-09
4040.0  1.954e-09
4045.0  1.97709e-09
4050.0  2.03041e-09
4055.0  2.041e-09
4060.0  1.99373e-09
4065.0  1.92244e-09
4070.0  1.89267e-09
4075.0  1.95652e-09
4080.0  2.0953e-09
4085.0  2.24533e-09
4090.0  2.33811e-09
4095.0  2.33815e-09
4100.0  2.28494e-09
4105.0  2.24404e-09
4110.0  2.24329e-09
4115.0  2.27388e-09
4120.0  2.29798e-09
4125.0  2.27684e-09
4130.0  2.20946e-09
4135.0  2.12187e-09
4140.0  2.04412e-09
4145.0  2.00147e-09
4150.0  2.00647e-09
4155.0  2.04971e-09
4160.0  2.09637e-09
4165.0  2.11613e-09
4170.0  2.1052e-09
4175.0  2.07422e-09
4180.0  2.04275e-09
4185.0  2.02537e-09
4190.0  2.021e-09
4195.0  2.03294e-09
4200.0  2.07677e-09
4205.0  2.14963e-09
4210.0  2.20269e-09
4215.0  2.1865e-09
4220.0  2.11272e-09
4225.0  2.03222e-09
4230.0  2.00185e-09
4235.0  2.05577e-09
4240.0  2.15965e-09
4245.0  2.24999e-09
4250.0  2.29792e-09
4255.0  2.29681e-09
4260.0  2.25216e-09
4265.0  2.1914e-09
4270.0  2.14748e-09
4275.0  2.13778e-09
4280.0  2.15913e-09
4285.0  2.17686e-09
4290.0  2.12417e-09
4295.0  1.98254e-09
4300.0  1.85225e-09
4305.0  1.84579e-09
4310.0  1.97433e-09
4315.0  2.18763e-09
4320.0  2.41565e-09
4325.0  2.59622e-09
4330.0  2.71473e-09
4335.0  2.78383e-09
4340.0  2.80968e-09
4345.0  2.81076e-09
4350.0  2.8365e-09
4355.0  2.90753e-09
4360.0  2.96844e-09
4365.0  2.95244e-09
4370.0  2.83755e-09
4375.0  2.65495e-09
4380.0  2.49984e-09
4385.0  2.44998e-09
4390.0  2.48479e-09
4395.0  2.5484e-09
4400.0  2.60942e-09
4405.0  2.65897e-09
4410.0  2.71308e-09
4415.0  2.78571e-09
4420.0  2.85477e-09
4425.0  2.9006e-09
4430.0  2.94487e-09
4435.0  3.00479e-09
4440.0  3.05381e-09
4445.0  3.05788e-09
4450.0  3.01376e-09
4455.0  2.95171e-09
4460.0  2.93183e-09
4465.0  2.99888e-09
4470.0  3.13011e-09
4475.0  3.26269e-09
4480.0  3.3373e-09
4485.0  3.336e-09
4490.0  3.31705e-09
4495.0  3.35546e-09
4500.0  3.46292e-09
4505.0  3.59341e-09
4510.0  3.66947e-09
4515.0  3.63149e-09
4520.0  3.49598e-09
4525.0  3.33361e-09
4530.0  3.22297e-09
4535.0  3.20929e-09
4540.0  3.27343e-09
4545.0  3.36385e-09
4550.0  3.44127e-09
4555.0  3.49295e-09
4560.0  3.53056e-09
4565.0  3.56603e-09
4570.0  3.58629e-09
4575.0  3.57425e-09
4580.0  3.54238e-09
4585.0  3.51399e-09
4590.0  3.50086e-09
4595.0  3.50748e-09
4600.0  3.53312e-09
4605.0  3.57426e-09
4610.0  3.6263e-09
4615.0  3.68236e-09
4620.0  3.72971e-09
4625.0  3.74839e-09
4630.0  3.71714e-09
4635.0  3.63541e-09
4640.0  3.54272e-09
4645.0  3.48343e-09
4650.0  3.46586e-09
4655.0  3.47107e-09
4660.0  3.47042e-09
4665.0  3.44949e-09
4670.0  3.42908e-09
4675.0  3.43579e-09
4680.0  3.46361e-09
4685.0  3.48496e-09
4690.0  3.47313e-09
4695.0  3.42145e-09
4700.0  3.36186e-09
4705.0  3.34041e-09
4710.0  3.38498e-09
4715.0  3.485e-09
4720.0  3.57893e-09
4725.0  3.6142e-09
4730.0  3.60663e-09
4735.0  3.59987e-09
4740.0  3.61743e-09
4745.0  3.6539e-09
4750.0  3.67294e-09
4755.0  3.6465e-09
4760.0  3.60116e-09
4765.0  3.57871e-09
4770.0  3.58388e-09
4775.0  3.60462e-09
4780.0  3.63496e-09
4785.0  3.66861e-09
4790.0  3.70151e-09
4795.0  3.73499e-09
4800.0  3.76934e-09
4805.0  3.80079e-09
4810.0  3.82096e-09
4815.0  3.81927e-09
4820.0  3.79062e-09
4825.0  3.74438e-09
4830.0  3.70664e-09
4835.0  3.69722e-09
4840.0  3.70754e-09
4845.0  3.70872e-09
4850.0  3.66499e-09
4855.0  3.56348e-09
4860.0  3.44158e-09
4865.0  3.35146e-09
4870.0  3.32241e-09
4875.0  3.35361e-09
4880.0  3.40906e-09
4885.0  3.45606e-09
4890.0  3.5017e-09
4895.0  3.55867e-09
4900.0  3.60688e-09
4905.0  3.61509e-09
4910.0  3.57074e-09
4915.0  3.48722e-09
4920.0  3.41129e-09
4925.0  3.39161e-09
4930.0  3.43749e-09
4935.0  3.52274e-09
4940.0  3.59825e-09
4945.0  3.62434e-09
4950.0  3.60424e-09
4955.0  3.57096e-09
4960.0  3.56551e-09
4965.0  3.59849e-09
4970.0  3.61692e-09
4975.0  3.57191e-09
4980.0  3.49131e-09
4985.0  3.42675e-09
4990.0  3.39189e-09
4995.0  3.37296e-09
5000.0  3.34176e-09
5005.0  3.28269e-09
5010.0  3.22793e-09
5015.0  3.2176e-09
5020.0  3.24823e-09
5025.0  3.29218e-09
5030.0  3.32173e-09
5035.0  3.32118e-09
5040.0  3.30398e-09
5045.0  3.29766e-09
5050.0  3.31648e-09
5055.0  3.35356e-09
5060.0  3.38255e-09
5065.0  3.37659e-09
5070.0  3.33267e-09
5075.0  3.27422e-09
5080.0  3.24102e-09
5085.0  3.25344e-09
5090.0  3.28058e-09
5095.0  3.28285e-09
5100.0  3.26333e-09
5105.0  3.24569e-09
5110.0  3.23928e-09
5115.0  3.24107e-09
5120.0  3.23848e-09
5125.0  3.21483e-09
5130.0  3.16964e-09
5135.0  3.1208e-09
5140.0  3.09213e-09
5145.0  3.0947e-09
5150.0  3.10343e-09
5155.0  3.07101e-09
5160.0  2.96143e-09
5165.0  2.77811e-09
5170.0  2.58576e-09
5175.0  2.46905e-09
5180.0  2.4773e-09
5185.0  2.60501e-09
5190.0  2.78634e-09
5195.0  2.94373e-09
5200.0  3.0364e-09
5205.0  3.07374e-09
5210.0  3.1129e-09
5215.0  3.19461e-09
5220.0  3.28883e-09
5225.0  3.35196e-09
5230.0  3.39527e-09
5235.0  3.45345e-09
5240.0  3.53344e-09
5245.0  3.61139e-09
5250.0  3.63254e-09
5255.0  3.55001e-09
5260.0  3.3853e-09
5265.0  3.21515e-09
5270.0  3.14018e-09
5275.0  3.21934e-09
5280.0  3.39591e-09
5285.0  3.5665e-09
5290.0  3.67203e-09
5295.0  3.70788e-09
5300.0  3.72114e-09
5305.0  3.75637e-09
5310.0  3.788e-09
5315.0  3.76384e-09
5320.0  3.6784e-09
5325.0  3.56497e-09
5330.0  3.47816e-09
5335.0  3.46828e-09
5340.0  3.53257e-09
5345.0  3.62926e-09
5350.0  3.72108e-09
5355.0  3.77775e-09
5360.0  3.7719e-09
5365.0  3.71409e-09
5370.0  3.66582e-09
5375.0  3.66968e-09
5380.0  3.70117e-09
5385.0  3.70874e-09
5390.0  3.65719e-09
5395.0  3.5521e-09
5400.0  3.45058e-09
5405.0  3.41208e-09
5410.0  3.45349e-09
5415.0  3.54756e-09
5420.0  3.62605e-09
5425.0  3.64008e-09
5430.0  3.61862e-09
5435.0  3.61264e-09
5440.0  3.6331e-09
5445.0  3.6693e-09
5450.0  3.71163e-09
5455.0  3.74596e-09
5460.0  3.7546e-09
5465.0  3.73296e-09
5470.0  3.69629e-09
5475.0  3.66735e-09
5480.0  3.66529e-09
5485.0  3.69283e-09
5490.0  3.72974e-09
5495.0  3.75121e-09
5500.0  3.74051e-09
5505.0  3.70212e-09
5510.0  3.67617e-09
5515.0  3.69377e-09
5520.0  3.73495e-09
5525.0  3.76779e-09
5530.0  3.7824e-09
5535.0  3.78674e-09
5540.0  3.80429e-09
5545.0  3.84635e-09
5550.0  3.88525e-09
5555.0  3.88959e-09
5560.0  3.85788e-09
5565.0  3.80626e-09
5570.0  3.75866e-09
5575.0  3.72779e-09
5580.0  3.69685e-09
5585.0  3.65032e-09
5590.0  3.60082e-09
5595.0  3.57514e-09
5600.0  3.60121e-09
5605.0  3.68082e-09
5610.0  3.76577e-09
5615.0  3.80734e-09
5620.0  3.80252e-09
5625.0  3.77912e-09
5630.0  3.7777e-09
5635.0  3.81632e-09
5640.0  3.85952e-09
5645.0  3.86649e-09
5650.0  3.84432e-09
5655.0  3.81801e-09
5660.0  3.78898e-09
5665.0  3.76039e-09
5670.0  3.76734e-09
5675.0  3.82507e-09
5680.0  3.88408e-09
5685.0  3.89466e-09
5690.0  3.86152e-09
5695.0  3.81085e-09
5700.0  3.7594e-09
5705.0  3.72162e-09
5710.0  3.71931e-09
5715.0  3.76436e-09
5720.0  3.84012e-09
5725.0  3.91596e-09
5730.0  3.96192e-09
5735.0  3.96306e-09
5740.0  3.93397e-09
5745.0  3.90042e-09
5750.0  3.87833e-09
5755.0  3.87183e-09
5760.0  3.87516e-09
5765.0  3.87879e-09
5770.0  3.87627e-09
5775.0  3.8667e-09
5780.0  3.85304e-09
5785.0  3.8392e-09
5790.0  3.82969e-09
5795.0  3.82923e-09
5800.0  3.84229e-09
5805.0  3.87016e-09
5810.0  3.90735e-09
5815.0  3.94459e-09
5820.0  3.97415e-09
5825.0  3.99374e-09
5830.0  4.00578e-09
5835.0  4.0109e-09
5840.0  4.00447e-09
5845.0  3.98048e-09
5850.0  3.94151e-09
5855.0  3.90658e-09
5860.0  3.88634e-09
5865.0  3.90037e-09
5870.0  3.85385e-09
5875.0  3.81117e-09
5880.0  3.69484e-09
5885.0  3.52024e-09
5890.0  3.31325e-09
5895.0  3.26654e-09
5900.0  3.40129e-09
5905.0  3.57216e-09
5910.0  3.67477e-09
5915.0  3.75883e-09
5920.0  3.82499e-09
5925.0  3.8795e-09
5930.0  3.88427e-09
5935.0  3.85458e-09
5940.0  3.86471e-09
5945.0  3.84794e-09
5950.0  3.85733e-09
5955.0  3.85347e-09
5960.0  3.84543e-09
5965.0  3.84245e-09
5970.0  3.85392e-09
5975.0  3.85517e-09
5980.0  3.83964e-09
5985.0  3.82362e-09
5990.0  3.8263e-09
5995.0  3.83089e-09
6000.0  3.82553e-09
6005.0  3.7989e-09
6010.0  3.78267e-09
6015.0  3.76212e-09
6020.0  3.75255e-09
6025.0  3.77017e-09
6030.0  3.81656e-09
6035.0  3.85884e-09
6040.0  3.87017e-09
6045.0  3.89821e-09
6050.0  3.89193e-09
6055.0  3.88998e-09
6060.0  3.87378e-09
6065.0  3.8659e-09
6070.0  3.86846e-09
6075.0  3.84496e-09
6080.0  3.81311e-09
6085.0  3.78079e-09
6090.0  3.76023e-09
6095.0  3.74371e-09
6100.0  3.72932e-09
6105.0  3.71885e-09
6110.0  3.73793e-09
6115.0  3.73993e-09
6120.0  3.70928e-09
6125.0  3.69307e-09
6130.0  3.69157e-09
6135.0  3.66027e-09
6140.0  3.6529e-09
6145.0  3.69087e-09
6150.0  3.67354e-09
6155.0  3.62405e-09
6160.0  3.55333e-09
6165.0  3.51882e-09
6170.0  3.55688e-09
6175.0  3.60963e-09
6180.0  3.66483e-09
6185.0  3.69789e-09
6190.0  3.7152e-09
6195.0  3.73771e-09
6200.0  3.74417e-09
6205.0  3.75546e-09
6210.0  3.7318e-09
6215.0  3.69305e-09
6220.0  3.67786e-09
6225.0  3.68033e-09
6230.0  3.65413e-09
6235.0  3.63826e-09
6240.0  3.62945e-09
6245.0  3.61201e-09
6250.0  3.59864e-09
6255.0  3.58494e-09
6260.0  3.60294e-09
6265.0  3.63083e-09
6270.0  3.65455e-09
6275.0  3.66677e-09
6280.0  3.64962e-09
6285.0  3.67177e-09
6290.0  3.68316e-09
6295.0  3.66289e-09
6300.0  3.64022e-09
6305.0  3.64248e-09
6310.0  3.65921e-09
6315.0  3.6404e-09
6320.0  3.64579e-09
6325.0  3.67732e-09
6330.0  3.68404e-09
6335.0  3.67214e-09
6340.0  3.67923e-09
6345.0  3.68681e-09
6350.0  3.70491e-09
6355.0  3.68999e-09
6360.0  3.66815e-09
6365.0  3.67078e-09
6370.0  3.70884e-09
6375.0  3.74211e-09
6380.0  3.74484e-09
6385.0  3.74569e-09
6390.0  3.72378e-09
6395.0  3.67894e-09
6400.0  3.64259e-09
6405.0  3.63376e-09
6410.0  3.62316e-09
6415.0  3.63094e-09
6420.0  3.6554e-09
6425.0  3.66955e-09
6430.0  3.6761e-09
6435.0  3.68405e-09
6440.0  3.67635e-09
6445.0  3.67424e-09
6450.0  3.66264e-09
6455.0  3.65781e-09
6460.0  3.64441e-09
6465.0  3.63092e-09
6470.0  3.64605e-09
6475.0  3.64719e-09
6480.0  3.63871e-09
6485.0  3.61873e-09
6490.0  3.58573e-09
6495.0  3.53517e-09
6500.0  3.58409e-09
6505.0  3.64156e-09
6510.0  3.68235e-09
6515.0  3.69108e-09
6520.0  3.69773e-09
6525.0  3.69534e-09
6530.0  3.68767e-09
6535.0  3.69948e-09
6540.0  3.71052e-09
6545.0  3.69206e-09
6550.0  3.64429e-09
6555.0  3.57077e-09
6560.0  3.46142e-09
6565.0  3.41422e-09
6570.0  3.49984e-09
6575.0  3.56901e-09
6580.0  3.63138e-09
6585.0  3.64562e-09
6590.0  3.6405e-09
6595.0  3.62691e-09
6600.0  3.63656e-09
6605.0  3.6393e-09
6610.0  3.64988e-09
6615.0  3.66774e-09
6620.0  3.66612e-09
6625.0  3.64207e-09
6630.0  3.60224e-09
6635.0  3.58932e-09
6640.0  3.60552e-09
6645.0  3.6244e-09
6650.0  3.64889e-09
6655.0  3.65587e-09
6660.0  3.63569e-09
6665.0  3.61542e-09
6670.0  3.61362e-09
6675.0  3.60019e-09
6680.0  3.61444e-09
6685.0  3.64583e-09
6690.0  3.64776e-09
6695.0  3.63164e-09
6700.0  3.62114e-09
6705.0  3.61316e-09
6710.0  3.60042e-09
6715.0  3.57316e-09
6720.0  3.57323e-09
6725.0  3.58425e-09
6730.0  3.60086e-09
6735.0  3.59609e-09
6740.0  3.59119e-09
6745.0  3.58483e-09
6750.0  3.5758e-09
6755.0  3.56965e-09
6760.0  3.56389e-09
6765.0  3.56736e-09
6770.0  3.56564e-09
6775.0  3.58187e-09
6780.0  3.58665e-09
6785.0  3.58136e-09
6790.0  3.58223e-09
6795.0  3.58381e-09
6800.0  3.56349e-09
6805.0  3.54769e-09
6810.0  3.55371e-09
6815.0  3.56313e-09
6820.0  3.56596e-09
6825.0  3.56487e-09
6830.0  3.56416e-09
6835.0  3.55843e-09
6840.0  3.54789e-09
6845.0  3.53518e-09
6850.0  3.52128e-09
6855.0  3.50511e-09
6860.0  3.48479e-09
6865.0  3.46054e-09
6870.0  3.4373e-09
6875.0  3.42253e-09
6880.0  3.4208e-09
6885.0  3.43045e-09
6890.0  3.44382e-09
6895.0  3.45195e-09
6900.0  3.44989e-09
6905.0  3.43993e-09
6910.0  3.42978e-09
6915.0  3.42672e-09
6920.0  3.43168e-09
6925.0  3.43802e-09
6930.0  3.43832e-09
6935.0  3.42926e-09
6940.0  3.41505e-09
6945.0  3.40359e-09
6950.0  3.39986e-09
6955.0  3.40299e-09
6960.0  3.40508e-09
6965.0  3.39891e-09
6970.0  3.38301e-09
6975.0  3.35332e-09
6980.0  3.3346e-09
6985.0  3.35144e-09
6990.0  3.36048e-09
6995.0  3.36716e-09
7000.0  3.35528e-09
7005.0  3.33799e-09
7010.0  3.33501e-09
7015.0  3.32025e-09
7020.0  3.31367e-09
7025.0  3.31389e-09
7030.0  3.33345e-09
7035.0  3.3351e-09
7040.0  3.35614e-09
7045.0  3.38415e-09
7050.0  3.39415e-09
7055.0  3.39431e-09
7060.0  3.3881e-09
7065.0  3.38494e-09
7070.0  3.39382e-09
7075.0  3.41442e-09
7080.0  3.42044e-09
7085.0  3.39862e-09
7090.0  3.38378e-09
7095.0  3.37717e-09
7100.0  3.3789e-09
7105.0  3.37247e-09
7110.0  3.37056e-09
7115.0  3.36142e-09
7120.0  3.35014e-09
7125.0  3.32968e-09
7130.0  3.30769e-09
7135.0  3.30747e-09
7140.0  3.31292e-09
7145.0  3.30737e-09
7150.0  3.30973e-09
7155.0  3.33917e-09
7160.0  3.346e-09
7165.0  3.33703e-09
7170.0  3.33355e-09
7175.0  3.30727e-09
7180.0  3.26768e-09
7185.0  3.22026e-09
7190.0  3.20314e-09
7195.0  3.19869e-09
7200.0  3.18835e-09
7205.0  3.18213e-09
7210.0  3.21375e-09
7215.0  3.25849e-09
7220.0  3.28292e-09
7225.0  3.30388e-09
7230.0  3.2996e-09
7235.0  3.27129e-09
7240.0  3.2421e-09
7245.0  3.22066e-09
7250.0  3.2095e-09
7255.0  3.21194e-09
7260.0  3.22775e-09
7265.0  3.23329e-09
7270.0  3.24592e-09
7275.0  3.2332e-09
7280.0  3.21639e-09
7285.0  3.18983e-09
7290.0  3.16188e-09
7295.0  3.17313e-09
7300.0  3.17574e-09
7305.0  3.16192e-09
7310.0  3.15712e-09
7315.0  3.16823e-09
7320.0  3.18128e-09
7325.0  3.19322e-09
7330.0  3.20268e-09
7335.0  3.21235e-09
7340.0  3.21326e-09
7345.0  3.19093e-09
7350.0  3.16043e-09
7355.0  3.15004e-09
7360.0  3.16184e-09
7365.0  3.18885e-09
7370.0  3.20607e-09
7375.0  3.20949e-09
7380.0  3.19318e-09
7385.0  3.1519e-09
7390.0  3.13634e-09
7395.0  3.14935e-09
7400.0  3.1534e-09
7405.0  3.16213e-09
7410.0  3.15597e-09
7415.0  3.16129e-09
7420.0  3.17216e-09
7425.0  3.19585e-09
7430.0  3.20881e-09
7435.0  3.20048e-09
7440.0  3.1775e-09
7445.0  3.15081e-09
7450.0  3.16149e-09
7455.0  3.18085e-09
7460.0  3.18294e-09
7465.0  3.19332e-09
7470.0  3.20242e-09
7475.0  3.18086e-09
7480.0  3.15973e-09
7485.0  3.13882e-09
7490.0  3.12805e-09
7495.0  3.12321e-09
7500.0  3.15312e-09
7505.0  3.16011e-09
7510.0  3.15168e-09
7515.0  3.17126e-09
7520.0  3.17124e-09
7525.0  3.15262e-09
7530.0  3.1411e-09
7535.0  3.1339e-09
7540.0  3.12366e-09
7545.0  3.11452e-09
7550.0  3.11815e-09
7555.0  3.13253e-09
7560.0  3.14062e-09
7565.0  3.13727e-09
7570.0  3.12637e-09
7575.0  3.11953e-09
7580.0  3.12739e-09
7585.0  3.14652e-09
7590.0  3.16155e-09
7595.0  3.1563e-09
7600.0  3.12669e-09
7605.0  3.08543e-09
7610.0  3.05532e-09
7615.0  3.0542e-09
7620.0  3.08151e-09
7625.0  3.11831e-09
7630.0  3.14062e-09
7635.0  3.1352e-09
7640.0  3.10729e-09
7645.0  3.07573e-09
7650.0  3.05904e-09
7655.0  3.06356e-09
7660.0  3.08172e-09
7665.0  3.09993e-09
7670.0  3.10876e-09
7675.0  3.10867e-09
7680.0  3.10746e-09
7685.0  3.11099e-09
7690.0  3.11654e-09
7695.0  3.11497e-09
7700.0  3.10032e-09
7705.0  3.0754e-09
7710.0  3.05208e-09
7715.0  3.04333e-09
7720.0  3.05328e-09
7725.0  3.07327e-09
7730.0  3.09193e-09
7735.0  3.09931e-09
7740.0  3.07949e-09
7745.0  3.04634e-09
7750.0  3.03789e-09
7755.0  3.06575e-09
7760.0  3.08288e-09
7765.0  3.08944e-09
7770.0  3.08254e-09
7775.0  3.06663e-09
7780.0  3.05084e-09
7785.0  3.06545e-09
7790.0  3.07398e-09
7795.0  3.0723e-09
7800.0  3.06159e-09
7805.0  3.05622e-09
7810.0  3.03623e-09
7815.0  3.03994e-09
7820.0  3.04931e-09
7825.0  3.04689e-09
7830.0  3.02591e-09
7835.0  2.99365e-09
7840.0  2.9938e-09
7845.0  2.98981e-09
7850.0  2.99012e-09
7855.0  2.9962e-09
7860.0  3.00395e-09
7865.0  3.0008e-09
7870.0  2.99821e-09
7875.0  2.99564e-09
7880.0  2.97857e-09
7885.0  2.95641e-09
7890.0  2.93491e-09
7895.0  2.91241e-09
7900.0  2.906e-09
7905.0  2.89767e-09
7910.0  2.89412e-09
7915.0  2.88499e-09
7920.0  2.8758e-09
7925.0  2.86652e-09
7930.0  2.85224e-09
7935.0  2.84127e-09
7940.0  2.84341e-09
7945.0  2.83689e-09
7950.0  2.84654e-09
7955.0  2.86001e-09
7960.0  2.88501e-09
7965.0  2.90326e-09
7970.0  2.92942e-09
7975.0  2.94582e-09
7980.0  2.94143e-09
7985.0  2.92367e-09
7990.0  2.90518e-09
7995.0  2.89198e-09
8000.0  2.88939e-09
8005.0  2.91364e-09
8010.0  2.9166e-09
8015.0  2.90355e-09
8020.0  2.88553e-09
8025.0  2.86192e-09
8030.0  2.8485e-09
8035.0  2.85333e-09
8040.0  2.85443e-09
8045.0  2.83568e-09
8050.0  2.82905e-09
8055.0  2.83613e-09
8060.0  2.84917e-09
8065.0  2.85514e-09
8070.0  2.84781e-09
8075.0  2.84011e-09
8080.0  2.83573e-09
8085.0  2.82259e-09
8090.0  2.81325e-09
8095.0  2.80456e-09
8100.0  2.80274e-09
8105.0  2.81891e-09
8110.0  2.83642e-09
8115.0  2.84473e-09
8120.0  2.86099e-09
8125.0  2.88162e-09
8130.0  2.89117e-09
8135.0  2.89361e-09
8140.0  2.89161e-09
8145.0  2.87227e-09
8150.0  2.85526e-09
8155.0  2.8384e-09
8160.0  2.82077e-09
8165.0  2.80836e-09
8170.0  2.81238e-09
8175.0  2.79167e-09
8180.0  2.75304e-09
8185.0  2.71491e-09
8190.0  2.71368e-09
8195.0  2.70176e-09
8200.0  2.73449e-09
8205.0  2.77526e-09
8210.0  2.77654e-09
8215.0  2.77021e-09
8220.0  2.74408e-09
8225.0  2.73525e-09
8230.0  2.73445e-09
8235.0  2.78081e-09
8240.0  2.81784e-09
8245.0  2.8334e-09
8250.0  2.84313e-09
8255.0  2.8328e-09
8260.0  2.83248e-09
8265.0  2.83415e-09
8270.0  2.82333e-09
8275.0  2.8084e-09
8280.0  2.80895e-09
8285.0  2.802e-09
8290.0  2.78716e-09
8295.0  2.7719e-09
8300.0  2.7638e-09
8305.0  2.75431e-09
8310.0  2.74554e-09
8315.0  2.74194e-09
8320.0  2.71711e-09
8325.0  2.69193e-09
8330.0  2.67367e-09
8335.0  2.68152e-09
8340.0  2.68696e-09
8345.0  2.69579e-09
8350.0  2.70532e-09
8355.0  2.72564e-09
8360.0  2.7283e-09
8365.0  2.7374e-09
8370.0  2.7398e-09
8375.0  2.74001e-09
8380.0  2.72681e-09
8385.0  2.70652e-09
8390.0  2.70828e-09
8395.0  2.72949e-09
8400.0  2.74176e-09
8405.0  2.74605e-09
8410.0  2.75297e-09
8415.0  2.73775e-09
8420.0  2.70489e-09
8425.0  2.7012e-09
8430.0  2.68174e-09
8435.0  2.67669e-09
8440.0  2.71153e-09
8445.0  2.74791e-09
8450.0  2.77347e-09
8455.0  2.78756e-09
8460.0  2.7872e-09
8465.0  2.75967e-09
8470.0  2.74493e-09
8475.0  2.75413e-09
8480.0  2.76787e-09
8485.0  2.76186e-09
8490.0  2.72408e-09
8495.0  2.62142e-09
8500.0  2.53821e-09
8505.0  2.59465e-09
8510.0  2.64721e-09
8515.0  2.65351e-09
8520.0  2.65501e-09
8525.0  2.61436e-09
8530.0  2.51845e-09
8535.0  2.36299e-09
8540.0  2.18901e-09
8545.0  2.19362e-09
8550.0  2.38531e-09
8555.0  2.5317e-09
8560.0  2.60858e-09
8565.0  2.63281e-09
8570.0  2.62862e-09
8575.0  2.62015e-09
8580.0  2.61693e-09
8585.0  2.61046e-09
8590.0  2.60922e-09
8595.0  2.60703e-09
8600.0  2.60651e-09
8605.0  2.58619e-09
8610.0  2.56265e-09
8615.0  2.56295e-09
8620.0  2.56859e-09
8625.0  2.58199e-09
8630.0  2.60464e-09
8635.0  2.63278e-09
8640.0  2.63708e-09
8645.0  2.60425e-09
8650.0  2.51699e-09
8655.0  2.40407e-09
8660.0  2.27379e-09
8665.0  2.26544e-09
8670.0  2.39961e-09
8675.0  2.49339e-09
8680.0  2.5585e-09
8685.0  2.56644e-09
8690.0  2.53664e-09
8695.0  2.55765e-09
8700.0  2.56758e-09
8705.0  2.59887e-09
8710.0  2.61157e-09
8715.0  2.61921e-09
8720.0  2.62411e-09
8725.0  2.60105e-09
8730.0  2.59048e-09
8735.0  2.57484e-09
8740.0  2.57547e-09
8745.0  2.59484e-09
8750.0  2.58433e-09
8755.0  2.55575e-09
8760.0  2.53467e-09
8765.0  2.50764e-09
8770.0  2.50302e-09
8775.0  2.50961e-09
8780.0  2.5341e-09
8785.0  2.54613e-09
8790.0  2.52404e-09
8795.0  2.49723e-09
8800.0  2.48753e-09
8805.0  2.44585e-09
8810.0  2.46168e-09
8815.0  2.51677e-09
8820.0  2.545e-09
8825.0  2.54079e-09
8830.0  2.56317e-09
8835.0  2.56088e-09
8840.0  2.55686e-09
8845.0  2.58016e-09
8850.0  2.57942e-09
8855.0  2.56732e-09
8860.0  2.53036e-09
8865.0  2.48558e-09
8870.0  2.47298e-09
8875.0  2.48433e-09
8880.0  2.47596e-09
8885.0  2.47875e-09
8890.0  2.48718e-09
8895.0  2.50447e-09
8900.0  2.51253e-09
8905.0  2.51477e-09
8910.0  2.51398e-09
8915.0  2.52228e-09
8920.0  2.51091e-09
8925.0  2.50395e-09
8930.0  2.49106e-09
8935.0  2.47888e-09
8940.0  2.46803e-09
8945.0  2.4619e-09
8950.0  2.47362e-09
8955.0  2.5015e-09
8960.0  2.52722e-09
8965.0  2.51585e-09
8970.0  2.50177e-09
8975.0  2.49134e-09
8980.0  2.47018e-09
8985.0  2.43899e-09
8990.0  2.41289e-09
8995.0  2.427e-09
9000.0  2.4193e-09
9005.0  2.41025e-09
9010.0  2.40296e-09
9015.0  2.40831e-09
9020.0  2.43005e-09
9025.0  2.45133e-09
9030.0  2.48417e-09
9035.0  2.51459e-09
9040.0  2.52787e-09
9045.0  2.53416e-09
9050.0  2.52717e-09
9055.0  2.50578e-09
9060.0  2.49348e-09
9065.0  2.46327e-09
9070.0  2.4239e-09
9075.0  2.38531e-09
9080.0  2.3561e-09
9085.0  2.33638e-09
9090.0  2.33079e-09
9095.0  2.33978e-09
9100.0  2.3488e-09
9105.0  2.35046e-09
9110.0  2.35045e-09
9115.0  2.33284e-09
9120.0  2.32412e-09
9125.0  2.33024e-09
9130.0  2.32131e-09
9135.0  2.30728e-09
9140.0  2.3108e-09
9145.0  2.304e-09
9150.0  2.2875e-09
9155.0  2.2814e-09
9160.0  2.30076e-09
9165.0  2.30972e-09
9170.0  2.30029e-09
9175.0  2.29067e-09
9180.0  2.3105e-09
9185.0  2.32965e-09
9190.0  2.32981e-09
9195.0  2.32785e-09
9200.0  2.3263e-09
9205.0  2.31753e-09
9210.0  2.28968e-09
9215.0  2.28098e-09
9220.0  2.29243e-09
9225.0  2.29569e-09
9230.0  2.28598e-09
9235.0  2.26971e-09
9240.0  2.24519e-09
9245.0  2.22356e-09
9250.0  2.2043e-09
9255.0  2.19952e-09
9260.0  2.2188e-09
9265.0  2.26429e-09
9270.0  2.31203e-09
9275.0  2.33652e-09
9280.0  2.32956e-09
9285.0  2.35251e-09
9290.0  2.34693e-09
9295.0  2.34514e-09
9300.0  2.33963e-09
9305.0  2.31643e-09
9310.0  2.2881e-09
9315.0  2.24041e-09
9320.0  2.22013e-09
9325.0  2.2069e-09
9330.0  2.20464e-09
9335.0  2.18663e-09
9340.0  2.16788e-09
9345.0  2.15589e-09
9350.0  2.19028e-09
9355.0  2.1639e-09
9360.0  2.18146e-09
9365.0  2.20411e-09
9370.0  2.21405e-09
9375.0  2.25537e-09
9380.0  2.30358e-09
9385.0  2.38095e-09
9390.0  2.46888e-09
9395.0  2.51265e-09
9400.0  2.468e-09
9405.0  2.42469e-09
9410.0  2.35238e-09
9415.0  2.26756e-09
9420.0  2.22222e-09
9425.0  2.18332e-09
9430.0  2.12041e-09
9435.0  2.12423e-09
9440.0  2.07384e-09
9445.0  2.11118e-09
9450.0  2.15942e-09
9455.0  2.14944e-09
9460.0  2.16446e-09
9465.0  2.22215e-09
9470.0  2.2437e-09
9475.0  2.24056e-09
9480.0  2.23318e-09
9485.0  2.24283e-09
9490.0  2.23523e-09
9495.0  2.19057e-09
9500.0  2.16924e-09
9505.0  2.24329e-09
9510.0  2.32824e-09
9515.0  2.33397e-09
9520.0  2.32411e-09
9525.0  2.3318e-09
9530.0  2.36878e-09
9535.0  2.34795e-09
9540.0  2.28637e-09
9545.0  2.23573e-09
9550.0  2.22607e-09
9555.0  2.16099e-09
9560.0  2.22866e-09
9565.0  2.20774e-09
9570.0  2.21645e-09
9575.0  2.20788e-09
9580.0  2.18598e-09
9585.0  2.15266e-09
9590.0  2.14829e-09
9595.0  2.14448e-09
9600.0  2.17275e-09
9605.0  2.17227e-09
9610.0  2.17153e-09
9615.0  2.18558e-09
9620.0  2.17581e-09
9625.0  2.18585e-09
9630.0  2.1799e-09
9635.0  2.16601e-09
9640.0  2.15046e-09
9645.0  2.16321e-09
9650.0  2.17016e-09
9655.0  2.13692e-09
9660.0  2.12207e-09
9665.0  2.11405e-09
9670.0  2.15269e-09
9675.0  2.14188e-09
9680.0  2.11647e-09
9685.0  2.13864e-09
9690.0  2.14067e-09
9695.0  2.13859e-09
9700.0  2.10472e-09
9705.0  2.12862e-09
9710.0  2.14478e-09
9715.0  2.16175e-09
9720.0  2.1604e-09
9725.0  2.1192e-09
9730.0  2.10574e-09
9735.0  2.09443e-09
9740.0  2.08104e-09
9745.0  2.04721e-09
9750.0  2.04814e-09
9755.0  2.07504e-09
9760.0  2.09226e-09
9765.0  2.08433e-09
9770.0  2.07936e-09
9775.0  2.09428e-09
9780.0  2.09775e-09
9785.0  2.09729e-09
9790.0  2.09933e-09
9795.0  2.12139e-09
9800.0  2.13575e-09
9805.0  2.14379e-09
9810.0  2.12337e-09
9815.0  2.08846e-09
9820.0  2.06322e-09
9825.0  2.09337e-09
9830.0  2.06711e-09
9835.0  2.04832e-09
9840.0  2.03412e-09
9845.0  2.02362e-09
9850.0  2.02693e-09
9855.0  2.00107e-09
9860.0  1.99377e-09
9865.0  2.02953e-09
9870.0  2.04477e-09
9875.0  2.0466e-09
9880.0  2.01174e-09
9885.0  2.05191e-09
9890.0  2.09968e-09
9895.0  2.06292e-09
9900.0  2.03913e-09
9905.0  2.07596e-09
9910.0  2.12153e-09
9915.0  2.10981e-09
9920.0  2.13663e-09
9925.0  2.10991e-09
9930.0  2.13204e-09
9935.0  2.08063e-09
9940.0  2.05765e-09
9945.0  2.05203e-09
9950.0  2.05016e-09
9955.0  2.04839e-09
9960.0  2.06211e-09
9965.0  2.07682e-09
9970.0  2.04762e-09
9975.0  2.1263e-09
9980.0  2.09204e-09
9985.0  2.0633e-09
9990.0  2.02549e-09
9995.0  2.05475e-09
10000.0  2.15354e-09
10005.0  2.05752e-09
10010.0  2.07045e-09
10015.0  2.09599e-09
10020.0  2.05036e-09
10025.0  2.01955e-09
10030.0  2.01805e-09
10035.0  2.07432e-09
10040.0  1.96995e-09
10045.0  2.06339e-09
10050.0  2.02504e-09
10055.0  2.09559e-09
10060.0  1.96331e-09
10065.0  1.9409e-09
10070.0  2.03798e-09
10075.0  1.91083e-09
10080.0  1.9236e-09
10085.0  1.9818e-09
10090.0  2.042e-09
10095.0  2.03346e-09
10100.0  1.98439e-09
10105.0  2.00232e-09
10110.0  2.12128e-09
10115.0  2.11792e-09
10120.0  2.04383e-09
10125.0  1.88899e-09
10130.0  1.85017e-09
10135.0  1.97196e-09
10140.0  1.89343e-09
10145.0  1.96064e-09
10150.0  1.95508e-09
10155.0  1.96502e-09
10160.0  2.05216e-09
10165.0  1.98742e-09
10170.0  1.83064e-09
10175.0  1.82314e-09
10180.0  1.90373e-09
10185.0  1.91271e-09
10190.0  1.90555e-09
10195.0  1.89616e-09
10200.0  1.88476e-09
10205.0  1.87196e-09
10210.0  1.85919e-09
10215.0  1.84828e-09
10220.0  1.84096e-09
10225.0  1.83856e-09
10230.0  1.84116e-09
10235.0  1.84835e-09
10240.0  1.85964e-09
10245.0  1.87391e-09
10250.0  1.88845e-09
10255.0  1.89995e-09
10260.0  1.90521e-09
10265.0  1.90292e-09
10270.0  1.89671e-09
10275.0  1.89208e-09
10280.0  1.89449e-09
10285.0  1.90679e-09
10290.0  1.92517e-09
10295.0  1.94326e-09
10300.0  1.95471e-09
10305.0  1.95605e-09
10310.0  1.95086e-09
10315.0  1.94252e-09
10320.0  1.93312e-09
10325.0  1.92451e-09
10330.0  1.91841e-09
10335.0  1.91647e-09
10340.0  1.9202e-09
10345.0  1.92976e-09
10350.0  1.94175e-09
10355.0  1.95137e-09
10360.0  1.95393e-09
10365.0  1.94699e-09
10370.0  1.9339e-09
10375.0  1.92027e-09
10380.0  1.91171e-09
10385.0  1.91166e-09
10390.0  1.91802e-09
10395.0  1.92647e-09
10400.0  1.93267e-09
10405.0  1.93367e-09
10410.0  1.93025e-09
10415.0  1.92457e-09
10420.0  1.91891e-09
10425.0  1.91512e-09
10430.0  1.9138e-09
10435.0  1.91514e-09
10440.0  1.9192e-09
10445.0  1.92552e-09
10450.0  1.93221e-09
10455.0  1.93687e-09
10460.0  1.93715e-09
10465.0  1.93187e-09
10470.0  1.92296e-09
10475.0  1.91352e-09
10480.0  1.90665e-09
10485.0  1.9043e-09
10490.0  1.90542e-09
10495.0  1.90779e-09
10500.0  1.90913e-09
10505.0  1.90798e-09
10510.0  1.90478e-09
10515.0  1.90077e-09
10520.0  1.8972e-09
10525.0  1.89486e-09
10530.0  1.89336e-09
10535.0  1.89183e-09
10540.0  1.88939e-09
10545.0  1.88563e-09
10550.0  1.88121e-09
10555.0  1.87725e-09
10560.0  1.87486e-09
10565.0  1.87454e-09
10570.0  1.87524e-09
10575.0  1.87534e-09
10580.0  1.87322e-09
10585.0  1.86811e-09
10590.0  1.86145e-09
10595.0  1.85549e-09
10600.0  1.85249e-09
10605.0  1.85397e-09
10610.0  1.8594e-09
10615.0  1.86754e-09
10620.0  1.87331e-09
10625.0  1.85935e-09
10630.0  1.85554e-09
10635.0  1.85403e-09
10640.0  1.85253e-09
10645.0  1.85102e-09
10650.0  1.84952e-09
10655.0  1.84802e-09
10660.0  1.84652e-09
10665.0  1.84502e-09
10670.0  1.84353e-09
10675.0  1.84203e-09
10680.0  1.84054e-09
10685.0  1.83905e-09
10690.0  1.83756e-09
10695.0  1.83607e-09
10700.0  1.83459e-09
10705.0  1.8331e-09
10710.0  1.83162e-09
10715.0  1.83015e-09
10720.0  1.82866e-09
10725.0  1.82719e-09
10730.0  1.82571e-09
10735.0  1.82424e-09
10740.0  1.82277e-09
10745.0  1.8213e-09
10750.0  1.81983e-09
10755.0  1.81836e-09
10760.0  1.8169e-09
10765.0  1.81543e-09
10770.0  1.81398e-09
10775.0  1.81251e-09
10780.0  1.81105e-09
10785.0  1.8096e-09
10790.0  1.80814e-09
10795.0  1.80669e-09
10800.0  1.80524e-09
10805.0  1.80379e-09
10810.0  1.80234e-09
10815.0  1.80089e-09
10820.0  1.79944e-09
10825.0  1.798e-09
10830.0  1.79656e-09
10835.0  1.79512e-09
10840.0  1.79369e-09
10845.0  1.79225e-09
10850.0  1.79081e-09
10855.0  1.78938e-09
10860.0  1.78795e-09
10865.0  1.78652e-09
10870.0  1.78509e-09
10875.0  1.78367e-09
10880.0  1.78224e-09
10885.0  1.78082e-09
10890.0  1.7794e-09
10895.0  1.77797e-09
10900.0  1.77655e-09
10905.0  1.77514e-09
10910.0  1.77372e-09
10915.0  1.77231e-09
10920.0  1.7709e-09
10925.0  1.76949e-09
10930.0  1.76808e-09
10935.0  1.76667e-09
10940.0  1.76527e-09
10945.0  1.76386e-09
10950.0  1.76246e-09
10955.0  1.76106e-09
10960.0  1.75966e-09
10965.0  1.75826e-09
10970.0  1.75686e-09
10975.0  1.75547e-09
10980.0  1.75408e-09
10985.0  1.75269e-09
10990.0  1.7513e-09
10995.0  1.74991e-09
11000.0  1.74852e-09
11005.0  1.74714e-09
11010.0  1.74576e-09
11015.0  1.74437e-09
11020.0  1.74299e-09
11025.0  1.74161e-09
11030.0  1.74024e-09
11035.0  1.73886e-09
11040.0  1.73749e-09
11045.0  1.73611e-09
11050.0  1.73475e-09
11055.0  1.73338e-09
11060.0  1.73201e-09
11065.0  1.73064e-09
11070.0  1.72928e-09
11075.0  1.72791e-09
11080.0  1.72655e-09
11085.0  1.72519e-09
11090.0  1.72384e-09
11095.0  1.72248e-09
11100.0  1.72112e-09
11105.0  1.71977e-09
11110.0  1.71841e-09
11115.0  1.71707e-09
11120.0  1.71571e-09
11125.0  1.71437e-09
11130.0  1.71302e-09
11135.0  1.71168e-09
11140.0  1.71033e-09
11145.0  1.709e-09
11150.0  1.70766e-09
11155.0  1.70631e-09
11160.0  1.70498e-09
11165.0  1.70364e-09
11170.0  1.70231e-09
11175.0  1.70098e-09
11180.0  1.69964e-09
11185.0  1.69832e-09
11190.0  1.69699e-09
11195.0  1.69566e-09
11200.0  1.69434e-09
11205.0  1.69301e-09
11210.0  1.69169e-09
11215.0  1.69037e-09
11220.0  1.68905e-09
11225.0  1.68773e-09
11230.0  1.68642e-09
11235.0  1.6851e-09
11240.0  1.68379e-09
11245.0  1.68248e-09
11250.0  1.68117e-09
11255.0  1.67986e-09
11260.0  1.67855e-09
11265.0  1.67725e-09
11270.0  1.67594e-09
11275.0  1.67464e-09
11280.0  1.67334e-09
11285.0  1.67204e-09
11290.0  1.67074e-09
11295.0  1.66944e-09
11300.0  1.66814e-09
11305.0  1.66685e-09
11310.0  1.66556e-09
11315.0  1.66427e-09
11320.0  1.66298e-09
11325.0  1.66169e-09
11330.0  1.6604e-09
11335.0  1.65912e-09
11340.0  1.65783e-09
11345.0  1.65656e-09
11350.0  1.65527e-09
11355.0  1.65399e-09
11360.0  1.65271e-09
11365.0  1.65144e-09
11370.0  1.65016e-09
11375.0  1.64888e-09
11380.0  1.64762e-09
11385.0  1.64634e-09
11390.0  1.64507e-09
11395.0  1.6438e-09
11400.0  1.64254e-09
11405.0  1.64127e-09
11410.0  1.64e-09
11415.0  1.63874e-09
11420.0  1.63748e-09
11425.0  1.63622e-09
11430.0  1.63497e-09
11435.0  1.63371e-09
11440.0  1.63245e-09
11445.0  1.63119e-09
11450.0  1.62994e-09
11455.0  1.62869e-09
11460.0  1.62744e-09
11465.0  1.62619e-09
11470.0  1.62494e-09
11475.0  1.62369e-09
11480.0  1.62245e-09
11485.0  1.62121e-09
11490.0  1.61997e-09
11495.0  1.61872e-09
11500.0  1.61749e-09
11505.0  1.61625e-09
11510.0  1.61501e-09
11515.0  1.61378e-09
11520.0  1.61254e-09
11525.0  1.61131e-09
11530.0  1.61008e-09
11535.0  1.60884e-09
11540.0  1.60762e-09
11545.0  1.60639e-09
11550.0  1.60516e-09
11555.0  1.60394e-09
11560.0  1.60272e-09
11565.0  1.60149e-09
11570.0  1.60027e-09
11575.0  1.59905e-09
11580.0  1.59784e-09
11585.0  1.59662e-09
11590.0  1.59541e-09
11595.0  1.59419e-09
11600.0  1.59298e-09
11605.0  1.59177e-09
11610.0  1.59056e-09
11615.0  1.58935e-09
11620.0  1.58814e-09
11625.0  1.58693e-09
11630.0  1.58573e-09
11635.0  1.58452e-09
11640.0  1.58332e-09
11645.0  1.58212e-09
11650.0  1.58092e-09
11655.0  1.57972e-09
11660.0  1.57853e-09
11665.0  1.57733e-09
11670.0  1.57614e-09
11675.0  1.57495e-09
11680.0  1.57375e-09
11685.0  1.57256e-09
11690.0  1.57137e-09
11695.0  1.57018e-09
11700.0  1.569e-09
11705.0  1.56781e-09
11710.0  1.56663e-09
11715.0  1.56544e-09
11720.0  1.56426e-09
11725.0  1.56308e-09
11730.0  1.5619e-09
11735.0  1.56072e-09
11740.0  1.55954e-09
11745.0  1.55837e-09
11750.0  1.55719e-09
11755.0  1.55603e-09
11760.0  1.55485e-09
11765.0  1.55368e-09
11770.0  1.55251e-09
11775.0  1.55134e-09
11780.0  1.55017e-09
11785.0  1.54901e-09
11790.0  1.54784e-09
11795.0  1.54668e-09
11800.0  1.54552e-09
11805.0  1.54436e-09
11810.0  1.5432e-09
11815.0  1.54204e-09
11820.0  1.54088e-09
11825.0  1.53973e-09
11830.0  1.53857e-09
11835.0  1.53742e-09
11840.0  1.53627e-09
11845.0  1.53511e-09
11850.0  1.53396e-09
11855.0  1.53282e-09
11860.0  1.53167e-09
11865.0  1.53052e-09
11870.0  1.52938e-09
11875.0  1.52823e-09
11880.0  1.52709e-09
11885.0  1.52595e-09
11890.0  1.52481e-09
11895.0  1.52367e-09
11900.0  1.52253e-09
11905.0  1.52139e-09
11910.0  1.52026e-09
11915.0  1.51912e-09
11920.0  1.51799e-09
11925.0  1.51686e-09
11930.0  1.51573e-09
11935.0  1.5146e-09
11940.0  1.51347e-09
11945.0  1.51234e-09
11950.0  1.51122e-09
11955.0  1.51009e-09
11960.0  1.50897e-09
11965.0  1.50785e-09
11970.0  1.50672e-09
11975.0  1.5056e-09
11980.0  1.50448e-09
11985.0  1.50336e-09
11990.0  1.50225e-09
11995.0  1.50113e-09
12000.0  1.50001e-09
12005.0  1.4989e-09
12010.0  1.49779e-09
12015.0  1.49668e-09
12020.0  1.49557e-09
12025.0  1.49446e-09
12030.0  1.49335e-09
12035.0  1.49224e-09
12040.0  1.49114e-09
12045.0  1.49003e-09
12050.0  1.48893e-09
12055.0  1.48783e-09
12060.0  1.48672e-09
12065.0  1.48562e-09
12070.0  1.48452e-09
12075.0  1.48343e-09
12080.0  1.48233e-09
12085.0  1.48123e-09
12090.0  1.48014e-09
12095.0  1.47905e-09
12100.0  1.47795e-09
12105.0  1.47686e-09
12110.0  1.47577e-09
12115.0  1.47468e-09
12120.0  1.47359e-09
12125.0  1.47251e-09
12130.0  1.47142e-09
12135.0  1.47034e-09
12140.0  1.46925e-09
12145.0  1.46817e-09
12150.0  1.46709e-09
12155.0  1.466e-09
12160.0  1.46492e-09
12165.0  1.46385e-09
12170.0  1.46277e-09
12175.0  1.46169e-09
12180.0  1.46062e-09
12185.0  1.45954e-09
12190.0  1.45847e-09
12195.0  1.4574e-09
12200.0  1.45632e-09
12205.0  1.45526e-09
12210.0  1.45418e-09
12215.0  1.45311e-09
12220.0  1.45205e-09
12225.0  1.45099e-09
12230.0  1.44992e-09
12235.0  1.44886e-09
12240.0  1.44779e-09
12245.0  1.44673e-09
12250.0  1.44567e-09
12255.0  1.44461e-09
12260.0  1.44355e-09
12265.0  1.44249e-09
12270.0  1.44143e-09
12275.0  1.44038e-09
12280.0  1.43932e-09
12285.0  1.43827e-09
12290.0  1.43722e-09
12295.0  1.43616e-09
12300.0  1.43511e-09
12305.0  1.43406e-09
12310.0  1.43302e-09
12315.0  1.43197e-09
12320.0  1.43092e-09
12325.0  1.42988e-09
12330.0  1.42883e-09
12335.0  1.42779e-09
12340.0  1.42675e-09
12345.0  1.42571e-09
12350.0  1.42467e-09
12355.0  1.42363e-09
12360.0  1.42258e-09
12365.0  1.42155e-09
12370.0  1.42051e-09
12375.0  1.41948e-09
12380.0  1.41844e-09
12385.0  1.41741e-09
12390.0  1.41638e-09
12395.0  1.41535e-09
12400.0  1.41431e-09
12405.0  1.41328e-09
12410.0  1.41226e-09
12415.0  1.41123e-09
12420.0  1.4102e-09
12425.0  1.40918e-09
12430.0  1.40815e-09
12435.0  1.40713e-09
12440.0  1.4061e-09
12445.0  1.40508e-09
12450.0  1.40406e-09
12455.0  1.40304e-09
12460.0  1.40202e-09
12465.0  1.40101e-09
12470.0  1.39999e-09
12475.0  1.39898e-09
12480.0  1.39796e-09
12485.0  1.39695e-09
12490.0  1.39593e-09
12495.0  1.39492e-09
12500.0  1.39391e-09
12505.0  1.3929e-09
12510.0  1.39189e-09
12515.0  1.39089e-09
12520.0  1.38988e-09
12525.0  1.38887e-09
12530.0  1.38787e-09
12535.0  1.38686e-09
12540.0  1.38586e-09
12545.0  1.38486e-09
12550.0  1.38386e-09
12555.0  1.38286e-09
12560.0  1.38186e-09
12565.0  1.38086e-09
12570.0  1.37986e-09
12575.0  1.37887e-09
12580.0  1.37787e-09
12585.0  1.37688e-09
12590.0  1.37588e-09
12595.0  1.37489e-09
12600.0  1.3739e-09
12605.0  1.37291e-09
12610.0  1.37192e-09
12615.0  1.37093e-09
12620.0  1.36995e-09
12625.0  1.36896e-09
12630.0  1.36797e-09
12635.0  1.36699e-09
12640.0  1.366e-09
12645.0  1.36502e-09
12650.0  1.36404e-09
12655.0  1.36306e-09
12660.0  1.36208e-09
12665.0  1.3611e-09
12670.0  1.36012e-09
12675.0  1.35915e-09
12680.0  1.35817e-09
12685.0  1.35719e-09
12690.0  1.35622e-09
12695.0  1.35524e-09
12700.0  1.35427e-09
12705.0  1.3533e-09
12710.0  1.35233e-09
12715.0  1.35136e-09
12720.0  1.35039e-09
12725.0  1.34942e-09
12730.0  1.34845e-09
12735.0  1.34749e-09
12740.0  1.34653e-09
12745.0  1.34556e-09
12750.0  1.3446e-09
12755.0  1.34364e-09
12760.0  1.34267e-09
12765.0  1.34171e-09
12770.0  1.34075e-09
12775.0  1.3398e-09
12780.0  1.33884e-09
12785.0  1.33788e-09
12790.0  1.33693e-09
12795.0  1.33597e-09
12800.0  1.33502e-09
12805.0  1.33406e-09
12810.0  1.33311e-09
12815.0  1.33216e-09
12820.0  1.33121e-09
12825.0  1.33026e-09
12830.0  1.32931e-09
12835.0  1.32837e-09
12840.0  1.32742e-09
12845.0  1.32647e-09
12850.0  1.32553e-09
12855.0  1.32458e-09
12860.0  1.32364e-09
12865.0  1.3227e-09
12870.0  1.32176e-09
12875.0  1.32081e-09
12880.0  1.31988e-09
12885.0  1.31894e-09
12890.0  1.318e-09
12895.0  1.31706e-09
12900.0  1.31613e-09
12905.0  1.31519e-09
12910.0  1.31426e-09
12915.0  1.31332e-09
12920.0  1.31239e-09
12925.0  1.31146e-09
12930.0  1.31053e-09
12935.0  1.3096e-09
12940.0  1.30867e-09
12945.0  1.30774e-09
12950.0  1.30682e-09
12955.0  1.30589e-09
12960.0  1.30497e-09
12965.0  1.30404e-09
12970.0  1.30312e-09
12975.0  1.30219e-09
12980.0  1.30127e-09
12985.0  1.30035e-09
12990.0  1.29943e-09
12995.0  1.29851e-09
13000.0  1.29759e-09
13005.0  1.29668e-09
13010.0  1.29576e-09
13015.0  1.29485e-09
13020.0  1.29393e-09
13025.0  1.29302e-09
13030.0  1.2921e-09
13035.0  1.29119e-09
13040.0  1.29028e-09
13045.0  1.28937e-09
13050.0  1.28846e-09
13055.0  1.28755e-09
13060.0  1.28664e-09
13065.0  1.28573e-09
13070.0  1.28483e-09
13075.0  1.28392e-09
13080.0  1.28302e-09
13085.0  1.28211e-09
13090.0  1.28121e-09
13095.0  1.28031e-09
13100.0  1.27941e-09
13105.0  1.27851e-09
13110.0  1.27761e-09
13115.0  1.27671e-09
13120.0  1.27581e-09
13125.0  1.27492e-09
13130.0  1.27402e-09
13135.0  1.27312e-09
13140.0  1.27223e-09
13145.0  1.27134e-09
13150.0  1.27044e-09
13155.0  1.26955e-09
13160.0  1.26866e-09
13165.0  1.26777e-09
13170.0  1.26688e-09
13175.0  1.266e-09
13180.0  1.26511e-09
13185.0  1.26422e-09
13190.0  1.26333e-09
13195.0  1.26245e-09
13200.0  1.26156e-09
13205.0  1.26068e-09
13210.0  1.2598e-09
13215.0  1.25892e-09
13220.0  1.25804e-09
13225.0  1.25716e-09
13230.0  1.25628e-09
13235.0  1.2554e-09
13240.0  1.25452e-09
13245.0  1.25364e-09
13250.0  1.25276e-09
13255.0  1.25189e-09
13260.0  1.25102e-09
13265.0  1.25014e-09
13270.0  1.24927e-09
13275.0  1.2484e-09
13280.0  1.24753e-09
13285.0  1.24666e-09
13290.0  1.24579e-09
13295.0  1.24492e-09
13300.0  1.24405e-09
13305.0  1.24319e-09
13310.0  1.24232e-09
13315.0  1.24145e-09
13320.0  1.24059e-09
13325.0  1.23972e-09
13330.0  1.23886e-09
13335.0  1.238e-09
13340.0  1.23714e-09
13345.0  1.23628e-09
13350.0  1.23542e-09
13355.0  1.23456e-09
13360.0  1.2337e-09
13365.0  1.23284e-09
13370.0  1.23199e-09
13375.0  1.23113e-09
13380.0  1.23028e-09
13385.0  1.22942e-09
13390.0  1.22857e-09
13395.0  1.22771e-09
13400.0  1.22686e-09
13405.0  1.22601e-09
13410.0  1.22516e-09
13415.0  1.22431e-09
13420.0  1.22346e-09
13425.0  1.22261e-09
13430.0  1.22177e-09
13435.0  1.22092e-09
13440.0  1.22007e-09
13445.0  1.21923e-09
13450.0  1.21839e-09
13455.0  1.21754e-09
13460.0  1.2167e-09
13465.0  1.21586e-09
13470.0  1.21502e-09
13475.0  1.21418e-09
13480.0  1.21334e-09
13485.0  1.2125e-09
13490.0  1.21166e-09
13495.0  1.21082e-09
13500.0  1.20999e-09
13505.0  1.20915e-09
13510.0  1.20831e-09
13515.0  1.20748e-09
13520.0  1.20665e-09
13525.0  1.20581e-09
13530.0  1.20498e-09
13535.0  1.20415e-09
13540.0  1.20332e-09
13545.0  1.20249e-09
13550.0  1.20166e-09
13555.0  1.20084e-09
13560.0  1.20001e-09
13565.0  1.19918e-09
13570.0  1.19836e-09
13575.0  1.19753e-09
13580.0  1.19671e-09
13585.0  1.19588e-09
13590.0  1.19506e-09
13595.0  1.19423e-09
13600.0  1.19342e-09
13605.0  1.1926e-09
13610.0  1.19178e-09
13615.0  1.19096e-09
13620.0  1.19014e-09
13625.0  1.18932e-09
13630.0  1.18851e-09
13635.0  1.18769e-09
13640.0  1.18687e-09
13645.0  1.18606e-09
13650.0  1.18524e-09
13655.0  1.18443e-09
13660.0  1.18362e-09
13665.0  1.18281e-09
13670.0  1.182e-09
13675.0  1.18119e-09
13680.0  1.18037e-09
13685.0  1.17956e-09
13690.0  1.17876e-09
13695.0  1.17795e-09
13700.0  1.17714e-09
13705.0  1.17634e-09
13710.0  1.17553e-09
13715.0  1.17473e-09
13720.0  1.17392e-09
13725.0  1.17312e-09
13730.0  1.17232e-09
13735.0  1.17152e-09
13740.0  1.17072e-09
13745.0  1.16992e-09
13750.0  1.16912e-09
13755.0  1.16832e-09
13760.0  1.16752e-09
13765.0  1.16672e-09
13770.0  1.16593e-09
13775.0  1.16513e-09
13780.0  1.16433e-09
13785.0  1.16354e-09
13790.0  1.16275e-09
13795.0  1.16195e-09
13800.0  1.16116e-09
13805.0  1.16037e-09
13810.0  1.15958e-09
13815.0  1.15879e-09
13820.0  1.158e-09
13825.0  1.15721e-09
13830.0  1.15642e-09
13835.0  1.15563e-09
13840.0  1.15485e-09
13845.0  1.15406e-09
13850.0  1.15328e-09
13855.0  1.15249e-09
13860.0  1.15171e-09
13865.0  1.15092e-09
13870.0  1.15014e-09
13875.0  1.14936e-09
13880.0  1.14858e-09
13885.0  1.1478e-09
13890.0  1.14701e-09
13895.0  1.14624e-09
13900.0  1.14546e-09
13905.0  1.14468e-09
13910.0  1.1439e-09
13915.0  1.14313e-09
13920.0  1.14235e-09
13925.0  1.14157e-09
13930.0  1.1408e-09
13935.0  1.14003e-09
13940.0  1.13925e-09
13945.0  1.13848e-09
13950.0  1.13771e-09
13955.0  1.13694e-09
13960.0  1.13617e-09
13965.0  1.1354e-09
13970.0  1.13463e-09
13975.0  1.13386e-09
13980.0  1.13309e-09
13985.0  1.13233e-09
13990.0  1.13156e-09
13995.0  1.13079e-09
14000.0  1.13003e-09
14005.0  1.12926e-09
14010.0  1.1285e-09
14015.0  1.12774e-09
14020.0  1.12697e-09
14025.0  1.12621e-09
14030.0  1.12545e-09
14035.0  1.12469e-09
14040.0  1.12393e-09
14045.0  1.12317e-09
14050.0  1.12241e-09
14055.0  1.12165e-09
14060.0  1.1209e-09
14065.0  1.12014e-09
14070.0  1.11938e-09
14075.0  1.11863e-09
14080.0  1.11787e-09
14085.0  1.11712e-09
14090.0  1.11637e-09
14095.0  1.11561e-09
14100.0  1.11486e-09
14105.0  1.11411e-09
14110.0  1.11336e-09
14115.0  1.1126e-09
14120.0  1.11186e-09
14125.0  1.11111e-09
14130.0  1.11036e-09
14135.0  1.10961e-09
14140.0  1.10886e-09
14145.0  1.10812e-09
14150.0  1.10737e-09
14155.0  1.10663e-09
14160.0  1.10588e-09
14165.0  1.10514e-09
14170.0  1.1044e-09
14175.0  1.10365e-09
14180.0  1.10291e-09
14185.0  1.10217e-09
14190.0  1.10143e-09
14195.0  1.10068e-09
14200.0  1.09995e-09
14205.0  1.09921e-09
14210.0  1.09847e-09
14215.0  1.09773e-09
14220.0  1.09699e-09
14225.0  1.09625e-09
14230.0  1.09552e-09
14235.0  1.09479e-09
14240.0  1.09405e-09
14245.0  1.09332e-09
14250.0  1.09259e-09
14255.0  1.09185e-09
14260.0  1.09112e-09
14265.0  1.09039e-09
14270.0  1.08965e-09
14275.0  1.08892e-09
14280.0  1.0882e-09
14285.0  1.08747e-09
14290.0  1.08674e-09
14295.0  1.08601e-09
14300.0  1.08528e-09
14305.0  1.08455e-09
14310.0  1.08383e-09
14315.0  1.0831e-09
14320.0  1.08238e-09
14325.0  1.08165e-09
14330.0  1.08093e-09
14335.0  1.0802e-09
14340.0  1.07948e-09
14345.0  1.07876e-09
14350.0  1.07804e-09
14355.0  1.07732e-09
14360.0  1.0766e-09
14365.0  1.07588e-09
14370.0  1.07515e-09
14375.0  1.07444e-09
14380.0  1.07372e-09
14385.0  1.073e-09
14390.0  1.07229e-09
14395.0  1.07157e-09
14400.0  1.07085e-09
14405.0  1.07014e-09
14410.0  1.06942e-09
14415.0  1.06871e-09
14420.0  1.06799e-09
14425.0  1.06728e-09
14430.0  1.06657e-09
14435.0  1.06586e-09
14440.0  1.06515e-09
14445.0  1.06444e-09
14450.0  1.06373e-09
14455.0  1.06302e-09
14460.0  1.06231e-09
14465.0  1.0616e-09
14470.0  1.06089e-09
14475.0  1.06018e-09
14480.0  1.05948e-09
14485.0  1.05877e-09
14490.0  1.05806e-09
14495.0  1.05736e-09
14500.0  1.05665e-09
14505.0  1.05595e-09
14510.0  1.05525e-09
14515.0  1.05454e-09
14520.0  1.05384e-09
14525.0  1.05314e-09
14530.0  1.05244e-09
14535.0  1.05174e-09
14540.0  1.05104e-09
14545.0  1.05034e-09
14550.0  1.04964e-09
14555.0  1.04894e-09
14560.0  1.04824e-09
14565.0  1.04754e-09
14570.0  1.04685e-09
14575.0  1.04615e-09
14580.0  1.04546e-09
14585.0  1.04476e-09
14590.0  1.04406e-09
14595.0  1.04337e-09
14600.0  1.04267e-09
14605.0  1.04198e-09
14610.0  1.04129e-09
14615.0  1.0406e-09
14620.0  1.03991e-09
14625.0  1.03922e-09
14630.0  1.03852e-09
14635.0  1.03783e-09
14640.0  1.03715e-09
14645.0  1.03646e-09
14650.0  1.03577e-09
14655.0  1.03508e-09
14660.0  1.03439e-09
14665.0  1.03371e-09
14670.0  1.03302e-09
14675.0  1.03233e-09
14680.0  1.03165e-09
14685.0  1.03096e-09
14690.0  1.03028e-09
14695.0  1.02959e-09
14700.0  1.02891e-09
14705.0  1.02823e-09
14710.0  1.02755e-09
14715.0  1.02686e-09
14720.0  1.02618e-09
14725.0  1.0255e-09
14730.0  1.02482e-09
14735.0  1.02414e-09
14740.0  1.02346e-09
14745.0  1.02278e-09
14750.0  1.02211e-09
14755.0  1.02143e-09
14760.0  1.02075e-09
14765.0  1.02008e-09
14770.0  1.0194e-09
14775.0  1.01872e-09
14780.0  1.01804e-09
14785.0  1.01737e-09
14790.0  1.0167e-09
14795.0  1.01602e-09
14800.0  1.01535e-09
14805.0  1.01468e-09
14810.0  1.01401e-09
14815.0  1.01333e-09
14820.0  1.01266e-09
14825.0  1.01199e-09
14830.0  1.01132e-09
14835.0  1.01065e-09
14840.0  1.00998e-09
14845.0  1.00931e-09
14850.0  1.00864e-09
14855.0  1.00798e-09
14860.0  1.00731e-09
14865.0  1.00664e-09
14870.0  1.00597e-09
14875.0  1.00531e-09
14880.0  1.00464e-09
14885.0  1.00398e-09
14890.0  1.00331e-09
14895.0  1.00265e-09
14900.0  1.00199e-09
14905.0  1.00132e-09
14910.0  1.00066e-09
14915.0  9.99995e-10
14920.0  9.99335e-10
14925.0  9.98673e-10
14930.0  9.9801e-10
14935.0  9.97351e-10
14940.0  9.96692e-10
14945.0  9.96032e-10
14950.0  9.95373e-10
14955.0  9.94712e-10
14960.0  9.94056e-10
14965.0  9.93396e-10
14970.0  9.9274e-10
14975.0  9.92083e-10
14980.0  9.91427e-10
14985.0  9.90771e-10
14990.0  9.90114e-10
14995.0  9.8946e-10
15000.0  9.88807e-10
15005.0  9.88152e-10
15010.0  9.87497e-10
15015.0  9.86844e-10
15020.0  9.86192e-10
15025.0  9.85539e-10
15030.0  9.84887e-10
15035.0  9.84238e-10
15040.0  9.83585e-10
15045.0  9.82934e-10
15050.0  9.82286e-10
15055.0  9.81636e-10
15060.0  9.80984e-10
15065.0  9.80339e-10
15070.0  9.79688e-10
15075.0  9.79042e-10
15080.0  9.78391e-10
15085.0  9.77743e-10
15090.0  9.77097e-10
15095.0  9.76453e-10
15100.0  9.75806e-10
15105.0  9.75162e-10
15110.0  9.74517e-10
15115.0  9.7387e-10
15120.0  9.73227e-10
15125.0  9.72586e-10
15130.0  9.71942e-10
15135.0  9.71299e-10
15140.0  9.70655e-10
15145.0  9.70012e-10
15150.0  9.6937e-10
15155.0  9.6873e-10
15160.0  9.68087e-10
15165.0  9.67448e-10
15170.0  9.66808e-10
15175.0  9.66168e-10
15180.0  9.6553e-10
15185.0  9.64891e-10
15190.0  9.64251e-10
15195.0  9.63612e-10
15200.0  9.62975e-10
15205.0  9.62339e-10
15210.0  9.61701e-10
15215.0  9.61065e-10
15220.0  9.60432e-10
15225.0  9.59794e-10
15230.0  9.59158e-10
15235.0  9.58525e-10
15240.0  9.57889e-10
15245.0  9.57254e-10
15250.0  9.5662e-10
15255.0  9.55989e-10
15260.0  9.55358e-10
15265.0  9.54725e-10
15270.0  9.54094e-10
15275.0  9.53461e-10
15280.0  9.52831e-10
15285.0  9.52199e-10
15290.0  9.51566e-10
15295.0  9.50936e-10
15300.0  9.50308e-10
15305.0  9.49678e-10
15310.0  9.49049e-10
15315.0  9.48423e-10
15320.0  9.47796e-10
15325.0  9.47167e-10
15330.0  9.46539e-10
15335.0  9.4591e-10
15340.0  9.45283e-10
15345.0  9.44658e-10
15350.0  9.44033e-10
15355.0  9.43406e-10
15360.0  9.42781e-10
15365.0  9.42156e-10
15370.0  9.41533e-10
15375.0  9.40907e-10
15380.0  9.40283e-10
15385.0  9.39659e-10
15390.0  9.39037e-10
15395.0  9.38414e-10
15400.0  9.37792e-10
15405.0  9.37168e-10
15410.0  9.36548e-10
15415.0  9.35929e-10
15420.0  9.35307e-10
15425.0  9.34688e-10
15430.0  9.34067e-10
15435.0  9.33446e-10
15440.0  9.32829e-10
15445.0  9.32208e-10
15450.0  9.31589e-10
15455.0  9.30971e-10
15460.0  9.30353e-10
15465.0  9.29737e-10
15470.0  9.29117e-10
15475.0  9.285e-10
15480.0  9.27885e-10
15485.0  9.2727e-10
15490.0  9.26653e-10
15495.0  9.26037e-10
15500.0  9.25422e-10
15505.0  9.24805e-10
15510.0  9.24192e-10
15515.0  9.23578e-10
15520.0  9.22964e-10
15525.0  9.22349e-10
15530.0  9.21737e-10
15535.0  9.21123e-10
15540.0  9.2051e-10
15545.0  9.19901e-10
15550.0  9.19288e-10
15555.0  9.18675e-10
15560.0  9.18066e-10
15565.0  9.17454e-10
15570.0  9.16843e-10
15575.0  9.16232e-10
15580.0  9.15625e-10
15585.0  9.15013e-10
15590.0  9.14406e-10
15595.0  9.13795e-10
15600.0  9.13185e-10
15605.0  9.12577e-10
15610.0  9.11971e-10
15615.0  9.11363e-10
15620.0  9.10756e-10
15625.0  9.10148e-10
15630.0  9.09541e-10
15635.0  9.08935e-10
15640.0  9.08331e-10
15645.0  9.07724e-10
15650.0  9.07119e-10
15655.0  9.06514e-10
15660.0  9.05907e-10
15665.0  9.05302e-10
15670.0  9.04699e-10
15675.0  9.04095e-10
15680.0  9.03491e-10
15685.0  9.02887e-10
15690.0  9.02284e-10
15695.0  9.01685e-10
15700.0  9.01082e-10
15705.0  9.0048e-10
15710.0  8.99877e-10
15715.0  8.99275e-10
15720.0  8.98673e-10
15725.0  8.98072e-10
15730.0  8.9747e-10
15735.0  8.96871e-10
15740.0  8.93735e-10
15745.0  8.7694e-10
15750.0  8.6994e-10
15755.0  8.82719e-10
15760.0  8.88276e-10
15765.0  8.56087e-10
15770.0  8.37915e-10
15775.0  8.69121e-10
15780.0  9.05378e-10
15785.0  9.13901e-10
15790.0  9.10057e-10
15795.0  9.08271e-10
15800.0  9.08876e-10
15805.0  9.11046e-10
15810.0  9.1149e-10
15815.0  8.97272e-10
15820.0  8.81368e-10
15825.0  8.85073e-10
15830.0  8.93927e-10
15835.0  8.87176e-10
15840.0  8.91777e-10
15845.0  9.08341e-10
15850.0  9.13289e-10
15855.0  9.09289e-10
15860.0  9.02031e-10
15865.0  8.95561e-10
15870.0  8.90552e-10
15875.0  8.90115e-10
15880.0  8.77604e-10
15885.0  8.49163e-10
15890.0  8.26714e-10
15895.0  8.33118e-10
15900.0  8.5432e-10
15905.0  8.6684e-10
15910.0  8.7267e-10
15915.0  8.7836e-10
15920.0  8.82354e-10
15925.0  8.87295e-10
15930.0  8.92697e-10
15935.0  8.92266e-10
15940.0  8.87465e-10
15945.0  8.83788e-10
15950.0  8.82354e-10
15955.0  8.70115e-10
15960.0  8.49168e-10
15965.0  8.48102e-10
15970.0  8.6292e-10
15975.0  8.7221e-10
15980.0  8.70885e-10
15985.0  8.73804e-10
15990.0  8.83831e-10
15995.0  8.85805e-10
16000.0  8.80308e-10
16005.0  8.6704e-10
16010.0  8.54566e-10
16015.0  8.6281e-10
16020.0  8.73211e-10
16025.0  8.75898e-10
16030.0  8.7562e-10
16035.0  8.6679e-10
16040.0  8.56653e-10
16045.0  8.60877e-10
16050.0  8.73252e-10
16055.0  8.7489e-10
16060.0  8.65866e-10
16065.0  8.62374e-10
16070.0  8.62952e-10
16075.0  8.56263e-10
16080.0  8.59845e-10
16085.0  8.64809e-10
16090.0  8.57672e-10
16095.0  8.43011e-10
16100.0  8.38519e-10
16105.0  8.48009e-10
16110.0  8.60122e-10
16115.0  8.60713e-10
16120.0  8.54491e-10
16125.0  8.51403e-10
16130.0  8.51163e-10
16135.0  8.56223e-10
16140.0  8.60131e-10
16145.0  8.61381e-10
16150.0  8.50361e-10
16155.0  8.36415e-10
16160.0  8.3182e-10
16165.0  8.31153e-10
16170.0  8.35247e-10
16175.0  8.37744e-10
16180.0  8.33649e-10
16185.0  8.33354e-10
16190.0  8.35291e-10
16195.0  8.26989e-10
16200.0  8.18398e-10
16205.0  8.20841e-10
16210.0  8.23278e-10
16215.0  8.26031e-10
16220.0  8.33519e-10
16225.0  8.37473e-10
16230.0  8.33515e-10
16235.0  8.30987e-10
16240.0  8.30621e-10
16245.0  8.33975e-10
16250.0  8.4142e-10
16255.0  8.45348e-10
16260.0  8.45464e-10
16265.0  8.46809e-10
16270.0  8.46566e-10
16275.0  8.4416e-10
16280.0  8.41562e-10
16285.0  8.37863e-10
16290.0  8.37032e-10
16295.0  8.38943e-10
16300.0  8.39603e-10
16305.0  8.35693e-10
16310.0  8.26547e-10
16315.0  8.17057e-10
16320.0  8.16174e-10
16325.0  8.22751e-10
16330.0  8.28343e-10
16335.0  8.31859e-10
16340.0  8.32501e-10
16345.0  8.29748e-10
16350.0  8.26636e-10
16355.0  8.23902e-10
16360.0  8.19693e-10
16365.0  8.11883e-10
16370.0  8.13906e-10
16375.0  8.10684e-10
16380.0  7.9806e-10
16385.0  7.97848e-10
16390.0  8.13047e-10
16395.0  8.10315e-10
16400.0  7.89255e-10
16405.0  7.91814e-10
16410.0  8.01692e-10
16415.0  8.15317e-10
16420.0  8.16906e-10
16425.0  8.16335e-10
16430.0  8.15766e-10
16435.0  8.15196e-10
16440.0  8.14628e-10
16445.0  8.14057e-10
16450.0  8.13487e-10
16455.0  8.12918e-10
16460.0  8.1235e-10
16465.0  8.11783e-10
16470.0  8.11214e-10
16475.0  8.10645e-10
16480.0  8.10078e-10
16485.0  8.0951e-10
16490.0  8.08941e-10
16495.0  8.08372e-10
16500.0  8.07803e-10
16505.0  8.07237e-10
16510.0  8.06667e-10
16515.0  8.06103e-10
16520.0  8.05534e-10
16525.0  8.0497e-10
16530.0  8.04401e-10
16535.0  8.03834e-10
16540.0  8.0327e-10
16545.0  8.02705e-10
16550.0  8.02137e-10
16555.0  8.01572e-10
16560.0  8.01007e-10
16565.0  8.0044e-10
16570.0  7.99875e-10
16575.0  7.9931e-10
16580.0  7.98746e-10
16585.0  7.98181e-10
16590.0  7.97617e-10
16595.0  7.97052e-10
16600.0  7.96486e-10
16605.0  7.95924e-10
16610.0  7.95359e-10
16615.0  7.94797e-10
16620.0  7.94235e-10
16625.0  7.93668e-10
16630.0  7.93105e-10
16635.0  7.92543e-10
16640.0  7.91979e-10
16645.0  7.91417e-10
16650.0  7.90854e-10
16655.0  7.90293e-10
16660.0  7.89731e-10
16665.0  7.89167e-10
16670.0  7.88606e-10
16675.0  7.88047e-10
16680.0  7.87486e-10
16685.0  7.86921e-10
16690.0  7.8636e-10
16695.0  7.85799e-10
16700.0  7.85239e-10
16705.0  7.84678e-10
16710.0  7.84121e-10
16715.0  7.83558e-10
16720.0  7.82999e-10
16725.0  7.82438e-10
16730.0  7.81877e-10
16735.0  7.8132e-10
16740.0  7.80759e-10
16745.0  7.80198e-10
16750.0  7.79642e-10
16755.0  7.79085e-10
16760.0  7.78525e-10
16765.0  7.77966e-10
16770.0  7.77406e-10
16775.0  7.76848e-10
16780.0  7.76291e-10
16785.0  7.75734e-10
16790.0  7.75175e-10
16795.0  7.74617e-10
16800.0  7.7406e-10
16805.0  7.73502e-10
16810.0  7.72947e-10
16815.0  7.72389e-10
16820.0  7.71831e-10
16825.0  7.71278e-10
16830.0  7.70722e-10
16835.0  7.70164e-10
16840.0  7.69608e-10
16845.0  7.69054e-10
16850.0  7.68497e-10
16855.0  7.67943e-10
16860.0  7.67386e-10
16865.0  7.66832e-10
16870.0  7.66277e-10
16875.0  7.65722e-10
16880.0  7.65169e-10
16885.0  7.64613e-10
16890.0  7.64059e-10
16895.0  7.63507e-10
16900.0  7.62953e-10
16905.0  7.624e-10
16910.0  7.61847e-10
16915.0  7.61293e-10
16920.0  7.6074e-10
16925.0  7.60186e-10
16930.0  7.59633e-10
16935.0  7.5908e-10
16940.0  7.58529e-10
16945.0  7.57977e-10
16950.0  7.57424e-10
16955.0  7.56874e-10
16960.0  7.56322e-10
16965.0  7.55771e-10
16970.0  7.55218e-10
16975.0  7.54667e-10
16980.0  7.54115e-10
16985.0  7.53565e-10
16990.0  7.53015e-10
16995.0  7.52466e-10
17000.0  7.51917e-10
17005.0  7.51363e-10
17010.0  7.50815e-10
17015.0  7.50265e-10
17020.0  7.49714e-10
17025.0  7.49164e-10
17030.0  7.48618e-10
17035.0  7.48069e-10
17040.0  7.4752e-10
17045.0  7.4697e-10
17050.0  7.4642e-10
17055.0  7.45875e-10
17060.0  7.45327e-10
17065.0  7.44778e-10
17070.0  7.44229e-10
17075.0  7.43683e-10
17080.0  7.43135e-10
17085.0  7.42588e-10
17090.0  7.42043e-10
17095.0  7.41493e-10
17100.0  7.40948e-10
17105.0  7.40402e-10
17110.0  7.39855e-10
17115.0  7.39311e-10
17120.0  7.38764e-10
17125.0  7.38217e-10
17130.0  7.37672e-10
17135.0  7.37127e-10
17140.0  7.36581e-10
17145.0  7.36038e-10
17150.0  7.35494e-10
17155.0  7.34949e-10
17160.0  7.34405e-10
17165.0  7.33859e-10
17170.0  7.33313e-10
17175.0  7.32772e-10
17180.0  7.32229e-10
17185.0  7.31683e-10
17190.0  7.31142e-10
17195.0  7.30599e-10
17200.0  7.30054e-10
17205.0  7.2951e-10
17210.0  7.28969e-10
17215.0  7.28428e-10
17220.0  7.27885e-10
17225.0  7.27343e-10
17230.0  7.26801e-10
17235.0  7.26259e-10
17240.0  7.25716e-10
17245.0  7.25175e-10
17250.0  7.24635e-10
17255.0  7.24095e-10
17260.0  7.23553e-10
17265.0  7.23014e-10
17270.0  7.22473e-10
17275.0  7.21933e-10
17280.0  7.21392e-10
17285.0  7.20853e-10
17290.0  7.20313e-10
17295.0  7.19772e-10
17300.0  7.19235e-10
17305.0  7.18696e-10
17310.0  7.18158e-10
17315.0  7.17618e-10
17320.0  7.17077e-10
17325.0  7.16539e-10
17330.0  7.16003e-10
17335.0  7.15467e-10
17340.0  7.14928e-10
17345.0  7.1439e-10
17350.0  7.13852e-10
17355.0  7.13315e-10
17360.0  7.12777e-10
17365.0  7.12239e-10
17370.0  7.11703e-10
17375.0  7.11167e-10
17380.0  7.1063e-10
17385.0  7.10093e-10
17390.0  7.09558e-10
17395.0  7.09024e-10
17400.0  7.08487e-10
17405.0  7.07951e-10
17410.0  7.07416e-10
17415.0  7.06883e-10
17420.0  7.06348e-10
17425.0  7.05812e-10
17430.0  7.05279e-10
17435.0  7.04744e-10
17440.0  7.04209e-10
17445.0  7.03675e-10
17450.0  7.03143e-10
17455.0  7.02609e-10
17460.0  7.02074e-10
17465.0  7.01543e-10
17470.0  7.01009e-10
17475.0  7.00476e-10
17480.0  6.99944e-10
17485.0  6.99412e-10
17490.0  6.98879e-10
17495.0  6.98346e-10
17500.0  6.97816e-10
17505.0  6.97285e-10
17510.0  6.96751e-10
17515.0  6.9622e-10
17520.0  6.95688e-10
17525.0  6.95157e-10
17530.0  6.94626e-10
17535.0  6.94097e-10
17540.0  6.93568e-10
17545.0  6.93038e-10
17550.0  6.92508e-10
17555.0  6.91978e-10
17560.0  6.9145e-10
17565.0  6.90919e-10
17570.0  6.9039e-10
17575.0  6.8986e-10
17580.0  6.89333e-10
17585.0  6.88803e-10
17590.0  6.88275e-10
17595.0  6.87748e-10
17600.0  6.87219e-10
17605.0  6.86691e-10
17610.0  6.86163e-10
17615.0  6.85636e-10
17620.0  6.8511e-10
17625.0  6.84582e-10
17630.0  6.84055e-10
17635.0  6.83526e-10
17640.0  6.82999e-10
17645.0  6.82474e-10
17650.0  6.8195e-10
17655.0  6.81422e-10
17660.0  6.80896e-10
17665.0  6.80372e-10
17670.0  6.79846e-10
17675.0  6.79321e-10
17680.0  6.78794e-10
17685.0  6.7827e-10
17690.0  6.77747e-10
17695.0  6.7722e-10
17700.0  6.76696e-10
17705.0  6.76174e-10
17710.0  6.7565e-10
17715.0  6.75126e-10
17720.0  6.74602e-10
17725.0  6.74079e-10
17730.0  6.73556e-10
17735.0  6.73033e-10
17740.0  6.7251e-10
17745.0  6.7199e-10
17750.0  6.71466e-10
17755.0  6.70943e-10
17760.0  6.70422e-10
17765.0  6.699e-10
17770.0  6.6938e-10
17775.0  6.68857e-10
17780.0  6.68337e-10
17785.0  6.67814e-10
17790.0  6.67294e-10
17795.0  6.66774e-10
17800.0  6.66254e-10
17805.0  6.65734e-10
17810.0  6.65215e-10
17815.0  6.64696e-10
17820.0  6.64176e-10
17825.0  6.63656e-10
17830.0  6.63137e-10
17835.0  6.62618e-10
17840.0  6.62098e-10
17845.0  6.61577e-10
17850.0  6.61062e-10
17855.0  6.60543e-10
17860.0  6.60026e-10
17865.0  6.59508e-10
17870.0  6.58992e-10
17875.0  6.58471e-10
17880.0  6.57955e-10
17885.0  6.57439e-10
17890.0  6.56921e-10
17895.0  6.56405e-10
17900.0  6.55889e-10
17905.0  6.55373e-10
17910.0  6.54856e-10
17915.0  6.54341e-10
17920.0  6.53824e-10
17925.0  6.53308e-10
17930.0  6.52793e-10
17935.0  6.5228e-10
17940.0  6.51764e-10
17945.0  6.51249e-10
17950.0  6.50737e-10
17955.0  6.5022e-10
17960.0  6.49704e-10
17965.0  6.49192e-10
17970.0  6.48679e-10
17975.0  6.48166e-10
17980.0  6.47652e-10
17985.0  6.47139e-10
17990.0  6.46627e-10
17995.0  6.46111e-10
18000.0  6.456e-10
18005.0  6.45088e-10
18010.0  6.44575e-10
18015.0  6.44063e-10
18020.0  6.43555e-10
18025.0  6.43043e-10
18030.0  6.4253e-10
18035.0  6.42019e-10
18040.0  6.4151e-10
18045.0  6.40998e-10
18050.0  6.40486e-10
18055.0  6.39976e-10
18060.0  6.39466e-10
18065.0  6.38955e-10
18070.0  6.38447e-10
18075.0  6.37936e-10
18080.0  6.37427e-10
18085.0  6.36918e-10
18090.0  6.3641e-10
18095.0  6.35902e-10
18100.0  6.35393e-10
18105.0  6.34885e-10
18110.0  6.34376e-10
18115.0  6.33868e-10
18120.0  6.33359e-10
18125.0  6.32851e-10
18130.0  6.32345e-10
18135.0  6.31838e-10
18140.0  6.31333e-10
18145.0  6.30826e-10
18150.0  6.30319e-10
18155.0  6.29813e-10
18160.0  6.29305e-10
18165.0  6.28799e-10
18170.0  6.28294e-10
18175.0  6.27789e-10
18180.0  6.27285e-10
18185.0  6.2678e-10
18190.0  6.26276e-10
18195.0  6.25771e-10
18200.0  6.25266e-10
18205.0  6.24762e-10
18210.0  6.24256e-10
18215.0  6.2375e-10
18220.0  6.23247e-10
18225.0  6.22746e-10
18230.0  6.22242e-10
18235.0  6.2174e-10
18240.0  6.21235e-10
18245.0  6.20733e-10
18250.0  6.20231e-10
18255.0  6.19729e-10
18260.0  6.19228e-10
18265.0  6.18723e-10
18270.0  6.18222e-10
18275.0  6.17721e-10
18280.0  6.17221e-10
18285.0  6.1672e-10
18290.0  6.16219e-10
18295.0  6.15717e-10
18300.0  6.15215e-10
18305.0  6.14716e-10
18310.0  6.14218e-10
18315.0  6.13717e-10
18320.0  6.13217e-10
18325.0  6.12718e-10
18330.0  6.12219e-10
18335.0  6.1172e-10
18340.0  6.11221e-10
18345.0  6.10723e-10
18350.0  6.10225e-10
18355.0  6.09724e-10
18360.0  6.09227e-10
18365.0  6.08731e-10
18370.0  6.08233e-10
18375.0  6.07735e-10
18380.0  6.07239e-10
18385.0  6.06741e-10
18390.0  6.06243e-10
18395.0  6.05746e-10
18400.0  6.05251e-10
18405.0  6.04756e-10
18410.0  6.04259e-10
18415.0  6.03761e-10
18420.0  6.03268e-10
18425.0  6.02771e-10
18430.0  6.02277e-10
18435.0  6.01783e-10
18440.0  6.01287e-10
18445.0  6.00793e-10
18450.0  6.003e-10
18455.0  5.99806e-10
18460.0  5.99309e-10
18465.0  5.98815e-10
18470.0  5.98321e-10
18475.0  5.97829e-10
18480.0  5.97337e-10
18485.0  5.96844e-10
18490.0  5.96351e-10
18495.0  5.95858e-10
18500.0  5.95367e-10
18505.0  5.94875e-10
18510.0  5.94382e-10
18515.0  5.93892e-10
18520.0  5.93401e-10
18525.0  5.92908e-10
18530.0  5.92419e-10
18535.0  5.91928e-10
18540.0  5.91436e-10
18545.0  5.90946e-10
18550.0  5.90456e-10
18555.0  5.89965e-10
18560.0  5.89477e-10
18565.0  5.88986e-10
18570.0  5.88497e-10
18575.0  5.88007e-10
18580.0  5.87521e-10
18585.0  5.87031e-10
18590.0  5.86542e-10
18595.0  5.86054e-10
18600.0  5.85566e-10
18605.0  5.85079e-10
18610.0  5.8459e-10
18615.0  5.84104e-10
18620.0  5.83614e-10
18625.0  5.83129e-10
18630.0  5.82642e-10
18635.0  5.82156e-10
18640.0  5.8167e-10
18645.0  5.81184e-10
18650.0  5.80698e-10
18655.0  5.80213e-10
18660.0  5.79726e-10
18665.0  5.7924e-10
18670.0  5.78754e-10
18675.0  5.78271e-10
18680.0  5.77786e-10
18685.0  5.773e-10
18690.0  5.76817e-10
18695.0  5.76332e-10
18700.0  5.7585e-10
18705.0  5.75366e-10
18710.0  5.74881e-10
18715.0  5.74398e-10
18720.0  5.73916e-10
18725.0  5.73433e-10
18730.0  5.72951e-10
18735.0  5.7247e-10
18740.0  5.71987e-10
18745.0  5.71506e-10
18750.0  5.71023e-10
18755.0  5.70541e-10
18760.0  5.70058e-10
18765.0  5.69578e-10
18770.0  5.69098e-10
18775.0  5.68615e-10
18780.0  5.68138e-10
18785.0  5.67657e-10
18790.0  5.67176e-10
18795.0  5.66696e-10
18800.0  5.66216e-10
18805.0  5.65736e-10
18810.0  5.65258e-10
18815.0  5.64779e-10
18820.0  5.64301e-10
18825.0  5.63822e-10
18830.0  5.63345e-10
18835.0  5.62865e-10
18840.0  5.62387e-10
18845.0  5.61908e-10
18850.0  5.61433e-10
18855.0  5.60955e-10
18860.0  5.6048e-10
18865.0  5.60002e-10
18870.0  5.59527e-10
18875.0  5.59048e-10
18880.0  5.58574e-10
18885.0  5.58096e-10
18890.0  5.57621e-10
18895.0  5.57145e-10
18900.0  5.56671e-10
18905.0  5.56196e-10
18910.0  5.55721e-10
18915.0  5.55245e-10
18920.0  5.54771e-10
18925.0  5.54296e-10
18930.0  5.53822e-10
18935.0  5.53347e-10
18940.0  5.52876e-10
18945.0  5.52401e-10
18950.0  5.5193e-10
18955.0  5.51455e-10
18960.0  5.50984e-10
18965.0  5.5051e-10
18970.0  5.50038e-10
18975.0  5.49567e-10
18980.0  5.49094e-10
18985.0  5.48622e-10
18990.0  5.4815e-10
18995.0  5.4768e-10
19000.0  5.47208e-10
19005.0  5.46737e-10
19010.0  5.46267e-10
19015.0  5.45798e-10
19020.0  5.45328e-10
19025.0  5.44857e-10
19030.0  5.44389e-10
19035.0  5.43919e-10
19040.0  5.43448e-10
19045.0  5.4298e-10
19050.0  5.42512e-10
19055.0  5.42042e-10
19060.0  5.41575e-10
19065.0  5.41108e-10
19070.0  5.40639e-10
19075.0  5.40169e-10
19080.0  5.39702e-10
19085.0  5.39234e-10
19090.0  5.38767e-10
19095.0  5.38303e-10
19100.0  5.37836e-10
19105.0  5.37368e-10
19110.0  5.36902e-10
19115.0  5.36437e-10
19120.0  5.3597e-10
19125.0  5.35506e-10
19130.0  5.3504e-10
19135.0  5.34575e-10
19140.0  5.34109e-10
19145.0  5.33644e-10
19150.0  5.33181e-10
19155.0  5.32718e-10
19160.0  5.32254e-10
19165.0  5.31788e-10
19170.0  5.31323e-10
19175.0  5.30862e-10
19180.0  5.30399e-10
19185.0  5.29936e-10
19190.0  5.29473e-10
19195.0  5.2901e-10
19200.0  5.28549e-10
19205.0  5.28086e-10
19210.0  5.27625e-10
19215.0  5.27162e-10
19220.0  5.26701e-10
19225.0  5.26238e-10
19230.0  5.25779e-10
19235.0  5.25319e-10
19240.0  5.24859e-10
19245.0  5.24399e-10
19250.0  5.23939e-10
19255.0  5.2348e-10
19260.0  5.2302e-10
19265.0  5.22561e-10
19270.0  5.221e-10
19275.0  5.2164e-10
19280.0  5.21183e-10
19285.0  5.20724e-10
19290.0  5.20265e-10
19295.0  5.19808e-10
19300.0  5.19348e-10
19305.0  5.18892e-10
19310.0  5.18436e-10
19315.0  5.17977e-10
19320.0  5.17521e-10
19325.0  5.17064e-10
19330.0  5.16609e-10
19335.0  5.16152e-10
19340.0  5.15696e-10
19345.0  5.15241e-10
19350.0  5.14783e-10
19355.0  5.14328e-10
19360.0  5.13875e-10
19365.0  5.1342e-10
19370.0  5.12963e-10
19375.0  5.12511e-10
19380.0  5.12055e-10
19385.0  5.11602e-10
19390.0  5.11149e-10
19395.0  5.10694e-10
19400.0  5.10242e-10
19405.0  5.09789e-10
19410.0  5.09337e-10
19415.0  5.08884e-10
19420.0  5.08432e-10
19425.0  5.07979e-10
19430.0  5.07527e-10
19435.0  5.07076e-10
19440.0  5.06622e-10
19445.0  5.06171e-10
19450.0  5.05721e-10
19455.0  5.05269e-10
19460.0  5.04821e-10
19465.0  5.04369e-10
19470.0  5.0392e-10
19475.0  5.03467e-10
19480.0  5.03018e-10
19485.0  5.0257e-10
19490.0  5.02121e-10
19495.0  5.01672e-10
19500.0  5.01221e-10
19505.0  5.00772e-10
19510.0  5.00326e-10
19515.0  4.99877e-10
19520.0  4.9943e-10
19525.0  4.98981e-10
19530.0  4.98533e-10
19535.0  4.98087e-10
19540.0  4.9764e-10
19545.0  4.97193e-10
19550.0  4.96745e-10
19555.0  4.963e-10
19560.0  4.95855e-10
19565.0  4.95407e-10
19570.0  4.94962e-10
19575.0  4.94518e-10
19580.0  4.94072e-10
19585.0  4.93627e-10
19590.0  4.93183e-10
19595.0  4.92738e-10
19600.0  4.92293e-10
19605.0  4.91848e-10
19610.0  4.91406e-10
19615.0  4.90963e-10
19620.0  4.90521e-10
19625.0  4.90076e-10
19630.0  4.89634e-10
19635.0  4.8919e-10
19640.0  4.88748e-10
19645.0  4.88306e-10
19650.0  4.87863e-10
19655.0  4.8742e-10
19660.0  4.8698e-10
19665.0  4.86539e-10
19670.0  4.86097e-10
19675.0  4.85657e-10
19680.0  4.85215e-10
19685.0  4.84774e-10
19690.0  4.84336e-10
19695.0  4.83896e-10
19700.0  4.83458e-10
19705.0  4.83017e-10
19710.0  4.82577e-10
19715.0  4.82139e-10
19720.0  4.817e-10
19725.0  4.8126e-10
19730.0  4.80823e-10
19735.0  4.80386e-10
19740.0  4.79948e-10
19745.0  4.7951e-10
19750.0  4.79073e-10
19755.0  4.78635e-10
19760.0  4.78198e-10
19765.0  4.77762e-10
19770.0  4.77326e-10
19775.0  4.7689e-10
19780.0  4.76452e-10
19785.0  4.76018e-10
19790.0  4.75582e-10
19795.0  4.75148e-10
19800.0  4.7471e-10
19805.0  4.74277e-10
19810.0  4.73843e-10
19815.0  4.73409e-10
19820.0  4.72976e-10
19825.0  4.72541e-10
19830.0  4.72108e-10
19835.0  4.71675e-10
19840.0  4.71241e-10
19845.0  4.70808e-10
19850.0  4.70373e-10
19855.0  4.69941e-10
19860.0  4.69509e-10
19865.0  4.69077e-10
19870.0  4.68646e-10
19875.0  4.68213e-10
19880.0  4.67783e-10
19885.0  4.67352e-10
19890.0  4.6692e-10
19895.0  4.66489e-10
19900.0  4.6606e-10
19905.0  4.65629e-10
19910.0  4.65199e-10
19915.0  4.6477e-10
19920.0  4.6434e-10
19925.0  4.63913e-10
19930.0  4.63484e-10
19935.0  4.63054e-10
19940.0  4.62624e-10
19945.0  4.62197e-10
19950.0  4.61768e-10
19955.0  4.61341e-10
19960.0  4.60914e-10
19965.0  4.60485e-10
19970.0  4.60059e-10
19975.0  4.59633e-10
19980.0  4.59207e-10
19985.0  4.5878e-10
19990.0  4.58354e-10
19995.0  4.57928e-10
20000.0  4.57501e-10
20005.0  4.57075e-10
20010.0  4.56649e-10
20015.0  4.56226e-10
20020.0  4.558e-10
20025.0  4.55378e-10
20030.0  4.54953e-10
20035.0  4.54529e-10
20040.0  4.54103e-10
20045.0  4.53681e-10
20050.0  4.53258e-10
20055.0  4.52836e-10
20060.0  4.52413e-10
20065.0  4.51991e-10
20070.0  4.51569e-10
20075.0  4.51146e-10
20080.0  4.50724e-10
20085.0  4.50301e-10
20090.0  4.4988e-10
20095.0  4.49459e-10
20100.0  4.49037e-10
20105.0  4.48618e-10
20110.0  4.48197e-10
20115.0  4.47778e-10
20120.0  4.47356e-10
20125.0  4.46937e-10
20130.0  4.46518e-10
20135.0  4.46099e-10
20140.0  4.4568e-10
20145.0  4.45262e-10
20150.0  4.44844e-10
20155.0  4.44424e-10
20160.0  4.44005e-10
20165.0  4.43587e-10
20170.0  4.43171e-10
20175.0  4.42753e-10
20180.0  4.42335e-10
20185.0  4.41919e-10
20190.0  4.41501e-10
20195.0  4.41086e-10
20200.0  4.4067e-10
20205.0  4.40252e-10
20210.0  4.39837e-10
20215.0  4.39422e-10
20220.0  4.39006e-10
20225.0  4.38592e-10
20230.0  4.38178e-10
20235.0  4.37763e-10
20240.0  4.37348e-10
20245.0  4.36936e-10
20250.0  4.36521e-10
20255.0  4.36106e-10
20260.0  4.35694e-10
20265.0  4.3528e-10
20270.0  4.34868e-10
20275.0  4.34457e-10
20280.0  4.34043e-10
20285.0  4.33631e-10
20290.0  4.3322e-10
20295.0  4.32808e-10
20300.0  4.32397e-10
20305.0  4.31986e-10
20310.0  4.31575e-10
20315.0  4.31164e-10
20320.0  4.30753e-10
20325.0  4.30344e-10
20330.0  4.29934e-10
20335.0  4.29526e-10
20340.0  4.29115e-10
20345.0  4.28707e-10
20350.0  4.28296e-10
20355.0  4.27889e-10
20360.0  4.27481e-10
20365.0  4.27073e-10
20370.0  4.26662e-10
20375.0  4.26254e-10
20380.0  4.25847e-10
20385.0  4.2544e-10
20390.0  4.25036e-10
20395.0  4.24628e-10
20400.0  4.24221e-10
20405.0  4.23814e-10
20410.0  4.2341e-10
20415.0  4.23003e-10
20420.0  4.22598e-10
20425.0  4.22192e-10
20430.0  4.21787e-10
20435.0  4.21384e-10
20440.0  4.20979e-10
20445.0  4.20573e-10
20450.0  4.20168e-10
20455.0  4.19765e-10
20460.0  4.19361e-10
20465.0  4.18961e-10
20470.0  4.18557e-10
20475.0  4.18154e-10
20480.0  4.1775e-10
20485.0  4.17349e-10
20490.0  4.16947e-10
20495.0  4.16546e-10
20500.0  4.16142e-10
20505.0  4.15742e-10
20510.0  4.15342e-10
20515.0  4.14939e-10
20520.0  4.14538e-10
20525.0  4.14138e-10
20530.0  4.13739e-10
20535.0  4.13339e-10
20540.0  4.12939e-10
20545.0  4.12541e-10
20550.0  4.12142e-10
20555.0  4.11742e-10
20560.0  4.11342e-10
20565.0  4.10945e-10
20570.0  4.10546e-10
20575.0  4.1015e-10
20580.0  4.09753e-10
20585.0  4.09353e-10
20590.0  4.08956e-10
20595.0  4.0856e-10
20600.0  4.08164e-10
20605.0  4.07768e-10
20610.0  4.07371e-10
20615.0  4.06975e-10
20620.0  4.06579e-10
20625.0  4.06183e-10
20630.0  4.0579e-10
20635.0  4.05394e-10
20640.0  4.04997e-10
20645.0  4.04605e-10
20650.0  4.04209e-10
20655.0  4.03817e-10
20660.0  4.03424e-10
20665.0  4.0303e-10
20670.0  4.02635e-10
20675.0  4.02242e-10
20680.0  4.01849e-10
20685.0  4.01457e-10
20690.0  4.01065e-10
20695.0  4.00676e-10
20700.0  4.00283e-10
20705.0  3.99891e-10
20710.0  3.99499e-10
20715.0  3.99108e-10
20720.0  3.98717e-10
20725.0  3.98328e-10
20730.0  3.97938e-10
20735.0  3.97548e-10
20740.0  3.97158e-10
20745.0  3.96769e-10
20750.0  3.9638e-10
20755.0  3.95992e-10
20760.0  3.95603e-10
20765.0  3.95214e-10
20770.0  3.94825e-10
20775.0  3.94436e-10
20780.0  3.9405e-10
20785.0  3.93662e-10
20790.0  3.93274e-10
20795.0  3.92888e-10
20800.0  3.92502e-10
20805.0  3.92115e-10
20810.0  3.91729e-10
20815.0  3.91343e-10
20820.0  3.90956e-10
20825.0  3.9057e-10
20830.0  3.90185e-10
20835.0  3.898e-10
20840.0  3.89415e-10
20845.0  3.89033e-10
20850.0  3.88648e-10
20855.0  3.88264e-10
20860.0  3.87882e-10
20865.0  3.87498e-10
20870.0  3.87116e-10
20875.0  3.86731e-10
20880.0  3.8635e-10
20885.0  3.85968e-10
20890.0  3.85583e-10
20895.0  3.85202e-10
20900.0  3.84821e-10
20905.0  3.84439e-10
20910.0  3.84058e-10
20915.0  3.83676e-10
20920.0  3.83296e-10
20925.0  3.82917e-10
20930.0  3.82536e-10
20935.0  3.82155e-10
20940.0  3.81776e-10
20945.0  3.81396e-10
20950.0  3.81019e-10
20955.0  3.8064e-10
20960.0  3.8026e-10
20965.0  3.79881e-10
20970.0  3.79504e-10
20975.0  3.79127e-10
20980.0  3.78749e-10
20985.0  3.78371e-10
20990.0  3.77995e-10
20995.0  3.77619e-10
21000.0  3.77243e-10
21005.0  3.76866e-10
21010.0  3.7649e-10
21015.0  3.76114e-10
21020.0  3.75739e-10
21025.0  3.75362e-10
21030.0  3.74988e-10
21035.0  3.74614e-10
21040.0  3.7424e-10
21045.0  3.73863e-10
21050.0  3.73488e-10
21055.0  3.73115e-10
21060.0  3.72745e-10
21065.0  3.72372e-10
21070.0  3.71997e-10
21075.0  3.71624e-10
21080.0  3.71252e-10
21085.0  3.70879e-10
21090.0  3.70509e-10
21095.0  3.70136e-10
21100.0  3.69765e-10
21105.0  3.69395e-10
21110.0  3.69022e-10
21115.0  3.68651e-10
21120.0  3.68281e-10
21125.0  3.67911e-10
21130.0  3.67541e-10
21135.0  3.67171e-10
21140.0  3.66804e-10
21145.0  3.66435e-10
21150.0  3.66064e-10
21155.0  3.65698e-10
21160.0  3.65328e-10
21165.0  3.64961e-10
21170.0  3.64591e-10
21175.0  3.64225e-10
21180.0  3.63858e-10
21185.0  3.63489e-10
21190.0  3.63122e-10
21195.0  3.62756e-10
21200.0  3.62389e-10
21205.0  3.62024e-10
21210.0  3.6166e-10
21215.0  3.61294e-10
21220.0  3.60928e-10
21225.0  3.60565e-10
21230.0  3.60199e-10
21235.0  3.59836e-10
21240.0  3.5947e-10
21245.0  3.59107e-10
21250.0  3.58744e-10
21255.0  3.58378e-10
21260.0  3.58015e-10
21265.0  3.57653e-10
21270.0  3.5729e-10
21275.0  3.56927e-10
21280.0  3.56565e-10
21285.0  3.56205e-10
21290.0  3.55843e-10
21295.0  3.55481e-10
21300.0  3.55121e-10
21305.0  3.54759e-10
21310.0  3.544e-10
21315.0  3.54038e-10
21320.0  3.53679e-10
21325.0  3.5332e-10
21330.0  3.52961e-10
21335.0  3.52601e-10
21340.0  3.52243e-10
21345.0  3.51884e-10
21350.0  3.51525e-10
21355.0  3.51166e-10
21360.0  3.50806e-10
21365.0  3.50449e-10
21370.0  3.50092e-10
21375.0  3.49735e-10
21380.0  3.49379e-10
21385.0  3.49024e-10
21390.0  3.48665e-10
21395.0  3.4831e-10
21400.0  3.47954e-10
21405.0  3.47599e-10
21410.0  3.47244e-10
21415.0  3.46889e-10
21420.0  3.46534e-10
21425.0  3.46179e-10
21430.0  3.45824e-10
21435.0  3.45472e-10
21440.0  3.45117e-10
21445.0  3.44762e-10
21450.0  3.4441e-10
21455.0  3.44055e-10
21460.0  3.43704e-10
21465.0  3.43353e-10
21470.0  3.43001e-10
21475.0  3.42649e-10
21480.0  3.42298e-10
21485.0  3.41947e-10
21490.0  3.41596e-10
21495.0  3.41244e-10
21500.0  3.40893e-10
21505.0  3.40542e-10
21510.0  3.40193e-10
21515.0  3.39842e-10
21520.0  3.39494e-10
21525.0  3.39143e-10
21530.0  3.38795e-10
21535.0  3.38448e-10
21540.0  3.381e-10
21545.0  3.37749e-10
21550.0  3.37401e-10
21555.0  3.37053e-10
21560.0  3.36705e-10
21565.0  3.36361e-10
21570.0  3.36014e-10
21575.0  3.35666e-10
21580.0  3.35319e-10
21585.0  3.34974e-10
21590.0  3.34627e-10
21595.0  3.34283e-10
21600.0  3.33939e-10
21605.0  3.33592e-10
21610.0  3.33247e-10
21615.0  3.32904e-10
21620.0  3.32559e-10
21625.0  3.32216e-10
21630.0  3.31871e-10
21635.0  3.31528e-10
21640.0  3.31187e-10
21645.0  3.30844e-10
21650.0  3.305e-10
21655.0  3.30158e-10
21660.0  3.29816e-10
21665.0  3.29474e-10
21670.0  3.29131e-10
21675.0  3.28791e-10
21680.0  3.28451e-10
21685.0  3.2811e-10
21690.0  3.2777e-10
21695.0  3.2743e-10
21700.0  3.2709e-10
21705.0  3.2675e-10
21710.0  3.2641e-10
21715.0  3.26072e-10
21720.0  3.25733e-10
21725.0  3.25393e-10
21730.0  3.25055e-10
21735.0  3.24716e-10
21740.0  3.2438e-10
21745.0  3.24042e-10
21750.0  3.23706e-10
21755.0  3.2337e-10
21760.0  3.23033e-10
21765.0  3.22697e-10
21770.0  3.2236e-10
21775.0  3.22024e-10
21780.0  3.21688e-10
21785.0  3.21352e-10
21790.0  3.21017e-10
21795.0  3.20683e-10
21800.0  3.20349e-10
21805.0  3.20014e-10
21810.0  3.1968e-10
21815.0  3.19348e-10
21820.0  3.19014e-10
21825.0  3.18678e-10
21830.0  3.18346e-10
21835.0  3.18013e-10
21840.0  3.17683e-10
21845.0  3.17351e-10
21850.0  3.17018e-10
21855.0  3.16686e-10
21860.0  3.16356e-10
21865.0  3.16024e-10
21870.0  3.15694e-10
21875.0  3.15362e-10
21880.0  3.15032e-10
21885.0  3.14704e-10
21890.0  3.14374e-10
21895.0  3.14046e-10
21900.0  3.13717e-10
21905.0  3.13388e-10
21910.0  3.13059e-10
21915.0  3.1273e-10
21920.0  3.12402e-10
21925.0  3.12076e-10
21930.0  3.11747e-10
21935.0  3.11418e-10
21940.0  3.11092e-10
21945.0  3.10766e-10
21950.0  3.10438e-10
21955.0  3.10113e-10
21960.0  3.09788e-10
21965.0  3.09462e-10
21970.0  3.09137e-10
21975.0  3.08812e-10
21980.0  3.08487e-10
21985.0  3.08162e-10
21990.0  3.0784e-10
21995.0  3.07515e-10
22000.0  3.0719e-10
22005.0  3.06868e-10
22010.0  3.06546e-10
22015.0  3.06222e-10
22020.0  3.05899e-10
22025.0  3.05578e-10
22030.0  3.05256e-10
22035.0  3.04932e-10
22040.0  3.0461e-10
22045.0  3.04292e-10
22050.0  3.03971e-10
22055.0  3.03649e-10
22060.0  3.03328e-10
22065.0  3.03009e-10
22070.0  3.02689e-10
22075.0  3.0237e-10
22080.0  3.02049e-10
22085.0  3.0173e-10
22090.0  3.0141e-10
22095.0  3.01092e-10
22100.0  3.00774e-10
22105.0  3.00456e-10
22110.0  3.00139e-10
22115.0  2.99821e-10
22120.0  2.99503e-10
22125.0  2.99189e-10
22130.0  2.98871e-10
22135.0  2.98554e-10
22140.0  2.98239e-10
22145.0  2.97922e-10
22150.0  2.97607e-10
22155.0  2.9729e-10
22160.0  2.96976e-10
22165.0  2.96662e-10
22170.0  2.96348e-10
22175.0  2.96034e-10
22180.0  2.9572e-10
22185.0  2.95406e-10
22190.0  2.95091e-10
22195.0  2.94778e-10
22200.0  2.94464e-10
22205.0  2.94153e-10
22210.0  2.9384e-10
22215.0  2.93529e-10
22220.0  2.93215e-10
22225.0  2.92904e-10
22230.0  2.92594e-10
22235.0  2.92281e-10
22240.0  2.91969e-10
22245.0  2.9166e-10
22250.0  2.91349e-10
22255.0  2.91039e-10
22260.0  2.90729e-10
22265.0  2.90421e-10
22270.0  2.90111e-10
22275.0  2.89802e-10
22280.0  2.89495e-10
22285.0  2.89186e-10
22290.0  2.88878e-10
22295.0  2.88568e-10
22300.0  2.88261e-10
22305.0  2.87955e-10
22310.0  2.87648e-10
22315.0  2.87342e-10
22320.0  2.87035e-10
22325.0  2.86728e-10
22330.0  2.86422e-10
22335.0  2.86116e-10
22340.0  2.85809e-10
22345.0  2.85505e-10
22350.0  2.852e-10
22355.0  2.84894e-10
22360.0  2.8459e-10
22365.0  2.84286e-10
22370.0  2.8398e-10
22375.0  2.83678e-10
22380.0  2.83375e-10
22385.0  2.83072e-10
22390.0  2.82769e-10
22395.0  2.82467e-10
22400.0  2.82164e-10
22405.0  2.81861e-10
22410.0  2.81558e-10
22415.0  2.81258e-10
22420.0  2.80956e-10
22425.0  2.80654e-10
22430.0  2.80354e-10
22435.0  2.80055e-10
22440.0  2.79752e-10
22445.0  2.79453e-10
22450.0  2.79154e-10
22455.0  2.78855e-10
22460.0  2.78556e-10
22465.0  2.78257e-10
22470.0  2.77958e-10
22475.0  2.77659e-10
22480.0  2.77359e-10
22485.0  2.77061e-10
22490.0  2.76765e-10
22495.0  2.76466e-10
22500.0  2.7617e-10
22505.0  2.75872e-10
22510.0  2.75576e-10
22515.0  2.75278e-10
22520.0  2.74982e-10
22525.0  2.74686e-10
22530.0  2.74391e-10
22535.0  2.74096e-10
22540.0  2.73801e-10
22545.0  2.73505e-10
22550.0  2.7321e-10
22555.0  2.72917e-10
22560.0  2.72623e-10
22565.0  2.72327e-10
22570.0  2.72036e-10
22575.0  2.71741e-10
22580.0  2.71449e-10
22585.0  2.71156e-10
22590.0  2.70862e-10
22595.0  2.7057e-10
22600.0  2.70279e-10
22605.0  2.69987e-10
22610.0  2.69695e-10
22615.0  2.69404e-10
22620.0  2.69112e-10
22625.0  2.68821e-10
22630.0  2.68532e-10
22635.0  2.68241e-10
22640.0  2.6795e-10
22645.0  2.67661e-10
22650.0  2.67371e-10
22655.0  2.67082e-10
22660.0  2.66795e-10
22665.0  2.66506e-10
22670.0  2.66215e-10
22675.0  2.65927e-10
22680.0  2.6564e-10
22685.0  2.65351e-10
22690.0  2.65064e-10
22695.0  2.64779e-10
22700.0  2.64491e-10
22705.0  2.64204e-10
22710.0  2.63916e-10
22715.0  2.63631e-10
22720.0  2.63344e-10
22725.0  2.6306e-10
22730.0  2.62775e-10
22735.0  2.62488e-10
22740.0  2.62203e-10
22745.0  2.61919e-10
22750.0  2.61635e-10
22755.0  2.61351e-10
22760.0  2.61067e-10
22765.0  2.60783e-10
22770.0  2.60498e-10
22775.0  2.60215e-10
22780.0  2.59934e-10
22785.0  2.59651e-10
22790.0  2.59369e-10
22795.0  2.59086e-10
22800.0  2.58805e-10
22805.0  2.58522e-10
22810.0  2.5824e-10
22815.0  2.5796e-10
22820.0  2.5768e-10
22825.0  2.574e-10
22830.0  2.57119e-10
22835.0  2.56838e-10
22840.0  2.56558e-10
22845.0  2.56277e-10
22850.0  2.55998e-10
22855.0  2.5572e-10
22860.0  2.55441e-10
22865.0  2.55164e-10
22870.0  2.54884e-10
22875.0  2.54606e-10
22880.0  2.54327e-10
22885.0  2.5405e-10
22890.0  2.53773e-10
22895.0  2.53496e-10
22900.0  2.5322e-10
22905.0  2.52943e-10
22910.0  2.52666e-10
22915.0  2.5239e-10
22920.0  2.52114e-10
22925.0  2.5184e-10
22930.0  2.51564e-10
22935.0  2.51287e-10
22940.0  2.51013e-10
22945.0  2.50738e-10
22950.0  2.50464e-10
22955.0  2.50191e-10
22960.0  2.49915e-10
22965.0  2.49642e-10
22970.0  2.49369e-10
22975.0  2.49096e-10
22980.0  2.48823e-10
22985.0  2.4855e-10
22990.0  2.48277e-10
22995.0  2.48005e-10
23000.0  2.47735e-10
23005.0  2.47462e-10
23010.0  2.4719e-10
23015.0  2.4692e-10
23020.0  2.46648e-10
23025.0  2.46378e-10
23030.0  2.46108e-10
23035.0  2.45836e-10
23040.0  2.45566e-10
23045.0  2.45298e-10
23050.0  2.45029e-10
23055.0  2.44759e-10
23060.0  2.4449e-10
23065.0  2.44221e-10
23070.0  2.43952e-10
23075.0  2.43686e-10
23080.0  2.43417e-10
23085.0  2.43149e-10
23090.0  2.42882e-10
23095.0  2.42614e-10
23100.0  2.42348e-10
23105.0  2.42082e-10
23110.0  2.41813e-10
23115.0  2.41548e-10
23120.0  2.41282e-10
23125.0  2.41017e-10
23130.0  2.40752e-10
23135.0  2.40486e-10
23140.0  2.40221e-10
23145.0  2.39955e-10
23150.0  2.3969e-10
23155.0  2.39428e-10
23160.0  2.39163e-10
23165.0  2.38901e-10
23170.0  2.38636e-10
23175.0  2.38374e-10
23180.0  2.38109e-10
23185.0  2.37847e-10
23190.0  2.37585e-10
23195.0  2.37323e-10
23200.0  2.37059e-10
23205.0  2.36796e-10
23210.0  2.36535e-10
23215.0  2.36276e-10
23220.0  2.36014e-10
23225.0  2.35753e-10
23230.0  2.35492e-10
23235.0  2.35233e-10
23240.0  2.34972e-10
23245.0  2.34714e-10
23250.0  2.34452e-10
23255.0  2.34193e-10
23260.0  2.33933e-10
23265.0  2.33675e-10
23270.0  2.33417e-10
23275.0  2.33159e-10
23280.0  2.32901e-10
23285.0  2.32643e-10
23290.0  2.32385e-10
23295.0  2.32126e-10
23300.0  2.31869e-10
23305.0  2.31611e-10
23310.0  2.31356e-10
23315.0  2.31099e-10
23320.0  2.30844e-10
23325.0  2.30587e-10
23330.0  2.30332e-10
23335.0  2.30075e-10
23340.0  2.2982e-10
23345.0  2.29566e-10
23350.0  2.29312e-10
23355.0  2.29058e-10
23360.0  2.28803e-10
23365.0  2.28549e-10
23370.0  2.28294e-10
23375.0  2.2804e-10
23380.0  2.27786e-10
23385.0  2.27533e-10
23390.0  2.27281e-10
23395.0  2.27027e-10
23400.0  2.26777e-10
23405.0  2.26523e-10
23410.0  2.26271e-10
23415.0  2.26019e-10
23420.0  2.25767e-10
23425.0  2.25517e-10
23430.0  2.25267e-10
23435.0  2.25016e-10
23440.0  2.24765e-10
23445.0  2.24515e-10
23450.0  2.24264e-10
23455.0  2.24014e-10
23460.0  2.23764e-10
23465.0  2.23516e-10
23470.0  2.23267e-10
23475.0  2.23019e-10
23480.0  2.2277e-10
23485.0  2.22522e-10
23490.0  2.22272e-10
23495.0  2.22025e-10
23500.0  2.21778e-10
23505.0  2.21532e-10
23510.0  2.21282e-10
23515.0  2.21035e-10
23520.0  2.20788e-10
23525.0  2.20544e-10
23530.0  2.20298e-10
23535.0  2.20051e-10
23540.0  2.19804e-10
23545.0  2.19558e-10
23550.0  2.19314e-10
23555.0  2.19069e-10
23560.0  2.18824e-10
23565.0  2.18579e-10
23570.0  2.18336e-10
23575.0  2.18092e-10
23580.0  2.17849e-10
23585.0  2.17603e-10
23590.0  2.1736e-10
23595.0  2.17117e-10
23600.0  2.16874e-10
23605.0  2.16631e-10
23610.0  2.16388e-10
23615.0  2.16147e-10
23620.0  2.15905e-10
23625.0  2.15662e-10
23630.0  2.15422e-10
23635.0  2.1518e-10
23640.0  2.1494e-10
23645.0  2.14698e-10
23650.0  2.14458e-10
23655.0  2.14219e-10
23660.0  2.13976e-10
23665.0  2.13737e-10
23670.0  2.13498e-10
23675.0  2.13258e-10
23680.0  2.13019e-10
23685.0  2.1278e-10
23690.0  2.12541e-10
23695.0  2.12304e-10
23700.0  2.12066e-10
23705.0  2.11827e-10
23710.0  2.11591e-10
23715.0  2.11352e-10
23720.0  2.11115e-10
23725.0  2.10878e-10
23730.0  2.10641e-10
23735.0  2.10406e-10
23740.0  2.10167e-10
23745.0  2.09931e-10
23750.0  2.09696e-10
23755.0  2.0946e-10
23760.0  2.09224e-10
23765.0  2.08989e-10
23770.0  2.08753e-10
23775.0  2.08518e-10
23780.0  2.08286e-10
23785.0  2.0805e-10
23790.0  2.07816e-10
23795.0  2.07583e-10
23800.0  2.07348e-10
23805.0  2.07116e-10
23810.0  2.06883e-10
23815.0  2.06649e-10
23820.0  2.06417e-10
23825.0  2.06185e-10
23830.0  2.05953e-10
23835.0  2.05721e-10
23840.0  2.05489e-10
23845.0  2.05258e-10
23850.0  2.05026e-10
23855.0  2.04794e-10
23860.0  2.04563e-10
23865.0  2.04334e-10
23870.0  2.04103e-10
23875.0  2.03874e-10
23880.0  2.03643e-10
23885.0  2.03414e-10
23890.0  2.03183e-10
23895.0  2.02955e-10
23900.0  2.02726e-10
23905.0  2.02496e-10
23910.0  2.02267e-10
23915.0  2.02039e-10
23920.0  2.01811e-10
23925.0  2.01583e-10
23930.0  2.01355e-10
23935.0  2.0113e-10
23940.0  2.00902e-10
23945.0  2.00674e-10
23950.0  2.00447e-10
23955.0  2.00222e-10
23960.0  1.99994e-10
23965.0  1.99769e-10
23970.0  1.99542e-10
23975.0  1.99317e-10
23980.0  1.99093e-10
23985.0  1.98868e-10
23990.0  1.98641e-10
23995.0  1.98416e-10
24000.0  1.98192e-10
24005.0  1.97968e-10
24010.0  1.97744e-10
24015.0  1.97522e-10
24020.0  1.97299e-10
24025.0  1.97074e-10
24030.0  1.9685e-10
24035.0  1.96629e-10
24040.0  1.96406e-10
24045.0  1.96184e-10
24050.0  1.95961e-10
24055.0  1.9574e-10
24060.0  1.95518e-10
24065.0  1.95295e-10
24070.0  1.95074e-10
24075.0  1.94853e-10
24080.0  1.94633e-10
24085.0  1.94412e-10
24090.0  1.94191e-10
24095.0  1.93971e-10
24100.0  1.93751e-10
24105.0  1.9353e-10
24110.0  1.93313e-10
24115.0  1.93093e-10
24120.0  1.92872e-10
24125.0  1.92655e-10
24130.0  1.92435e-10
24135.0  1.92218e-10
24140.0  1.92e-10
24145.0  1.91781e-10
24150.0  1.91563e-10
24155.0  1.91346e-10
24160.0  1.9113e-10
24165.0  1.90913e-10
24170.0  1.90696e-10
24175.0  1.90479e-10
24180.0  1.90263e-10
24185.0  1.90046e-10
24190.0  1.89829e-10
24195.0  1.89615e-10
24200.0  1.89399e-10
24205.0  1.89185e-10
24210.0  1.8897e-10
24215.0  1.88755e-10
24220.0  1.8854e-10
24225.0  1.88326e-10
24230.0  1.8811e-10
24235.0  1.87896e-10
24240.0  1.87683e-10
24245.0  1.8747e-10
24250.0  1.87256e-10
24255.0  1.87044e-10
24260.0  1.8683e-10
24265.0  1.86617e-10
24270.0  1.86405e-10
24275.0  1.86195e-10
24280.0  1.85982e-10
24285.0  1.85769e-10
24290.0  1.85559e-10
24295.0  1.85346e-10
24300.0  1.85136e-10
24305.0  1.84924e-10
24310.0  1.84714e-10
24315.0  1.84505e-10
24320.0  1.84292e-10
24325.0  1.84083e-10
24330.0  1.83873e-10
24335.0  1.83664e-10
24340.0  1.83455e-10
24345.0  1.83245e-10
24350.0  1.83036e-10
24355.0  1.8283e-10
24360.0  1.82621e-10
24365.0  1.82412e-10
24370.0  1.82205e-10
24375.0  1.81996e-10
24380.0  1.81788e-10
24385.0  1.81581e-10
24390.0  1.81375e-10
24395.0  1.81167e-10
24400.0  1.80961e-10
24405.0  1.80756e-10
24410.0  1.80549e-10
24415.0  1.80341e-10
24420.0  1.80135e-10
24425.0  1.79929e-10
24430.0  1.79724e-10
24435.0  1.79521e-10
24440.0  1.79316e-10
24445.0  1.7911e-10
24450.0  1.78905e-10
24455.0  1.78703e-10
24460.0  1.78497e-10
24465.0  1.78292e-10
24470.0  1.7809e-10
24475.0  1.77887e-10
24480.0  1.77683e-10
24485.0  1.7748e-10
24490.0  1.77278e-10
24495.0  1.77076e-10
24500.0  1.76871e-10
24505.0  1.76669e-10
24510.0  1.76467e-10
24515.0  1.76265e-10
24520.0  1.76064e-10
24525.0  1.75865e-10
24530.0  1.75663e-10
24535.0  1.75461e-10
24540.0  1.7526e-10
24545.0  1.75061e-10
24550.0  1.7486e-10
24555.0  1.74661e-10
24560.0  1.7446e-10
24565.0  1.74262e-10
24570.0  1.74063e-10
24575.0  1.73862e-10
24580.0  1.73663e-10
24585.0  1.73465e-10
24590.0  1.73267e-10
24595.0  1.73069e-10
24600.0  1.72871e-10
24605.0  1.72673e-10
24610.0  1.72474e-10
24615.0  1.72277e-10
24620.0  1.72081e-10
24625.0  1.71884e-10
24630.0  1.71686e-10
24635.0  1.71491e-10
24640.0  1.71293e-10
24645.0  1.71098e-10
24650.0  1.70901e-10
24655.0  1.70706e-10
24660.0  1.70511e-10
24665.0  1.70314e-10
24670.0  1.70119e-10
24675.0  1.69925e-10
24680.0  1.6973e-10
24685.0  1.69536e-10
24690.0  1.69342e-10
24695.0  1.69147e-10
24700.0  1.68953e-10
24705.0  1.68761e-10
24710.0  1.68568e-10
24715.0  1.68374e-10
24720.0  1.68182e-10
24725.0  1.67989e-10
24730.0  1.67797e-10
24735.0  1.67604e-10
24740.0  1.67412e-10
24745.0  1.67219e-10
24750.0  1.67027e-10
24755.0  1.66837e-10
24760.0  1.66646e-10
24765.0  1.66456e-10
24770.0  1.66265e-10
24775.0  1.66074e-10
24780.0  1.65883e-10
24785.0  1.65692e-10
24790.0  1.65502e-10
24795.0  1.65311e-10
24800.0  1.65121e-10
24805.0  1.64933e-10
24810.0  1.64743e-10
24815.0  1.64556e-10
24820.0  1.64366e-10
24825.0  1.64178e-10
24830.0  1.63988e-10
24835.0  1.63801e-10
24840.0  1.63613e-10
24845.0  1.63424e-10
24850.0  1.63237e-10
24855.0  1.63049e-10
24860.0  1.62862e-10
24865.0  1.62676e-10
24870.0  1.62489e-10
24875.0  1.62302e-10
24880.0  1.62118e-10
24885.0  1.61932e-10
24890.0  1.61745e-10
24895.0  1.61558e-10
24900.0  1.61374e-10
24905.0  1.61188e-10
24910.0  1.61004e-10
24915.0  1.60818e-10
24920.0  1.60634e-10
24925.0  1.60451e-10
24930.0  1.60265e-10
24935.0  1.60081e-10
24940.0  1.59898e-10
24945.0  1.59715e-10
24950.0  1.59531e-10
24955.0  1.59348e-10
24960.0  1.59165e-10
24965.0  1.58982e-10
24970.0  1.58799e-10
24975.0  1.58616e-10
24980.0  1.58436e-10
24985.0  1.58253e-10
24990.0  1.5807e-10
24995.0  1.38173e-10
25000.0  1.97323e-11
