# Extracted from file: pickles_uk_119.fits
#SIMPLETrueFits standard
#BITPIX16Bits per pixel
#NAXIS0Number of axes
#EXTENDTrueFile may contain extensions
#DATE2007-01-11T21:02:26Date FITS file was generated
#IRAF-TLM16:02:42 (11/01/2007)Time of last modification
#COMMENT  FITS (Flexible Image Transport System) format is defined in 'Astronomy
#COMMENT  and Astrophysics', volume 376, page 359; bibcode: 2001A&A...376..359H
#ORIGINSTScI-STSDAS/TABLESTables version 2002-02-22
#FILENAMEpickles_uk_119.fitsname of file
#NEXTEND1number of extensions in file
#COMMENT1spectral type: A0I
#COMMENT2metallicity: solar
#COMMENT3original filename: uka0i.dat
#HISTORY  File created by F.R.Boffi.
#HISTORY  SEDs from Pickles UVKLIB Library (1998, PASP 110, 863).
#HISTORY  Wavelength is in Angstrom.
#HISTORY  Fluxes are tabulated in units of erg/s/cm^2/A
#HISTORY  and were calculated by normalizing the original fluxes
#HISTORY  in the Pickles V band to a 0 magnitude in vegamag.
#HISTORY  In the vegamag system, Vega has magnitude zero in all passbands.
#HISTORY  Please refer to the SYNPHOT manual for further information.
#
#
#
#
#
#
#
#
#
#
#
#
#
#  
#Columns WAVELENGTH FLUX
#Units  angstroms flam
1150.0  1.47088e-09
1155.0  1.43849e-09
1160.0  7.61623e-10
1165.0  3.13064e-10
1170.0  3.55703e-10
1175.0  3.70791e-10
1180.0  2.79696e-10
1185.0  1.57592e-10
1190.0  2.03382e-11
1195.0  1.65553e-11
1200.0  1.16542e-10
1205.0  1.31335e-10
1210.0  8.92209e-11
1215.0  1.16187e-10
1220.0  1.65397e-10
1225.0  2.02147e-10
1230.0  2.87612e-10
1235.0  4.02346e-10
1240.0  5.32626e-10
1245.0  7.66814e-10
1250.0  8.92415e-10
1255.0  6.66631e-10
1260.0  5.80663e-10
1265.0  9.67781e-10
1270.0  1.26078e-09
1275.0  1.60672e-09
1280.0  2.01948e-09
1285.0  1.8973e-09
1290.0  1.64921e-09
1295.0  1.45604e-09
1300.0  1.11583e-09
1305.0  1.11973e-09
1310.0  1.86315e-09
1315.0  2.31328e-09
1320.0  2.40672e-09
1325.0  2.36106e-09
1330.0  2.35496e-09
1335.0  2.75807e-09
1340.0  3.11165e-09
1345.0  2.98625e-09
1350.0  2.93122e-09
1355.0  2.8318e-09
1360.0  2.373e-09
1365.0  2.22072e-09
1370.0  2.39188e-09
1375.0  2.61703e-09
1380.0  2.69806e-09
1385.0  2.91037e-09
1390.0  2.90196e-09
1395.0  2.92308e-09
1400.0  3.03475e-09
1405.0  3.05957e-09
1410.0  2.81125e-09
1415.0  2.69305e-09
1420.0  2.90471e-09
1425.0  3.13533e-09
1430.0  2.81795e-09
1435.0  2.89624e-09
1440.0  3.2892e-09
1445.0  3.76918e-09
1450.0  4.21851e-09
1455.0  4.30345e-09
1460.0  3.88888e-09
1465.0  3.40761e-09
1470.0  3.41303e-09
1475.0  3.51415e-09
1480.0  3.70117e-09
1485.0  4.06331e-09
1490.0  4.32511e-09
1495.0  4.50092e-09
1500.0  4.27531e-09
1505.0  3.72121e-09
1510.0  3.48126e-09
1515.0  3.77923e-09
1520.0  3.90679e-09
1525.0  3.65911e-09
1530.0  3.55781e-09
1535.0  3.85749e-09
1540.0  4.11896e-09
1545.0  3.89346e-09
1550.0  3.68378e-09
1555.0  3.40867e-09
1560.0  3.19466e-09
1565.0  3.23848e-09
1570.0  3.2216e-09
1575.0  3.61065e-09
1580.0  3.98227e-09
1585.0  4.05942e-09
1590.0  4.03696e-09
1595.0  3.86906e-09
1600.0  3.69086e-09
1605.0  3.63858e-09
1610.0  3.66933e-09
1615.0  3.64006e-09
1620.0  3.46707e-09
1625.0  3.5368e-09
1630.0  3.49668e-09
1635.0  3.48216e-09
1640.0  3.37442e-09
1645.0  3.32459e-09
1650.0  3.12522e-09
1655.0  2.91925e-09
1660.0  3.18979e-09
1665.0  3.34612e-09
1670.0  3.18097e-09
1675.0  3.5074e-09
1680.0  3.76836e-09
1685.0  3.71094e-09
1690.0  3.63859e-09
1695.0  3.70758e-09
1700.0  3.7526e-09
1705.0  3.64168e-09
1710.0  3.43945e-09
1715.0  3.26219e-09
1720.0  3.19779e-09
1725.0  3.36556e-09
1730.0  3.47455e-09
1735.0  3.70688e-09
1740.0  3.82822e-09
1745.0  3.87132e-09
1750.0  4.11357e-09
1755.0  4.13891e-09
1760.0  3.91259e-09
1765.0  3.91959e-09
1770.0  3.95207e-09
1775.0  4.141e-09
1780.0  4.19484e-09
1785.0  4.02116e-09
1790.0  4.19471e-09
1795.0  4.58497e-09
1800.0  4.61499e-09
1805.0  4.38907e-09
1810.0  4.34466e-09
1815.0  4.35116e-09
1820.0  4.39249e-09
1825.0  4.16648e-09
1830.0  3.92878e-09
1835.0  3.88723e-09
1840.0  3.74537e-09
1845.0  3.66614e-09
1850.0  3.63946e-09
1855.0  3.60926e-09
1860.0  3.75287e-09
1865.0  4.03432e-09
1870.0  4.1862e-09
1875.0  4.05057e-09
1880.0  3.99691e-09
1885.0  4.00744e-09
1890.0  4.02997e-09
1895.0  3.97783e-09
1900.0  4.03767e-09
1905.0  4.02019e-09
1910.0  3.95673e-09
1915.0  4.03706e-09
1920.0  4.07296e-09
1925.0  4.05517e-09
1930.0  4.19303e-09
1935.0  4.29479e-09
1940.0  4.42303e-09
1945.0  4.47258e-09
1950.0  4.37921e-09
1955.0  4.18359e-09
1960.0  4.10716e-09
1965.0  4.17066e-09
1970.0  4.40982e-09
1975.0  4.67621e-09
1980.0  4.60717e-09
1985.0  4.67887e-09
1990.0  4.65276e-09
1995.0  4.32489e-09
2000.0  4.15346e-09
2005.0  4.15969e-09
2010.0  4.01149e-09
2015.0  3.86766e-09
2020.0  3.84675e-09
2025.0  3.89414e-09
2030.0  4.19435e-09
2035.0  4.12503e-09
2040.0  3.894e-09
2045.0  3.91613e-09
2050.0  4.14067e-09
2055.0  4.20439e-09
2060.0  4.0663e-09
2065.0  3.90417e-09
2070.0  3.9523e-09
2075.0  4.02517e-09
2080.0  4.20353e-09
2085.0  4.38254e-09
2090.0  4.32442e-09
2095.0  4.18094e-09
2100.0  3.94008e-09
2105.0  3.80829e-09
2110.0  3.93424e-09
2115.0  3.91338e-09
2120.0  3.79228e-09
2125.0  3.88493e-09
2130.0  3.91963e-09
2135.0  3.65426e-09
2140.0  3.28659e-09
2145.0  3.34708e-09
2150.0  3.69383e-09
2155.0  3.82566e-09
2160.0  3.82323e-09
2165.0  3.69667e-09
2170.0  3.44032e-09
2175.0  3.35647e-09
2180.0  3.28433e-09
2185.0  3.37502e-09
2190.0  3.56014e-09
2195.0  3.85567e-09
2200.0  4.08252e-09
2205.0  3.9672e-09
2210.0  3.65922e-09
2215.0  3.35615e-09
2220.0  3.00354e-09
2225.0  2.77136e-09
2230.0  3.01896e-09
2235.0  3.06566e-09
2240.0  3.12714e-09
2245.0  2.99216e-09
2250.0  2.7504e-09
2255.0  2.76767e-09
2260.0  2.94443e-09
2265.0  2.95249e-09
2270.0  2.98134e-09
2275.0  3.19606e-09
2280.0  3.39909e-09
2285.0  3.21539e-09
2290.0  3.32577e-09
2295.0  3.4391e-09
2300.0  3.11069e-09
2305.0  2.8047e-09
2310.0  2.77609e-09
2315.0  2.9227e-09
2320.0  2.89608e-09
2325.0  2.90418e-09
2330.0  2.89259e-09
2335.0  2.83311e-09
2340.0  2.66131e-09
2345.0  2.44865e-09
2350.0  2.40535e-09
2355.0  2.68543e-09
2360.0  2.76078e-09
2365.0  2.60035e-09
2370.0  2.63735e-09
2375.0  2.72638e-09
2380.0  2.70848e-09
2385.0  2.58578e-09
2390.0  2.37534e-09
2395.0  2.41012e-09
2400.0  2.46184e-09
2405.0  2.47063e-09
2410.0  2.43114e-09
2415.0  2.4902e-09
2420.0  2.68762e-09
2425.0  2.87636e-09
2430.0  2.81984e-09
2435.0  2.70025e-09
2440.0  2.71107e-09
2445.0  2.87766e-09
2450.0  2.96945e-09
2455.0  3.08789e-09
2460.0  3.08669e-09
2465.0  3.05256e-09
2470.0  2.80949e-09
2475.0  2.59775e-09
2480.0  2.56471e-09
2485.0  2.64627e-09
2490.0  2.83375e-09
2495.0  2.92034e-09
2500.0  2.97643e-09
2505.0  2.94646e-09
2510.0  2.78188e-09
2515.0  2.74369e-09
2520.0  2.82333e-09
2525.0  2.63818e-09
2530.0  2.52915e-09
2535.0  2.67465e-09
2540.0  2.71316e-09
2545.0  2.53123e-09
2550.0  2.4015e-09
2555.0  2.51383e-09
2560.0  2.78442e-09
2565.0  2.89667e-09
2570.0  2.95669e-09
2575.0  2.92701e-09
2580.0  2.58009e-09
2585.0  2.47563e-09
2590.0  2.8499e-09
2595.0  3.00653e-09
2600.0  3.06383e-09
2605.0  2.9576e-09
2610.0  2.83005e-09
2615.0  2.74717e-09
2620.0  2.78406e-09
2625.0  2.86963e-09
2630.0  2.96644e-09
2635.0  3.08916e-09
2640.0  3.37132e-09
2645.0  3.63137e-09
2650.0  3.80501e-09
2655.0  3.79359e-09
2660.0  3.70684e-09
2665.0  3.44976e-09
2670.0  3.30045e-09
2675.0  3.30444e-09
2680.0  3.41689e-09
2685.0  3.42334e-09
2690.0  3.31727e-09
2695.0  3.19722e-09
2700.0  3.21928e-09
2705.0  3.39256e-09
2710.0  3.34848e-09
2715.0  3.21552e-09
2720.0  3.21713e-09
2725.0  3.22046e-09
2730.0  3.20735e-09
2735.0  3.23423e-09
2740.0  3.23757e-09
2745.0  3.01702e-09
2750.0  2.79843e-09
2755.0  2.66325e-09
2760.0  2.72104e-09
2765.0  2.90069e-09
2770.0  2.85386e-09
2775.0  2.88207e-09
2780.0  3.12656e-09
2785.0  3.22663e-09
2790.0  3.18459e-09
2795.0  2.94685e-09
2800.0  2.54213e-09
2805.0  2.48236e-09
2810.0  3.06265e-09
2815.0  3.64465e-09
2820.0  3.83604e-09
2825.0  3.81017e-09
2830.0  3.51457e-09
2835.0  3.38943e-09
2840.0  3.40468e-09
2845.0  3.33357e-09
2850.0  3.26635e-09
2855.0  3.23152e-09
2860.0  3.11812e-09
2865.0  3.11178e-09
2870.0  3.08918e-09
2875.0  3.13298e-09
2880.0  3.19195e-09
2885.0  3.15369e-09
2890.0  3.27716e-09
2895.0  3.36726e-09
2900.0  3.35986e-09
2905.0  3.46049e-09
2910.0  3.73165e-09
2915.0  3.96641e-09
2920.0  3.9656e-09
2925.0  3.74298e-09
2930.0  3.62338e-09
2935.0  3.55574e-09
2940.0  3.50124e-09
2945.0  3.5342e-09
2950.0  3.49626e-09
2955.0  3.50441e-09
2960.0  3.64755e-09
2965.0  3.71667e-09
2970.0  3.67269e-09
2975.0  3.64273e-09
2980.0  3.63188e-09
2985.0  3.58795e-09
2990.0  3.6736e-09
2995.0  3.74896e-09
3000.0  3.73327e-09
3005.0  3.66847e-09
3010.0  3.80858e-09
3015.0  3.90204e-09
3020.0  3.85649e-09
3025.0  3.82032e-09
3030.0  3.68969e-09
3035.0  3.60358e-09
3040.0  3.63673e-09
3045.0  3.67902e-09
3050.0  3.69789e-09
3055.0  3.69294e-09
3060.0  3.57334e-09
3065.0  3.43017e-09
3070.0  3.44672e-09
3075.0  3.50832e-09
3080.0  3.57598e-09
3085.0  3.577e-09
3090.0  3.53739e-09
3095.0  3.54115e-09
3100.0  3.62584e-09
3105.0  3.73016e-09
3110.0  3.72301e-09
3115.0  3.75346e-09
3120.0  3.69139e-09
3125.0  3.68746e-09
3130.0  3.77592e-09
3135.0  3.88066e-09
3140.0  3.89789e-09
3145.0  3.9153e-09
3150.0  3.86878e-09
3155.0  3.81843e-09
3160.0  3.81047e-09
3165.0  3.79845e-09
3170.0  3.77654e-09
3175.0  3.81531e-09
3180.0  3.81768e-09
3185.0  3.66286e-09
3190.0  3.69313e-09
3195.0  3.7753e-09
3200.0  3.83767e-09
3205.0  3.8494e-09
3210.0  3.85334e-09
3215.0  3.85756e-09
3220.0  3.86214e-09
3225.0  3.8671e-09
3230.0  3.8725e-09
3235.0  3.87839e-09
3240.0  3.88482e-09
3245.0  3.89181e-09
3250.0  3.89943e-09
3255.0  3.90766e-09
3260.0  3.9163e-09
3265.0  3.9251e-09
3270.0  3.93383e-09
3275.0  3.94224e-09
3280.0  3.95008e-09
3285.0  3.95709e-09
3290.0  3.96303e-09
3295.0  3.96764e-09
3300.0  3.97068e-09
3305.0  3.97201e-09
3310.0  3.97174e-09
3315.0  3.97003e-09
3320.0  3.9671e-09
3325.0  3.96316e-09
3330.0  3.9584e-09
3335.0  3.95301e-09
3340.0  3.94721e-09
3345.0  3.94118e-09
3350.0  3.93515e-09
3355.0  3.92923e-09
3360.0  3.92348e-09
3365.0  3.91788e-09
3370.0  3.91241e-09
3375.0  3.90707e-09
3380.0  3.90181e-09
3385.0  3.89665e-09
3390.0  3.89154e-09
3395.0  3.88649e-09
3400.0  3.88147e-09
3405.0  3.87649e-09
3410.0  3.87159e-09
3415.0  3.86688e-09
3420.0  3.86243e-09
3425.0  3.85832e-09
3430.0  3.85464e-09
3435.0  3.85146e-09
3440.0  3.84888e-09
3445.0  3.84696e-09
3450.0  3.84578e-09
3455.0  3.84538e-09
3460.0  3.84561e-09
3465.0  3.84625e-09
3470.0  3.84712e-09
3475.0  3.84802e-09
3480.0  3.84871e-09
3485.0  3.84902e-09
3490.0  3.84873e-09
3495.0  3.84764e-09
3500.0  3.84555e-09
3505.0  3.84173e-09
3510.0  3.83234e-09
3515.0  3.8164e-09
3520.0  3.79947e-09
3525.0  3.78955e-09
3530.0  3.82162e-09
3535.0  3.86837e-09
3540.0  3.88804e-09
3545.0  3.88235e-09
3550.0  3.85246e-09
3555.0  3.7774e-09
3560.0  3.75102e-09
3565.0  3.76952e-09
3570.0  3.80142e-09
3575.0  3.76828e-09
3580.0  3.7153e-09
3585.0  3.69297e-09
3590.0  3.72722e-09
3595.0  3.75474e-09
3600.0  3.77728e-09
3605.0  3.72136e-09
3610.0  3.7504e-09
3615.0  3.76351e-09
3620.0  3.70931e-09
3625.0  3.73937e-09
3630.0  3.80812e-09
3635.0  3.86677e-09
3640.0  3.75877e-09
3645.0  3.69165e-09
3650.0  3.72294e-09
3655.0  3.74903e-09
3660.0  3.62265e-09
3665.0  3.59204e-09
3670.0  3.68633e-09
3675.0  3.70818e-09
3680.0  3.73869e-09
3685.0  3.98053e-09
3690.0  4.27744e-09
3695.0  4.43572e-09
3700.0  4.64973e-09
3705.0  4.87363e-09
3710.0  5.14048e-09
3715.0  5.54276e-09
3720.0  5.60638e-09
3725.0  6.12989e-09
3730.0  6.26355e-09
3735.0  6.05914e-09
3740.0  7.1343e-09
3745.0  6.66747e-09
3750.0  5.74874e-09
3755.0  6.80785e-09
3760.0  7.43409e-09
3765.0  6.67416e-09
3770.0  5.83327e-09
3775.0  7.05235e-09
3780.0  8.41886e-09
3785.0  8.55576e-09
3790.0  7.74909e-09
3795.0  6.22951e-09
3800.0  6.54418e-09
3805.0  8.22844e-09
3810.0  8.96454e-09
3815.0  8.9846e-09
3820.0  8.90049e-09
3825.0  8.39813e-09
3830.0  6.91213e-09
3835.0  5.93849e-09
3840.0  7.33545e-09
3845.0  8.5115e-09
3850.0  8.72665e-09
3855.0  8.77964e-09
3860.0  8.75325e-09
3865.0  8.78046e-09
3870.0  8.83128e-09
3875.0  8.5791e-09
3880.0  7.72756e-09
3885.0  6.17555e-09
3890.0  5.94921e-09
3895.0  7.4949e-09
3900.0  8.30096e-09
3905.0  8.60094e-09
3910.0  8.63781e-09
3915.0  8.62612e-09
3920.0  8.58527e-09
3925.0  8.40301e-09
3930.0  7.86417e-09
3935.0  7.87686e-09
3940.0  8.38e-09
3945.0  8.43489e-09
3950.0  8.4532e-09
3955.0  8.25437e-09
3960.0  7.41575e-09
3965.0  5.88181e-09
3970.0  5.13181e-09
3975.0  6.54668e-09
3980.0  7.62181e-09
3985.0  7.96575e-09
3990.0  8.13033e-09
3995.0  8.11093e-09
4000.0  8.00093e-09
4005.0  8.07006e-09
4010.0  8.08968e-09
4015.0  8.07543e-09
4020.0  8.0815e-09
4025.0  8.00478e-09
4030.0  7.9468e-09
4035.0  7.9571e-09
4040.0  7.92569e-09
4045.0  7.85536e-09
4050.0  7.81231e-09
4055.0  7.84774e-09
4060.0  7.86211e-09
4065.0  7.81693e-09
4070.0  7.72818e-09
4075.0  7.64007e-09
4080.0  7.63005e-09
4085.0  7.54386e-09
4090.0  7.14442e-09
4095.0  6.14267e-09
4100.0  4.94937e-09
4105.0  5.50147e-09
4110.0  6.7273e-09
4115.0  7.27718e-09
4120.0  7.38059e-09
4125.0  7.28345e-09
4130.0  7.23461e-09
4135.0  7.32449e-09
4140.0  7.3497e-09
4145.0  7.3561e-09
4150.0  7.37315e-09
4155.0  7.30771e-09
4160.0  7.19265e-09
4165.0  7.17451e-09
4170.0  7.06619e-09
4175.0  6.99313e-09
4180.0  6.97716e-09
4185.0  7.01306e-09
4190.0  7.01956e-09
4195.0  7.03611e-09
4200.0  7.02417e-09
4205.0  7.06952e-09
4210.0  7.07067e-09
4215.0  6.95463e-09
4220.0  6.92431e-09
4225.0  6.93215e-09
4230.0  6.85666e-09
4235.0  6.81551e-09
4240.0  6.85762e-09
4245.0  6.8791e-09
4250.0  6.86503e-09
4255.0  6.80214e-09
4260.0  6.75981e-09
4265.0  6.74032e-09
4270.0  6.65386e-09
4275.0  6.63164e-09
4280.0  6.75352e-09
4285.0  6.76499e-09
4290.0  6.68397e-09
4295.0  6.59488e-09
4300.0  6.52323e-09
4305.0  6.54562e-09
4310.0  6.56561e-09
4315.0  6.56439e-09
4320.0  6.53788e-09
4325.0  6.46022e-09
4330.0  6.07802e-09
4335.0  5.09513e-09
4340.0  4.32619e-09
4345.0  5.08502e-09
4350.0  5.97392e-09
4355.0  6.38784e-09
4360.0  6.48922e-09
4365.0  6.49838e-09
4370.0  6.47358e-09
4375.0  6.47444e-09
4380.0  6.43965e-09
4385.0  6.31511e-09
4390.0  6.29862e-09
4395.0  6.35956e-09
4400.0  6.3925e-09
4405.0  6.36162e-09
4410.0  6.23908e-09
4415.0  6.09763e-09
4420.0  6.05088e-09
4425.0  5.99418e-09
4430.0  5.93215e-09
4435.0  5.94387e-09
4440.0  5.99355e-09
4445.0  6.05435e-09
4450.0  6.11438e-09
4455.0  6.18762e-09
4460.0  6.18767e-09
4465.0  6.12381e-09
4470.0  6.04769e-09
4475.0  5.99624e-09
4480.0  5.95635e-09
4485.0  5.99974e-09
4490.0  6.0047e-09
4495.0  6.03018e-09
4500.0  5.99269e-09
4505.0  5.96788e-09
4510.0  5.95591e-09
4515.0  5.87768e-09
4520.0  5.81104e-09
4525.0  5.87189e-09
4530.0  5.85019e-09
4535.0  5.84772e-09
4540.0  5.8514e-09
4545.0  5.77933e-09
4550.0  5.70321e-09
4555.0  5.75996e-09
4560.0  5.85863e-09
4565.0  5.89671e-09
4570.0  5.80896e-09
4575.0  5.74162e-09
4580.0  5.68748e-09
4585.0  5.62448e-09
4590.0  5.65615e-09
4595.0  5.70696e-09
4600.0  5.75587e-09
4605.0  5.74332e-09
4610.0  5.73371e-09
4615.0  5.7455e-09
4620.0  5.72118e-09
4625.0  5.60843e-09
4630.0  5.51104e-09
4635.0  5.57163e-09
4640.0  5.6839e-09
4645.0  5.72494e-09
4650.0  5.67532e-09
4655.0  5.63997e-09
4660.0  5.64483e-09
4665.0  5.61694e-09
4670.0  5.62709e-09
4675.0  5.63017e-09
4680.0  5.62506e-09
4685.0  5.63659e-09
4690.0  5.64177e-09
4695.0  5.6359e-09
4700.0  5.60623e-09
4705.0  5.62604e-09
4710.0  5.58115e-09
4715.0  5.50535e-09
4720.0  5.44172e-09
4725.0  5.37787e-09
4730.0  5.38794e-09
4735.0  5.37634e-09
4740.0  5.39419e-09
4745.0  5.345e-09
4750.0  5.31729e-09
4755.0  5.29278e-09
4760.0  5.26212e-09
4765.0  5.22562e-09
4770.0  5.23802e-09
4775.0  5.24326e-09
4780.0  5.2939e-09
4785.0  5.32259e-09
4790.0  5.352e-09
4795.0  5.31521e-09
4800.0  5.29051e-09
4805.0  5.21298e-09
4810.0  5.08838e-09
4815.0  5.03944e-09
4820.0  5.06893e-09
4825.0  5.06179e-09
4830.0  5.06905e-09
4835.0  5.07011e-09
4840.0  5.00334e-09
4845.0  4.88174e-09
4850.0  4.56327e-09
4855.0  3.91053e-09
4860.0  3.39752e-09
4865.0  3.84624e-09
4870.0  4.44349e-09
4875.0  4.68797e-09
4880.0  4.75911e-09
4885.0  4.79863e-09
4890.0  4.84759e-09
4895.0  4.86017e-09
4900.0  4.88387e-09
4905.0  4.89069e-09
4910.0  4.90761e-09
4915.0  4.91097e-09
4920.0  4.84678e-09
4925.0  4.82178e-09
4930.0  4.84456e-09
4935.0  4.86989e-09
4940.0  4.93436e-09
4945.0  4.97045e-09
4950.0  4.90106e-09
4955.0  4.88089e-09
4960.0  4.89212e-09
4965.0  4.87536e-09
4970.0  4.8185e-09
4975.0  4.78398e-09
4980.0  4.75554e-09
4985.0  4.72013e-09
4990.0  4.72676e-09
4995.0  4.75686e-09
5000.0  4.74225e-09
5005.0  4.67924e-09
5010.0  4.62053e-09
5015.0  4.55571e-09
5020.0  4.55733e-09
5025.0  4.56933e-09
5030.0  4.56635e-09
5035.0  4.61065e-09
5040.0  4.63977e-09
5045.0  4.63558e-09
5050.0  4.58978e-09
5055.0  4.56614e-09
5060.0  4.56545e-09
5065.0  4.56864e-09
5070.0  4.54304e-09
5075.0  4.49906e-09
5080.0  4.4694e-09
5085.0  4.46537e-09
5090.0  4.4705e-09
5095.0  4.44473e-09
5100.0  4.40919e-09
5105.0  4.43756e-09
5110.0  4.4437e-09
5115.0  4.41061e-09
5120.0  4.36717e-09
5125.0  4.38184e-09
5130.0  4.378e-09
5135.0  4.37702e-09
5140.0  4.36513e-09
5145.0  4.32634e-09
5150.0  4.31456e-09
5155.0  4.29192e-09
5160.0  4.24001e-09
5165.0  4.15245e-09
5170.0  4.17256e-09
5175.0  4.25869e-09
5180.0  4.22972e-09
5185.0  4.20433e-09
5190.0  4.23144e-09
5195.0  4.20359e-09
5200.0  4.19294e-09
5205.0  4.2229e-09
5210.0  4.19009e-09
5215.0  4.16343e-09
5220.0  4.16778e-09
5225.0  4.12539e-09
5230.0  4.09676e-09
5235.0  4.07869e-09
5240.0  4.09743e-09
5245.0  4.07104e-09
5250.0  4.05247e-09
5255.0  4.03556e-09
5260.0  4.00927e-09
5265.0  4.01073e-09
5270.0  4.00518e-09
5275.0  3.9412e-09
5280.0  3.96652e-09
5285.0  4.01425e-09
5290.0  4.05079e-09
5295.0  4.02142e-09
5300.0  3.99303e-09
5305.0  3.97424e-09
5310.0  3.92174e-09
5315.0  3.88069e-09
5320.0  3.90901e-09
5325.0  3.96455e-09
5330.0  3.949e-09
5335.0  3.9371e-09
5340.0  3.94058e-09
5345.0  3.93042e-09
5350.0  3.91392e-09
5355.0  3.89037e-09
5360.0  3.80632e-09
5365.0  3.77629e-09
5370.0  3.78786e-09
5375.0  3.80449e-09
5380.0  3.80774e-09
5385.0  3.80771e-09
5390.0  3.82099e-09
5395.0  3.79494e-09
5400.0  3.73188e-09
5405.0  3.7149e-09
5410.0  3.73578e-09
5415.0  3.7449e-09
5420.0  3.72542e-09
5425.0  3.71949e-09
5430.0  3.71387e-09
5435.0  3.69281e-09
5440.0  3.68981e-09
5445.0  3.64495e-09
5450.0  3.62497e-09
5455.0  3.61517e-09
5460.0  3.61676e-09
5465.0  3.63405e-09
5470.0  3.61534e-09
5475.0  3.58235e-09
5480.0  3.53818e-09
5485.0  3.52539e-09
5490.0  3.51659e-09
5495.0  3.54984e-09
5500.0  3.56959e-09
5505.0  3.55644e-09
5510.0  3.54991e-09
5515.0  3.55501e-09
5520.0  3.5142e-09
5525.0  3.46871e-09
5530.0  3.4536e-09
5535.0  3.45538e-09
5540.0  3.47206e-09
5545.0  3.49164e-09
5550.0  3.5066e-09
5555.0  3.51477e-09
5560.0  3.51352e-09
5565.0  3.50654e-09
5570.0  3.49241e-09
5575.0  3.49025e-09
5580.0  3.4848e-09
5585.0  3.44191e-09
5590.0  3.42086e-09
5595.0  3.41831e-09
5600.0  3.41356e-09
5605.0  3.41626e-09
5610.0  3.43205e-09
5615.0  3.40922e-09
5620.0  3.39481e-09
5625.0  3.37779e-09
5630.0  3.35114e-09
5635.0  3.35506e-09
5640.0  3.37472e-09
5645.0  3.37011e-09
5650.0  3.32612e-09
5655.0  3.28658e-09
5660.0  3.2832e-09
5665.0  3.28123e-09
5670.0  3.28831e-09
5675.0  3.27812e-09
5680.0  3.27275e-09
5685.0  3.26882e-09
5690.0  3.23788e-09
5695.0  3.2133e-09
5700.0  3.21088e-09
5705.0  3.17127e-09
5710.0  3.17053e-09
5715.0  3.20032e-09
5720.0  3.19507e-09
5725.0  3.19777e-09
5730.0  3.20218e-09
5735.0  3.17944e-09
5740.0  3.1576e-09
5745.0  3.11189e-09
5750.0  3.10569e-09
5755.0  3.11942e-09
5760.0  3.1353e-09
5765.0  3.12695e-09
5770.0  3.08197e-09
5775.0  2.99471e-09
5780.0  2.88881e-09
5785.0  2.92597e-09
5790.0  2.97498e-09
5795.0  2.96482e-09
5800.0  2.98189e-09
5805.0  2.98775e-09
5810.0  2.99391e-09
5815.0  3.01387e-09
5820.0  3.02481e-09
5825.0  3.00111e-09
5830.0  2.99292e-09
5835.0  2.99951e-09
5840.0  2.99444e-09
5845.0  2.98687e-09
5850.0  2.98181e-09
5855.0  2.96071e-09
5860.0  2.98431e-09
5865.0  2.98737e-09
5870.0  2.9446e-09
5875.0  2.91625e-09
5880.0  2.88406e-09
5885.0  2.72608e-09
5890.0  2.53536e-09
5895.0  2.58627e-09
5900.0  2.76988e-09
5905.0  2.89238e-09
5910.0  2.88609e-09
5915.0  2.88411e-09
5920.0  2.84323e-09
5925.0  2.82425e-09
5930.0  2.84262e-09
5935.0  2.87552e-09
5940.0  2.84761e-09
5945.0  2.79992e-09
5950.0  2.76205e-09
5955.0  2.74107e-09
5960.0  2.75365e-09
5965.0  2.75313e-09
5970.0  2.75223e-09
5975.0  2.76017e-09
5980.0  2.75624e-09
5985.0  2.75294e-09
5990.0  2.75074e-09
5995.0  2.74697e-09
6000.0  2.73915e-09
6005.0  2.75554e-09
6010.0  2.73811e-09
6015.0  2.72903e-09
6020.0  2.73814e-09
6025.0  2.75289e-09
6030.0  2.75653e-09
6035.0  2.71633e-09
6040.0  2.70738e-09
6045.0  2.72379e-09
6050.0  2.72123e-09
6055.0  2.71593e-09
6060.0  2.71703e-09
6065.0  2.71766e-09
6070.0  2.70701e-09
6075.0  2.68548e-09
6080.0  2.66062e-09
6085.0  2.66723e-09
6090.0  2.67714e-09
6095.0  2.66006e-09
6100.0  2.6395e-09
6105.0  2.65239e-09
6110.0  2.67038e-09
6115.0  2.67236e-09
6120.0  2.66295e-09
6125.0  2.64016e-09
6130.0  2.62051e-09
6135.0  2.61799e-09
6140.0  2.61748e-09
6145.0  2.60548e-09
6150.0  2.59116e-09
6155.0  2.5672e-09
6160.0  2.56608e-09
6165.0  2.58469e-09
6170.0  2.56482e-09
6175.0  2.54819e-09
6180.0  2.56407e-09
6185.0  2.56644e-09
6190.0  2.55416e-09
6195.0  2.55606e-09
6200.0  2.56292e-09
6205.0  2.55656e-09
6210.0  2.5506e-09
6215.0  2.54789e-09
6220.0  2.54068e-09
6225.0  2.5298e-09
6230.0  2.51491e-09
6235.0  2.50482e-09
6240.0  2.49865e-09
6245.0  2.49368e-09
6250.0  2.49522e-09
6255.0  2.50874e-09
6260.0  2.50531e-09
6265.0  2.48129e-09
6270.0  2.45005e-09
6275.0  2.3986e-09
6280.0  2.30907e-09
6285.0  2.32972e-09
6290.0  2.40636e-09
6295.0  2.42135e-09
6300.0  2.42704e-09
6305.0  2.42525e-09
6310.0  2.422e-09
6315.0  2.41151e-09
6320.0  2.41318e-09
6325.0  2.42398e-09
6330.0  2.42721e-09
6335.0  2.41858e-09
6340.0  2.3896e-09
6345.0  2.35296e-09
6350.0  2.35639e-09
6355.0  2.38875e-09
6360.0  2.38715e-09
6365.0  2.3665e-09
6370.0  2.33297e-09
6375.0  2.33704e-09
6380.0  2.36066e-09
6385.0  2.37642e-09
6390.0  2.36928e-09
6395.0  2.35747e-09
6400.0  2.35939e-09
6405.0  2.35691e-09
6410.0  2.35387e-09
6415.0  2.33931e-09
6420.0  2.33723e-09
6425.0  2.34237e-09
6430.0  2.33006e-09
6435.0  2.32704e-09
6440.0  2.31153e-09
6445.0  2.2925e-09
6450.0  2.27749e-09
6455.0  2.25385e-09
6460.0  2.25964e-09
6465.0  2.27538e-09
6470.0  2.27799e-09
6475.0  2.26256e-09
6480.0  2.24138e-09
6485.0  2.23065e-09
6490.0  2.24249e-09
6495.0  2.24739e-09
6500.0  2.25865e-09
6505.0  2.26792e-09
6510.0  2.27606e-09
6515.0  2.26921e-09
6520.0  2.2768e-09
6525.0  2.26173e-09
6530.0  2.24385e-09
6535.0  2.2388e-09
6540.0  2.22906e-09
6545.0  2.18759e-09
6550.0  2.11641e-09
6555.0  1.9871e-09
6560.0  1.79426e-09
6565.0  1.75049e-09
6570.0  1.9663e-09
6575.0  2.12372e-09
6580.0  2.17812e-09
6585.0  2.19955e-09
6590.0  2.21283e-09
6595.0  2.21616e-09
6600.0  2.21776e-09
6605.0  2.21017e-09
6610.0  2.19288e-09
6615.0  2.17738e-09
6620.0  2.17069e-09
6625.0  2.1698e-09
6630.0  2.16666e-09
6635.0  2.15918e-09
6640.0  2.14707e-09
6645.0  2.14078e-09
6650.0  2.13583e-09
6655.0  2.11423e-09
6660.0  2.10419e-09
6665.0  2.10656e-09
6670.0  2.10419e-09
6675.0  2.09393e-09
6680.0  2.08949e-09
6685.0  2.09101e-09
6690.0  2.09441e-09
6695.0  2.07898e-09
6700.0  2.07409e-09
6705.0  2.07563e-09
6710.0  2.07047e-09
6715.0  2.05851e-09
6720.0  2.05183e-09
6725.0  2.05593e-09
6730.0  2.05204e-09
6735.0  2.03537e-09
6740.0  2.02199e-09
6745.0  2.0232e-09
6750.0  2.0301e-09
6755.0  2.03788e-09
6760.0  2.03406e-09
6765.0  2.02656e-09
6770.0  2.01654e-09
6775.0  2.01201e-09
6780.0  1.99956e-09
6785.0  1.98946e-09
6790.0  1.99479e-09
6795.0  1.99883e-09
6800.0  1.99525e-09
6805.0  1.98482e-09
6810.0  1.97748e-09
6815.0  1.98906e-09
6820.0  1.98034e-09
6825.0  1.96183e-09
6830.0  1.96014e-09
6835.0  1.96604e-09
6840.0  1.97505e-09
6845.0  1.97257e-09
6850.0  1.96787e-09
6855.0  1.96347e-09
6860.0  1.95915e-09
6865.0  1.95476e-09
6870.0  1.9504e-09
6875.0  1.94599e-09
6880.0  1.94187e-09
6885.0  1.9376e-09
6890.0  1.93326e-09
6895.0  1.92892e-09
6900.0  1.92463e-09
6905.0  1.92036e-09
6910.0  1.91611e-09
6915.0  1.9119e-09
6920.0  1.90795e-09
6925.0  1.90412e-09
6930.0  1.9006e-09
6935.0  1.8972e-09
6940.0  1.89403e-09
6945.0  1.89101e-09
6950.0  1.88782e-09
6955.0  1.88449e-09
6960.0  1.88087e-09
6965.0  1.87742e-09
6970.0  1.87396e-09
6975.0  1.86934e-09
6980.0  1.86069e-09
6985.0  1.84251e-09
6990.0  1.81942e-09
6995.0  1.81278e-09
7000.0  1.79515e-09
7005.0  1.79172e-09
7010.0  1.81479e-09
7015.0  1.81902e-09
7020.0  1.81814e-09
7025.0  1.80695e-09
7030.0  1.8074e-09
7035.0  1.8095e-09
7040.0  1.80531e-09
7045.0  1.8116e-09
7050.0  1.81304e-09
7055.0  1.79956e-09
7060.0  1.78767e-09
7065.0  1.78559e-09
7070.0  1.7977e-09
7075.0  1.80169e-09
7080.0  1.80462e-09
7085.0  1.80314e-09
7090.0  1.79785e-09
7095.0  1.78504e-09
7100.0  1.78659e-09
7105.0  1.78937e-09
7110.0  1.7761e-09
7115.0  1.78367e-09
7120.0  1.79643e-09
7125.0  1.79487e-09
7130.0  1.78242e-09
7135.0  1.77342e-09
7140.0  1.78482e-09
7145.0  1.77999e-09
7150.0  1.77681e-09
7155.0  1.76915e-09
7160.0  1.76479e-09
7165.0  1.74142e-09
7170.0  1.70966e-09
7175.0  1.66756e-09
7180.0  1.65109e-09
7185.0  1.62236e-09
7190.0  1.63016e-09
7195.0  1.64555e-09
7200.0  1.65742e-09
7205.0  1.66645e-09
7210.0  1.7085e-09
7215.0  1.73464e-09
7220.0  1.72089e-09
7225.0  1.69911e-09
7230.0  1.67162e-09
7235.0  1.65066e-09
7240.0  1.64948e-09
7245.0  1.65144e-09
7250.0  1.64858e-09
7255.0  1.63796e-09
7260.0  1.63719e-09
7265.0  1.62961e-09
7270.0  1.63393e-09
7275.0  1.61754e-09
7280.0  1.62466e-09
7285.0  1.62665e-09
7290.0  1.58951e-09
7295.0  1.58872e-09
7300.0  1.58892e-09
7305.0  1.5928e-09
7310.0  1.61443e-09
7315.0  1.598e-09
7320.0  1.58976e-09
7325.0  1.59159e-09
7330.0  1.58101e-09
7335.0  1.58856e-09
7340.0  1.59534e-09
7345.0  1.58841e-09
7350.0  1.595e-09
7355.0  1.58929e-09
7360.0  1.57311e-09
7365.0  1.56442e-09
7370.0  1.55449e-09
7375.0  1.55865e-09
7380.0  1.56775e-09
7385.0  1.54712e-09
7390.0  1.52733e-09
7395.0  1.50818e-09
7400.0  1.51915e-09
7405.0  1.52536e-09
7410.0  1.50112e-09
7415.0  1.4947e-09
7420.0  1.51394e-09
7425.0  1.54695e-09
7430.0  1.55346e-09
7435.0  1.55047e-09
7440.0  1.54178e-09
7445.0  1.53554e-09
7450.0  1.53998e-09
7455.0  1.54045e-09
7460.0  1.53416e-09
7465.0  1.51798e-09
7470.0  1.51311e-09
7475.0  1.52514e-09
7480.0  1.52429e-09
7485.0  1.5227e-09
7490.0  1.51971e-09
7495.0  1.51675e-09
7500.0  1.51388e-09
7505.0  1.50921e-09
7510.0  1.50607e-09
7515.0  1.50034e-09
7520.0  1.49872e-09
7525.0  1.4976e-09
7530.0  1.49701e-09
7535.0  1.49144e-09
7540.0  1.49171e-09
7545.0  1.48271e-09
7550.0  1.4769e-09
7555.0  1.47435e-09
7560.0  1.47196e-09
7565.0  1.4695e-09
7570.0  1.46694e-09
7575.0  1.46434e-09
7580.0  1.4616e-09
7585.0  1.45886e-09
7590.0  1.4562e-09
7595.0  1.45358e-09
7600.0  1.45088e-09
7605.0  1.44826e-09
7610.0  1.44537e-09
7615.0  1.44237e-09
7620.0  1.43937e-09
7625.0  1.43637e-09
7630.0  1.43336e-09
7635.0  1.43035e-09
7640.0  1.42733e-09
7645.0  1.4243e-09
7650.0  1.42126e-09
7655.0  1.4182e-09
7660.0  1.41513e-09
7665.0  1.41205e-09
7670.0  1.40897e-09
7675.0  1.40586e-09
7680.0  1.40273e-09
7685.0  1.39944e-09
7690.0  1.39623e-09
7695.0  1.39292e-09
7700.0  1.38974e-09
7705.0  1.38719e-09
7710.0  1.38659e-09
7715.0  1.38824e-09
7720.0  1.38803e-09
7725.0  1.38547e-09
7730.0  1.38244e-09
7735.0  1.37961e-09
7740.0  1.37741e-09
7745.0  1.37802e-09
7750.0  1.37377e-09
7755.0  1.37273e-09
7760.0  1.36627e-09
7765.0  1.34694e-09
7770.0  1.29198e-09
7775.0  1.23932e-09
7780.0  1.29323e-09
7785.0  1.34148e-09
7790.0  1.3462e-09
7795.0  1.34906e-09
7800.0  1.34427e-09
7805.0  1.33931e-09
7810.0  1.33978e-09
7815.0  1.33976e-09
7820.0  1.33647e-09
7825.0  1.33324e-09
7830.0  1.33107e-09
7835.0  1.32554e-09
7840.0  1.31972e-09
7845.0  1.31279e-09
7850.0  1.3083e-09
7855.0  1.31064e-09
7860.0  1.30839e-09
7865.0  1.30415e-09
7870.0  1.30034e-09
7875.0  1.28636e-09
7880.0  1.28191e-09
7885.0  1.28919e-09
7890.0  1.28788e-09
7895.0  1.27223e-09
7900.0  1.26767e-09
7905.0  1.27793e-09
7910.0  1.27848e-09
7915.0  1.27682e-09
7920.0  1.27303e-09
7925.0  1.27262e-09
7930.0  1.26868e-09
7935.0  1.26809e-09
7940.0  1.26612e-09
7945.0  1.26056e-09
7950.0  1.25207e-09
7955.0  1.25039e-09
7960.0  1.24803e-09
7965.0  1.24123e-09
7970.0  1.24551e-09
7975.0  1.24094e-09
7980.0  1.24143e-09
7985.0  1.24262e-09
7990.0  1.24271e-09
7995.0  1.2388e-09
8000.0  1.22934e-09
8005.0  1.22983e-09
8010.0  1.22389e-09
8015.0  1.21677e-09
8020.0  1.21619e-09
8025.0  1.21564e-09
8030.0  1.21673e-09
8035.0  1.21382e-09
8040.0  1.21021e-09
8045.0  1.21038e-09
8050.0  1.21218e-09
8055.0  1.20962e-09
8060.0  1.20133e-09
8065.0  1.20513e-09
8070.0  1.20029e-09
8075.0  1.20178e-09
8080.0  1.19889e-09
8085.0  1.19532e-09
8090.0  1.19601e-09
8095.0  1.19963e-09
8100.0  1.19752e-09
8105.0  1.19986e-09
8110.0  1.19453e-09
8115.0  1.19521e-09
8120.0  1.1941e-09
8125.0  1.19523e-09
8130.0  1.18863e-09
8135.0  1.17791e-09
8140.0  1.17539e-09
8145.0  1.16784e-09
8150.0  1.15717e-09
8155.0  1.14469e-09
8160.0  1.13869e-09
8165.0  1.1186e-09
8170.0  1.13519e-09
8175.0  1.15102e-09
8180.0  1.13326e-09
8185.0  1.1364e-09
8190.0  1.13963e-09
8195.0  1.1502e-09
8200.0  1.14991e-09
8205.0  1.17137e-09
8210.0  1.17666e-09
8215.0  1.15367e-09
8220.0  1.13772e-09
8225.0  1.10594e-09
8230.0  1.06676e-09
8235.0  1.0957e-09
8240.0  1.13905e-09
8245.0  1.1495e-09
8250.0  1.15684e-09
8255.0  1.15318e-09
8260.0  1.14478e-09
8265.0  1.15088e-09
8270.0  1.14476e-09
8275.0  1.12195e-09
8280.0  1.11889e-09
8285.0  1.11856e-09
8290.0  1.11065e-09
8295.0  1.10987e-09
8300.0  1.1188e-09
8305.0  1.11491e-09
8310.0  1.11388e-09
8315.0  1.11511e-09
8320.0  1.10236e-09
8325.0  1.10791e-09
8330.0  1.11708e-09
8335.0  1.11396e-09
8340.0  1.11283e-09
8345.0  1.11172e-09
8350.0  1.11731e-09
8355.0  1.11019e-09
8360.0  1.10024e-09
8365.0  1.11133e-09
8370.0  1.10876e-09
8375.0  1.08983e-09
8380.0  1.10927e-09
8385.0  1.12207e-09
8390.0  1.09593e-09
8395.0  1.08581e-09
8400.0  1.11782e-09
8405.0  1.1307e-09
8410.0  1.09742e-09
8415.0  1.06481e-09
8420.0  1.1116e-09
8425.0  1.15048e-09
8430.0  1.13311e-09
8435.0  1.06834e-09
8440.0  1.03288e-09
8445.0  1.06033e-09
8450.0  1.11855e-09
8455.0  1.16403e-09
8460.0  1.13136e-09
8465.0  1.04816e-09
8470.0  1.02334e-09
8475.0  1.09785e-09
8480.0  1.16529e-09
8485.0  1.19809e-09
8490.0  1.18859e-09
8495.0  1.12537e-09
8500.0  1.02555e-09
8505.0  9.89882e-10
8510.0  1.06638e-09
8515.0  1.14604e-09
8520.0  1.18715e-09
8525.0  1.19813e-09
8530.0  1.17711e-09
8535.0  1.12524e-09
8540.0  1.03865e-09
8545.0  9.54579e-10
8550.0  9.90365e-10
8555.0  1.0907e-09
8560.0  1.155e-09
8565.0  1.17977e-09
8570.0  1.17926e-09
8575.0  1.17432e-09
8580.0  1.15961e-09
8585.0  1.1272e-09
8590.0  1.0602e-09
8595.0  9.61949e-10
8600.0  9.0946e-10
8605.0  9.8825e-10
8610.0  1.08703e-09
8615.0  1.13957e-09
8620.0  1.15913e-09
8625.0  1.1637e-09
8630.0  1.16595e-09
8635.0  1.17052e-09
8640.0  1.16523e-09
8645.0  1.15583e-09
8650.0  1.13145e-09
8655.0  1.07189e-09
8660.0  9.66107e-10
8665.0  8.6347e-10
8670.0  9.02999e-10
8675.0  9.94214e-10
8680.0  1.03248e-09
8685.0  1.06007e-09
8690.0  1.10458e-09
8695.0  1.14135e-09
8700.0  1.15372e-09
8705.0  1.14572e-09
8710.0  1.14218e-09
8715.0  1.14887e-09
8720.0  1.14008e-09
8725.0  1.13151e-09
8730.0  1.11231e-09
8735.0  1.08403e-09
8740.0  1.0303e-09
8745.0  9.45916e-10
8750.0  8.52498e-10
8755.0  8.72058e-10
8760.0  9.67963e-10
8765.0  1.03453e-09
8770.0  1.06511e-09
8775.0  1.07656e-09
8780.0  1.08302e-09
8785.0  1.08154e-09
8790.0  1.0859e-09
8795.0  1.08985e-09
8800.0  1.09159e-09
8805.0  1.09707e-09
8810.0  1.09388e-09
8815.0  1.08767e-09
8820.0  1.08392e-09
8825.0  1.07051e-09
8830.0  1.06808e-09
8835.0  1.06442e-09
8840.0  1.05463e-09
8845.0  1.03632e-09
8850.0  1.00348e-09
8855.0  9.4186e-10
8860.0  8.46164e-10
8865.0  8.10417e-10
8870.0  8.90836e-10
8875.0  9.66869e-10
8880.0  1.01324e-09
8885.0  1.03339e-09
8890.0  1.04789e-09
8895.0  1.05487e-09
8900.0  1.05723e-09
8905.0  1.0569e-09
8910.0  1.06043e-09
8915.0  1.05758e-09
8920.0  1.05132e-09
8925.0  1.04075e-09
8930.0  1.02837e-09
8935.0  1.02385e-09
8940.0  1.02171e-09
8945.0  1.02157e-09
8950.0  1.01562e-09
8955.0  1.01066e-09
8960.0  1.01252e-09
8965.0  9.99389e-10
8970.0  9.97683e-10
8975.0  9.95185e-10
8980.0  9.88001e-10
8985.0  9.66537e-10
8990.0  9.27986e-10
8995.0  9.37873e-10
9000.0  9.29797e-10
9005.0  8.85784e-10
9010.0  8.16184e-10
9015.0  7.47092e-10
9020.0  7.8907e-10
9025.0  8.73477e-10
9030.0  9.45215e-10
9035.0  9.99426e-10
9040.0  1.02432e-09
9045.0  1.02328e-09
9050.0  1.02174e-09
9055.0  1.01967e-09
9060.0  1.00431e-09
9065.0  9.88659e-10
9070.0  9.73439e-10
9075.0  9.66287e-10
9080.0  9.56162e-10
9085.0  9.42739e-10
9090.0  9.41391e-10
9095.0  9.44421e-10
9100.0  9.44386e-10
9105.0  9.4556e-10
9110.0  9.55437e-10
9115.0  9.69504e-10
9120.0  9.61731e-10
9125.0  9.64254e-10
9130.0  9.47308e-10
9135.0  9.34326e-10
9140.0  9.40891e-10
9145.0  9.57263e-10
9150.0  9.40878e-10
9155.0  8.98998e-10
9160.0  9.17743e-10
9165.0  9.39814e-10
9170.0  9.38875e-10
9175.0  9.20752e-10
9180.0  9.29845e-10
9185.0  9.49306e-10
9190.0  9.50144e-10
9195.0  9.48222e-10
9200.0  9.45809e-10
9205.0  9.30941e-10
9210.0  9.14472e-10
9215.0  8.877e-10
9220.0  8.57543e-10
9225.0  8.24955e-10
9230.0  7.95163e-10
9235.0  8.13525e-10
9240.0  8.4425e-10
9245.0  8.61058e-10
9250.0  8.73114e-10
9255.0  8.85578e-10
9260.0  8.78228e-10
9265.0  8.79902e-10
9270.0  8.96306e-10
9275.0  9.08687e-10
9280.0  9.07213e-10
9285.0  9.10622e-10
9290.0  9.08757e-10
9295.0  9.03137e-10
9300.0  8.91138e-10
9305.0  8.8541e-10
9310.0  8.74675e-10
9315.0  8.57718e-10
9320.0  8.38388e-10
9325.0  8.33914e-10
9330.0  8.3554e-10
9335.0  8.19515e-10
9340.0  7.97036e-10
9345.0  7.83409e-10
9350.0  8.23222e-10
9355.0  8.12632e-10
9360.0  8.13435e-10
9365.0  8.2952e-10
9370.0  8.21334e-10
9375.0  8.29149e-10
9380.0  8.28176e-10
9385.0  8.44222e-10
9390.0  8.82645e-10
9395.0  9.1622e-10
9400.0  9.08226e-10
9405.0  8.99852e-10
9410.0  8.83331e-10
9415.0  8.80515e-10
9420.0  8.71642e-10
9425.0  8.45068e-10
9430.0  8.13573e-10
9435.0  8.34517e-10
9440.0  8.04316e-10
9445.0  7.99312e-10
9450.0  8.29676e-10
9455.0  8.1879e-10
9460.0  8.00092e-10
9465.0  8.15438e-10
9470.0  8.27572e-10
9475.0  8.29306e-10
9480.0  8.17119e-10
9485.0  8.19416e-10
9490.0  8.4635e-10
9495.0  8.13375e-10
9500.0  7.88556e-10
9505.0  8.19774e-10
9510.0  8.44476e-10
9515.0  8.21754e-10
9520.0  7.80614e-10
9525.0  7.6407e-10
9530.0  7.59757e-10
9535.0  7.52184e-10
9540.0  7.30711e-10
9545.0  6.95471e-10
9550.0  6.97778e-10
9555.0  7.17843e-10
9560.0  7.39233e-10
9565.0  7.54227e-10
9570.0  7.75286e-10
9575.0  7.9887e-10
9580.0  7.99256e-10
9585.0  7.86652e-10
9590.0  7.80767e-10
9595.0  7.80885e-10
9600.0  7.99562e-10
9605.0  8.01783e-10
9610.0  8.02238e-10
9615.0  8.05747e-10
9620.0  7.86667e-10
9625.0  7.73755e-10
9630.0  7.88948e-10
9635.0  7.85316e-10
9640.0  7.86183e-10
9645.0  7.76424e-10
9650.0  7.74703e-10
9655.0  7.79402e-10
9660.0  7.76513e-10
9665.0  7.69362e-10
9670.0  7.76666e-10
9675.0  7.89629e-10
9680.0  7.83312e-10
9685.0  7.85674e-10
9690.0  7.90036e-10
9695.0  7.84738e-10
9700.0  7.79974e-10
9705.0  7.77934e-10
9710.0  7.77738e-10
9715.0  7.7278e-10
9720.0  7.6904e-10
9725.0  7.63738e-10
9730.0  7.54765e-10
9735.0  7.57303e-10
9740.0  7.53016e-10
9745.0  7.49649e-10
9750.0  7.47998e-10
9755.0  7.49996e-10
9760.0  7.54749e-10
9765.0  7.5171e-10
9770.0  7.5356e-10
9775.0  7.56054e-10
9780.0  7.50298e-10
9785.0  7.4592e-10
9790.0  7.4784e-10
9795.0  7.40403e-10
9800.0  7.40062e-10
9805.0  7.50361e-10
9810.0  7.53449e-10
9815.0  7.42088e-10
9820.0  7.38742e-10
9825.0  7.39191e-10
9830.0  7.36386e-10
9835.0  7.40238e-10
9840.0  7.36634e-10
9845.0  7.32523e-10
9850.0  7.3482e-10
9855.0  7.33398e-10
9860.0  7.27856e-10
9865.0  7.27062e-10
9870.0  7.32684e-10
9875.0  7.29926e-10
9880.0  7.27104e-10
9885.0  7.27542e-10
9890.0  7.24138e-10
9895.0  7.2318e-10
9900.0  7.21427e-10
9905.0  7.2384e-10
9910.0  7.20954e-10
9915.0  7.0669e-10
9920.0  7.18295e-10
9925.0  7.13235e-10
9930.0  7.15896e-10
9935.0  7.21364e-10
9940.0  7.13915e-10
9945.0  7.11207e-10
9950.0  7.08939e-10
9955.0  7.15451e-10
9960.0  7.06779e-10
9965.0  7.04359e-10
9970.0  6.96099e-10
9975.0  7.03849e-10
9980.0  7.05377e-10
9985.0  6.96468e-10
9990.0  7.02929e-10
9995.0  6.97992e-10
10000.0  6.91316e-10
10005.0  6.90943e-10
10010.0  6.91209e-10
10015.0  6.85089e-10
10020.0  6.67743e-10
10025.0  6.6452e-10
10030.0  6.50565e-10
10035.0  6.47436e-10
10040.0  6.3165e-10
10045.0  6.09509e-10
10050.0  5.93509e-10
10055.0  5.96381e-10
10060.0  6.26362e-10
10065.0  6.28379e-10
10070.0  6.47354e-10
10075.0  6.5733e-10
10080.0  6.67012e-10
10085.0  6.71808e-10
10090.0  6.69299e-10
10095.0  6.793e-10
10100.0  6.7703e-10
10105.0  6.86766e-10
10110.0  6.93282e-10
10115.0  6.74262e-10
10120.0  6.75483e-10
10125.0  6.77495e-10
10130.0  6.79262e-10
10135.0  6.8296e-10
10140.0  6.79015e-10
10145.0  6.62758e-10
10150.0  6.7046e-10
10155.0  6.70449e-10
10160.0  6.68652e-10
10165.0  6.67166e-10
10170.0  6.65944e-10
10175.0  6.64946e-10
10180.0  6.64131e-10
10185.0  6.63453e-10
10190.0  6.62869e-10
10195.0  6.62335e-10
10200.0  6.61812e-10
10205.0  6.61266e-10
10210.0  6.60685e-10
10215.0  6.60065e-10
10220.0  6.59412e-10
10225.0  6.58721e-10
10230.0  6.57989e-10
10235.0  6.57218e-10
10240.0  6.56405e-10
10245.0  6.55552e-10
10250.0  6.54657e-10
10255.0  6.53719e-10
10260.0  6.52739e-10
10265.0  6.51727e-10
10270.0  6.50682e-10
10275.0  6.49606e-10
10280.0  6.48507e-10
10285.0  6.47386e-10
10290.0  6.46245e-10
10295.0  6.45093e-10
10300.0  6.43663e-10
10305.0  6.4092e-10
10310.0  6.3967e-10
10315.0  6.38716e-10
10320.0  6.37769e-10
10325.0  6.3684e-10
10330.0  6.35921e-10
10335.0  6.35024e-10
10340.0  6.34154e-10
10345.0  6.33305e-10
10350.0  6.3249e-10
10355.0  6.31706e-10
10360.0  6.30952e-10
10365.0  6.30221e-10
10370.0  6.29503e-10
10375.0  6.28795e-10
10380.0  6.28091e-10
10385.0  6.27377e-10
10390.0  6.26658e-10
10395.0  6.25919e-10
10400.0  6.25156e-10
10405.0  6.24363e-10
10410.0  6.23537e-10
10415.0  6.22687e-10
10420.0  6.21807e-10
10425.0  6.20902e-10
10430.0  6.19972e-10
10435.0  6.19014e-10
10440.0  6.18037e-10
10445.0  6.17036e-10
10450.0  6.16013e-10
10455.0  6.1497e-10
10460.0  6.13911e-10
10465.0  6.12836e-10
10470.0  6.11749e-10
10475.0  6.10646e-10
10480.0  6.09539e-10
10485.0  6.08425e-10
10490.0  6.07304e-10
10495.0  6.06184e-10
10500.0  6.05062e-10
10505.0  6.03944e-10
10510.0  6.02826e-10
10515.0  6.01713e-10
10520.0  6.00601e-10
10525.0  5.9949e-10
10530.0  5.98383e-10
10535.0  5.9728e-10
10540.0  5.96179e-10
10545.0  5.95079e-10
10550.0  5.93985e-10
10555.0  5.92889e-10
10560.0  5.91799e-10
10565.0  5.90709e-10
10570.0  5.89623e-10
10575.0  5.88539e-10
10580.0  5.87458e-10
10585.0  5.86378e-10
10590.0  5.85302e-10
10595.0  5.84229e-10
10600.0  5.83158e-10
10605.0  5.82088e-10
10610.0  5.8102e-10
10615.0  5.79957e-10
10620.0  5.80409e-10
10625.0  5.88469e-10
10630.0  5.89174e-10
10635.0  5.88402e-10
10640.0  5.87631e-10
10645.0  5.86858e-10
10650.0  5.86086e-10
10655.0  5.85312e-10
10660.0  5.84538e-10
10665.0  5.83766e-10
10670.0  5.8299e-10
10675.0  5.82216e-10
10680.0  5.81443e-10
10685.0  5.80668e-10
10690.0  5.79893e-10
10695.0  5.79117e-10
10700.0  5.78341e-10
10705.0  5.77569e-10
10710.0  5.76791e-10
10715.0  5.76015e-10
10720.0  5.75238e-10
10725.0  5.74462e-10
10730.0  5.73686e-10
10735.0  5.72909e-10
10740.0  5.72132e-10
10745.0  5.71353e-10
10750.0  5.70576e-10
10755.0  5.69799e-10
10760.0  5.6902e-10
10765.0  5.68244e-10
10770.0  5.67466e-10
10775.0  5.66686e-10
10780.0  5.65907e-10
10785.0  5.6513e-10
10790.0  5.64351e-10
10795.0  5.63573e-10
10800.0  5.62794e-10
10805.0  5.62013e-10
10810.0  5.61234e-10
10815.0  5.60455e-10
10820.0  5.59678e-10
10825.0  5.58897e-10
10830.0  5.58117e-10
10835.0  5.57337e-10
10840.0  5.56558e-10
10845.0  5.55778e-10
10850.0  5.54998e-10
10855.0  5.54218e-10
10860.0  5.53437e-10
10865.0  5.52654e-10
10870.0  5.51874e-10
10875.0  5.51094e-10
10880.0  5.50315e-10
10885.0  5.49534e-10
10890.0  5.48754e-10
10895.0  5.47971e-10
10900.0  5.47191e-10
10905.0  5.4641e-10
10910.0  5.45631e-10
10915.0  5.44851e-10
10920.0  5.44067e-10
10925.0  5.43288e-10
10930.0  5.42508e-10
10935.0  5.41728e-10
10940.0  5.40944e-10
10945.0  5.40165e-10
10950.0  5.39385e-10
10955.0  5.38604e-10
10960.0  5.37824e-10
10965.0  5.37042e-10
10970.0  5.3626e-10
10975.0  5.35481e-10
10980.0  5.34701e-10
10985.0  5.33921e-10
10990.0  5.33137e-10
10995.0  5.32357e-10
11000.0  5.31577e-10
11005.0  5.30797e-10
11010.0  5.30018e-10
11015.0  5.29238e-10
11020.0  5.28457e-10
11025.0  5.27678e-10
11030.0  5.26897e-10
11035.0  5.26118e-10
11040.0  5.25338e-10
11045.0  5.24559e-10
11050.0  5.23781e-10
11055.0  5.23002e-10
11060.0  5.22222e-10
11065.0  5.21442e-10
11070.0  5.20665e-10
11075.0  5.19885e-10
11080.0  5.19105e-10
11085.0  5.18328e-10
11090.0  5.17549e-10
11095.0  5.16772e-10
11100.0  5.15993e-10
11105.0  5.15216e-10
11110.0  5.14439e-10
11115.0  5.13659e-10
11120.0  5.12883e-10
11125.0  5.12107e-10
11130.0  5.1133e-10
11135.0  5.10553e-10
11140.0  5.09777e-10
11145.0  5.09001e-10
11150.0  5.08223e-10
11155.0  5.07447e-10
11160.0  5.06672e-10
11165.0  5.05897e-10
11170.0  5.05122e-10
11175.0  5.04348e-10
11180.0  5.03573e-10
11185.0  5.02799e-10
11190.0  5.02023e-10
11195.0  5.01249e-10
11200.0  5.00476e-10
11205.0  4.99704e-10
11210.0  4.98931e-10
11215.0  4.98158e-10
11220.0  4.97384e-10
11225.0  4.96612e-10
11230.0  4.95842e-10
11235.0  4.95069e-10
11240.0  4.943e-10
11245.0  4.93527e-10
11250.0  4.92758e-10
11255.0  4.91988e-10
11260.0  4.91218e-10
11265.0  4.90446e-10
11270.0  4.89679e-10
11275.0  4.88909e-10
11280.0  4.88139e-10
11285.0  4.8737e-10
11290.0  4.86604e-10
11295.0  4.85836e-10
11300.0  4.85069e-10
11305.0  4.84303e-10
11310.0  4.83537e-10
11315.0  4.82771e-10
11320.0  4.82005e-10
11325.0  4.81239e-10
11330.0  4.80474e-10
11335.0  4.79709e-10
11340.0  4.78944e-10
11345.0  4.78182e-10
11350.0  4.77419e-10
11355.0  4.76656e-10
11360.0  4.75894e-10
11365.0  4.75132e-10
11370.0  4.74369e-10
11375.0  4.73609e-10
11380.0  4.72848e-10
11385.0  4.72088e-10
11390.0  4.71329e-10
11395.0  4.70567e-10
11400.0  4.6981e-10
11405.0  4.69052e-10
11410.0  4.68293e-10
11415.0  4.67537e-10
11420.0  4.66779e-10
11425.0  4.66023e-10
11430.0  4.65267e-10
11435.0  4.64511e-10
11440.0  4.63755e-10
11445.0  4.63e-10
11450.0  4.62248e-10
11455.0  4.61495e-10
11460.0  4.60741e-10
11465.0  4.59988e-10
11470.0  4.59237e-10
11475.0  4.58487e-10
11480.0  4.57736e-10
11485.0  4.56986e-10
11490.0  4.56235e-10
11495.0  4.55486e-10
11500.0  4.54737e-10
11505.0  4.53992e-10
11510.0  4.53244e-10
11515.0  4.52497e-10
11520.0  4.5175e-10
11525.0  4.51004e-10
11530.0  4.5026e-10
11535.0  4.49518e-10
11540.0  4.48773e-10
11545.0  4.48031e-10
11550.0  4.47285e-10
11555.0  4.46544e-10
11560.0  4.45803e-10
11565.0  4.45063e-10
11570.0  4.44323e-10
11575.0  4.43585e-10
11580.0  4.42846e-10
11585.0  4.42108e-10
11590.0  4.4137e-10
11595.0  4.40634e-10
11600.0  4.39898e-10
11605.0  4.39162e-10
11610.0  4.38428e-10
11615.0  4.37694e-10
11620.0  4.36961e-10
11625.0  4.36228e-10
11630.0  4.35496e-10
11635.0  4.34765e-10
11640.0  4.34033e-10
11645.0  4.33305e-10
11650.0  4.32575e-10
11655.0  4.31847e-10
11660.0  4.31119e-10
11665.0  4.30392e-10
11670.0  4.29667e-10
11675.0  4.28942e-10
11680.0  4.28215e-10
11685.0  4.27494e-10
11690.0  4.26769e-10
11695.0  4.26046e-10
11700.0  4.25325e-10
11705.0  4.24604e-10
11710.0  4.23884e-10
11715.0  4.23166e-10
11720.0  4.22449e-10
11725.0  4.21729e-10
11730.0  4.21014e-10
11735.0  4.20296e-10
11740.0  4.1958e-10
11745.0  4.18866e-10
11750.0  4.18152e-10
11755.0  4.17441e-10
11760.0  4.16728e-10
11765.0  4.16018e-10
11770.0  4.15307e-10
11775.0  4.14597e-10
11780.0  4.1389e-10
11785.0  4.1318e-10
11790.0  4.12473e-10
11795.0  4.11769e-10
11800.0  4.11063e-10
11805.0  4.10359e-10
11810.0  4.09656e-10
11815.0  4.08953e-10
11820.0  4.08253e-10
11825.0  4.0755e-10
11830.0  4.0685e-10
11835.0  4.06152e-10
11840.0  4.05453e-10
11845.0  4.04757e-10
11850.0  4.0406e-10
11855.0  4.03365e-10
11860.0  4.02671e-10
11865.0  4.01978e-10
11870.0  4.01285e-10
11875.0  4.00593e-10
11880.0  3.99902e-10
11885.0  3.99214e-10
11890.0  3.98525e-10
11895.0  3.97838e-10
11900.0  3.97151e-10
11905.0  3.96466e-10
11910.0  3.95781e-10
11915.0  3.95098e-10
11920.0  3.94416e-10
11925.0  3.93733e-10
11930.0  3.93051e-10
11935.0  3.92371e-10
11940.0  3.91692e-10
11945.0  3.91014e-10
11950.0  3.90338e-10
11955.0  3.89662e-10
11960.0  3.88987e-10
11965.0  3.88316e-10
11970.0  3.87643e-10
11975.0  3.86971e-10
11980.0  3.86299e-10
11985.0  3.85631e-10
11990.0  3.84962e-10
11995.0  3.84294e-10
12000.0  3.83629e-10
12005.0  3.82963e-10
12010.0  3.82298e-10
12015.0  3.81637e-10
12020.0  3.80975e-10
12025.0  3.80314e-10
12030.0  3.79655e-10
12035.0  3.78995e-10
12040.0  3.78338e-10
12045.0  3.77681e-10
12050.0  3.77026e-10
12055.0  3.76372e-10
12060.0  3.7572e-10
12065.0  3.75066e-10
12070.0  3.74416e-10
12075.0  3.73767e-10
12080.0  3.7312e-10
12085.0  3.72471e-10
12090.0  3.71825e-10
12095.0  3.7118e-10
12100.0  3.70536e-10
12105.0  3.69895e-10
12110.0  3.69251e-10
12115.0  3.68611e-10
12120.0  3.67973e-10
12125.0  3.67336e-10
12130.0  3.66699e-10
12135.0  3.66062e-10
12140.0  3.65428e-10
12145.0  3.64795e-10
12150.0  3.64164e-10
12155.0  3.63533e-10
12160.0  3.62904e-10
12165.0  3.62276e-10
12170.0  3.6165e-10
12175.0  3.61023e-10
12180.0  3.60399e-10
12185.0  3.59776e-10
12190.0  3.59153e-10
12195.0  3.58533e-10
12200.0  3.57914e-10
12205.0  3.57298e-10
12210.0  3.56681e-10
12215.0  3.56064e-10
12220.0  3.55449e-10
12225.0  3.54836e-10
12230.0  3.54226e-10
12235.0  3.53614e-10
12240.0  3.53008e-10
12245.0  3.52398e-10
12250.0  3.51792e-10
12255.0  3.51187e-10
12260.0  3.50584e-10
12265.0  3.49979e-10
12270.0  3.49379e-10
12275.0  3.48777e-10
12280.0  3.48178e-10
12285.0  3.47582e-10
12290.0  3.46987e-10
12295.0  3.46392e-10
12300.0  3.45797e-10
12305.0  3.45205e-10
12310.0  3.44613e-10
12315.0  3.44024e-10
12320.0  3.43436e-10
12325.0  3.42847e-10
12330.0  3.42259e-10
12335.0  3.41674e-10
12340.0  3.41092e-10
12345.0  3.40508e-10
12350.0  3.39926e-10
12355.0  3.39348e-10
12360.0  3.3877e-10
12365.0  3.38191e-10
12370.0  3.37614e-10
12375.0  3.37039e-10
12380.0  3.36465e-10
12385.0  3.35893e-10
12390.0  3.35323e-10
12395.0  3.34752e-10
12400.0  3.34184e-10
12405.0  3.33617e-10
12410.0  3.33049e-10
12415.0  3.32482e-10
12420.0  3.3192e-10
12425.0  3.31357e-10
12430.0  3.30796e-10
12435.0  3.30235e-10
12440.0  3.29675e-10
12445.0  3.29117e-10
12450.0  3.28561e-10
12455.0  3.28004e-10
12460.0  3.27449e-10
12465.0  3.26896e-10
12470.0  3.26346e-10
12475.0  3.25795e-10
12480.0  3.25245e-10
12485.0  3.24696e-10
12490.0  3.24148e-10
12495.0  3.23602e-10
12500.0  3.23058e-10
12505.0  3.22515e-10
12510.0  3.21973e-10
12515.0  3.21433e-10
12520.0  3.20893e-10
12525.0  3.20353e-10
12530.0  3.19817e-10
12535.0  3.1928e-10
12540.0  3.18745e-10
12545.0  3.18209e-10
12550.0  3.17676e-10
12555.0  3.17146e-10
12560.0  3.16614e-10
12565.0  3.16085e-10
12570.0  3.15558e-10
12575.0  3.1503e-10
12580.0  3.14504e-10
12585.0  3.1398e-10
12590.0  3.13456e-10
12595.0  3.12934e-10
12600.0  3.12414e-10
12605.0  3.11893e-10
12610.0  3.11374e-10
12615.0  3.10857e-10
12620.0  3.1034e-10
12625.0  3.09824e-10
12630.0  3.09312e-10
12635.0  3.08797e-10
12640.0  3.08285e-10
12645.0  3.07776e-10
12650.0  3.07265e-10
12655.0  3.06757e-10
12660.0  3.06251e-10
12665.0  3.05743e-10
12670.0  3.05239e-10
12675.0  3.04736e-10
12680.0  3.04232e-10
12685.0  3.03731e-10
12690.0  3.03232e-10
12695.0  3.02732e-10
12700.0  3.02233e-10
12705.0  3.01736e-10
12710.0  3.0124e-10
12715.0  3.00746e-10
12720.0  3.00252e-10
12725.0  2.99761e-10
12730.0  2.9927e-10
12735.0  2.98779e-10
12740.0  2.98288e-10
12745.0  2.97801e-10
12750.0  2.97314e-10
12755.0  2.96829e-10
12760.0  2.96346e-10
12765.0  2.95861e-10
12770.0  2.95378e-10
12775.0  2.94897e-10
12780.0  2.94417e-10
12785.0  2.93938e-10
12790.0  2.93459e-10
12795.0  2.92982e-10
12800.0  2.92507e-10
12805.0  2.92031e-10
12810.0  2.91558e-10
12815.0  2.91087e-10
12820.0  2.90614e-10
12825.0  2.90144e-10
12830.0  2.89676e-10
12835.0  2.89208e-10
12840.0  2.8874e-10
12845.0  2.88274e-10
12850.0  2.8781e-10
12855.0  2.87345e-10
12860.0  2.86884e-10
12865.0  2.86422e-10
12870.0  2.85962e-10
12875.0  2.85502e-10
12880.0  2.85043e-10
12885.0  2.84586e-10
12890.0  2.8413e-10
12895.0  2.83675e-10
12900.0  2.83222e-10
12905.0  2.82769e-10
12910.0  2.82316e-10
12915.0  2.81864e-10
12920.0  2.81414e-10
12925.0  2.80966e-10
12930.0  2.80519e-10
12935.0  2.80073e-10
12940.0  2.79629e-10
12945.0  2.79183e-10
12950.0  2.7874e-10
12955.0  2.78298e-10
12960.0  2.77856e-10
12965.0  2.77414e-10
12970.0  2.76974e-10
12975.0  2.76536e-10
12980.0  2.761e-10
12985.0  2.75666e-10
12990.0  2.7523e-10
12995.0  2.74795e-10
13000.0  2.74363e-10
13005.0  2.73932e-10
13010.0  2.735e-10
13015.0  2.73068e-10
13020.0  2.72639e-10
13025.0  2.72212e-10
13030.0  2.71786e-10
13035.0  2.71361e-10
13040.0  2.70937e-10
13045.0  2.70512e-10
13050.0  2.70091e-10
13055.0  2.69667e-10
13060.0  2.69248e-10
13065.0  2.68827e-10
13070.0  2.68409e-10
13075.0  2.67992e-10
13080.0  2.67574e-10
13085.0  2.67159e-10
13090.0  2.66745e-10
13095.0  2.66331e-10
13100.0  2.65919e-10
13105.0  2.65508e-10
13110.0  2.65098e-10
13115.0  2.64687e-10
13120.0  2.6428e-10
13125.0  2.63872e-10
13130.0  2.63465e-10
13135.0  2.6306e-10
13140.0  2.62654e-10
13145.0  2.62252e-10
13150.0  2.61849e-10
13155.0  2.61449e-10
13160.0  2.61048e-10
13165.0  2.60647e-10
13170.0  2.60247e-10
13175.0  2.5985e-10
13180.0  2.59454e-10
13185.0  2.5906e-10
13190.0  2.58664e-10
13195.0  2.5827e-10
13200.0  2.57879e-10
13205.0  2.57487e-10
13210.0  2.57096e-10
13215.0  2.56706e-10
13220.0  2.56316e-10
13225.0  2.5593e-10
13230.0  2.55543e-10
13235.0  2.55157e-10
13240.0  2.5477e-10
13245.0  2.54387e-10
13250.0  2.54004e-10
13255.0  2.53621e-10
13260.0  2.53241e-10
13265.0  2.52862e-10
13270.0  2.52482e-10
13275.0  2.52103e-10
13280.0  2.51727e-10
13285.0  2.51351e-10
13290.0  2.50976e-10
13295.0  2.50602e-10
13300.0  2.50227e-10
13305.0  2.49854e-10
13310.0  2.49484e-10
13315.0  2.49112e-10
13320.0  2.48743e-10
13325.0  2.48374e-10
13330.0  2.48005e-10
13335.0  2.47639e-10
13340.0  2.47273e-10
13345.0  2.46908e-10
13350.0  2.46545e-10
13355.0  2.46181e-10
13360.0  2.45818e-10
13365.0  2.45456e-10
13370.0  2.45097e-10
13375.0  2.44739e-10
13380.0  2.4438e-10
13385.0  2.44022e-10
13390.0  2.43666e-10
13395.0  2.43308e-10
13400.0  2.42953e-10
13405.0  2.426e-10
13410.0  2.42246e-10
13415.0  2.41894e-10
13420.0  2.41543e-10
13425.0  2.41194e-10
13430.0  2.40842e-10
13435.0  2.40494e-10
13440.0  2.40149e-10
13445.0  2.39801e-10
13450.0  2.39456e-10
13455.0  2.39111e-10
13460.0  2.38767e-10
13465.0  2.38423e-10
13470.0  2.38081e-10
13475.0  2.37739e-10
13480.0  2.37399e-10
13485.0  2.3706e-10
13490.0  2.3672e-10
13495.0  2.36382e-10
13500.0  2.36044e-10
13505.0  2.3571e-10
13510.0  2.35375e-10
13515.0  2.35041e-10
13520.0  2.34707e-10
13525.0  2.34373e-10
13530.0  2.34042e-10
13535.0  2.33711e-10
13540.0  2.33381e-10
13545.0  2.33053e-10
13550.0  2.32726e-10
13555.0  2.32399e-10
13560.0  2.32071e-10
13565.0  2.31744e-10
13570.0  2.3142e-10
13575.0  2.31096e-10
13580.0  2.30772e-10
13585.0  2.30452e-10
13590.0  2.30128e-10
13595.0  2.29809e-10
13600.0  2.29491e-10
13605.0  2.29171e-10
13610.0  2.28854e-10
13615.0  2.28537e-10
13620.0  2.2822e-10
13625.0  2.27903e-10
13630.0  2.27589e-10
13635.0  2.27276e-10
13640.0  2.26963e-10
13645.0  2.2665e-10
13650.0  2.26339e-10
13655.0  2.2603e-10
13660.0  2.2572e-10
13665.0  2.25411e-10
13670.0  2.25104e-10
13675.0  2.24797e-10
13680.0  2.24491e-10
13685.0  2.24185e-10
13690.0  2.23881e-10
13695.0  2.23576e-10
13700.0  2.23272e-10
13705.0  2.22972e-10
13710.0  2.2267e-10
13715.0  2.2237e-10
13720.0  2.22071e-10
13725.0  2.21771e-10
13730.0  2.21472e-10
13735.0  2.21176e-10
13740.0  2.2088e-10
13745.0  2.20584e-10
13750.0  2.20289e-10
13755.0  2.19995e-10
13760.0  2.197e-10
13765.0  2.19407e-10
13770.0  2.19118e-10
13775.0  2.18826e-10
13780.0  2.18536e-10
13785.0  2.18248e-10
13790.0  2.17959e-10
13795.0  2.1767e-10
13800.0  2.17384e-10
13805.0  2.17098e-10
13810.0  2.16813e-10
13815.0  2.16528e-10
13820.0  2.16245e-10
13825.0  2.15961e-10
13830.0  2.15678e-10
13835.0  2.15396e-10
13840.0  2.15117e-10
13845.0  2.14836e-10
13850.0  2.14556e-10
13855.0  2.14279e-10
13860.0  2.14003e-10
13865.0  2.13725e-10
13870.0  2.13449e-10
13875.0  2.13175e-10
13880.0  2.12899e-10
13885.0  2.12624e-10
13890.0  2.12353e-10
13895.0  2.12081e-10
13900.0  2.11809e-10
13905.0  2.11538e-10
13910.0  2.11269e-10
13915.0  2.10999e-10
13920.0  2.1073e-10
13925.0  2.10462e-10
13930.0  2.10197e-10
13935.0  2.09929e-10
13940.0  2.09664e-10
13945.0  2.094e-10
13950.0  2.09135e-10
13955.0  2.08871e-10
13960.0  2.0861e-10
13965.0  2.08348e-10
13970.0  2.08087e-10
13975.0  2.07826e-10
13980.0  2.07568e-10
13985.0  2.07307e-10
13990.0  2.07049e-10
13995.0  2.06792e-10
14000.0  2.06537e-10
14005.0  2.0628e-10
14010.0  2.06025e-10
14015.0  2.05771e-10
14020.0  2.05518e-10
14025.0  2.05264e-10
14030.0  2.05012e-10
14035.0  2.04759e-10
14040.0  2.04508e-10
14045.0  2.04257e-10
14050.0  2.04009e-10
14055.0  2.0376e-10
14060.0  2.03512e-10
14065.0  2.03264e-10
14070.0  2.03017e-10
14075.0  2.02771e-10
14080.0  2.02526e-10
14085.0  2.02283e-10
14090.0  2.02039e-10
14095.0  2.01795e-10
14100.0  2.01552e-10
14105.0  2.01311e-10
14110.0  2.01071e-10
14115.0  2.00831e-10
14120.0  2.00591e-10
14125.0  2.00351e-10
14130.0  2.00113e-10
14135.0  1.99874e-10
14140.0  1.99636e-10
14145.0  1.994e-10
14150.0  1.99166e-10
14155.0  1.9893e-10
14160.0  1.98696e-10
14165.0  1.98463e-10
14170.0  1.9823e-10
14175.0  1.97997e-10
14180.0  1.97766e-10
14185.0  1.97534e-10
14190.0  1.97303e-10
14195.0  1.97074e-10
14200.0  1.96847e-10
14205.0  1.96618e-10
14210.0  1.96391e-10
14215.0  1.96162e-10
14220.0  1.95936e-10
14225.0  1.95712e-10
14230.0  1.95486e-10
14235.0  1.9526e-10
14240.0  1.95036e-10
14245.0  1.94814e-10
14250.0  1.94592e-10
14255.0  1.94371e-10
14260.0  1.94149e-10
14265.0  1.9393e-10
14270.0  1.9371e-10
14275.0  1.93491e-10
14280.0  1.93271e-10
14285.0  1.93052e-10
14290.0  1.92836e-10
14295.0  1.9262e-10
14300.0  1.92404e-10
14305.0  1.92189e-10
14310.0  1.91973e-10
14315.0  1.9176e-10
14320.0  1.91544e-10
14325.0  1.91332e-10
14330.0  1.91119e-10
14335.0  1.90908e-10
14340.0  1.90697e-10
14345.0  1.90486e-10
14350.0  1.90277e-10
14355.0  1.90068e-10
14360.0  1.89859e-10
14365.0  1.8965e-10
14370.0  1.89444e-10
14375.0  1.89236e-10
14380.0  1.8903e-10
14385.0  1.88825e-10
14390.0  1.8862e-10
14395.0  1.88414e-10
14400.0  1.88212e-10
14405.0  1.8801e-10
14410.0  1.87805e-10
14415.0  1.87603e-10
14420.0  1.87403e-10
14425.0  1.87202e-10
14430.0  1.87001e-10
14435.0  1.86802e-10
14440.0  1.86603e-10
14445.0  1.86405e-10
14450.0  1.86206e-10
14455.0  1.86008e-10
14460.0  1.85813e-10
14465.0  1.85617e-10
14470.0  1.8542e-10
14475.0  1.85225e-10
14480.0  1.85032e-10
14485.0  1.84838e-10
14490.0  1.84643e-10
14495.0  1.84451e-10
14500.0  1.8426e-10
14505.0  1.84069e-10
14510.0  1.83876e-10
14515.0  1.83686e-10
14520.0  1.83497e-10
14525.0  1.83306e-10
14530.0  1.83118e-10
14535.0  1.8293e-10
14540.0  1.82742e-10
14545.0  1.82556e-10
14550.0  1.8237e-10
14555.0  1.82184e-10
14560.0  1.81997e-10
14565.0  1.81812e-10
14570.0  1.81628e-10
14575.0  1.81446e-10
14580.0  1.81262e-10
14585.0  1.81078e-10
14590.0  1.80896e-10
14595.0  1.80715e-10
14600.0  1.80534e-10
14605.0  1.80353e-10
14610.0  1.80173e-10
14615.0  1.79994e-10
14620.0  1.79814e-10
14625.0  1.79636e-10
14630.0  1.79458e-10
14635.0  1.79281e-10
14640.0  1.79103e-10
14645.0  1.78929e-10
14650.0  1.78752e-10
14655.0  1.78577e-10
14660.0  1.78403e-10
14665.0  1.78229e-10
14670.0  1.78055e-10
14675.0  1.77881e-10
14680.0  1.77707e-10
14685.0  1.77536e-10
14690.0  1.77362e-10
14695.0  1.77191e-10
14700.0  1.77021e-10
14705.0  1.76851e-10
14710.0  1.76683e-10
14715.0  1.76513e-10
14720.0  1.76345e-10
14725.0  1.76175e-10
14730.0  1.76008e-10
14735.0  1.7584e-10
14740.0  1.75673e-10
14745.0  1.75507e-10
14750.0  1.75342e-10
14755.0  1.75176e-10
14760.0  1.75012e-10
14765.0  1.74848e-10
14770.0  1.74684e-10
14775.0  1.74521e-10
14780.0  1.74357e-10
14785.0  1.74196e-10
14790.0  1.74034e-10
14795.0  1.73873e-10
14800.0  1.7371e-10
14805.0  1.73549e-10
14810.0  1.73389e-10
14815.0  1.73232e-10
14820.0  1.73072e-10
14825.0  1.72913e-10
14830.0  1.72755e-10
14835.0  1.72599e-10
14840.0  1.72442e-10
14845.0  1.72283e-10
14850.0  1.72128e-10
14855.0  1.71972e-10
14860.0  1.71816e-10
14865.0  1.71662e-10
14870.0  1.71506e-10
14875.0  1.71352e-10
14880.0  1.71199e-10
14885.0  1.71046e-10
14890.0  1.70892e-10
14895.0  1.7074e-10
14900.0  1.70589e-10
14905.0  1.70437e-10
14910.0  1.70287e-10
14915.0  1.70137e-10
14920.0  1.69987e-10
14925.0  1.69837e-10
14930.0  1.69688e-10
14935.0  1.69538e-10
14940.0  1.69391e-10
14945.0  1.69243e-10
14950.0  1.69095e-10
14955.0  1.68947e-10
14960.0  1.688e-10
14965.0  1.68653e-10
14970.0  1.68508e-10
14975.0  1.68364e-10
14980.0  1.68219e-10
14985.0  1.68075e-10
14990.0  1.6793e-10
14995.0  1.67786e-10
15000.0  1.67644e-10
15005.0  1.67501e-10
15010.0  1.67358e-10
15015.0  1.67215e-10
15020.0  1.67073e-10
15025.0  1.66933e-10
15030.0  1.66791e-10
15035.0  1.66652e-10
15040.0  1.66512e-10
15045.0  1.6637e-10
15050.0  1.6623e-10
15055.0  1.66094e-10
15060.0  1.65955e-10
15065.0  1.65816e-10
15070.0  1.65679e-10
15075.0  1.65541e-10
15080.0  1.65405e-10
15085.0  1.65269e-10
15090.0  1.6513e-10
15095.0  1.64994e-10
15100.0  1.64862e-10
15105.0  1.64726e-10
15110.0  1.6459e-10
15115.0  1.64455e-10
15120.0  1.64322e-10
15125.0  1.64189e-10
15130.0  1.64054e-10
15135.0  1.63922e-10
15140.0  1.63789e-10
15145.0  1.63657e-10
15150.0  1.63525e-10
15155.0  1.63395e-10
15160.0  1.63264e-10
15165.0  1.63134e-10
15170.0  1.63003e-10
15175.0  1.62874e-10
15180.0  1.62744e-10
15185.0  1.62613e-10
15190.0  1.62484e-10
15195.0  1.62357e-10
15200.0  1.62229e-10
15205.0  1.621e-10
15210.0  1.61972e-10
15215.0  1.61846e-10
15220.0  1.61718e-10
15225.0  1.61592e-10
15230.0  1.61467e-10
15235.0  1.61342e-10
15240.0  1.61216e-10
15245.0  1.61091e-10
15250.0  1.60965e-10
15255.0  1.6084e-10
15260.0  1.60715e-10
15265.0  1.60592e-10
15270.0  1.60468e-10
15275.0  1.60346e-10
15280.0  1.60224e-10
15285.0  1.60102e-10
15290.0  1.59977e-10
15295.0  1.59855e-10
15300.0  1.59736e-10
15305.0  1.59614e-10
15310.0  1.59493e-10
15315.0  1.59371e-10
15320.0  1.59252e-10
15325.0  1.59131e-10
15330.0  1.59012e-10
15335.0  1.58893e-10
15340.0  1.58772e-10
15345.0  1.58653e-10
15350.0  1.58535e-10
15355.0  1.58416e-10
15360.0  1.58298e-10
15365.0  1.58183e-10
15370.0  1.58065e-10
15375.0  1.57947e-10
15380.0  1.57831e-10
15385.0  1.57714e-10
15390.0  1.57598e-10
15395.0  1.57483e-10
15400.0  1.57368e-10
15405.0  1.57251e-10
15410.0  1.57135e-10
15415.0  1.57021e-10
15420.0  1.56908e-10
15425.0  1.56794e-10
15430.0  1.56679e-10
15435.0  1.56565e-10
15440.0  1.56452e-10
15445.0  1.56338e-10
15450.0  1.56226e-10
15455.0  1.56114e-10
15460.0  1.56001e-10
15465.0  1.55889e-10
15470.0  1.55777e-10
15475.0  1.55666e-10
15480.0  1.55554e-10
15485.0  1.55443e-10
15490.0  1.55332e-10
15495.0  1.55223e-10
15500.0  1.55112e-10
15505.0  1.55001e-10
15510.0  1.54893e-10
15515.0  1.54782e-10
15520.0  1.54673e-10
15525.0  1.54565e-10
15530.0  1.54455e-10
15535.0  1.54346e-10
15540.0  1.54238e-10
15545.0  1.5413e-10
15550.0  1.54022e-10
15555.0  1.53915e-10
15560.0  1.5381e-10
15565.0  1.53702e-10
15570.0  1.53594e-10
15575.0  1.53487e-10
15580.0  1.53381e-10
15585.0  1.53274e-10
15590.0  1.53169e-10
15595.0  1.53064e-10
15600.0  1.52957e-10
15605.0  1.52853e-10
15610.0  1.52748e-10
15615.0  1.52643e-10
15620.0  1.52539e-10
15625.0  1.52435e-10
15630.0  1.5233e-10
15635.0  1.52226e-10
15640.0  1.52121e-10
15645.0  1.52017e-10
15650.0  1.51915e-10
15655.0  1.51811e-10
15660.0  1.51707e-10
15665.0  1.51605e-10
15670.0  1.51502e-10
15675.0  1.514e-10
15680.0  1.51299e-10
15685.0  1.51195e-10
15690.0  1.51094e-10
15695.0  1.50993e-10
15700.0  1.50892e-10
15705.0  1.50791e-10
15710.0  1.5069e-10
15715.0  1.50589e-10
15720.0  1.50488e-10
15725.0  1.50387e-10
15730.0  1.50286e-10
15735.0  1.50186e-10
15740.0  1.50087e-10
15745.0  1.49987e-10
15750.0  1.49886e-10
15755.0  1.49788e-10
15760.0  1.49688e-10
15765.0  1.49589e-10
15770.0  1.49489e-10
15775.0  1.49391e-10
15780.0  1.49294e-10
15785.0  1.49196e-10
15790.0  1.49096e-10
15795.0  1.48998e-10
15800.0  1.489e-10
15805.0  1.48803e-10
15810.0  1.48705e-10
15815.0  1.48608e-10
15820.0  1.4851e-10
15825.0  1.48413e-10
15830.0  1.48315e-10
15835.0  1.48218e-10
15840.0  1.48123e-10
15845.0  1.48026e-10
15850.0  1.47929e-10
15855.0  1.47832e-10
15860.0  1.47737e-10
15865.0  1.4764e-10
15870.0  1.47545e-10
15875.0  1.47449e-10
15880.0  1.47354e-10
15885.0  1.47257e-10
15890.0  1.47163e-10
15895.0  1.47068e-10
15900.0  1.46972e-10
15905.0  1.46877e-10
15910.0  1.46783e-10
15915.0  1.46686e-10
15920.0  1.46592e-10
15925.0  1.46498e-10
15930.0  1.46404e-10
15935.0  1.4631e-10
15940.0  1.46216e-10
15945.0  1.46122e-10
15950.0  1.46027e-10
15955.0  1.45934e-10
15960.0  1.4584e-10
15965.0  1.45746e-10
15970.0  1.45652e-10
15975.0  1.45558e-10
15980.0  1.45466e-10
15985.0  1.45373e-10
15990.0  1.45279e-10
15995.0  1.45186e-10
16000.0  1.45094e-10
16005.0  1.45001e-10
16010.0  1.44907e-10
16015.0  1.44816e-10
16020.0  1.44722e-10
16025.0  1.44631e-10
16030.0  1.44538e-10
16035.0  1.44447e-10
16040.0  1.44353e-10
16045.0  1.44262e-10
16050.0  1.44169e-10
16055.0  1.44078e-10
16060.0  1.43987e-10
16065.0  1.43894e-10
16070.0  1.43802e-10
16075.0  1.43709e-10
16080.0  1.43618e-10
16085.0  1.43528e-10
16090.0  1.43436e-10
16095.0  1.43344e-10
16100.0  1.43252e-10
16105.0  1.43162e-10
16110.0  1.43072e-10
16115.0  1.4298e-10
16120.0  1.42888e-10
16125.0  1.42796e-10
16130.0  1.42706e-10
16135.0  1.42615e-10
16140.0  1.42525e-10
16145.0  1.42434e-10
16150.0  1.42344e-10
16155.0  1.42253e-10
16160.0  1.42163e-10
16165.0  1.42072e-10
16170.0  1.41981e-10
16175.0  1.41891e-10
16180.0  1.418e-10
16185.0  1.4171e-10
16190.0  1.4162e-10
16195.0  1.41529e-10
16200.0  1.41438e-10
16205.0  1.41348e-10
16210.0  1.41257e-10
16215.0  1.41167e-10
16220.0  1.41076e-10
16225.0  1.40986e-10
16230.0  1.40895e-10
16235.0  1.40805e-10
16240.0  1.40714e-10
16245.0  1.40624e-10
16250.0  1.40536e-10
16255.0  1.40446e-10
16260.0  1.40355e-10
16265.0  1.40265e-10
16270.0  1.40174e-10
16275.0  1.40084e-10
16280.0  1.39994e-10
16285.0  1.39903e-10
16290.0  1.39815e-10
16295.0  1.39725e-10
16300.0  1.39635e-10
16305.0  1.39544e-10
16310.0  1.39454e-10
16315.0  1.39363e-10
16320.0  1.39272e-10
16325.0  1.39183e-10
16330.0  1.39095e-10
16335.0  1.39004e-10
16340.0  1.38914e-10
16345.0  1.38824e-10
16350.0  1.38733e-10
16355.0  1.38643e-10
16360.0  1.38552e-10
16365.0  1.38462e-10
16370.0  1.38374e-10
16375.0  1.38284e-10
16380.0  1.38193e-10
16385.0  1.38102e-10
16390.0  1.38012e-10
16395.0  1.37922e-10
16400.0  1.37831e-10
16405.0  1.37741e-10
16410.0  1.3765e-10
16415.0  1.3756e-10
16420.0  1.37472e-10
16425.0  1.37382e-10
16430.0  1.37291e-10
16435.0  1.37201e-10
16440.0  1.3711e-10
16445.0  1.3702e-10
16450.0  1.36929e-10
16455.0  1.36839e-10
16460.0  1.36748e-10
16465.0  1.36658e-10
16470.0  1.36567e-10
16475.0  1.36477e-10
16480.0  1.36389e-10
16485.0  1.36299e-10
16490.0  1.36208e-10
16495.0  1.36118e-10
16500.0  1.36027e-10
16505.0  1.35937e-10
16510.0  1.35846e-10
16515.0  1.35756e-10
16520.0  1.35665e-10
16525.0  1.35575e-10
16530.0  1.35484e-10
16535.0  1.35394e-10
16540.0  1.35303e-10
16545.0  1.35213e-10
16550.0  1.35122e-10
16555.0  1.35035e-10
16560.0  1.34945e-10
16565.0  1.34854e-10
16570.0  1.34763e-10
16575.0  1.34673e-10
16580.0  1.34582e-10
16585.0  1.34492e-10
16590.0  1.34401e-10
16595.0  1.34311e-10
16600.0  1.3422e-10
16605.0  1.3413e-10
16610.0  1.34039e-10
16615.0  1.33949e-10
16620.0  1.33858e-10
16625.0  1.33768e-10
16630.0  1.33677e-10
16635.0  1.33586e-10
16640.0  1.33496e-10
16645.0  1.33405e-10
16650.0  1.33315e-10
16655.0  1.33224e-10
16660.0  1.33134e-10
16665.0  1.33044e-10
16670.0  1.32956e-10
16675.0  1.32866e-10
16680.0  1.32775e-10
16685.0  1.32684e-10
16690.0  1.32594e-10
16695.0  1.32504e-10
16700.0  1.32413e-10
16705.0  1.32322e-10
16710.0  1.32232e-10
16715.0  1.32142e-10
16720.0  1.32051e-10
16725.0  1.3196e-10
16730.0  1.3187e-10
16735.0  1.31779e-10
16740.0  1.31689e-10
16745.0  1.31598e-10
16750.0  1.31508e-10
16755.0  1.31417e-10
16760.0  1.31327e-10
16765.0  1.31236e-10
16770.0  1.31146e-10
16775.0  1.31055e-10
16780.0  1.30965e-10
16785.0  1.30874e-10
16790.0  1.30784e-10
16795.0  1.30693e-10
16800.0  1.30602e-10
16805.0  1.30512e-10
16810.0  1.30421e-10
16815.0  1.30331e-10
16820.0  1.3024e-10
16825.0  1.3015e-10
16830.0  1.30059e-10
16835.0  1.29969e-10
16840.0  1.29878e-10
16845.0  1.29788e-10
16850.0  1.29697e-10
16855.0  1.29607e-10
16860.0  1.29516e-10
16865.0  1.29425e-10
16870.0  1.29335e-10
16875.0  1.29244e-10
16880.0  1.29154e-10
16885.0  1.29063e-10
16890.0  1.28973e-10
16895.0  1.28882e-10
16900.0  1.28792e-10
16905.0  1.28701e-10
16910.0  1.28611e-10
16915.0  1.2852e-10
16920.0  1.2843e-10
16925.0  1.28339e-10
16930.0  1.28248e-10
16935.0  1.28158e-10
16940.0  1.28068e-10
16945.0  1.27977e-10
16950.0  1.27886e-10
16955.0  1.27796e-10
16960.0  1.27708e-10
16965.0  1.27619e-10
16970.0  1.27528e-10
16975.0  1.27437e-10
16980.0  1.27347e-10
16985.0  1.27256e-10
16990.0  1.27166e-10
16995.0  1.27075e-10
17000.0  1.26985e-10
17005.0  1.26894e-10
17010.0  1.26803e-10
17015.0  1.26713e-10
17020.0  1.26623e-10
17025.0  1.26532e-10
17030.0  1.26441e-10
17035.0  1.26351e-10
17040.0  1.2626e-10
17045.0  1.2617e-10
17050.0  1.26079e-10
17055.0  1.25989e-10
17060.0  1.25898e-10
17065.0  1.25808e-10
17070.0  1.25717e-10
17075.0  1.25627e-10
17080.0  1.25536e-10
17085.0  1.25446e-10
17090.0  1.25355e-10
17095.0  1.25265e-10
17100.0  1.25174e-10
17105.0  1.25084e-10
17110.0  1.24993e-10
17115.0  1.24903e-10
17120.0  1.24812e-10
17125.0  1.24722e-10
17130.0  1.24631e-10
17135.0  1.2454e-10
17140.0  1.2445e-10
17145.0  1.24359e-10
17150.0  1.24269e-10
17155.0  1.24178e-10
17160.0  1.24087e-10
17165.0  1.23997e-10
17170.0  1.23907e-10
17175.0  1.23816e-10
17180.0  1.23726e-10
17185.0  1.23635e-10
17190.0  1.23544e-10
17195.0  1.23454e-10
17200.0  1.23366e-10
17205.0  1.23276e-10
17210.0  1.23186e-10
17215.0  1.23095e-10
17220.0  1.23005e-10
17225.0  1.22914e-10
17230.0  1.22824e-10
17235.0  1.22733e-10
17240.0  1.22643e-10
17245.0  1.22552e-10
17250.0  1.22462e-10
17255.0  1.22371e-10
17260.0  1.2228e-10
17265.0  1.2219e-10
17270.0  1.22099e-10
17275.0  1.22009e-10
17280.0  1.21918e-10
17285.0  1.21828e-10
17290.0  1.21737e-10
17295.0  1.21647e-10
17300.0  1.21556e-10
17305.0  1.21466e-10
17310.0  1.21378e-10
17315.0  1.21288e-10
17320.0  1.21198e-10
17325.0  1.21107e-10
17330.0  1.21016e-10
17335.0  1.20926e-10
17340.0  1.20836e-10
17345.0  1.20745e-10
17350.0  1.20655e-10
17355.0  1.20564e-10
17360.0  1.20473e-10
17365.0  1.20383e-10
17370.0  1.20292e-10
17375.0  1.20202e-10
17380.0  1.20114e-10
17385.0  1.20024e-10
17390.0  1.19934e-10
17395.0  1.19843e-10
17400.0  1.19752e-10
17405.0  1.19662e-10
17410.0  1.19572e-10
17415.0  1.19481e-10
17420.0  1.1939e-10
17425.0  1.193e-10
17430.0  1.19209e-10
17435.0  1.19119e-10
17440.0  1.19031e-10
17445.0  1.18941e-10
17450.0  1.1885e-10
17455.0  1.1876e-10
17460.0  1.1867e-10
17465.0  1.18579e-10
17470.0  1.18489e-10
17475.0  1.18398e-10
17480.0  1.18308e-10
17485.0  1.1822e-10
17490.0  1.1813e-10
17495.0  1.1804e-10
17500.0  1.17949e-10
17505.0  1.17858e-10
17510.0  1.17768e-10
17515.0  1.17677e-10
17520.0  1.17587e-10
17525.0  1.17499e-10
17530.0  1.17409e-10
17535.0  1.17319e-10
17540.0  1.17228e-10
17545.0  1.17138e-10
17550.0  1.17047e-10
17555.0  1.16957e-10
17560.0  1.16866e-10
17565.0  1.16779e-10
17570.0  1.16689e-10
17575.0  1.16598e-10
17580.0  1.16507e-10
17585.0  1.16417e-10
17590.0  1.16327e-10
17595.0  1.16239e-10
17600.0  1.16149e-10
17605.0  1.16058e-10
17610.0  1.15968e-10
17615.0  1.15877e-10
17620.0  1.15787e-10
17625.0  1.15699e-10
17630.0  1.15609e-10
17635.0  1.15518e-10
17640.0  1.15428e-10
17645.0  1.15337e-10
17650.0  1.15247e-10
17655.0  1.15159e-10
17660.0  1.15069e-10
17665.0  1.14979e-10
17670.0  1.14888e-10
17675.0  1.14798e-10
17680.0  1.1471e-10
17685.0  1.1462e-10
17690.0  1.1453e-10
17695.0  1.14439e-10
17700.0  1.14349e-10
17705.0  1.14261e-10
17710.0  1.14171e-10
17715.0  1.1408e-10
17720.0  1.1399e-10
17725.0  1.139e-10
17730.0  1.13812e-10
17735.0  1.13722e-10
17740.0  1.13631e-10
17745.0  1.13541e-10
17750.0  1.13453e-10
17755.0  1.13363e-10
17760.0  1.13273e-10
17765.0  1.13182e-10
17770.0  1.13094e-10
17775.0  1.13005e-10
17780.0  1.12914e-10
17785.0  1.12824e-10
17790.0  1.12736e-10
17795.0  1.12646e-10
17800.0  1.12555e-10
17805.0  1.12465e-10
17810.0  1.12377e-10
17815.0  1.12287e-10
17820.0  1.12196e-10
17825.0  1.12106e-10
17830.0  1.12019e-10
17835.0  1.11928e-10
17840.0  1.11838e-10
17845.0  1.11748e-10
17850.0  1.1166e-10
17855.0  1.1157e-10
17860.0  1.1148e-10
17865.0  1.11392e-10
17870.0  1.11302e-10
17875.0  1.11212e-10
17880.0  1.11124e-10
17885.0  1.11034e-10
17890.0  1.10944e-10
17895.0  1.10856e-10
17900.0  1.10765e-10
17905.0  1.10675e-10
17910.0  1.10585e-10
17915.0  1.10497e-10
17920.0  1.10407e-10
17925.0  1.10317e-10
17930.0  1.10229e-10
17935.0  1.10139e-10
17940.0  1.10051e-10
17945.0  1.09961e-10
17950.0  1.09871e-10
17955.0  1.09783e-10
17960.0  1.09693e-10
17965.0  1.09603e-10
17970.0  1.09515e-10
17975.0  1.09425e-10
17980.0  1.09335e-10
17985.0  1.09247e-10
17990.0  1.09157e-10
17995.0  1.09069e-10
18000.0  1.08979e-10
18005.0  1.08889e-10
18010.0  1.08801e-10
18015.0  1.08712e-10
18020.0  1.08624e-10
18025.0  1.08534e-10
18030.0  1.08444e-10
18035.0  1.08356e-10
18040.0  1.08266e-10
18045.0  1.08178e-10
18050.0  1.08088e-10
18055.0  1.07998e-10
18060.0  1.0791e-10
18065.0  1.0782e-10
18070.0  1.07732e-10
18075.0  1.07643e-10
18080.0  1.07555e-10
18085.0  1.07465e-10
18090.0  1.07377e-10
18095.0  1.07287e-10
18100.0  1.07197e-10
18105.0  1.07109e-10
18110.0  1.07019e-10
18115.0  1.06932e-10
18120.0  1.06842e-10
18125.0  1.06754e-10
18130.0  1.06664e-10
18135.0  1.06576e-10
18140.0  1.06487e-10
18145.0  1.06399e-10
18150.0  1.06309e-10
18155.0  1.06221e-10
18160.0  1.06131e-10
18165.0  1.06043e-10
18170.0  1.05954e-10
18175.0  1.05866e-10
18180.0  1.05776e-10
18185.0  1.05689e-10
18190.0  1.05599e-10
18195.0  1.05511e-10
18200.0  1.05421e-10
18205.0  1.05334e-10
18210.0  1.05246e-10
18215.0  1.05156e-10
18220.0  1.05069e-10
18225.0  1.04979e-10
18230.0  1.04891e-10
18235.0  1.04801e-10
18240.0  1.04714e-10
18245.0  1.04626e-10
18250.0  1.04537e-10
18255.0  1.04449e-10
18260.0  1.04359e-10
18265.0  1.04271e-10
18270.0  1.04182e-10
18275.0  1.04094e-10
18280.0  1.04007e-10
18285.0  1.03917e-10
18290.0  1.03829e-10
18295.0  1.03742e-10
18300.0  1.03652e-10
18305.0  1.03564e-10
18310.0  1.03475e-10
18315.0  1.03387e-10
18320.0  1.033e-10
18325.0  1.0321e-10
18330.0  1.03122e-10
18335.0  1.03035e-10
18340.0  1.02945e-10
18345.0  1.02858e-10
18350.0  1.02771e-10
18355.0  1.02681e-10
18360.0  1.02593e-10
18365.0  1.02506e-10
18370.0  1.02416e-10
18375.0  1.02329e-10
18380.0  1.02242e-10
18385.0  1.02154e-10
18390.0  1.02064e-10
18395.0  1.01977e-10
18400.0  1.01889e-10
18405.0  1.018e-10
18410.0  1.01712e-10
18415.0  1.01625e-10
18420.0  1.01538e-10
18425.0  1.01448e-10
18430.0  1.01361e-10
18435.0  1.01274e-10
18440.0  1.01186e-10
18445.0  1.01096e-10
18450.0  1.01009e-10
18455.0  1.00922e-10
18460.0  1.00835e-10
18465.0  1.00745e-10
18470.0  1.00657e-10
18475.0  1.0057e-10
18480.0  1.00483e-10
18485.0  1.00396e-10
18490.0  1.00306e-10
18495.0  1.00218e-10
18500.0  1.00132e-10
18505.0  1.00044e-10
18510.0  9.99574e-11
18515.0  9.987e-11
18520.0  9.97805e-11
18525.0  9.96929e-11
18530.0  9.96059e-11
18535.0  9.95187e-11
18540.0  9.94316e-11
18545.0  9.93447e-11
18550.0  9.92573e-11
18555.0  9.91675e-11
18560.0  9.90799e-11
18565.0  9.8993e-11
18570.0  9.89059e-11
18575.0  9.88188e-11
18580.0  9.87318e-11
18585.0  9.86447e-11
18590.0  9.85577e-11
18595.0  9.84706e-11
18600.0  9.83832e-11
18605.0  9.82935e-11
18610.0  9.82061e-11
18615.0  9.8119e-11
18620.0  9.80318e-11
18625.0  9.79447e-11
18630.0  9.78579e-11
18635.0  9.77708e-11
18640.0  9.76837e-11
18645.0  9.75967e-11
18650.0  9.75096e-11
18655.0  9.74226e-11
18660.0  9.73355e-11
18665.0  9.72484e-11
18670.0  9.71613e-11
18675.0  9.70743e-11
18680.0  9.69873e-11
18685.0  9.69004e-11
18690.0  9.68132e-11
18695.0  9.67261e-11
18700.0  9.66391e-11
18705.0  9.6552e-11
18710.0  9.6465e-11
18715.0  9.63781e-11
18720.0  9.62909e-11
18725.0  9.62043e-11
18730.0  9.61199e-11
18735.0  9.60334e-11
18740.0  9.59462e-11
18745.0  9.58591e-11
18750.0  9.57721e-11
18755.0  9.5685e-11
18760.0  9.5598e-11
18765.0  9.55109e-11
18770.0  9.5424e-11
18775.0  9.53374e-11
18780.0  9.52528e-11
18785.0  9.51662e-11
18790.0  9.50793e-11
18795.0  9.49921e-11
18800.0  9.4905e-11
18805.0  9.48179e-11
18810.0  9.47313e-11
18815.0  9.46469e-11
18820.0  9.45605e-11
18825.0  9.44733e-11
18830.0  9.43863e-11
18835.0  9.42996e-11
18840.0  9.42151e-11
18845.0  9.41286e-11
18850.0  9.40416e-11
18855.0  9.39545e-11
18860.0  9.38679e-11
18865.0  9.37836e-11
18870.0  9.36967e-11
18875.0  9.36099e-11
18880.0  9.35232e-11
18885.0  9.34387e-11
18890.0  9.33521e-11
18895.0  9.32655e-11
18900.0  9.31811e-11
18905.0  9.30943e-11
18910.0  9.30074e-11
18915.0  9.29209e-11
18920.0  9.28365e-11
18925.0  9.27497e-11
18930.0  9.2663e-11
18935.0  9.25788e-11
18940.0  9.24921e-11
18945.0  9.24056e-11
18950.0  9.23209e-11
18955.0  9.22344e-11
18960.0  9.21478e-11
18965.0  9.20635e-11
18970.0  9.19772e-11
18975.0  9.18928e-11
18980.0  9.18062e-11
18985.0  9.17194e-11
18990.0  9.16351e-11
18995.0  9.15489e-11
19000.0  9.14644e-11
19005.0  9.13779e-11
19010.0  9.12912e-11
19015.0  9.12068e-11
19020.0  9.11206e-11
19025.0  9.10361e-11
19030.0  9.09501e-11
19035.0  9.08655e-11
19040.0  9.07793e-11
19045.0  9.0695e-11
19050.0  9.06083e-11
19055.0  9.05216e-11
19060.0  9.04373e-11
19065.0  9.0351e-11
19070.0  9.02671e-11
19075.0  9.01831e-11
19080.0  9.0097e-11
19085.0  9.00126e-11
19090.0  8.99263e-11
19095.0  8.98418e-11
19100.0  8.97556e-11
19105.0  8.96713e-11
19110.0  8.9585e-11
19115.0  8.95005e-11
19120.0  8.94144e-11
19125.0  8.93305e-11
19130.0  8.92465e-11
19135.0  8.91603e-11
19140.0  8.90758e-11
19145.0  8.89897e-11
19150.0  8.89055e-11
19155.0  8.88215e-11
19160.0  8.87355e-11
19165.0  8.86515e-11
19170.0  8.85674e-11
19175.0  8.84812e-11
19180.0  8.83972e-11
19185.0  8.83133e-11
19190.0  8.82269e-11
19195.0  8.8143e-11
19200.0  8.8059e-11
19205.0  8.79729e-11
19210.0  8.78888e-11
19215.0  8.78055e-11
19220.0  8.77213e-11
19225.0  8.76352e-11
19230.0  8.7551e-11
19235.0  8.74675e-11
19240.0  8.73835e-11
19245.0  8.72974e-11
19250.0  8.72135e-11
19255.0  8.71298e-11
19260.0  8.70458e-11
19265.0  8.69596e-11
19270.0  8.68758e-11
19275.0  8.6792e-11
19280.0  8.67085e-11
19285.0  8.66246e-11
19290.0  8.65382e-11
19295.0  8.64543e-11
19300.0  8.63707e-11
19305.0  8.62871e-11
19310.0  8.62037e-11
19315.0  8.612e-11
19320.0  8.60365e-11
19325.0  8.59524e-11
19330.0  8.58663e-11
19335.0  8.57823e-11
19340.0  8.56987e-11
19345.0  8.56152e-11
19350.0  8.55317e-11
19355.0  8.54479e-11
19360.0  8.53643e-11
19365.0  8.52807e-11
19370.0  8.51973e-11
19375.0  8.51137e-11
19380.0  8.50302e-11
19385.0  8.49467e-11
19390.0  8.48629e-11
19395.0  8.47795e-11
19400.0  8.46958e-11
19405.0  8.46123e-11
19410.0  8.45289e-11
19415.0  8.44453e-11
19420.0  8.43616e-11
19425.0  8.4278e-11
19430.0  8.41945e-11
19435.0  8.4111e-11
19440.0  8.40273e-11
19445.0  8.39438e-11
19450.0  8.38603e-11
19455.0  8.37765e-11
19460.0  8.36935e-11
19465.0  8.36125e-11
19470.0  8.35294e-11
19475.0  8.34459e-11
19480.0  8.33624e-11
19485.0  8.32788e-11
19490.0  8.31952e-11
19495.0  8.31121e-11
19500.0  8.30311e-11
19505.0  8.29479e-11
19510.0  8.28643e-11
19515.0  8.27807e-11
19520.0  8.26977e-11
19525.0  8.26166e-11
19530.0  8.25336e-11
19535.0  8.245e-11
19540.0  8.23664e-11
19545.0  8.22832e-11
19550.0  8.22024e-11
19555.0  8.21191e-11
19560.0  8.20362e-11
19565.0  8.19552e-11
19570.0  8.18721e-11
19575.0  8.17885e-11
19580.0  8.17053e-11
19585.0  8.16243e-11
19590.0  8.15412e-11
19595.0  8.14581e-11
19600.0  8.13771e-11
19605.0  8.12939e-11
19610.0  8.12109e-11
19615.0  8.113e-11
19620.0  8.10472e-11
19625.0  8.09662e-11
19630.0  8.08832e-11
19635.0  8.07999e-11
19640.0  8.0719e-11
19645.0  8.06364e-11
19650.0  8.05554e-11
19655.0  8.04722e-11
19660.0  8.03891e-11
19665.0  8.03082e-11
19670.0  8.02254e-11
19675.0  8.01445e-11
19680.0  8.00617e-11
19685.0  7.9981e-11
19690.0  7.98981e-11
19695.0  7.98172e-11
19700.0  7.97346e-11
19705.0  7.96534e-11
19710.0  7.95708e-11
19715.0  7.94899e-11
19720.0  7.94072e-11
19725.0  7.93266e-11
19730.0  7.9246e-11
19735.0  7.91634e-11
19740.0  7.90825e-11
19745.0  7.89998e-11
19750.0  7.89192e-11
19755.0  7.88387e-11
19760.0  7.8756e-11
19765.0  7.86755e-11
19770.0  7.8595e-11
19775.0  7.85122e-11
19780.0  7.84318e-11
19785.0  7.83512e-11
19790.0  7.82687e-11
19795.0  7.81881e-11
19800.0  7.81075e-11
19805.0  7.80249e-11
19810.0  7.79443e-11
19815.0  7.78638e-11
19820.0  7.77811e-11
19825.0  7.77007e-11
19830.0  7.76206e-11
19835.0  7.75404e-11
19840.0  7.74599e-11
19845.0  7.73773e-11
19850.0  7.72967e-11
19855.0  7.72166e-11
19860.0  7.71365e-11
19865.0  7.70559e-11
19870.0  7.69732e-11
19875.0  7.68927e-11
19880.0  7.68126e-11
19885.0  7.67327e-11
19890.0  7.66526e-11
19895.0  7.65724e-11
19900.0  7.64918e-11
19905.0  7.64092e-11
19910.0  7.63287e-11
19915.0  7.62486e-11
19920.0  7.61685e-11
19925.0  7.60884e-11
19930.0  7.60083e-11
19935.0  7.59283e-11
19940.0  7.58482e-11
19945.0  7.57681e-11
19950.0  7.5688e-11
19955.0  7.56079e-11
19960.0  7.55279e-11
19965.0  7.54477e-11
19970.0  7.53676e-11
19975.0  7.52875e-11
19980.0  7.52073e-11
19985.0  7.51274e-11
19990.0  7.50473e-11
19995.0  7.49673e-11
20000.0  7.48876e-11
20005.0  7.48101e-11
20010.0  7.47304e-11
20015.0  7.46503e-11
20020.0  7.45703e-11
20025.0  7.44902e-11
20030.0  7.44101e-11
20035.0  7.43305e-11
20040.0  7.4253e-11
20045.0  7.41734e-11
20050.0  7.40933e-11
20055.0  7.40133e-11
20060.0  7.39336e-11
20065.0  7.3856e-11
20070.0  7.37764e-11
20075.0  7.36963e-11
20080.0  7.36162e-11
20085.0  7.35365e-11
20090.0  7.3459e-11
20095.0  7.33796e-11
20100.0  7.32998e-11
20105.0  7.32223e-11
20110.0  7.31426e-11
20115.0  7.3063e-11
20120.0  7.29856e-11
20125.0  7.2906e-11
20130.0  7.28263e-11
20135.0  7.27488e-11
20140.0  7.26691e-11
20145.0  7.25894e-11
20150.0  7.2512e-11
20155.0  7.24327e-11
20160.0  7.23553e-11
20165.0  7.2276e-11
20170.0  7.21985e-11
20175.0  7.2119e-11
20180.0  7.20393e-11
20185.0  7.19618e-11
20190.0  7.18827e-11
20195.0  7.18051e-11
20200.0  7.1726e-11
20205.0  7.16484e-11
20210.0  7.15692e-11
20215.0  7.14918e-11
20220.0  7.14126e-11
20225.0  7.13355e-11
20230.0  7.12584e-11
20235.0  7.11792e-11
20240.0  7.11017e-11
20245.0  7.10225e-11
20250.0  7.09457e-11
20255.0  7.08684e-11
20260.0  7.07892e-11
20265.0  7.07118e-11
20270.0  7.06326e-11
20275.0  7.05556e-11
20280.0  7.04789e-11
20285.0  7.04019e-11
20290.0  7.03226e-11
20295.0  7.02458e-11
20300.0  7.01687e-11
20305.0  7.00895e-11
20310.0  7.00124e-11
20315.0  6.99357e-11
20320.0  6.98587e-11
20325.0  6.97794e-11
20330.0  6.97025e-11
20335.0  6.96258e-11
20340.0  6.95493e-11
20345.0  6.94722e-11
20350.0  6.93931e-11
20355.0  6.9316e-11
20360.0  6.92395e-11
20365.0  6.91627e-11
20370.0  6.90862e-11
20375.0  6.90096e-11
20380.0  6.8933e-11
20385.0  6.88559e-11
20390.0  6.87768e-11
20395.0  6.86997e-11
20400.0  6.86231e-11
20405.0  6.85464e-11
20410.0  6.84698e-11
20415.0  6.83932e-11
20420.0  6.83165e-11
20425.0  6.824e-11
20430.0  6.81634e-11
20435.0  6.80869e-11
20440.0  6.80103e-11
20445.0  6.79335e-11
20450.0  6.78569e-11
20455.0  6.77803e-11
20460.0  6.77043e-11
20465.0  6.76302e-11
20470.0  6.7554e-11
20475.0  6.74775e-11
20480.0  6.7401e-11
20485.0  6.73243e-11
20490.0  6.72477e-11
20495.0  6.71714e-11
20500.0  6.70974e-11
20505.0  6.70213e-11
20510.0  6.69447e-11
20515.0  6.6868e-11
20520.0  6.6792e-11
20525.0  6.6718e-11
20530.0  6.66418e-11
20535.0  6.65652e-11
20540.0  6.6489e-11
20545.0  6.64149e-11
20550.0  6.63387e-11
20555.0  6.62622e-11
20560.0  6.6186e-11
20565.0  6.6112e-11
20570.0  6.6036e-11
20575.0  6.59598e-11
20580.0  6.58858e-11
20585.0  6.581e-11
20590.0  6.5736e-11
20595.0  6.56598e-11
20600.0  6.55836e-11
20605.0  6.55096e-11
20610.0  6.5434e-11
20615.0  6.536e-11
20620.0  6.52843e-11
20625.0  6.52103e-11
20630.0  6.51345e-11
20635.0  6.50605e-11
20640.0  6.49848e-11
20645.0  6.49108e-11
20650.0  6.48351e-11
20655.0  6.47611e-11
20660.0  6.46854e-11
20665.0  6.46114e-11
20670.0  6.45356e-11
20675.0  6.44621e-11
20680.0  6.43885e-11
20685.0  6.43127e-11
20690.0  6.42389e-11
20695.0  6.4163e-11
20700.0  6.40894e-11
20705.0  6.40159e-11
20710.0  6.39402e-11
20715.0  6.38666e-11
20720.0  6.37932e-11
20725.0  6.37174e-11
20730.0  6.36438e-11
20735.0  6.35707e-11
20740.0  6.3497e-11
20745.0  6.34213e-11
20750.0  6.33478e-11
20755.0  6.32748e-11
20760.0  6.32016e-11
20765.0  6.3128e-11
20770.0  6.30523e-11
20775.0  6.29787e-11
20780.0  6.29055e-11
20785.0  6.28325e-11
20790.0  6.27594e-11
20795.0  6.26863e-11
20800.0  6.26126e-11
20805.0  6.25371e-11
20810.0  6.24634e-11
20815.0  6.23902e-11
20820.0  6.23172e-11
20825.0  6.2244e-11
20830.0  6.21709e-11
20835.0  6.20978e-11
20840.0  6.20247e-11
20845.0  6.19515e-11
20850.0  6.18785e-11
20855.0  6.18054e-11
20860.0  6.17322e-11
20865.0  6.1659e-11
20870.0  6.15864e-11
20875.0  6.15159e-11
20880.0  6.14432e-11
20885.0  6.13701e-11
20890.0  6.12969e-11
20895.0  6.12238e-11
20900.0  6.11507e-11
20905.0  6.1078e-11
20910.0  6.10074e-11
20915.0  6.09348e-11
20920.0  6.08617e-11
20925.0  6.07886e-11
20930.0  6.07159e-11
20935.0  6.06454e-11
20940.0  6.05728e-11
20945.0  6.04995e-11
20950.0  6.04269e-11
20955.0  6.03563e-11
20960.0  6.02837e-11
20965.0  6.02109e-11
20970.0  6.01404e-11
20975.0  6.00679e-11
20980.0  5.99952e-11
20985.0  5.99246e-11
20990.0  5.98523e-11
20995.0  5.97818e-11
21000.0  5.97091e-11
21005.0  5.96365e-11
21010.0  5.95659e-11
21015.0  5.94936e-11
21020.0  5.94231e-11
21025.0  5.9351e-11
21030.0  5.92804e-11
21035.0  5.92082e-11
21040.0  5.91376e-11
21045.0  5.90654e-11
21050.0  5.89949e-11
21055.0  5.89227e-11
21060.0  5.88526e-11
21065.0  5.87824e-11
21070.0  5.87102e-11
21075.0  5.86397e-11
21080.0  5.85675e-11
21085.0  5.84974e-11
21090.0  5.84273e-11
21095.0  5.8355e-11
21100.0  5.8285e-11
21105.0  5.8215e-11
21110.0  5.81427e-11
21115.0  5.80726e-11
21120.0  5.80029e-11
21125.0  5.79329e-11
21130.0  5.78607e-11
21135.0  5.77906e-11
21140.0  5.77209e-11
21145.0  5.76513e-11
21150.0  5.75812e-11
21155.0  5.7509e-11
21160.0  5.7439e-11
21165.0  5.73693e-11
21170.0  5.72996e-11
21175.0  5.72299e-11
21180.0  5.71604e-11
21185.0  5.70907e-11
21190.0  5.7021e-11
21195.0  5.69514e-11
21200.0  5.68817e-11
21205.0  5.68121e-11
21210.0  5.67425e-11
21215.0  5.66729e-11
21220.0  5.66032e-11
21225.0  5.65337e-11
21230.0  5.6464e-11
21235.0  5.63943e-11
21240.0  5.63246e-11
21245.0  5.62549e-11
21250.0  5.61854e-11
21255.0  5.61158e-11
21260.0  5.6046e-11
21265.0  5.59765e-11
21270.0  5.59072e-11
21275.0  5.58402e-11
21280.0  5.57711e-11
21285.0  5.57014e-11
21290.0  5.56317e-11
21295.0  5.55625e-11
21300.0  5.54955e-11
21305.0  5.54263e-11
21310.0  5.53571e-11
21315.0  5.52901e-11
21320.0  5.5221e-11
21325.0  5.51512e-11
21330.0  5.50821e-11
21335.0  5.50151e-11
21340.0  5.49463e-11
21345.0  5.48792e-11
21350.0  5.481e-11
21355.0  5.47408e-11
21360.0  5.46737e-11
21365.0  5.4605e-11
21370.0  5.4538e-11
21375.0  5.44687e-11
21380.0  5.43995e-11
21385.0  5.43326e-11
21390.0  5.42638e-11
21395.0  5.41973e-11
21400.0  5.41306e-11
21405.0  5.40618e-11
21410.0  5.39948e-11
21415.0  5.39259e-11
21420.0  5.38589e-11
21425.0  5.37901e-11
21430.0  5.37235e-11
21435.0  5.3657e-11
21440.0  5.35883e-11
21445.0  5.35216e-11
21450.0  5.34551e-11
21455.0  5.33863e-11
21460.0  5.33196e-11
21465.0  5.32531e-11
21470.0  5.31844e-11
21475.0  5.31178e-11
21480.0  5.30516e-11
21485.0  5.29855e-11
21490.0  5.29188e-11
21495.0  5.28501e-11
21500.0  5.27835e-11
21505.0  5.27173e-11
21510.0  5.26512e-11
21515.0  5.2585e-11
21520.0  5.25184e-11
21525.0  5.24497e-11
21530.0  5.2383e-11
21535.0  5.23169e-11
21540.0  5.22507e-11
21545.0  5.21845e-11
21550.0  5.21184e-11
21555.0  5.20523e-11
21560.0  5.19861e-11
21565.0  5.192e-11
21570.0  5.18538e-11
21575.0  5.17876e-11
21580.0  5.17214e-11
21585.0  5.16553e-11
21590.0  5.15896e-11
21595.0  5.15261e-11
21600.0  5.14604e-11
21605.0  5.13941e-11
21610.0  5.13279e-11
21615.0  5.12619e-11
21620.0  5.11961e-11
21625.0  5.11325e-11
21630.0  5.10669e-11
21635.0  5.10007e-11
21640.0  5.0935e-11
21645.0  5.08714e-11
21650.0  5.08057e-11
21655.0  5.07396e-11
21660.0  5.06738e-11
21665.0  5.06102e-11
21670.0  5.05445e-11
21675.0  5.04789e-11
21680.0  5.04153e-11
21685.0  5.035e-11
21690.0  5.02865e-11
21695.0  5.02207e-11
21700.0  5.0155e-11
21705.0  5.00914e-11
21710.0  5.00261e-11
21715.0  4.99626e-11
21720.0  4.98974e-11
21725.0  4.98337e-11
21730.0  4.97685e-11
21735.0  4.97049e-11
21740.0  4.96396e-11
21745.0  4.95766e-11
21750.0  4.95134e-11
21755.0  4.94482e-11
21760.0  4.93846e-11
21765.0  4.93193e-11
21770.0  4.92562e-11
21775.0  4.91931e-11
21780.0  4.91278e-11
21785.0  4.90647e-11
21790.0  4.9002e-11
21795.0  4.89389e-11
21800.0  4.88736e-11
21805.0  4.88105e-11
21810.0  4.87478e-11
21815.0  4.86847e-11
21820.0  4.86195e-11
21825.0  4.85563e-11
21830.0  4.84936e-11
21835.0  4.8431e-11
21840.0  4.83682e-11
21845.0  4.83056e-11
21850.0  4.82429e-11
21855.0  4.81799e-11
21860.0  4.81146e-11
21865.0  4.80515e-11
21870.0  4.79888e-11
21875.0  4.79261e-11
21880.0  4.78634e-11
21885.0  4.78007e-11
21890.0  4.77381e-11
21895.0  4.76758e-11
21900.0  4.76157e-11
21905.0  4.75534e-11
21910.0  4.74909e-11
21915.0  4.74282e-11
21920.0  4.73655e-11
21925.0  4.73028e-11
21930.0  4.72401e-11
21935.0  4.71779e-11
21940.0  4.71178e-11
21945.0  4.70556e-11
21950.0  4.69929e-11
21955.0  4.69307e-11
21960.0  4.68706e-11
21965.0  4.68084e-11
21970.0  4.67456e-11
21975.0  4.66835e-11
21980.0  4.66234e-11
21985.0  4.65612e-11
21990.0  4.64989e-11
21995.0  4.64389e-11
22000.0  4.6377e-11
22005.0  4.6317e-11
22010.0  4.62547e-11
22015.0  4.61925e-11
22020.0  4.61324e-11
22025.0  4.60705e-11
22030.0  4.60105e-11
22035.0  4.59487e-11
22040.0  4.58887e-11
22045.0  4.58269e-11
22050.0  4.57668e-11
22055.0  4.57051e-11
22060.0  4.56454e-11
22065.0  4.55857e-11
22070.0  4.55239e-11
22075.0  4.54643e-11
22080.0  4.54047e-11
22085.0  4.53429e-11
22090.0  4.52832e-11
22095.0  4.52236e-11
22100.0  4.51619e-11
22105.0  4.51023e-11
22110.0  4.50426e-11
22115.0  4.49808e-11
22120.0  4.49212e-11
22125.0  4.4862e-11
22130.0  4.48027e-11
22135.0  4.47431e-11
22140.0  4.46813e-11
22145.0  4.46216e-11
22150.0  4.45625e-11
22155.0  4.45033e-11
22160.0  4.44441e-11
22165.0  4.43849e-11
22170.0  4.43258e-11
22175.0  4.42665e-11
22180.0  4.42073e-11
22185.0  4.41482e-11
22190.0  4.4089e-11
22195.0  4.40298e-11
22200.0  4.39706e-11
22205.0  4.39115e-11
22210.0  4.38522e-11
22215.0  4.3793e-11
22220.0  4.37338e-11
22225.0  4.36745e-11
22230.0  4.36154e-11
22235.0  4.35562e-11
22240.0  4.34974e-11
22245.0  4.34409e-11
22250.0  4.3382e-11
22255.0  4.33229e-11
22260.0  4.32638e-11
22265.0  4.3205e-11
22270.0  4.31484e-11
22275.0  4.30896e-11
22280.0  4.30304e-11
22285.0  4.29717e-11
22290.0  4.29151e-11
22295.0  4.28563e-11
22300.0  4.27976e-11
22305.0  4.2741e-11
22310.0  4.26822e-11
22315.0  4.26235e-11
22320.0  4.25669e-11
22325.0  4.25086e-11
22330.0  4.2452e-11
22335.0  4.23936e-11
22340.0  4.23371e-11
22345.0  4.22788e-11
22350.0  4.22222e-11
22355.0  4.21638e-11
22360.0  4.21073e-11
22365.0  4.20489e-11
22370.0  4.19923e-11
22375.0  4.1934e-11
22380.0  4.18774e-11
22385.0  4.18191e-11
22390.0  4.1763e-11
22395.0  4.17068e-11
22400.0  4.16485e-11
22405.0  4.15924e-11
22410.0  4.15362e-11
22415.0  4.14779e-11
22420.0  4.14218e-11
22425.0  4.13656e-11
22430.0  4.13073e-11
22435.0  4.12512e-11
22440.0  4.11953e-11
22445.0  4.11397e-11
22450.0  4.10836e-11
22455.0  4.10252e-11
22460.0  4.09691e-11
22465.0  4.09134e-11
22470.0  4.08576e-11
22475.0  4.08019e-11
22480.0  4.07462e-11
22485.0  4.06901e-11
22490.0  4.06318e-11
22495.0  4.05756e-11
22500.0  4.05199e-11
22505.0  4.04642e-11
22510.0  4.04085e-11
22515.0  4.03528e-11
22520.0  4.0297e-11
22525.0  4.02413e-11
22530.0  4.01857e-11
22535.0  4.01303e-11
22540.0  4.00772e-11
22545.0  4.00219e-11
22550.0  3.99663e-11
22555.0  3.99105e-11
22560.0  3.98549e-11
22565.0  3.97991e-11
22570.0  3.97434e-11
22575.0  3.96881e-11
22580.0  3.96351e-11
22585.0  3.95797e-11
22590.0  3.95241e-11
22595.0  3.94687e-11
22600.0  3.94157e-11
22605.0  3.93605e-11
22610.0  3.93047e-11
22615.0  3.92494e-11
22620.0  3.91963e-11
22625.0  3.9141e-11
22630.0  3.90857e-11
22635.0  3.90327e-11
22640.0  3.89778e-11
22645.0  3.89247e-11
22650.0  3.88694e-11
22655.0  3.88142e-11
22660.0  3.87611e-11
22665.0  3.87062e-11
22670.0  3.86532e-11
22675.0  3.85983e-11
22680.0  3.85451e-11
22685.0  3.84903e-11
22690.0  3.84373e-11
22695.0  3.83823e-11
22700.0  3.83297e-11
22705.0  3.82771e-11
22710.0  3.82222e-11
22715.0  3.81691e-11
22720.0  3.81142e-11
22725.0  3.80616e-11
22730.0  3.8009e-11
22735.0  3.79542e-11
22740.0  3.79014e-11
22745.0  3.78488e-11
22750.0  3.77939e-11
22755.0  3.77413e-11
22760.0  3.7689e-11
22765.0  3.76364e-11
22770.0  3.75816e-11
22775.0  3.75289e-11
22780.0  3.74766e-11
22785.0  3.74244e-11
22790.0  3.73717e-11
22795.0  3.73169e-11
22800.0  3.72643e-11
22805.0  3.7212e-11
22810.0  3.71598e-11
22815.0  3.71075e-11
22820.0  3.70553e-11
22825.0  3.70031e-11
22830.0  3.69508e-11
22835.0  3.68987e-11
22840.0  3.68464e-11
22845.0  3.67942e-11
22850.0  3.67419e-11
22855.0  3.66897e-11
22860.0  3.66374e-11
22865.0  3.65852e-11
22870.0  3.6533e-11
22875.0  3.64807e-11
22880.0  3.64286e-11
22885.0  3.63763e-11
22890.0  3.63246e-11
22895.0  3.62749e-11
22900.0  3.62232e-11
22905.0  3.61709e-11
22910.0  3.61187e-11
22915.0  3.60664e-11
22920.0  3.60146e-11
22925.0  3.5965e-11
22930.0  3.59132e-11
22935.0  3.58609e-11
22940.0  3.58092e-11
22945.0  3.57596e-11
22950.0  3.57078e-11
22955.0  3.5656e-11
22960.0  3.56064e-11
22965.0  3.55546e-11
22970.0  3.55028e-11
22975.0  3.54531e-11
22980.0  3.54018e-11
22985.0  3.53522e-11
22990.0  3.53009e-11
22995.0  3.52512e-11
23000.0  3.51994e-11
23005.0  3.51476e-11
23010.0  3.5098e-11
23015.0  3.50467e-11
23020.0  3.4997e-11
23025.0  3.49457e-11
23030.0  3.48965e-11
23035.0  3.48474e-11
23040.0  3.47959e-11
23045.0  3.47463e-11
23050.0  3.46949e-11
23055.0  3.46458e-11
23060.0  3.45966e-11
23065.0  3.45452e-11
23070.0  3.44961e-11
23075.0  3.44469e-11
23080.0  3.43955e-11
23085.0  3.43464e-11
23090.0  3.42971e-11
23095.0  3.42458e-11
23100.0  3.41966e-11
23105.0  3.41479e-11
23110.0  3.40987e-11
23115.0  3.40473e-11
23120.0  3.39981e-11
23125.0  3.39494e-11
23130.0  3.39007e-11
23135.0  3.38519e-11
23140.0  3.38032e-11
23145.0  3.3754e-11
23150.0  3.37026e-11
23155.0  3.36534e-11
23160.0  3.36046e-11
23165.0  3.3556e-11
23170.0  3.35072e-11
23175.0  3.34584e-11
23180.0  3.34097e-11
23185.0  3.33609e-11
23190.0  3.33121e-11
23195.0  3.32634e-11
23200.0  3.32147e-11
23205.0  3.3166e-11
23210.0  3.31172e-11
23215.0  3.30684e-11
23220.0  3.30202e-11
23225.0  3.2974e-11
23230.0  3.29257e-11
23235.0  3.28769e-11
23240.0  3.28282e-11
23245.0  3.27794e-11
23250.0  3.27307e-11
23255.0  3.26824e-11
23260.0  3.26363e-11
23265.0  3.25879e-11
23270.0  3.25392e-11
23275.0  3.24909e-11
23280.0  3.24448e-11
23285.0  3.23964e-11
23290.0  3.23481e-11
23295.0  3.2302e-11
23300.0  3.22537e-11
23305.0  3.22054e-11
23310.0  3.21592e-11
23315.0  3.21109e-11
23320.0  3.20626e-11
23325.0  3.20164e-11
23330.0  3.19686e-11
23335.0  3.19225e-11
23340.0  3.18741e-11
23345.0  3.18258e-11
23350.0  3.17797e-11
23355.0  3.17318e-11
23360.0  3.16857e-11
23365.0  3.16378e-11
23370.0  3.15917e-11
23375.0  3.15438e-11
23380.0  3.14981e-11
23385.0  3.14524e-11
23390.0  3.14045e-11
23395.0  3.13583e-11
23400.0  3.13105e-11
23405.0  3.12648e-11
23410.0  3.12191e-11
23415.0  3.11712e-11
23420.0  3.11255e-11
23425.0  3.10798e-11
23430.0  3.10319e-11
23435.0  3.09862e-11
23440.0  3.0941e-11
23445.0  3.08952e-11
23450.0  3.08474e-11
23455.0  3.08016e-11
23460.0  3.07564e-11
23465.0  3.07107e-11
23470.0  3.06628e-11
23475.0  3.06171e-11
23480.0  3.05718e-11
23485.0  3.05266e-11
23490.0  3.04813e-11
23495.0  3.0436e-11
23500.0  3.03904e-11
23505.0  3.03424e-11
23510.0  3.02968e-11
23515.0  3.02516e-11
23520.0  3.02063e-11
23525.0  3.0161e-11
23530.0  3.01157e-11
23535.0  3.00705e-11
23540.0  3.00252e-11
23545.0  2.998e-11
23550.0  2.99347e-11
23555.0  2.98894e-11
23560.0  2.98441e-11
23565.0  2.97993e-11
23570.0  2.97566e-11
23575.0  2.97118e-11
23580.0  2.96666e-11
23585.0  2.96212e-11
23590.0  2.9576e-11
23595.0  2.95307e-11
23600.0  2.94859e-11
23605.0  2.94432e-11
23610.0  2.93984e-11
23615.0  2.93532e-11
23620.0  2.93079e-11
23625.0  2.92631e-11
23630.0  2.92204e-11
23635.0  2.91756e-11
23640.0  2.91308e-11
23645.0  2.90881e-11
23650.0  2.90432e-11
23655.0  2.89985e-11
23660.0  2.89558e-11
23665.0  2.89109e-11
23670.0  2.88661e-11
23675.0  2.88235e-11
23680.0  2.87787e-11
23685.0  2.87338e-11
23690.0  2.86912e-11
23695.0  2.86468e-11
23700.0  2.86041e-11
23705.0  2.85597e-11
23710.0  2.85171e-11
23715.0  2.84726e-11
23720.0  2.843e-11
23725.0  2.83856e-11
23730.0  2.8343e-11
23735.0  2.82985e-11
23740.0  2.82559e-11
23745.0  2.82115e-11
23750.0  2.81693e-11
23755.0  2.8127e-11
23760.0  2.80827e-11
23765.0  2.80405e-11
23770.0  2.79983e-11
23775.0  2.79539e-11
23780.0  2.79116e-11
23785.0  2.78694e-11
23790.0  2.7825e-11
23795.0  2.77828e-11
23800.0  2.77406e-11
23805.0  2.76962e-11
23810.0  2.76539e-11
23815.0  2.76122e-11
23820.0  2.75704e-11
23825.0  2.75282e-11
23830.0  2.74838e-11
23835.0  2.74415e-11
23840.0  2.73998e-11
23845.0  2.7358e-11
23850.0  2.73162e-11
23855.0  2.7274e-11
23860.0  2.72296e-11
23865.0  2.71873e-11
23870.0  2.71456e-11
23875.0  2.71038e-11
23880.0  2.7062e-11
23885.0  2.70202e-11
23890.0  2.69785e-11
23895.0  2.69367e-11
23900.0  2.68949e-11
23905.0  2.68531e-11
23910.0  2.68113e-11
23915.0  2.67695e-11
23920.0  2.67277e-11
23925.0  2.6686e-11
23930.0  2.66442e-11
23935.0  2.66028e-11
23940.0  2.65636e-11
23945.0  2.65223e-11
23950.0  2.64805e-11
23955.0  2.64387e-11
23960.0  2.6397e-11
23965.0  2.63552e-11
23970.0  2.63138e-11
23975.0  2.62747e-11
23980.0  2.62333e-11
23985.0  2.61915e-11
23990.0  2.61501e-11
23995.0  2.6111e-11
24000.0  2.60697e-11
24005.0  2.60279e-11
24010.0  2.59865e-11
24015.0  2.59474e-11
24020.0  2.5906e-11
24025.0  2.58646e-11
24030.0  2.58255e-11
24035.0  2.57841e-11
24040.0  2.57427e-11
24045.0  2.57036e-11
24050.0  2.56627e-11
24055.0  2.56235e-11
24060.0  2.55826e-11
24065.0  2.55434e-11
24070.0  2.55021e-11
24075.0  2.54607e-11
24080.0  2.54216e-11
24085.0  2.53807e-11
24090.0  2.53415e-11
24095.0  2.53005e-11
24100.0  2.52618e-11
24105.0  2.52231e-11
24110.0  2.51822e-11
24115.0  2.5143e-11
24120.0  2.51021e-11
24125.0  2.50633e-11
24130.0  2.50246e-11
24135.0  2.49837e-11
24140.0  2.49445e-11
24145.0  2.49036e-11
24150.0  2.48649e-11
24155.0  2.48261e-11
24160.0  2.47852e-11
24165.0  2.47465e-11
24170.0  2.47082e-11
24175.0  2.46695e-11
24180.0  2.46285e-11
24185.0  2.45898e-11
24190.0  2.45515e-11
24195.0  2.45132e-11
24200.0  2.44745e-11
24205.0  2.44336e-11
24210.0  2.43948e-11
24215.0  2.43565e-11
24220.0  2.43182e-11
24225.0  2.42799e-11
24230.0  2.42412e-11
24235.0  2.42003e-11
24240.0  2.41615e-11
24245.0  2.41232e-11
24250.0  2.40849e-11
24255.0  2.40466e-11
24260.0  2.40083e-11
24265.0  2.397e-11
24270.0  2.39317e-11
24275.0  2.38934e-11
24280.0  2.38551e-11
24285.0  2.38168e-11
24290.0  2.37785e-11
24295.0  2.37402e-11
24300.0  2.37019e-11
24305.0  2.36636e-11
24310.0  2.36258e-11
24315.0  2.359e-11
24320.0  2.35522e-11
24325.0  2.35139e-11
24330.0  2.34756e-11
24335.0  2.34373e-11
24340.0  2.3399e-11
24345.0  2.33611e-11
24350.0  2.33254e-11
24355.0  2.32875e-11
24360.0  2.32492e-11
24365.0  2.32109e-11
24370.0  2.31731e-11
24375.0  2.31374e-11
24380.0  2.30995e-11
24385.0  2.30617e-11
24390.0  2.3026e-11
24395.0  2.29881e-11
24400.0  2.29502e-11
24405.0  2.29146e-11
24410.0  2.28767e-11
24415.0  2.28388e-11
24420.0  2.28031e-11
24425.0  2.27652e-11
24430.0  2.27274e-11
24435.0  2.26917e-11
24440.0  2.26542e-11
24445.0  2.26186e-11
24450.0  2.25811e-11
24455.0  2.25454e-11
24460.0  2.2508e-11
24465.0  2.24723e-11
24470.0  2.24349e-11
24475.0  2.23992e-11
24480.0  2.23618e-11
24485.0  2.23261e-11
24490.0  2.22886e-11
24495.0  2.2253e-11
24500.0  2.22155e-11
24505.0  2.21803e-11
24510.0  2.2145e-11
24515.0  2.21076e-11
24520.0  2.20719e-11
24525.0  2.20345e-11
24530.0  2.19992e-11
24535.0  2.19639e-11
24540.0  2.19265e-11
24545.0  2.18913e-11
24550.0  2.18564e-11
24555.0  2.18212e-11
24560.0  2.17838e-11
24565.0  2.17485e-11
24570.0  2.17137e-11
24575.0  2.16784e-11
24580.0  2.1641e-11
24585.0  2.16058e-11
24590.0  2.15709e-11
24595.0  2.15361e-11
24600.0  2.15008e-11
24605.0  2.14634e-11
24610.0  2.14282e-11
24615.0  2.13933e-11
24620.0  2.13586e-11
24625.0  2.13237e-11
24630.0  2.12889e-11
24635.0  2.1254e-11
24640.0  2.12193e-11
24645.0  2.11844e-11
24650.0  2.11496e-11
24655.0  2.11148e-11
24660.0  2.10799e-11
24665.0  2.10451e-11
24670.0  2.10103e-11
24675.0  2.09755e-11
24680.0  2.09407e-11
24685.0  2.09059e-11
24690.0  2.0871e-11
24695.0  2.08362e-11
24700.0  2.08014e-11
24705.0  2.07666e-11
24710.0  2.07318e-11
24715.0  2.0697e-11
24720.0  2.06626e-11
24725.0  2.06304e-11
24730.0  2.0596e-11
24735.0  2.05611e-11
24740.0  2.05263e-11
24745.0  2.04915e-11
24750.0  2.04571e-11
24755.0  2.04249e-11
24760.0  2.03905e-11
24765.0  2.03557e-11
24770.0  2.03213e-11
24775.0  2.02891e-11
24780.0  2.02547e-11
24785.0  2.02204e-11
24790.0  2.01881e-11
24795.0  2.01538e-11
24800.0  2.01194e-11
24805.0  2.00872e-11
24810.0  2.00528e-11
24815.0  2.00184e-11
24820.0  1.99862e-11
24825.0  1.99522e-11
24830.0  1.992e-11
24835.0  1.98856e-11
24840.0  1.98513e-11
24845.0  1.9819e-11
24850.0  1.97851e-11
24855.0  1.97529e-11
24860.0  1.97189e-11
24865.0  1.96867e-11
24870.0  1.96528e-11
24875.0  1.96206e-11
24880.0  1.95866e-11
24885.0  1.95544e-11
24890.0  1.95204e-11
24895.0  1.94887e-11
24900.0  1.94569e-11
24905.0  1.9423e-11
24910.0  1.93907e-11
24915.0  1.93568e-11
24920.0  1.9325e-11
24925.0  1.92932e-11
24930.0  1.92593e-11
24935.0  1.92275e-11
24940.0  1.91957e-11
24945.0  1.91618e-11
24950.0  1.91301e-11
24955.0  1.90987e-11
24960.0  1.90669e-11
24965.0  1.9033e-11
24970.0  1.90012e-11
24975.0  1.89699e-11
24980.0  1.89381e-11
24985.0  1.89041e-11
24990.0  1.88724e-11
24995.0  1.64893e-11
25000.0  2.35466e-12
