# Extracted from file: pickles_uk_14.fits
#SIMPLETrueFits standard
#BITPIX16Bits per pixel
#NAXIS0Number of axes
#EXTENDTrueFile may contain extensions
#DATE2007-01-11T21:02:18Date FITS file was generated
#IRAF-TLM16:02:34 (11/01/2007)Time of last modification
#COMMENT  FITS (Flexible Image Transport System) format is defined in 'Astronomy
#COMMENT  and Astrophysics', volume 376, page 359; bibcode: 2001A&A...376..359H
#ORIGINSTScI-STSDAS/TABLESTables version 2002-02-22
#FILENAMEpickles_uk_14.fitsname of file
#NEXTEND1number of extensions in file
#COMMENT1spectral type: F0V
#COMMENT2metallicity: solar
#COMMENT3original filename: ukf0v.dat
#HISTORY  File created by F.R.Boffi.
#HISTORY  SEDs from Pickles UVKLIB Library (1998, PASP 110, 863).
#HISTORY  Wavelength is in Angstrom.
#HISTORY  Fluxes are tabulated in units of erg/s/cm^2/A
#HISTORY  and were calculated by normalizing the original fluxes
#HISTORY  in the Pickles V band to a 0 magnitude in vegamag.
#HISTORY  In the vegamag system, Vega has magnitude zero in all passbands.
#HISTORY  Please refer to the SYNPHOT manual for further information.
#
#
#
#
#
#
#
#
#
#
#
#
#
#  
#Columns WAVELENGTH FLUX
#Units  angstroms flam
1150.0  7.0708e-11
1155.0  8.33594e-11
1160.0  6.23616e-11
1165.0  1.18722e-11
1170.0  1.2056e-12
1175.0  3.88659e-12
1180.0  6.4502e-13
1185.0  0.0
1190.0  0.0
1195.0  1.43453e-12
1200.0  1.21708e-11
1205.0  3.49223e-11
1210.0  9.45288e-11
1215.0  1.38708e-10
1220.0  9.01811e-11
1225.0  2.63643e-11
1230.0  7.55348e-12
1235.0  6.07093e-12
1240.0  6.28154e-12
1245.0  5.07488e-12
1250.0  6.94924e-12
1255.0  6.19873e-12
1260.0  4.55846e-12
1265.0  1.67077e-12
1270.0  2.24206e-12
1275.0  1.88461e-12
1280.0  2.93942e-12
1285.0  9.03621e-13
1290.0  7.6225e-14
1295.0  0.0
1300.0  3.18876e-13
1305.0  2.10153e-12
1310.0  1.54904e-12
1315.0  6.97768e-13
1320.0  8.07687e-13
1325.0  1.23657e-13
1330.0  8.22574e-13
1335.0  5.56581e-12
1340.0  5.04734e-12
1345.0  3.1181e-12
1350.0  3.19095e-12
1355.0  4.88832e-12
1360.0  4.76386e-12
1365.0  8.23766e-13
1370.0  5.1718e-13
1375.0  2.52182e-12
1380.0  3.78117e-12
1385.0  1.08318e-12
1390.0  7.00135e-13
1395.0  2.53711e-12
1400.0  4.1582e-13
1405.0  3.87541e-13
1410.0  2.59605e-12
1415.0  2.54025e-12
1420.0  4.15058e-12
1425.0  6.93263e-12
1430.0  5.96104e-12
1435.0  6.33872e-12
1440.0  6.18288e-12
1445.0  5.01177e-12
1450.0  4.82812e-12
1455.0  6.94875e-12
1460.0  6.9642e-12
1465.0  4.6266e-12
1470.0  6.60779e-12
1475.0  8.41845e-12
1480.0  9.68375e-12
1485.0  1.22327e-11
1490.0  9.77313e-12
1495.0  1.06678e-11
1500.0  1.31871e-11
1505.0  1.36329e-11
1510.0  1.32752e-11
1515.0  1.08085e-11
1520.0  1.03356e-11
1525.0  1.17882e-11
1530.0  1.15322e-11
1535.0  1.54882e-11
1540.0  1.81761e-11
1545.0  1.86951e-11
1550.0  2.19544e-11
1555.0  2.16853e-11
1560.0  1.97948e-11
1565.0  2.15102e-11
1570.0  1.95353e-11
1575.0  1.95381e-11
1580.0  2.25482e-11
1585.0  2.36539e-11
1590.0  2.25224e-11
1595.0  2.26134e-11
1600.0  2.71579e-11
1605.0  3.53303e-11
1610.0  4.17515e-11
1615.0  3.11948e-11
1620.0  2.78019e-11
1625.0  2.97684e-11
1630.0  3.2081e-11
1635.0  3.42648e-11
1640.0  3.88893e-11
1645.0  4.11367e-11
1650.0  4.01719e-11
1655.0  3.59852e-11
1660.0  3.78641e-11
1665.0  4.86092e-11
1670.0  4.78942e-11
1675.0  5.56223e-11
1680.0  6.74796e-11
1685.0  7.43476e-11
1690.0  8.99714e-11
1695.0  1.1071e-10
1700.0  1.47869e-10
1705.0  2.00966e-10
1710.0  2.75364e-10
1715.0  3.36606e-10
1720.0  3.53052e-10
1725.0  3.54762e-10
1730.0  4.05621e-10
1735.0  4.17369e-10
1740.0  4.1804e-10
1745.0  4.5258e-10
1750.0  5.21302e-10
1755.0  5.73125e-10
1760.0  5.53596e-10
1765.0  5.27363e-10
1770.0  5.98564e-10
1775.0  7.09237e-10
1780.0  7.62002e-10
1785.0  7.31653e-10
1790.0  7.42336e-10
1795.0  8.34538e-10
1800.0  8.54075e-10
1805.0  7.68268e-10
1810.0  7.25658e-10
1815.0  7.75544e-10
1820.0  8.0672e-10
1825.0  8.27015e-10
1830.0  7.93536e-10
1835.0  7.48421e-10
1840.0  6.68353e-10
1845.0  5.99902e-10
1850.0  5.81101e-10
1855.0  6.14673e-10
1860.0  6.64659e-10
1865.0  7.22585e-10
1870.0  7.79621e-10
1875.0  7.97265e-10
1880.0  8.23024e-10
1885.0  8.55942e-10
1890.0  8.51088e-10
1895.0  8.19099e-10
1900.0  7.79679e-10
1905.0  7.96574e-10
1910.0  8.19308e-10
1915.0  8.64125e-10
1920.0  8.8192e-10
1925.0  8.01508e-10
1930.0  6.71311e-10
1935.0  6.63797e-10
1940.0  8.55039e-10
1945.0  1.02077e-09
1950.0  1.05852e-09
1955.0  1.03512e-09
1960.0  9.86332e-10
1965.0  9.75022e-10
1970.0  9.89375e-10
1975.0  1.07616e-09
1980.0  1.06633e-09
1985.0  1.05904e-09
1990.0  9.76262e-10
1995.0  8.70741e-10
2000.0  8.86463e-10
2005.0  9.07386e-10
2010.0  8.80933e-10
2015.0  9.14494e-10
2020.0  9.31217e-10
2025.0  9.61432e-10
2030.0  9.71604e-10
2035.0  1.00927e-09
2040.0  1.02902e-09
2045.0  1.03928e-09
2050.0  1.13407e-09
2055.0  1.18507e-09
2060.0  1.09919e-09
2065.0  1.07795e-09
2070.0  1.15181e-09
2075.0  1.22734e-09
2080.0  1.34228e-09
2085.0  1.40667e-09
2090.0  1.37961e-09
2095.0  1.30213e-09
2100.0  1.26248e-09
2105.0  1.25e-09
2110.0  1.22584e-09
2115.0  1.21519e-09
2120.0  1.2116e-09
2125.0  1.31045e-09
2130.0  1.33492e-09
2135.0  1.12972e-09
2140.0  9.82013e-10
2145.0  1.03398e-09
2150.0  1.13325e-09
2155.0  1.19154e-09
2160.0  1.20063e-09
2165.0  1.12574e-09
2170.0  1.07765e-09
2175.0  1.01181e-09
2180.0  1.01981e-09
2185.0  1.11612e-09
2190.0  1.23725e-09
2195.0  1.32526e-09
2200.0  1.3978e-09
2205.0  1.43529e-09
2210.0  1.32249e-09
2215.0  1.16644e-09
2220.0  1.08129e-09
2225.0  1.06596e-09
2230.0  1.09347e-09
2235.0  1.14214e-09
2240.0  1.23677e-09
2245.0  1.18063e-09
2250.0  1.07897e-09
2255.0  1.05055e-09
2260.0  1.05047e-09
2265.0  1.02419e-09
2270.0  9.99488e-10
2275.0  9.67874e-10
2280.0  9.889e-10
2285.0  1.06119e-09
2290.0  1.1889e-09
2295.0  1.18467e-09
2300.0  1.08314e-09
2305.0  9.969e-10
2310.0  1.02588e-09
2315.0  1.08278e-09
2320.0  1.068e-09
2325.0  1.08344e-09
2330.0  1.0429e-09
2335.0  9.66036e-10
2340.0  8.53098e-10
2345.0  7.59353e-10
2350.0  6.88063e-10
2355.0  7.41413e-10
2360.0  8.80336e-10
2365.0  8.60954e-10
2370.0  8.29105e-10
2375.0  8.72796e-10
2380.0  8.74999e-10
2385.0  7.82145e-10
2390.0  6.90365e-10
2395.0  7.3487e-10
2400.0  7.47234e-10
2405.0  7.14082e-10
2410.0  6.87111e-10
2415.0  6.83723e-10
2420.0  8.12757e-10
2425.0  1.00008e-09
2430.0  1.09342e-09
2435.0  1.06252e-09
2440.0  1.03112e-09
2445.0  1.06416e-09
2450.0  1.06814e-09
2455.0  1.03028e-09
2460.0  1.03027e-09
2465.0  1.01252e-09
2470.0  9.47534e-10
2475.0  9.45362e-10
2480.0  9.74088e-10
2485.0  9.59276e-10
2490.0  9.41058e-10
2495.0  9.40911e-10
2500.0  1.04056e-09
2505.0  1.12814e-09
2510.0  1.10539e-09
2515.0  1.03389e-09
2520.0  9.31125e-10
2525.0  8.38298e-10
2530.0  7.88338e-10
2535.0  7.76486e-10
2540.0  7.84297e-10
2545.0  7.93874e-10
2550.0  8.31364e-10
2555.0  8.94606e-10
2560.0  1.00594e-09
2565.0  1.07342e-09
2570.0  1.15492e-09
2575.0  1.21741e-09
2580.0  1.08347e-09
2585.0  1.04309e-09
2590.0  1.144e-09
2595.0  1.20774e-09
2600.0  1.15214e-09
2605.0  1.05318e-09
2610.0  1.00615e-09
2615.0  9.71469e-10
2620.0  1.05969e-09
2625.0  1.15792e-09
2630.0  1.1418e-09
2635.0  1.17449e-09
2640.0  1.46035e-09
2645.0  1.75e-09
2650.0  1.85716e-09
2655.0  1.8652e-09
2660.0  1.83832e-09
2665.0  1.6792e-09
2670.0  1.55032e-09
2675.0  1.55851e-09
2680.0  1.60341e-09
2685.0  1.59635e-09
2690.0  1.56543e-09
2695.0  1.47544e-09
2700.0  1.43509e-09
2705.0  1.51393e-09
2710.0  1.55589e-09
2715.0  1.48296e-09
2720.0  1.43179e-09
2725.0  1.40158e-09
2730.0  1.44529e-09
2735.0  1.50891e-09
2740.0  1.439e-09
2745.0  1.23472e-09
2750.0  1.11553e-09
2755.0  1.11228e-09
2760.0  1.21404e-09
2765.0  1.34831e-09
2770.0  1.40676e-09
2775.0  1.46016e-09
2780.0  1.45775e-09
2785.0  1.32675e-09
2790.0  1.21847e-09
2795.0  1.00899e-09
2800.0  7.18812e-10
2805.0  6.71879e-10
2810.0  9.27746e-10
2815.0  1.34945e-09
2820.0  1.68263e-09
2825.0  1.83121e-09
2830.0  1.84421e-09
2835.0  1.7779e-09
2840.0  1.72479e-09
2845.0  1.64597e-09
2850.0  1.57694e-09
2855.0  1.48264e-09
2860.0  1.52676e-09
2865.0  1.6767e-09
2870.0  1.71438e-09
2875.0  1.70631e-09
2880.0  1.71351e-09
2885.0  1.76791e-09
2890.0  1.81421e-09
2895.0  1.81098e-09
2900.0  1.88616e-09
2905.0  2.04482e-09
2910.0  2.15406e-09
2915.0  2.13081e-09
2920.0  2.11094e-09
2925.0  2.03081e-09
2930.0  1.93736e-09
2935.0  1.94458e-09
2940.0  1.97447e-09
2945.0  2.0052e-09
2950.0  1.99215e-09
2955.0  2.0214e-09
2960.0  2.13227e-09
2965.0  2.13953e-09
2970.0  2.06372e-09
2975.0  2.04906e-09
2980.0  2.11445e-09
2985.0  2.0319e-09
2990.0  2.00954e-09
2995.0  2.14619e-09
3000.0  2.17196e-09
3005.0  2.08026e-09
3010.0  2.12704e-09
3015.0  2.18142e-09
3020.0  2.13187e-09
3025.0  2.08871e-09
3030.0  2.11562e-09
3035.0  2.15524e-09
3040.0  2.15854e-09
3045.0  2.14936e-09
3050.0  2.14414e-09
3055.0  2.18169e-09
3060.0  2.11839e-09
3065.0  2.08123e-09
3070.0  2.13067e-09
3075.0  2.18532e-09
3080.0  2.25256e-09
3085.0  2.34338e-09
3090.0  2.33548e-09
3095.0  2.21277e-09
3100.0  2.09012e-09
3105.0  2.15096e-09
3110.0  2.33531e-09
3115.0  2.40473e-09
3120.0  2.33236e-09
3125.0  2.27148e-09
3130.0  2.29298e-09
3135.0  2.33408e-09
3140.0  2.41593e-09
3145.0  2.44104e-09
3150.0  2.44098e-09
3155.0  2.44594e-09
3160.0  2.37891e-09
3165.0  2.35205e-09
3170.0  2.42162e-09
3175.0  2.52487e-09
3180.0  2.48969e-09
3185.0  2.40345e-09
3190.0  2.41165e-09
3195.0  2.45303e-09
3200.0  2.54675e-09
3205.0  2.66609e-09
3210.0  2.63558e-09
3215.0  2.52946e-09
3220.0  2.40624e-09
3225.0  2.32252e-09
3230.0  2.32786e-09
3235.0  2.42524e-09
3240.0  2.50791e-09
3245.0  2.49549e-09
3250.0  2.48142e-09
3255.0  2.56237e-09
3260.0  2.66942e-09
3265.0  2.70525e-09
3270.0  2.66879e-09
3275.0  2.60434e-09
3280.0  2.57331e-09
3285.0  2.61861e-09
3290.0  2.71943e-09
3295.0  2.82445e-09
3300.0  2.86822e-09
3305.0  2.81851e-09
3310.0  2.74095e-09
3315.0  2.70682e-09
3320.0  2.70524e-09
3325.0  2.70182e-09
3330.0  2.685e-09
3335.0  2.65688e-09
3340.0  2.62988e-09
3345.0  2.61869e-09
3350.0  2.63288e-09
3355.0  2.66344e-09
3360.0  2.66049e-09
3365.0  2.59631e-09
3370.0  2.53923e-09
3375.0  2.55293e-09
3380.0  2.59421e-09
3385.0  2.60944e-09
3390.0  2.62458e-09
3395.0  2.66964e-09
3400.0  2.70446e-09
3405.0  2.68927e-09
3410.0  2.65694e-09
3415.0  2.65411e-09
3420.0  2.68751e-09
3425.0  2.73288e-09
3430.0  2.72999e-09
3435.0  2.65226e-09
3440.0  2.59199e-09
3445.0  2.62692e-09
3450.0  2.6806e-09
3455.0  2.66481e-09
3460.0  2.61587e-09
3465.0  2.59375e-09
3470.0  2.59257e-09
3475.0  2.58774e-09
3480.0  2.57517e-09
3485.0  2.56218e-09
3490.0  2.56256e-09
3495.0  2.58375e-09
3500.0  2.61103e-09
3505.0  2.61348e-09
3510.0  2.53902e-09
3515.0  2.53509e-09
3520.0  2.52342e-09
3525.0  2.53519e-09
3530.0  2.58837e-09
3535.0  2.65386e-09
3540.0  2.70012e-09
3545.0  2.71107e-09
3550.0  2.7029e-09
3555.0  2.67277e-09
3560.0  2.63414e-09
3565.0  2.54695e-09
3570.0  2.46443e-09
3575.0  2.43132e-09
3580.0  2.41829e-09
3585.0  2.40719e-09
3590.0  2.44651e-09
3595.0  2.52826e-09
3600.0  2.57564e-09
3605.0  2.54917e-09
3610.0  2.48099e-09
3615.0  2.46145e-09
3620.0  2.49279e-09
3625.0  2.57276e-09
3630.0  2.58721e-09
3635.0  2.56911e-09
3640.0  2.58211e-09
3645.0  2.58345e-09
3650.0  2.62462e-09
3655.0  2.72182e-09
3660.0  2.77479e-09
3665.0  2.77459e-09
3670.0  2.74052e-09
3675.0  2.70456e-09
3680.0  2.66041e-09
3685.0  2.65936e-09
3690.0  2.70085e-09
3695.0  2.74734e-09
3700.0  2.75978e-09
3705.0  2.69993e-09
3710.0  2.7444e-09
3715.0  2.87381e-09
3720.0  2.8875e-09
3725.0  2.89021e-09
3730.0  2.89198e-09
3735.0  2.89975e-09
3740.0  3.07855e-09
3745.0  2.93649e-09
3750.0  2.80665e-09
3755.0  3.17786e-09
3760.0  3.3847e-09
3765.0  3.16132e-09
3770.0  2.95025e-09
3775.0  3.42867e-09
3780.0  4.05714e-09
3785.0  4.09085e-09
3790.0  3.63215e-09
3795.0  3.13441e-09
3800.0  3.17532e-09
3805.0  3.75654e-09
3810.0  4.28854e-09
3815.0  4.43502e-09
3820.0  4.26506e-09
3825.0  3.72066e-09
3830.0  3.09183e-09
3835.0  2.85138e-09
3840.0  3.32082e-09
3845.0  4.07268e-09
3850.0  4.59389e-09
3855.0  4.78228e-09
3860.0  4.83146e-09
3865.0  4.87378e-09
3870.0  4.77448e-09
3875.0  4.48553e-09
3880.0  3.96394e-09
3885.0  3.2479e-09
3890.0  2.9865e-09
3895.0  3.53023e-09
3900.0  4.22668e-09
3905.0  4.67036e-09
3910.0  4.95858e-09
3915.0  5.10961e-09
3920.0  4.95925e-09
3925.0  4.25887e-09
3930.0  3.34953e-09
3935.0  3.41402e-09
3940.0  4.26581e-09
3945.0  4.71556e-09
3950.0  4.75493e-09
3955.0  4.52948e-09
3960.0  3.91902e-09
3965.0  2.97395e-09
3970.0  2.60344e-09
3975.0  3.38671e-09
3980.0  4.36118e-09
3985.0  4.88441e-09
3990.0  5.0976e-09
3995.0  5.20467e-09
4000.0  5.31279e-09
4005.0  5.40837e-09
4010.0  5.50288e-09
4015.0  5.59035e-09
4020.0  5.63263e-09
4025.0  5.56803e-09
4030.0  5.50841e-09
4035.0  5.61542e-09
4040.0  5.70723e-09
4045.0  5.64684e-09
4050.0  5.56791e-09
4055.0  5.44315e-09
4060.0  5.37103e-09
4065.0  5.33171e-09
4070.0  5.26242e-09
4075.0  5.08197e-09
4080.0  4.94252e-09
4085.0  4.88302e-09
4090.0  4.58008e-09
4095.0  3.82381e-09
4100.0  3.21371e-09
4105.0  3.5197e-09
4110.0  4.26931e-09
4115.0  4.77871e-09
4120.0  4.98093e-09
4125.0  5.04448e-09
4130.0  5.1061e-09
4135.0  5.28832e-09
4140.0  5.443e-09
4145.0  5.46316e-09
4150.0  5.43375e-09
4155.0  5.38823e-09
4160.0  5.4155e-09
4165.0  5.39598e-09
4170.0  5.26857e-09
4175.0  5.18186e-09
4180.0  5.23675e-09
4185.0  5.33858e-09
4190.0  5.42198e-09
4195.0  5.36456e-09
4200.0  5.27827e-09
4205.0  5.35355e-09
4210.0  5.4582e-09
4215.0  5.43594e-09
4220.0  5.31872e-09
4225.0  5.16847e-09
4230.0  5.17461e-09
4235.0  5.21031e-09
4240.0  5.26193e-09
4245.0  5.22597e-09
4250.0  5.20946e-09
4255.0  5.29278e-09
4260.0  5.33231e-09
4265.0  5.30159e-09
4270.0  5.19496e-09
4275.0  5.21475e-09
4280.0  5.26991e-09
4285.0  5.15654e-09
4290.0  5.00233e-09
4295.0  4.91541e-09
4300.0  4.82375e-09
4305.0  4.79674e-09
4310.0  4.78865e-09
4315.0  4.78144e-09
4320.0  4.7393e-09
4325.0  4.56454e-09
4330.0  4.17057e-09
4335.0  3.46339e-09
4340.0  2.97602e-09
4345.0  3.36009e-09
4350.0  4.06729e-09
4355.0  4.59381e-09
4360.0  4.89454e-09
4365.0  5.00826e-09
4370.0  4.99579e-09
4375.0  5.01656e-09
4380.0  5.03499e-09
4385.0  4.99567e-09
4390.0  5.03999e-09
4395.0  5.05273e-09
4400.0  5.07437e-09
4405.0  5.13154e-09
4410.0  5.15266e-09
4415.0  5.09915e-09
4420.0  5.09598e-09
4425.0  5.12895e-09
4430.0  5.1485e-09
4435.0  5.14374e-09
4440.0  5.12755e-09
4445.0  5.10382e-09
4450.0  5.10277e-09
4455.0  5.02384e-09
4460.0  4.98156e-09
4465.0  4.99229e-09
4470.0  5.04511e-09
4475.0  5.0607e-09
4480.0  4.98693e-09
4485.0  4.99635e-09
4490.0  5.03358e-09
4495.0  5.10521e-09
4500.0  5.15953e-09
4505.0  5.19911e-09
4510.0  5.20445e-09
4515.0  5.14697e-09
4520.0  5.02452e-09
4525.0  4.89204e-09
4530.0  4.82631e-09
4535.0  4.93694e-09
4540.0  5.0173e-09
4545.0  4.90151e-09
4550.0  4.74946e-09
4555.0  4.77599e-09
4560.0  4.89824e-09
4565.0  4.98171e-09
4570.0  4.99249e-09
4575.0  4.94447e-09
4580.0  4.83974e-09
4585.0  4.79745e-09
4590.0  4.84786e-09
4595.0  4.88917e-09
4600.0  4.92452e-09
4605.0  4.96994e-09
4610.0  5.00164e-09
4615.0  4.99148e-09
4620.0  4.96533e-09
4625.0  4.94337e-09
4630.0  4.90633e-09
4635.0  4.90081e-09
4640.0  4.90434e-09
4645.0  4.8748e-09
4650.0  4.86426e-09
4655.0  4.91072e-09
4660.0  4.93017e-09
4665.0  4.84917e-09
4670.0  4.79936e-09
4675.0  4.85101e-09
4680.0  4.90497e-09
4685.0  4.92668e-09
4690.0  4.89435e-09
4695.0  4.85081e-09
4700.0  4.78577e-09
4705.0  4.75489e-09
4710.0  4.76786e-09
4715.0  4.80861e-09
4720.0  4.84221e-09
4725.0  4.80315e-09
4730.0  4.74614e-09
4735.0  4.72452e-09
4740.0  4.74084e-09
4745.0  4.75167e-09
4750.0  4.72637e-09
4755.0  4.67198e-09
4760.0  4.61204e-09
4765.0  4.5795e-09
4770.0  4.60338e-09
4775.0  4.62462e-09
4780.0  4.62374e-09
4785.0  4.60785e-09
4790.0  4.59253e-09
4795.0  4.58893e-09
4800.0  4.57115e-09
4805.0  4.53994e-09
4810.0  4.53605e-09
4815.0  4.51527e-09
4820.0  4.45461e-09
4825.0  4.40207e-09
4830.0  4.35972e-09
4835.0  4.28215e-09
4840.0  4.17174e-09
4845.0  4.0154e-09
4850.0  3.68973e-09
4855.0  3.12823e-09
4860.0  2.70994e-09
4865.0  2.92102e-09
4870.0  3.43662e-09
4875.0  3.77542e-09
4880.0  3.96162e-09
4885.0  4.06353e-09
4890.0  4.13622e-09
4895.0  4.25164e-09
4900.0  4.33826e-09
4905.0  4.36892e-09
4910.0  4.35554e-09
4915.0  4.3018e-09
4920.0  4.24197e-09
4925.0  4.27366e-09
4930.0  4.35645e-09
4935.0  4.35789e-09
4940.0  4.36452e-09
4945.0  4.41518e-09
4950.0  4.44453e-09
4955.0  4.40948e-09
4960.0  4.39971e-09
4965.0  4.42222e-09
4970.0  4.39245e-09
4975.0  4.33116e-09
4980.0  4.25751e-09
4985.0  4.2608e-09
4990.0  4.32401e-09
4995.0  4.3083e-09
5000.0  4.2249e-09
5005.0  4.16225e-09
5010.0  4.1637e-09
5015.0  4.12846e-09
5020.0  4.11131e-09
5025.0  4.16933e-09
5030.0  4.2112e-09
5035.0  4.19751e-09
5040.0  4.14473e-09
5045.0  4.15591e-09
5050.0  4.20318e-09
5055.0  4.21044e-09
5060.0  4.23033e-09
5065.0  4.17262e-09
5070.0  4.1106e-09
5075.0  4.0813e-09
5080.0  4.08188e-09
5085.0  4.13139e-09
5090.0  4.16763e-09
5095.0  4.13961e-09
5100.0  4.09978e-09
5105.0  4.11103e-09
5110.0  4.12812e-09
5115.0  4.13126e-09
5120.0  4.10275e-09
5125.0  4.06228e-09
5130.0  4.03136e-09
5135.0  4.00563e-09
5140.0  3.99021e-09
5145.0  4.00531e-09
5150.0  4.02642e-09
5155.0  4.04302e-09
5160.0  3.97373e-09
5165.0  3.79765e-09
5170.0  3.71002e-09
5175.0  3.80914e-09
5180.0  3.88667e-09
5185.0  3.83571e-09
5190.0  3.81255e-09
5195.0  3.84234e-09
5200.0  3.86237e-09
5205.0  3.85265e-09
5210.0  3.88664e-09
5215.0  3.94953e-09
5220.0  3.94968e-09
5225.0  3.86344e-09
5230.0  3.79948e-09
5235.0  3.84667e-09
5240.0  3.9283e-09
5245.0  3.95451e-09
5250.0  3.9359e-09
5255.0  3.89919e-09
5260.0  3.80219e-09
5265.0  3.67642e-09
5270.0  3.64694e-09
5275.0  3.7048e-09
5280.0  3.78464e-09
5285.0  3.85719e-09
5290.0  3.91562e-09
5295.0  3.90328e-09
5300.0  3.86523e-09
5305.0  3.86666e-09
5310.0  3.87577e-09
5315.0  3.83884e-09
5320.0  3.78681e-09
5325.0  3.74356e-09
5330.0  3.73094e-09
5335.0  3.7483e-09
5340.0  3.76919e-09
5345.0  3.79682e-09
5350.0  3.81737e-09
5355.0  3.83968e-09
5360.0  3.81574e-09
5365.0  3.73862e-09
5370.0  3.70693e-09
5375.0  3.75302e-09
5380.0  3.7735e-09
5385.0  3.77447e-09
5390.0  3.76331e-09
5395.0  3.70743e-09
5400.0  3.66412e-09
5405.0  3.6492e-09
5410.0  3.66117e-09
5415.0  3.69248e-09
5420.0  3.70312e-09
5425.0  3.68826e-09
5430.0  3.68623e-09
5435.0  3.70604e-09
5440.0  3.73273e-09
5445.0  3.70861e-09
5450.0  3.67992e-09
5455.0  3.67521e-09
5460.0  3.68313e-09
5465.0  3.68972e-09
5470.0  3.68821e-09
5475.0  3.66503e-09
5480.0  3.64506e-09
5485.0  3.66942e-09
5490.0  3.69123e-09
5495.0  3.67739e-09
5500.0  3.6412e-09
5505.0  3.61325e-09
5510.0  3.62315e-09
5515.0  3.6445e-09
5520.0  3.63841e-09
5525.0  3.59178e-09
5530.0  3.56e-09
5535.0  3.57835e-09
5540.0  3.59928e-09
5545.0  3.60986e-09
5550.0  3.62604e-09
5555.0  3.62732e-09
5560.0  3.60612e-09
5565.0  3.57037e-09
5570.0  3.53064e-09
5575.0  3.53857e-09
5580.0  3.54681e-09
5585.0  3.48395e-09
5590.0  3.42278e-09
5595.0  3.41286e-09
5600.0  3.43685e-09
5605.0  3.49269e-09
5610.0  3.52609e-09
5615.0  3.50101e-09
5620.0  3.47871e-09
5625.0  3.48752e-09
5630.0  3.49787e-09
5635.0  3.49216e-09
5640.0  3.4861e-09
5645.0  3.5015e-09
5650.0  3.4923e-09
5655.0  3.433e-09
5660.0  3.38359e-09
5665.0  3.3875e-09
5670.0  3.42515e-09
5675.0  3.44285e-09
5680.0  3.42499e-09
5685.0  3.39745e-09
5690.0  3.4022e-09
5695.0  3.41684e-09
5700.0  3.41613e-09
5705.0  3.38382e-09
5710.0  3.35588e-09
5715.0  3.3686e-09
5720.0  3.40127e-09
5725.0  3.41354e-09
5730.0  3.40634e-09
5735.0  3.39654e-09
5740.0  3.39166e-09
5745.0  3.38169e-09
5750.0  3.36436e-09
5755.0  3.35826e-09
5760.0  3.36132e-09
5765.0  3.3555e-09
5770.0  3.35912e-09
5775.0  3.35699e-09
5780.0  3.33982e-09
5785.0  3.32491e-09
5790.0  3.32367e-09
5795.0  3.32222e-09
5800.0  3.33023e-09
5805.0  3.33753e-09
5810.0  3.32459e-09
5815.0  3.31671e-09
5820.0  3.32776e-09
5825.0  3.33027e-09
5830.0  3.32779e-09
5835.0  3.32956e-09
5840.0  3.33354e-09
5845.0  3.322e-09
5850.0  3.29187e-09
5855.0  3.25509e-09
5860.0  3.23889e-09
5865.0  3.26142e-09
5870.0  3.28541e-09
5875.0  3.28179e-09
5880.0  3.26314e-09
5885.0  3.18589e-09
5890.0  3.09232e-09
5895.0  3.07751e-09
5900.0  3.14346e-09
5905.0  3.20366e-09
5910.0  3.21329e-09
5915.0  3.20501e-09
5920.0  3.1978e-09
5925.0  3.19037e-09
5930.0  3.1742e-09
5935.0  3.16771e-09
5940.0  3.16068e-09
5945.0  3.14396e-09
5950.0  3.13065e-09
5955.0  3.12675e-09
5960.0  3.12761e-09
5965.0  3.12766e-09
5970.0  3.12308e-09
5975.0  3.11255e-09
5980.0  3.08846e-09
5985.0  3.07054e-09
5990.0  3.07055e-09
5995.0  3.08156e-09
6000.0  3.06777e-09
6005.0  3.04046e-09
6010.0  3.02338e-09
6015.0  3.01106e-09
6020.0  3.00227e-09
6025.0  3.00333e-09
6030.0  3.01733e-09
6035.0  3.01902e-09
6040.0  3.00504e-09
6045.0  3.00512e-09
6050.0  3.02048e-09
6055.0  3.03009e-09
6060.0  3.03118e-09
6065.0  3.02245e-09
6070.0  3.01523e-09
6075.0  3.0011e-09
6080.0  2.98876e-09
6085.0  2.9815e-09
6090.0  2.9791e-09
6095.0  2.96612e-09
6100.0  2.93856e-09
6105.0  2.93766e-09
6110.0  2.95342e-09
6115.0  2.94286e-09
6120.0  2.92492e-09
6125.0  2.92897e-09
6130.0  2.92343e-09
6135.0  2.89406e-09
6140.0  2.87617e-09
6145.0  2.87818e-09
6150.0  2.89218e-09
6155.0  2.87984e-09
6160.0  2.84834e-09
6165.0  2.83378e-09
6170.0  2.84716e-09
6175.0  2.87675e-09
6180.0  2.89304e-09
6185.0  2.87846e-09
6190.0  2.86836e-09
6195.0  2.88256e-09
6200.0  2.89662e-09
6205.0  2.8877e-09
6210.0  2.87107e-09
6215.0  2.86012e-09
6220.0  2.85305e-09
6225.0  2.84962e-09
6230.0  2.83779e-09
6235.0  2.82375e-09
6240.0  2.81708e-09
6245.0  2.80008e-09
6250.0  2.79677e-09
6255.0  2.81185e-09
6260.0  2.83159e-09
6265.0  2.83985e-09
6270.0  2.8256e-09
6275.0  2.78458e-09
6280.0  2.75775e-09
6285.0  2.78408e-09
6290.0  2.80762e-09
6295.0  2.80302e-09
6300.0  2.79347e-09
6305.0  2.79246e-09
6310.0  2.78936e-09
6315.0  2.77758e-09
6320.0  2.76903e-09
6325.0  2.77554e-09
6330.0  2.7694e-09
6335.0  2.75718e-09
6340.0  2.74528e-09
6345.0  2.73155e-09
6350.0  2.73476e-09
6355.0  2.743e-09
6360.0  2.74101e-09
6365.0  2.728e-09
6370.0  2.71834e-09
6375.0  2.71877e-09
6380.0  2.72081e-09
6385.0  2.72802e-09
6390.0  2.72826e-09
6395.0  2.7165e-09
6400.0  2.70343e-09
6405.0  2.69243e-09
6410.0  2.67732e-09
6415.0  2.6704e-09
6420.0  2.67085e-09
6425.0  2.67935e-09
6430.0  2.67423e-09
6435.0  2.66199e-09
6440.0  2.66048e-09
6445.0  2.66088e-09
6450.0  2.64684e-09
6455.0  2.61798e-09
6460.0  2.60257e-09
6465.0  2.61517e-09
6470.0  2.63023e-09
6475.0  2.63439e-09
6480.0  2.63106e-09
6485.0  2.60235e-09
6490.0  2.56281e-09
6495.0  2.54643e-09
6500.0  2.5773e-09
6505.0  2.60783e-09
6510.0  2.60057e-09
6515.0  2.57649e-09
6520.0  2.57311e-09
6525.0  2.57189e-09
6530.0  2.55588e-09
6535.0  2.52408e-09
6540.0  2.48162e-09
6545.0  2.41339e-09
6550.0  2.27914e-09
6555.0  2.02601e-09
6560.0  1.78403e-09
6565.0  1.83689e-09
6570.0  2.10971e-09
6575.0  2.30625e-09
6580.0  2.39415e-09
6585.0  2.43458e-09
6590.0  2.45827e-09
6595.0  2.48422e-09
6600.0  2.51178e-09
6605.0  2.51853e-09
6610.0  2.51612e-09
6615.0  2.51417e-09
6620.0  2.51821e-09
6625.0  2.5243e-09
6630.0  2.52125e-09
6635.0  2.52035e-09
6640.0  2.52101e-09
6645.0  2.51513e-09
6650.0  2.51181e-09
6655.0  2.50805e-09
6660.0  2.50403e-09
6665.0  2.50138e-09
6670.0  2.49463e-09
6675.0  2.48193e-09
6680.0  2.47922e-09
6685.0  2.48232e-09
6690.0  2.48459e-09
6695.0  2.48569e-09
6700.0  2.48458e-09
6705.0  2.47137e-09
6710.0  2.4597e-09
6715.0  2.44954e-09
6720.0  2.44106e-09
6725.0  2.4435e-09
6730.0  2.44846e-09
6735.0  2.45153e-09
6740.0  2.44257e-09
6745.0  2.42909e-09
6750.0  2.41393e-09
6755.0  2.40648e-09
6760.0  2.40898e-09
6765.0  2.41612e-09
6770.0  2.41649e-09
6775.0  2.41656e-09
6780.0  2.41328e-09
6785.0  2.41311e-09
6790.0  2.41445e-09
6795.0  2.40988e-09
6800.0  2.40784e-09
6805.0  2.39929e-09
6810.0  2.39428e-09
6815.0  2.38644e-09
6820.0  2.37729e-09
6825.0  2.36619e-09
6830.0  2.35868e-09
6835.0  2.36179e-09
6840.0  2.37423e-09
6845.0  2.37149e-09
6850.0  2.37013e-09
6855.0  2.36578e-09
6860.0  2.35982e-09
6865.0  2.37685e-09
6870.0  2.37551e-09
6875.0  2.35094e-09
6880.0  2.3454e-09
6885.0  2.34707e-09
6890.0  2.34618e-09
6895.0  2.34347e-09
6900.0  2.34201e-09
6905.0  2.34382e-09
6910.0  2.34391e-09
6915.0  2.34053e-09
6920.0  2.33657e-09
6925.0  2.33222e-09
6930.0  2.325e-09
6935.0  2.32073e-09
6940.0  2.3207e-09
6945.0  2.31599e-09
6950.0  2.31725e-09
6955.0  2.31821e-09
6960.0  2.31191e-09
6965.0  2.31118e-09
6970.0  2.31108e-09
6975.0  2.28969e-09
6980.0  2.27662e-09
6985.0  2.27121e-09
6990.0  2.25777e-09
6995.0  2.24371e-09
7000.0  2.23201e-09
7005.0  2.22306e-09
7010.0  2.22939e-09
7015.0  2.22872e-09
7020.0  2.22218e-09
7025.0  2.22132e-09
7030.0  2.22824e-09
7035.0  2.22969e-09
7040.0  2.22637e-09
7045.0  2.23126e-09
7050.0  2.23466e-09
7055.0  2.22777e-09
7060.0  2.21915e-09
7065.0  2.21558e-09
7070.0  2.22015e-09
7075.0  2.2202e-09
7080.0  2.21115e-09
7085.0  2.2019e-09
7090.0  2.19268e-09
7095.0  2.1926e-09
7100.0  2.19238e-09
7105.0  2.19062e-09
7110.0  2.17419e-09
7115.0  2.15769e-09
7120.0  2.16615e-09
7125.0  2.18247e-09
7130.0  2.19184e-09
7135.0  2.19381e-09
7140.0  2.1814e-09
7145.0  2.16217e-09
7150.0  2.15409e-09
7155.0  2.16056e-09
7160.0  2.1536e-09
7165.0  2.11987e-09
7170.0  2.08623e-09
7175.0  2.06058e-09
7180.0  2.03703e-09
7185.0  2.01476e-09
7190.0  1.99981e-09
7195.0  2.00294e-09
7200.0  2.00657e-09
7205.0  2.03109e-09
7210.0  2.07508e-09
7215.0  2.10975e-09
7220.0  2.11417e-09
7225.0  2.09612e-09
7230.0  2.07094e-09
7235.0  2.04369e-09
7240.0  2.02096e-09
7245.0  2.014e-09
7250.0  2.01272e-09
7255.0  2.00922e-09
7260.0  2.02249e-09
7265.0  2.03104e-09
7270.0  2.03035e-09
7275.0  2.01481e-09
7280.0  2.00739e-09
7285.0  1.98861e-09
7290.0  1.97723e-09
7295.0  1.98788e-09
7300.0  2.00767e-09
7305.0  2.00325e-09
7310.0  1.99194e-09
7315.0  1.99262e-09
7320.0  1.99046e-09
7325.0  1.98593e-09
7330.0  1.98563e-09
7335.0  1.99462e-09
7340.0  2.01307e-09
7345.0  2.01823e-09
7350.0  2.00376e-09
7355.0  1.99475e-09
7360.0  1.9908e-09
7365.0  1.98554e-09
7370.0  1.98417e-09
7375.0  1.98623e-09
7380.0  1.98065e-09
7385.0  1.95838e-09
7390.0  1.94346e-09
7395.0  1.95408e-09
7400.0  1.96675e-09
7405.0  1.96876e-09
7410.0  1.95663e-09
7415.0  1.94637e-09
7420.0  1.94631e-09
7425.0  1.97132e-09
7430.0  1.98972e-09
7435.0  1.99854e-09
7440.0  1.98697e-09
7445.0  1.96589e-09
7450.0  1.95539e-09
7455.0  1.95943e-09
7460.0  1.96367e-09
7465.0  1.9696e-09
7470.0  1.97265e-09
7475.0  1.96438e-09
7480.0  1.95221e-09
7485.0  1.95393e-09
7490.0  1.95726e-09
7495.0  1.94772e-09
7500.0  1.93357e-09
7505.0  1.92421e-09
7510.0  1.91741e-09
7515.0  1.91695e-09
7520.0  1.92417e-09
7525.0  1.92405e-09
7530.0  1.91841e-09
7535.0  1.91981e-09
7540.0  1.92989e-09
7545.0  1.93603e-09
7550.0  1.93255e-09
7555.0  1.92526e-09
7560.0  1.92105e-09
7565.0  1.91823e-09
7570.0  1.91281e-09
7575.0  1.90923e-09
7580.0  1.90903e-09
7585.0  1.9043e-09
7590.0  1.90922e-09
7595.0  1.92786e-09
7600.0  1.93881e-09
7605.0  1.91475e-09
7610.0  1.8637e-09
7615.0  1.83353e-09
7620.0  1.85015e-09
7625.0  1.87734e-09
7630.0  1.87769e-09
7635.0  1.86286e-09
7640.0  1.85707e-09
7645.0  1.85789e-09
7650.0  1.85555e-09
7655.0  1.85184e-09
7660.0  1.84896e-09
7665.0  1.84632e-09
7670.0  1.85256e-09
7675.0  1.86005e-09
7680.0  1.86093e-09
7685.0  1.85894e-09
7690.0  1.85662e-09
7695.0  1.85279e-09
7700.0  1.85035e-09
7705.0  1.85256e-09
7710.0  1.85274e-09
7715.0  1.84723e-09
7720.0  1.84135e-09
7725.0  1.84101e-09
7730.0  1.84249e-09
7735.0  1.84137e-09
7740.0  1.83343e-09
7745.0  1.81962e-09
7750.0  1.80999e-09
7755.0  1.81005e-09
7760.0  1.8135e-09
7765.0  1.80743e-09
7770.0  1.78023e-09
7775.0  1.74018e-09
7780.0  1.72959e-09
7785.0  1.76453e-09
7790.0  1.79584e-09
7795.0  1.79953e-09
7800.0  1.7911e-09
7805.0  1.78708e-09
7810.0  1.78549e-09
7815.0  1.78582e-09
7820.0  1.78897e-09
7825.0  1.78792e-09
7830.0  1.77664e-09
7835.0  1.76728e-09
7840.0  1.76599e-09
7845.0  1.76948e-09
7850.0  1.77123e-09
7855.0  1.7698e-09
7860.0  1.76895e-09
7865.0  1.76913e-09
7870.0  1.76368e-09
7875.0  1.75329e-09
7880.0  1.74706e-09
7885.0  1.75138e-09
7890.0  1.75055e-09
7895.0  1.73032e-09
7900.0  1.716e-09
7905.0  1.72274e-09
7910.0  1.73199e-09
7915.0  1.73037e-09
7920.0  1.72149e-09
7925.0  1.71089e-09
7930.0  1.70313e-09
7935.0  1.70456e-09
7940.0  1.71103e-09
7945.0  1.70706e-09
7950.0  1.69699e-09
7955.0  1.70049e-09
7960.0  1.70471e-09
7965.0  1.70772e-09
7970.0  1.71228e-09
7975.0  1.71104e-09
7980.0  1.7094e-09
7985.0  1.70884e-09
7990.0  1.70465e-09
7995.0  1.69569e-09
8000.0  1.6833e-09
8005.0  1.67947e-09
8010.0  1.68428e-09
8015.0  1.68713e-09
8020.0  1.68693e-09
8025.0  1.68081e-09
8030.0  1.6736e-09
8035.0  1.67152e-09
8040.0  1.66895e-09
8045.0  1.6593e-09
8050.0  1.65311e-09
8055.0  1.65915e-09
8060.0  1.66584e-09
8065.0  1.67048e-09
8070.0  1.67298e-09
8075.0  1.67266e-09
8080.0  1.67109e-09
8085.0  1.66249e-09
8090.0  1.65292e-09
8095.0  1.64994e-09
8100.0  1.64868e-09
8105.0  1.65041e-09
8110.0  1.65205e-09
8115.0  1.65025e-09
8120.0  1.64755e-09
8125.0  1.64351e-09
8130.0  1.63447e-09
8135.0  1.61915e-09
8140.0  1.60295e-09
8145.0  1.59214e-09
8150.0  1.58148e-09
8155.0  1.56971e-09
8160.0  1.56113e-09
8165.0  1.54759e-09
8170.0  1.53872e-09
8175.0  1.5351e-09
8180.0  1.52637e-09
8185.0  1.52391e-09
8190.0  1.52315e-09
8195.0  1.51126e-09
8200.0  1.50636e-09
8205.0  1.54007e-09
8210.0  1.57867e-09
8215.0  1.58401e-09
8220.0  1.55156e-09
8225.0  1.49318e-09
8230.0  1.45257e-09
8235.0  1.48431e-09
8240.0  1.55196e-09
8245.0  1.56836e-09
8250.0  1.552e-09
8255.0  1.53761e-09
8260.0  1.53937e-09
8265.0  1.56032e-09
8270.0  1.56447e-09
8275.0  1.53803e-09
8280.0  1.51296e-09
8285.0  1.50695e-09
8290.0  1.51848e-09
8295.0  1.52887e-09
8300.0  1.53043e-09
8305.0  1.52807e-09
8310.0  1.51846e-09
8315.0  1.5054e-09
8320.0  1.50186e-09
8325.0  1.50862e-09
8330.0  1.49967e-09
8335.0  1.48369e-09
8340.0  1.48488e-09
8345.0  1.50012e-09
8350.0  1.51501e-09
8355.0  1.51798e-09
8360.0  1.51549e-09
8365.0  1.5149e-09
8370.0  1.51411e-09
8375.0  1.51009e-09
8380.0  1.50218e-09
8385.0  1.49328e-09
8390.0  1.49095e-09
8395.0  1.49435e-09
8400.0  1.49762e-09
8405.0  1.49689e-09
8410.0  1.49236e-09
8415.0  1.49001e-09
8420.0  1.49372e-09
8425.0  1.50189e-09
8430.0  1.5074e-09
8435.0  1.4994e-09
8440.0  1.47637e-09
8445.0  1.45157e-09
8450.0  1.44984e-09
8455.0  1.47116e-09
8460.0  1.48314e-09
8465.0  1.46915e-09
8470.0  1.45548e-09
8475.0  1.4597e-09
8480.0  1.4744e-09
8485.0  1.4829e-09
8490.0  1.45673e-09
8495.0  1.38226e-09
8500.0  1.34332e-09
8505.0  1.37942e-09
8510.0  1.42024e-09
8515.0  1.43377e-09
8520.0  1.43115e-09
8525.0  1.42823e-09
8530.0  1.41668e-09
8535.0  1.36515e-09
8540.0  1.27878e-09
8545.0  1.2124e-09
8550.0  1.22976e-09
8555.0  1.29567e-09
8560.0  1.36478e-09
8565.0  1.39466e-09
8570.0  1.39393e-09
8575.0  1.39519e-09
8580.0  1.39441e-09
8585.0  1.38371e-09
8590.0  1.36256e-09
8595.0  1.33119e-09
8600.0  1.32358e-09
8605.0  1.34407e-09
8610.0  1.36876e-09
8615.0  1.388e-09
8620.0  1.39998e-09
8625.0  1.40614e-09
8630.0  1.41152e-09
8635.0  1.418e-09
8640.0  1.41721e-09
8645.0  1.40357e-09
8650.0  1.3831e-09
8655.0  1.34725e-09
8660.0  1.26593e-09
8665.0  1.19469e-09
8670.0  1.20458e-09
8675.0  1.27509e-09
8680.0  1.33938e-09
8685.0  1.34291e-09
8690.0  1.34985e-09
8695.0  1.39272e-09
8700.0  1.33958e-09
8705.0  1.32467e-09
8710.0  1.3194e-09
8715.0  1.31726e-09
8720.0  1.31765e-09
8725.0  1.31069e-09
8730.0  1.29151e-09
8735.0  1.26663e-09
8740.0  1.2377e-09
8745.0  1.1842e-09
8750.0  1.15593e-09
8755.0  1.19835e-09
8760.0  1.25692e-09
8765.0  1.2909e-09
8770.0  1.30522e-09
8775.0  1.31546e-09
8780.0  1.31917e-09
8785.0  1.31576e-09
8790.0  1.31306e-09
8795.0  1.31334e-09
8800.0  1.30674e-09
8805.0  1.29192e-09
8810.0  1.29269e-09
8815.0  1.30632e-09
8820.0  1.30233e-09
8825.0  1.29413e-09
8830.0  1.28628e-09
8835.0  1.27966e-09
8840.0  1.27932e-09
8845.0  1.27569e-09
8850.0  1.25329e-09
8855.0  1.19549e-09
8860.0  1.12738e-09
8865.0  1.13062e-09
8870.0  1.18477e-09
8875.0  1.2311e-09
8880.0  1.25198e-09
8885.0  1.26895e-09
8890.0  1.27991e-09
8895.0  1.28327e-09
8900.0  1.28462e-09
8905.0  1.27996e-09
8910.0  1.26797e-09
8915.0  1.27016e-09
8920.0  1.28095e-09
8925.0  1.26304e-09
8930.0  1.26851e-09
8935.0  1.28482e-09
8940.0  1.27533e-09
8945.0  1.26528e-09
8950.0  1.25979e-09
8955.0  1.25549e-09
8960.0  1.25243e-09
8965.0  1.25102e-09
8970.0  1.25006e-09
8975.0  1.25072e-09
8980.0  1.2327e-09
8985.0  1.19716e-09
8990.0  1.22054e-09
8995.0  1.2276e-09
9000.0  1.18369e-09
9005.0  1.15377e-09
9010.0  1.11148e-09
9015.0  1.10236e-09
9020.0  1.1393e-09
9025.0  1.17917e-09
9030.0  1.22686e-09
9035.0  1.24798e-09
9040.0  1.24433e-09
9045.0  1.25123e-09
9050.0  1.25517e-09
9055.0  1.23326e-09
9060.0  1.20411e-09
9065.0  1.20445e-09
9070.0  1.22627e-09
9075.0  1.21786e-09
9080.0  1.19813e-09
9085.0  1.20047e-09
9090.0  1.19486e-09
9095.0  1.19642e-09
9100.0  1.21171e-09
9105.0  1.22151e-09
9110.0  1.21465e-09
9115.0  1.21306e-09
9120.0  1.22511e-09
9125.0  1.22685e-09
9130.0  1.20735e-09
9135.0  1.22321e-09
9140.0  1.24738e-09
9145.0  1.22536e-09
9150.0  1.18298e-09
9155.0  1.20063e-09
9160.0  1.23094e-09
9165.0  1.21372e-09
9170.0  1.18343e-09
9175.0  1.19851e-09
9180.0  1.22403e-09
9185.0  1.22156e-09
9190.0  1.20928e-09
9195.0  1.21197e-09
9200.0  1.20606e-09
9205.0  1.17697e-09
9210.0  1.14213e-09
9215.0  1.11767e-09
9220.0  1.09651e-09
9225.0  1.06498e-09
9230.0  1.04166e-09
9235.0  1.06853e-09
9240.0  1.10749e-09
9245.0  1.13592e-09
9250.0  1.15206e-09
9255.0  1.14369e-09
9260.0  1.1451e-09
9265.0  1.16236e-09
9270.0  1.17044e-09
9275.0  1.16022e-09
9280.0  1.15301e-09
9285.0  1.15537e-09
9290.0  1.14955e-09
9295.0  1.12836e-09
9300.0  1.12745e-09
9305.0  1.13257e-09
9310.0  1.11932e-09
9315.0  1.10057e-09
9320.0  1.09373e-09
9325.0  1.0971e-09
9330.0  1.07993e-09
9335.0  1.04043e-09
9340.0  1.05656e-09
9345.0  1.1003e-09
9350.0  1.11265e-09
9355.0  1.09778e-09
9360.0  1.09559e-09
9365.0  1.08079e-09
9370.0  1.05655e-09
9375.0  1.06317e-09
9380.0  1.09942e-09
9385.0  1.14724e-09
9390.0  1.16282e-09
9395.0  1.12832e-09
9400.0  1.09126e-09
9405.0  1.06424e-09
9410.0  1.06098e-09
9415.0  1.07273e-09
9420.0  1.06424e-09
9425.0  1.08267e-09
9430.0  1.09937e-09
9435.0  1.07646e-09
9440.0  1.0696e-09
9445.0  1.09922e-09
9450.0  1.09144e-09
9455.0  1.05115e-09
9460.0  1.07782e-09
9465.0  1.0978e-09
9470.0  1.08457e-09
9475.0  1.07072e-09
9480.0  1.08089e-09
9485.0  1.11371e-09
9490.0  1.0761e-09
9495.0  1.01896e-09
9500.0  1.07875e-09
9505.0  1.13031e-09
9510.0  1.09305e-09
9515.0  1.03037e-09
9520.0  1.02812e-09
9525.0  1.05189e-09
9530.0  1.05738e-09
9535.0  1.02546e-09
9540.0  9.73393e-10
9545.0  9.48128e-10
9550.0  9.55652e-10
9555.0  9.88344e-10
9560.0  1.02813e-09
9565.0  1.04772e-09
9570.0  1.06985e-09
9575.0  1.07924e-09
9580.0  1.05462e-09
9585.0  1.03365e-09
9590.0  1.0383e-09
9595.0  1.05615e-09
9600.0  1.06638e-09
9605.0  1.06944e-09
9610.0  1.07896e-09
9615.0  1.06352e-09
9620.0  1.0407e-09
9625.0  1.07177e-09
9630.0  1.07988e-09
9635.0  1.06503e-09
9640.0  1.06693e-09
9645.0  1.07564e-09
9650.0  1.06889e-09
9655.0  1.04184e-09
9660.0  1.03042e-09
9665.0  1.0631e-09
9670.0  1.08744e-09
9675.0  1.08475e-09
9680.0  1.08053e-09
9685.0  1.09228e-09
9690.0  1.09578e-09
9695.0  1.08601e-09
9700.0  1.08139e-09
9705.0  1.08979e-09
9710.0  1.08951e-09
9715.0  1.08036e-09
9720.0  1.06839e-09
9725.0  1.06128e-09
9730.0  1.06184e-09
9735.0  1.06512e-09
9740.0  1.06467e-09
9745.0  1.05913e-09
9750.0  1.05346e-09
9755.0  1.05062e-09
9760.0  1.05352e-09
9765.0  1.06103e-09
9770.0  1.06774e-09
9775.0  1.07771e-09
9780.0  1.07968e-09
9785.0  1.07345e-09
9790.0  1.06213e-09
9795.0  1.05007e-09
9800.0  1.04161e-09
9805.0  1.03935e-09
9810.0  1.04126e-09
9815.0  1.04356e-09
9820.0  1.04247e-09
9825.0  1.03572e-09
9830.0  1.02516e-09
9835.0  1.01414e-09
9840.0  1.00609e-09
9845.0  1.00327e-09
9850.0  1.00493e-09
9855.0  1.00916e-09
9860.0  1.01399e-09
9865.0  1.01789e-09
9870.0  1.02044e-09
9875.0  1.02166e-09
9880.0  1.02165e-09
9885.0  1.02063e-09
9890.0  1.01918e-09
9895.0  1.01804e-09
9900.0  1.01791e-09
9905.0  1.01923e-09
9910.0  1.02166e-09
9915.0  1.02456e-09
9920.0  1.02732e-09
9925.0  1.02943e-09
9930.0  1.03081e-09
9935.0  1.03151e-09
9940.0  1.03159e-09
9945.0  1.03096e-09
9950.0  1.02911e-09
9955.0  1.02542e-09
9960.0  1.01926e-09
9965.0  1.01067e-09
9970.0  1.00122e-09
9975.0  9.93117e-10
9980.0  9.88502e-10
9985.0  9.88335e-10
9990.0  9.90524e-10
9995.0  9.91798e-10
10000.0  9.88888e-10
10005.0  9.79747e-10
10010.0  9.65509e-10
10015.0  9.4854e-10
10020.0  9.31269e-10
10025.0  9.15645e-10
10030.0  9.02369e-10
10035.0  8.91654e-10
10040.0  8.83687e-10
10045.0  8.78881e-10
10050.0  8.7822e-10
10055.0  8.82921e-10
10060.0  8.94085e-10
10065.0  9.11526e-10
10070.0  9.31702e-10
10075.0  9.4979e-10
10080.0  9.61025e-10
10085.0  9.62732e-10
10090.0  9.57601e-10
10095.0  9.50388e-10
10100.0  9.45883e-10
10105.0  9.47066e-10
10110.0  9.52243e-10
10115.0  9.57913e-10
10120.0  9.6053e-10
10125.0  9.57888e-10
10130.0  9.51263e-10
10135.0  9.43275e-10
10140.0  9.36582e-10
10145.0  9.3304e-10
10150.0  9.32371e-10
10155.0  9.33475e-10
10160.0  9.35211e-10
10165.0  9.36773e-10
10170.0  9.38253e-10
10175.0  9.40076e-10
10180.0  9.42684e-10
10185.0  9.46254e-10
10190.0  9.50288e-10
10195.0  9.54031e-10
10200.0  9.56695e-10
10205.0  9.57511e-10
10210.0  9.55719e-10
10215.0  9.50569e-10
10220.0  9.41404e-10
10225.0  9.28515e-10
10230.0  9.14668e-10
10235.0  9.03574e-10
10240.0  8.98855e-10
10245.0  9.02335e-10
10250.0  9.11157e-10
10255.0  9.20669e-10
10260.0  9.26198e-10
10265.0  9.24646e-10
10270.0  9.17033e-10
10275.0  9.0595e-10
10280.0  8.94127e-10
10285.0  8.83953e-10
10290.0  8.76968e-10
10295.0  8.74383e-10
10300.0  8.78589e-10
10305.0  8.94106e-10
10310.0  9.0132e-10
10315.0  9.06524e-10
10320.0  9.09984e-10
10325.0  9.10583e-10
10330.0  9.08682e-10
10335.0  9.05203e-10
10340.0  9.01106e-10
10345.0  8.97263e-10
10350.0  8.94289e-10
10355.0  8.92703e-10
10360.0  8.92979e-10
10365.0  8.95202e-10
10370.0  8.98455e-10
10375.0  9.01433e-10
10380.0  9.0284e-10
10385.0  9.01827e-10
10390.0  8.98699e-10
10395.0  8.94204e-10
10400.0  8.89132e-10
10405.0  8.84161e-10
10410.0  8.79707e-10
10415.0  8.76085e-10
10420.0  8.73568e-10
10425.0  8.72242e-10
10430.0  8.71653e-10
10435.0  8.71149e-10
10440.0  8.70086e-10
10445.0  8.68073e-10
10450.0  8.65378e-10
10455.0  8.62531e-10
10460.0  8.60082e-10
10465.0  8.5854e-10
10470.0  8.583e-10
10475.0  8.59725e-10
10480.0  8.63108e-10
10485.0  8.68222e-10
10490.0  8.73438e-10
10495.0  8.76605e-10
10500.0  8.75632e-10
10505.0  8.69611e-10
10510.0  8.60713e-10
10515.0  8.52293e-10
10520.0  8.4768e-10
10525.0  8.48816e-10
10530.0  8.54021e-10
10535.0  8.60229e-10
10540.0  8.64333e-10
10545.0  8.64325e-10
10550.0  8.61027e-10
10555.0  8.56348e-10
10560.0  8.52237e-10
10565.0  8.49888e-10
10570.0  8.48585e-10
10575.0  8.46842e-10
10580.0  8.43205e-10
10585.0  8.3699e-10
10590.0  8.29548e-10
10595.0  8.23031e-10
10600.0  8.19583e-10
10605.0  8.20613e-10
10610.0  8.25587e-10
10615.0  8.33251e-10
10620.0  8.4017e-10
10625.0  8.35562e-10
10630.0  8.33665e-10
10635.0  8.32563e-10
10640.0  8.31463e-10
10645.0  8.30364e-10
10650.0  8.29264e-10
10655.0  8.28163e-10
10660.0  8.27064e-10
10665.0  8.25967e-10
10670.0  8.2487e-10
10675.0  8.23772e-10
10680.0  8.22674e-10
10685.0  8.21582e-10
10690.0  8.20487e-10
10695.0  8.1939e-10
10700.0  8.18297e-10
10705.0  8.17206e-10
10710.0  8.16112e-10
10715.0  8.15018e-10
10720.0  8.13927e-10
10725.0  8.12837e-10
10730.0  8.11747e-10
10735.0  8.10656e-10
10740.0  8.09566e-10
10745.0  8.08478e-10
10750.0  8.07392e-10
10755.0  8.06303e-10
10760.0  8.05216e-10
10765.0  8.04132e-10
10770.0  8.03046e-10
10775.0  8.01962e-10
10780.0  8.00877e-10
10785.0  7.99793e-10
10790.0  7.98708e-10
10795.0  7.97626e-10
10800.0  7.96545e-10
10805.0  7.95465e-10
10810.0  7.94384e-10
10815.0  7.93306e-10
10820.0  7.92227e-10
10825.0  7.91148e-10
10830.0  7.9007e-10
10835.0  7.88992e-10
10840.0  7.87918e-10
10845.0  7.86839e-10
10850.0  7.85764e-10
10855.0  7.84689e-10
10860.0  7.83616e-10
10865.0  7.82542e-10
10870.0  7.81471e-10
10875.0  7.804e-10
10880.0  7.79329e-10
10885.0  7.78257e-10
10890.0  7.77186e-10
10895.0  7.76119e-10
10900.0  7.7505e-10
10905.0  7.73981e-10
10910.0  7.72915e-10
10915.0  7.7185e-10
10920.0  7.70783e-10
10925.0  7.69718e-10
10930.0  7.68655e-10
10935.0  7.67592e-10
10940.0  7.6653e-10
10945.0  7.65465e-10
10950.0  7.64406e-10
10955.0  7.63345e-10
10960.0  7.62285e-10
10965.0  7.61225e-10
10970.0  7.60167e-10
10975.0  7.5911e-10
10980.0  7.58053e-10
10985.0  7.56997e-10
10990.0  7.55942e-10
10995.0  7.54887e-10
11000.0  7.53835e-10
11005.0  7.5278e-10
11010.0  7.51727e-10
11015.0  7.50677e-10
11020.0  7.49624e-10
11025.0  7.48575e-10
11030.0  7.47528e-10
11035.0  7.46478e-10
11040.0  7.45431e-10
11045.0  7.44381e-10
11050.0  7.43336e-10
11055.0  7.42292e-10
11060.0  7.41246e-10
11065.0  7.40203e-10
11070.0  7.3916e-10
11075.0  7.38117e-10
11080.0  7.37074e-10
11085.0  7.36035e-10
11090.0  7.34995e-10
11095.0  7.33957e-10
11100.0  7.32917e-10
11105.0  7.31881e-10
11110.0  7.30846e-10
11115.0  7.2981e-10
11120.0  7.28773e-10
11125.0  7.27739e-10
11130.0  7.26706e-10
11135.0  7.25673e-10
11140.0  7.24643e-10
11145.0  7.23611e-10
11150.0  7.22581e-10
11155.0  7.21553e-10
11160.0  7.20524e-10
11165.0  7.19495e-10
11170.0  7.1847e-10
11175.0  7.17443e-10
11180.0  7.16417e-10
11185.0  7.15394e-10
11190.0  7.14371e-10
11195.0  7.13349e-10
11200.0  7.12327e-10
11205.0  7.11306e-10
11210.0  7.10288e-10
11215.0  7.09266e-10
11220.0  7.08249e-10
11225.0  7.07234e-10
11230.0  7.06217e-10
11235.0  7.05202e-10
11240.0  7.04189e-10
11245.0  7.03174e-10
11250.0  7.02162e-10
11255.0  7.01149e-10
11260.0  7.00138e-10
11265.0  6.99128e-10
11270.0  6.98121e-10
11275.0  6.97112e-10
11280.0  6.96104e-10
11285.0  6.95098e-10
11290.0  6.94094e-10
11295.0  6.93087e-10
11300.0  6.92083e-10
11305.0  6.91083e-10
11310.0  6.9008e-10
11315.0  6.89078e-10
11320.0  6.88078e-10
11325.0  6.87079e-10
11330.0  6.86082e-10
11335.0  6.85086e-10
11340.0  6.84089e-10
11345.0  6.83093e-10
11350.0  6.821e-10
11355.0  6.81107e-10
11360.0  6.80115e-10
11365.0  6.79124e-10
11370.0  6.78132e-10
11375.0  6.77142e-10
11380.0  6.76155e-10
11385.0  6.75167e-10
11390.0  6.7418e-10
11395.0  6.73195e-10
11400.0  6.72211e-10
11405.0  6.71227e-10
11410.0  6.70245e-10
11415.0  6.69263e-10
11420.0  6.68283e-10
11425.0  6.67304e-10
11430.0  6.66325e-10
11435.0  6.65346e-10
11440.0  6.64371e-10
11445.0  6.63396e-10
11450.0  6.62421e-10
11455.0  6.61447e-10
11460.0  6.60475e-10
11465.0  6.59503e-10
11470.0  6.58532e-10
11475.0  6.57562e-10
11480.0  6.56594e-10
11485.0  6.55626e-10
11490.0  6.5466e-10
11495.0  6.53694e-10
11500.0  6.5273e-10
11505.0  6.51768e-10
11510.0  6.50805e-10
11515.0  6.49843e-10
11520.0  6.48882e-10
11525.0  6.47924e-10
11530.0  6.46967e-10
11535.0  6.4601e-10
11540.0  6.45053e-10
11545.0  6.44098e-10
11550.0  6.43145e-10
11555.0  6.42192e-10
11560.0  6.4124e-10
11565.0  6.4029e-10
11570.0  6.39341e-10
11575.0  6.38392e-10
11580.0  6.37444e-10
11585.0  6.36496e-10
11590.0  6.35554e-10
11595.0  6.3461e-10
11600.0  6.33666e-10
11605.0  6.32724e-10
11610.0  6.31784e-10
11615.0  6.30845e-10
11620.0  6.29906e-10
11625.0  6.28968e-10
11630.0  6.28031e-10
11635.0  6.27095e-10
11640.0  6.26161e-10
11645.0  6.25228e-10
11650.0  6.24296e-10
11655.0  6.23367e-10
11660.0  6.22435e-10
11665.0  6.21508e-10
11670.0  6.2058e-10
11675.0  6.19654e-10
11680.0  6.1873e-10
11685.0  6.17804e-10
11690.0  6.16881e-10
11695.0  6.1596e-10
11700.0  6.15039e-10
11705.0  6.1412e-10
11710.0  6.13201e-10
11715.0  6.12284e-10
11720.0  6.11368e-10
11725.0  6.10455e-10
11730.0  6.0954e-10
11735.0  6.08628e-10
11740.0  6.07717e-10
11745.0  6.06807e-10
11750.0  6.05898e-10
11755.0  6.04991e-10
11760.0  6.04083e-10
11765.0  6.03178e-10
11770.0  6.02274e-10
11775.0  6.01372e-10
11780.0  6.0047e-10
11785.0  5.9957e-10
11790.0  5.98669e-10
11795.0  5.97771e-10
11800.0  5.96873e-10
11805.0  5.95979e-10
11810.0  5.95081e-10
11815.0  5.94189e-10
11820.0  5.93299e-10
11825.0  5.92408e-10
11830.0  5.9152e-10
11835.0  5.90629e-10
11840.0  5.89742e-10
11845.0  5.88857e-10
11850.0  5.87972e-10
11855.0  5.87088e-10
11860.0  5.86206e-10
11865.0  5.85326e-10
11870.0  5.84444e-10
11875.0  5.83565e-10
11880.0  5.82689e-10
11885.0  5.81813e-10
11890.0  5.80939e-10
11895.0  5.80066e-10
11900.0  5.79194e-10
11905.0  5.78322e-10
11910.0  5.77453e-10
11915.0  5.76585e-10
11920.0  5.75717e-10
11925.0  5.74852e-10
11930.0  5.73987e-10
11935.0  5.73122e-10
11940.0  5.72261e-10
11945.0  5.714e-10
11950.0  5.70541e-10
11955.0  5.69684e-10
11960.0  5.68826e-10
11965.0  5.67969e-10
11970.0  5.67115e-10
11975.0  5.66263e-10
11980.0  5.65411e-10
11985.0  5.64562e-10
11990.0  5.63712e-10
11995.0  5.62864e-10
12000.0  5.62018e-10
12005.0  5.61174e-10
12010.0  5.6033e-10
12015.0  5.59487e-10
12020.0  5.58647e-10
12025.0  5.57807e-10
12030.0  5.56967e-10
12035.0  5.56131e-10
12040.0  5.55295e-10
12045.0  5.54461e-10
12050.0  5.53628e-10
12055.0  5.52796e-10
12060.0  5.51968e-10
12065.0  5.51138e-10
12070.0  5.50309e-10
12075.0  5.49482e-10
12080.0  5.48657e-10
12085.0  5.47835e-10
12090.0  5.47013e-10
12095.0  5.46194e-10
12100.0  5.45373e-10
12105.0  5.44556e-10
12110.0  5.43737e-10
12115.0  5.42923e-10
12120.0  5.42108e-10
12125.0  5.41296e-10
12130.0  5.40485e-10
12135.0  5.39677e-10
12140.0  5.38869e-10
12145.0  5.38061e-10
12150.0  5.37257e-10
12155.0  5.36453e-10
12160.0  5.35648e-10
12165.0  5.34847e-10
12170.0  5.34049e-10
12175.0  5.3325e-10
12180.0  5.32452e-10
12185.0  5.31659e-10
12190.0  5.30865e-10
12195.0  5.30071e-10
12200.0  5.29281e-10
12205.0  5.28489e-10
12210.0  5.27701e-10
12215.0  5.26914e-10
12220.0  5.2613e-10
12225.0  5.25345e-10
12230.0  5.24562e-10
12235.0  5.23782e-10
12240.0  5.23003e-10
12245.0  5.22223e-10
12250.0  5.21447e-10
12255.0  5.20671e-10
12260.0  5.19899e-10
12265.0  5.19126e-10
12270.0  5.18354e-10
12275.0  5.17586e-10
12280.0  5.16817e-10
12285.0  5.16048e-10
12290.0  5.15283e-10
12295.0  5.1452e-10
12300.0  5.13757e-10
12305.0  5.12998e-10
12310.0  5.12236e-10
12315.0  5.11478e-10
12320.0  5.1072e-10
12325.0  5.09965e-10
12330.0  5.09211e-10
12335.0  5.08459e-10
12340.0  5.07709e-10
12345.0  5.06958e-10
12350.0  5.0621e-10
12355.0  5.05463e-10
12360.0  5.04716e-10
12365.0  5.03971e-10
12370.0  5.03228e-10
12375.0  5.02487e-10
12380.0  5.01747e-10
12385.0  5.01006e-10
12390.0  5.0027e-10
12395.0  4.99534e-10
12400.0  4.988e-10
12405.0  4.98067e-10
12410.0  4.97334e-10
12415.0  4.96605e-10
12420.0  4.95875e-10
12425.0  4.95149e-10
12430.0  4.94422e-10
12435.0  4.93697e-10
12440.0  4.92974e-10
12445.0  4.92251e-10
12450.0  4.91529e-10
12455.0  4.9081e-10
12460.0  4.90091e-10
12465.0  4.89375e-10
12470.0  4.88661e-10
12475.0  4.87946e-10
12480.0  4.87233e-10
12485.0  4.86522e-10
12490.0  4.85813e-10
12495.0  4.85101e-10
12500.0  4.84396e-10
12505.0  4.83688e-10
12510.0  4.82983e-10
12515.0  4.82282e-10
12520.0  4.81581e-10
12525.0  4.80879e-10
12530.0  4.80179e-10
12535.0  4.79481e-10
12540.0  4.78784e-10
12545.0  4.7809e-10
12550.0  4.77396e-10
12555.0  4.76702e-10
12560.0  4.7601e-10
12565.0  4.75321e-10
12570.0  4.74633e-10
12575.0  4.73946e-10
12580.0  4.7326e-10
12585.0  4.72576e-10
12590.0  4.71894e-10
12595.0  4.7121e-10
12600.0  4.7053e-10
12605.0  4.6985e-10
12610.0  4.69171e-10
12615.0  4.68494e-10
12620.0  4.67818e-10
12625.0  4.67145e-10
12630.0  4.66472e-10
12635.0  4.65801e-10
12640.0  4.65131e-10
12645.0  4.64462e-10
12650.0  4.63793e-10
12655.0  4.63127e-10
12660.0  4.62461e-10
12665.0  4.61799e-10
12670.0  4.61137e-10
12675.0  4.60475e-10
12680.0  4.59813e-10
12685.0  4.59155e-10
12690.0  4.585e-10
12695.0  4.57841e-10
12700.0  4.57187e-10
12705.0  4.56534e-10
12710.0  4.55881e-10
12715.0  4.55232e-10
12720.0  4.54581e-10
12725.0  4.53933e-10
12730.0  4.53286e-10
12735.0  4.52641e-10
12740.0  4.51997e-10
12745.0  4.51353e-10
12750.0  4.50709e-10
12755.0  4.50069e-10
12760.0  4.49431e-10
12765.0  4.4879e-10
12770.0  4.48154e-10
12775.0  4.4752e-10
12780.0  4.46883e-10
12785.0  4.4625e-10
12790.0  4.4562e-10
12795.0  4.44989e-10
12800.0  4.44359e-10
12805.0  4.4373e-10
12810.0  4.43102e-10
12815.0  4.42477e-10
12820.0  4.41854e-10
12825.0  4.4123e-10
12830.0  4.40609e-10
12835.0  4.39989e-10
12840.0  4.39367e-10
12845.0  4.3875e-10
12850.0  4.38132e-10
12855.0  4.37515e-10
12860.0  4.36902e-10
12865.0  4.36288e-10
12870.0  4.35675e-10
12875.0  4.35066e-10
12880.0  4.34455e-10
12885.0  4.33846e-10
12890.0  4.3324e-10
12895.0  4.32632e-10
12900.0  4.32027e-10
12905.0  4.31426e-10
12910.0  4.30824e-10
12915.0  4.30222e-10
12920.0  4.29621e-10
12925.0  4.29023e-10
12930.0  4.28425e-10
12935.0  4.27827e-10
12940.0  4.27233e-10
12945.0  4.26639e-10
12950.0  4.26048e-10
12955.0  4.25454e-10
12960.0  4.24863e-10
12965.0  4.24275e-10
12970.0  4.23688e-10
12975.0  4.23101e-10
12980.0  4.22513e-10
12985.0  4.2193e-10
12990.0  4.21346e-10
12995.0  4.20766e-10
13000.0  4.20183e-10
13005.0  4.19606e-10
13010.0  4.19026e-10
13015.0  4.18449e-10
13020.0  4.17873e-10
13025.0  4.17296e-10
13030.0  4.16722e-10
13035.0  4.16149e-10
13040.0  4.1558e-10
13045.0  4.15008e-10
13050.0  4.14438e-10
13055.0  4.13872e-10
13060.0  4.13306e-10
13065.0  4.1274e-10
13070.0  4.12175e-10
13075.0  4.11612e-10
13080.0  4.11049e-10
13085.0  4.10487e-10
13090.0  4.09928e-10
13095.0  4.0937e-10
13100.0  4.08811e-10
13105.0  4.08256e-10
13110.0  4.077e-10
13115.0  4.07145e-10
13120.0  4.06593e-10
13125.0  4.06039e-10
13130.0  4.05489e-10
13135.0  4.04939e-10
13140.0  4.0439e-10
13145.0  4.03842e-10
13150.0  4.03297e-10
13155.0  4.02753e-10
13160.0  4.02208e-10
13165.0  4.01664e-10
13170.0  4.01123e-10
13175.0  4.00582e-10
13180.0  4.00044e-10
13185.0  3.99505e-10
13190.0  3.98969e-10
13195.0  3.98432e-10
13200.0  3.97898e-10
13205.0  3.97365e-10
13210.0  3.96831e-10
13215.0  3.96297e-10
13220.0  3.95767e-10
13225.0  3.95239e-10
13230.0  3.9471e-10
13235.0  3.94183e-10
13240.0  3.93657e-10
13245.0  3.93132e-10
13250.0  3.92607e-10
13255.0  3.92086e-10
13260.0  3.91564e-10
13265.0  3.91044e-10
13270.0  3.90523e-10
13275.0  3.90005e-10
13280.0  3.89488e-10
13285.0  3.88972e-10
13290.0  3.88456e-10
13295.0  3.8794e-10
13300.0  3.87427e-10
13305.0  3.86915e-10
13310.0  3.86406e-10
13315.0  3.85897e-10
13320.0  3.85388e-10
13325.0  3.84879e-10
13330.0  3.84373e-10
13335.0  3.83868e-10
13340.0  3.83362e-10
13345.0  3.82858e-10
13350.0  3.82356e-10
13355.0  3.81854e-10
13360.0  3.81355e-10
13365.0  3.80857e-10
13370.0  3.80359e-10
13375.0  3.79861e-10
13380.0  3.79367e-10
13385.0  3.78871e-10
13390.0  3.78376e-10
13395.0  3.77882e-10
13400.0  3.77391e-10
13405.0  3.769e-10
13410.0  3.76412e-10
13415.0  3.75924e-10
13420.0  3.75436e-10
13425.0  3.74949e-10
13430.0  3.74462e-10
13435.0  3.73977e-10
13440.0  3.73493e-10
13445.0  3.73013e-10
13450.0  3.72532e-10
13455.0  3.72052e-10
13460.0  3.71572e-10
13465.0  3.71094e-10
13470.0  3.70618e-10
13475.0  3.7014e-10
13480.0  3.69664e-10
13485.0  3.6919e-10
13490.0  3.68716e-10
13495.0  3.68244e-10
13500.0  3.67773e-10
13505.0  3.67304e-10
13510.0  3.66835e-10
13515.0  3.66367e-10
13520.0  3.65898e-10
13525.0  3.65432e-10
13530.0  3.64969e-10
13535.0  3.64503e-10
13540.0  3.6404e-10
13545.0  3.63578e-10
13550.0  3.63118e-10
13555.0  3.62659e-10
13560.0  3.622e-10
13565.0  3.61741e-10
13570.0  3.61282e-10
13575.0  3.60826e-10
13580.0  3.60371e-10
13585.0  3.59918e-10
13590.0  3.59466e-10
13595.0  3.59012e-10
13600.0  3.58562e-10
13605.0  3.58111e-10
13610.0  3.57663e-10
13615.0  3.57214e-10
13620.0  3.56766e-10
13625.0  3.5632e-10
13630.0  3.55876e-10
13635.0  3.5543e-10
13640.0  3.54986e-10
13645.0  3.54544e-10
13650.0  3.54103e-10
13655.0  3.53662e-10
13660.0  3.53224e-10
13665.0  3.52786e-10
13670.0  3.52348e-10
13675.0  3.51911e-10
13680.0  3.51476e-10
13685.0  3.51039e-10
13690.0  3.50608e-10
13695.0  3.50174e-10
13700.0  3.49743e-10
13705.0  3.49313e-10
13710.0  3.48882e-10
13715.0  3.48452e-10
13720.0  3.48024e-10
13725.0  3.47597e-10
13730.0  3.4717e-10
13735.0  3.46745e-10
13740.0  3.4632e-10
13745.0  3.45896e-10
13750.0  3.45475e-10
13755.0  3.45053e-10
13760.0  3.44632e-10
13765.0  3.44212e-10
13770.0  3.43792e-10
13775.0  3.43375e-10
13780.0  3.42959e-10
13785.0  3.42543e-10
13790.0  3.42127e-10
13795.0  3.41714e-10
13800.0  3.41301e-10
13805.0  3.40888e-10
13810.0  3.40476e-10
13815.0  3.40066e-10
13820.0  3.39656e-10
13825.0  3.39247e-10
13830.0  3.38841e-10
13835.0  3.38432e-10
13840.0  3.38026e-10
13845.0  3.37622e-10
13850.0  3.37218e-10
13855.0  3.36813e-10
13860.0  3.36411e-10
13865.0  3.36011e-10
13870.0  3.3561e-10
13875.0  3.35212e-10
13880.0  3.34813e-10
13885.0  3.34414e-10
13890.0  3.34016e-10
13895.0  3.3362e-10
13900.0  3.33225e-10
13905.0  3.3283e-10
13910.0  3.32438e-10
13915.0  3.32044e-10
13920.0  3.31651e-10
13925.0  3.31261e-10
13930.0  3.30872e-10
13935.0  3.30482e-10
13940.0  3.30093e-10
13945.0  3.29705e-10
13950.0  3.2932e-10
13955.0  3.28933e-10
13960.0  3.28549e-10
13965.0  3.28164e-10
13970.0  3.27783e-10
13975.0  3.27399e-10
13980.0  3.27018e-10
13985.0  3.26637e-10
13990.0  3.26259e-10
13995.0  3.25879e-10
14000.0  3.25502e-10
14005.0  3.25124e-10
14010.0  3.24748e-10
14015.0  3.24373e-10
14020.0  3.23996e-10
14025.0  3.23623e-10
14030.0  3.23252e-10
14035.0  3.22879e-10
14040.0  3.22508e-10
14045.0  3.22138e-10
14050.0  3.21768e-10
14055.0  3.21398e-10
14060.0  3.21031e-10
14065.0  3.20665e-10
14070.0  3.20298e-10
14075.0  3.19932e-10
14080.0  3.19568e-10
14085.0  3.19203e-10
14090.0  3.1884e-10
14095.0  3.18479e-10
14100.0  3.18117e-10
14105.0  3.17757e-10
14110.0  3.17397e-10
14115.0  3.17038e-10
14120.0  3.16679e-10
14125.0  3.16323e-10
14130.0  3.15967e-10
14135.0  3.15611e-10
14140.0  3.15255e-10
14145.0  3.14899e-10
14150.0  3.14547e-10
14155.0  3.14194e-10
14160.0  3.13842e-10
14165.0  3.13493e-10
14170.0  3.13141e-10
14175.0  3.12792e-10
14180.0  3.12444e-10
14185.0  3.12098e-10
14190.0  3.11749e-10
14195.0  3.11404e-10
14200.0  3.11059e-10
14205.0  3.10714e-10
14210.0  3.10369e-10
14215.0  3.10026e-10
14220.0  3.09685e-10
14225.0  3.09343e-10
14230.0  3.09001e-10
14235.0  3.0866e-10
14240.0  3.08321e-10
14245.0  3.07983e-10
14250.0  3.07646e-10
14255.0  3.07311e-10
14260.0  3.06973e-10
14265.0  3.06638e-10
14270.0  3.06304e-10
14275.0  3.05969e-10
14280.0  3.05634e-10
14285.0  3.05303e-10
14290.0  3.04972e-10
14295.0  3.04642e-10
14300.0  3.04311e-10
14305.0  3.03983e-10
14310.0  3.03653e-10
14315.0  3.03325e-10
14320.0  3.02998e-10
14325.0  3.02673e-10
14330.0  3.02347e-10
14335.0  3.02022e-10
14340.0  3.01699e-10
14345.0  3.01374e-10
14350.0  3.01051e-10
14355.0  3.00729e-10
14360.0  3.00407e-10
14365.0  3.00086e-10
14370.0  2.99766e-10
14375.0  2.99448e-10
14380.0  2.99129e-10
14385.0  2.98812e-10
14390.0  2.98495e-10
14395.0  2.98178e-10
14400.0  2.97865e-10
14405.0  2.97548e-10
14410.0  2.97235e-10
14415.0  2.96921e-10
14420.0  2.96608e-10
14425.0  2.96296e-10
14430.0  2.95986e-10
14435.0  2.95676e-10
14440.0  2.95366e-10
14445.0  2.95056e-10
14450.0  2.94747e-10
14455.0  2.9444e-10
14460.0  2.94131e-10
14465.0  2.93825e-10
14470.0  2.9352e-10
14475.0  2.93216e-10
14480.0  2.92911e-10
14485.0  2.92608e-10
14490.0  2.92306e-10
14495.0  2.92003e-10
14500.0  2.91701e-10
14505.0  2.91401e-10
14510.0  2.911e-10
14515.0  2.908e-10
14520.0  2.90501e-10
14525.0  2.90203e-10
14530.0  2.89906e-10
14535.0  2.89608e-10
14540.0  2.89312e-10
14545.0  2.89017e-10
14550.0  2.88722e-10
14555.0  2.88429e-10
14560.0  2.88135e-10
14565.0  2.87842e-10
14570.0  2.87551e-10
14575.0  2.87258e-10
14580.0  2.86968e-10
14585.0  2.86678e-10
14590.0  2.86387e-10
14595.0  2.86098e-10
14600.0  2.85811e-10
14605.0  2.85525e-10
14610.0  2.85237e-10
14615.0  2.84949e-10
14620.0  2.84664e-10
14625.0  2.84379e-10
14630.0  2.84095e-10
14635.0  2.83813e-10
14640.0  2.83529e-10
14645.0  2.83247e-10
14650.0  2.82963e-10
14655.0  2.82682e-10
14660.0  2.82403e-10
14665.0  2.82123e-10
14670.0  2.81842e-10
14675.0  2.81564e-10
14680.0  2.81286e-10
14685.0  2.81009e-10
14690.0  2.80731e-10
14695.0  2.80457e-10
14700.0  2.80179e-10
14705.0  2.79906e-10
14710.0  2.79631e-10
14715.0  2.79357e-10
14720.0  2.79083e-10
14725.0  2.78812e-10
14730.0  2.78539e-10
14735.0  2.78268e-10
14740.0  2.77997e-10
14745.0  2.77727e-10
14750.0  2.77457e-10
14755.0  2.77189e-10
14760.0  2.7692e-10
14765.0  2.76652e-10
14770.0  2.76385e-10
14775.0  2.76119e-10
14780.0  2.75852e-10
14785.0  2.75588e-10
14790.0  2.75325e-10
14795.0  2.75058e-10
14800.0  2.74795e-10
14805.0  2.74532e-10
14810.0  2.74271e-10
14815.0  2.74008e-10
14820.0  2.73748e-10
14825.0  2.73485e-10
14830.0  2.73225e-10
14835.0  2.72965e-10
14840.0  2.72705e-10
14845.0  2.72449e-10
14850.0  2.72189e-10
14855.0  2.71933e-10
14860.0  2.71677e-10
14865.0  2.7142e-10
14870.0  2.71164e-10
14875.0  2.70909e-10
14880.0  2.70655e-10
14885.0  2.70402e-10
14890.0  2.70147e-10
14895.0  2.69893e-10
14900.0  2.69641e-10
14905.0  2.69392e-10
14910.0  2.6914e-10
14915.0  2.68889e-10
14920.0  2.68638e-10
14925.0  2.68388e-10
14930.0  2.68139e-10
14935.0  2.6789e-10
14940.0  2.67644e-10
14945.0  2.67395e-10
14950.0  2.6715e-10
14955.0  2.66904e-10
14960.0  2.66658e-10
14965.0  2.66413e-10
14970.0  2.66167e-10
14975.0  2.65922e-10
14980.0  2.65679e-10
14985.0  2.65435e-10
14990.0  2.65192e-10
14995.0  2.6495e-10
15000.0  2.64708e-10
15005.0  2.64466e-10
15010.0  2.64227e-10
15015.0  2.63986e-10
15020.0  2.63747e-10
15025.0  2.63509e-10
15030.0  2.6327e-10
15035.0  2.63031e-10
15040.0  2.62793e-10
15045.0  2.62555e-10
15050.0  2.6232e-10
15055.0  2.62084e-10
15060.0  2.61847e-10
15065.0  2.61612e-10
15070.0  2.61377e-10
15075.0  2.61145e-10
15080.0  2.6091e-10
15085.0  2.60676e-10
15090.0  2.60444e-10
15095.0  2.60213e-10
15100.0  2.59982e-10
15105.0  2.5975e-10
15110.0  2.59519e-10
15115.0  2.59288e-10
15120.0  2.59059e-10
15125.0  2.58829e-10
15130.0  2.586e-10
15135.0  2.58373e-10
15140.0  2.58145e-10
15145.0  2.57917e-10
15150.0  2.5769e-10
15155.0  2.57462e-10
15160.0  2.57237e-10
15165.0  2.57013e-10
15170.0  2.56786e-10
15175.0  2.56561e-10
15180.0  2.56337e-10
15185.0  2.56113e-10
15190.0  2.55892e-10
15195.0  2.55668e-10
15200.0  2.55444e-10
15205.0  2.55223e-10
15210.0  2.55002e-10
15215.0  2.54782e-10
15220.0  2.54561e-10
15225.0  2.5434e-10
15230.0  2.5412e-10
15235.0  2.53899e-10
15240.0  2.53682e-10
15245.0  2.53464e-10
15250.0  2.53244e-10
15255.0  2.53027e-10
15260.0  2.5281e-10
15265.0  2.52593e-10
15270.0  2.52376e-10
15275.0  2.52161e-10
15280.0  2.51945e-10
15285.0  2.51731e-10
15290.0  2.51517e-10
15295.0  2.51301e-10
15300.0  2.51087e-10
15305.0  2.50874e-10
15310.0  2.50663e-10
15315.0  2.5045e-10
15320.0  2.50237e-10
15325.0  2.50026e-10
15330.0  2.49813e-10
15335.0  2.49603e-10
15340.0  2.49393e-10
15345.0  2.49183e-10
15350.0  2.48973e-10
15355.0  2.48763e-10
15360.0  2.48553e-10
15365.0  2.48346e-10
15370.0  2.48137e-10
15375.0  2.4793e-10
15380.0  2.47723e-10
15385.0  2.47517e-10
15390.0  2.4731e-10
15395.0  2.47105e-10
15400.0  2.46898e-10
15405.0  2.46692e-10
15410.0  2.46488e-10
15415.0  2.46283e-10
15420.0  2.46079e-10
15425.0  2.45874e-10
15430.0  2.4567e-10
15435.0  2.45467e-10
15440.0  2.45264e-10
15445.0  2.45061e-10
15450.0  2.44859e-10
15455.0  2.44659e-10
15460.0  2.44457e-10
15465.0  2.44257e-10
15470.0  2.44055e-10
15475.0  2.43855e-10
15480.0  2.43656e-10
15485.0  2.43456e-10
15490.0  2.43257e-10
15495.0  2.43057e-10
15500.0  2.42859e-10
15505.0  2.42662e-10
15510.0  2.42464e-10
15515.0  2.42264e-10
15520.0  2.42069e-10
15525.0  2.41872e-10
15530.0  2.41676e-10
15535.0  2.41478e-10
15540.0  2.41282e-10
15545.0  2.41089e-10
15550.0  2.40894e-10
15555.0  2.40698e-10
15560.0  2.40503e-10
15565.0  2.40309e-10
15570.0  2.40115e-10
15575.0  2.39922e-10
15580.0  2.3973e-10
15585.0  2.39538e-10
15590.0  2.39345e-10
15595.0  2.39153e-10
15600.0  2.38961e-10
15605.0  2.38769e-10
15610.0  2.38577e-10
15615.0  2.38385e-10
15620.0  2.38195e-10
15625.0  2.38004e-10
15630.0  2.37815e-10
15635.0  2.37626e-10
15640.0  2.37437e-10
15645.0  2.37246e-10
15650.0  2.37057e-10
15655.0  2.36868e-10
15660.0  2.3668e-10
15665.0  2.36494e-10
15670.0  2.36306e-10
15675.0  2.36118e-10
15680.0  2.35932e-10
15685.0  2.35744e-10
15690.0  2.35559e-10
15695.0  2.35373e-10
15700.0  2.35185e-10
15705.0  2.35e-10
15710.0  2.34815e-10
15715.0  2.3463e-10
15720.0  2.34445e-10
15725.0  2.3426e-10
15730.0  2.34078e-10
15735.0  2.33893e-10
15740.0  2.33708e-10
15745.0  2.33526e-10
15750.0  2.33342e-10
15755.0  2.3316e-10
15760.0  2.32978e-10
15765.0  2.32793e-10
15770.0  2.32611e-10
15775.0  2.3243e-10
15780.0  2.32248e-10
15785.0  2.32067e-10
15790.0  2.31886e-10
15795.0  2.31707e-10
15800.0  2.31526e-10
15805.0  2.31345e-10
15810.0  2.31166e-10
15815.0  2.30986e-10
15820.0  2.30806e-10
15825.0  2.30626e-10
15830.0  2.30448e-10
15835.0  2.30269e-10
15840.0  2.30088e-10
15845.0  2.2991e-10
15850.0  2.29732e-10
15855.0  2.29554e-10
15860.0  2.29377e-10
15865.0  2.29199e-10
15870.0  2.29023e-10
15875.0  2.28846e-10
15880.0  2.28668e-10
15885.0  2.28493e-10
15890.0  2.28316e-10
15895.0  2.28138e-10
15900.0  2.27963e-10
15905.0  2.27789e-10
15910.0  2.27611e-10
15915.0  2.27436e-10
15920.0  2.27262e-10
15925.0  2.27088e-10
15930.0  2.26913e-10
15935.0  2.26739e-10
15940.0  2.26564e-10
15945.0  2.2639e-10
15950.0  2.26216e-10
15955.0  2.26042e-10
15960.0  2.25867e-10
15965.0  2.25696e-10
15970.0  2.25522e-10
15975.0  2.2535e-10
15980.0  2.25177e-10
15985.0  2.25005e-10
15990.0  2.24832e-10
15995.0  2.2466e-10
16000.0  2.24487e-10
16005.0  2.24315e-10
16010.0  2.24144e-10
16015.0  2.23974e-10
16020.0  2.23803e-10
16025.0  2.23632e-10
16030.0  2.23461e-10
16035.0  2.2329e-10
16040.0  2.2312e-10
16045.0  2.22949e-10
16050.0  2.22777e-10
16055.0  2.22607e-10
16060.0  2.22436e-10
16065.0  2.22269e-10
16070.0  2.22098e-10
16075.0  2.2193e-10
16080.0  2.2176e-10
16085.0  2.21589e-10
16090.0  2.21422e-10
16095.0  2.21254e-10
16100.0  2.21084e-10
16105.0  2.20916e-10
16110.0  2.20749e-10
16115.0  2.20578e-10
16120.0  2.20411e-10
16125.0  2.20244e-10
16130.0  2.20076e-10
16135.0  2.19909e-10
16140.0  2.19741e-10
16145.0  2.19575e-10
16150.0  2.19407e-10
16155.0  2.1924e-10
16160.0  2.19072e-10
16165.0  2.18905e-10
16170.0  2.18738e-10
16175.0  2.18571e-10
16180.0  2.18404e-10
16185.0  2.18239e-10
16190.0  2.18073e-10
16195.0  2.17905e-10
16200.0  2.17741e-10
16205.0  2.17574e-10
16210.0  2.17407e-10
16215.0  2.17243e-10
16220.0  2.17076e-10
16225.0  2.16912e-10
16230.0  2.16745e-10
16235.0  2.16581e-10
16240.0  2.16417e-10
16245.0  2.1625e-10
16250.0  2.16086e-10
16255.0  2.15919e-10
16260.0  2.15755e-10
16265.0  2.15592e-10
16270.0  2.15428e-10
16275.0  2.15264e-10
16280.0  2.15097e-10
16285.0  2.14933e-10
16290.0  2.1477e-10
16295.0  2.14606e-10
16300.0  2.14442e-10
16305.0  2.14278e-10
16310.0  2.14114e-10
16315.0  2.13951e-10
16320.0  2.13787e-10
16325.0  2.13623e-10
16330.0  2.1346e-10
16335.0  2.13296e-10
16340.0  2.13132e-10
16345.0  2.12969e-10
16350.0  2.12805e-10
16355.0  2.12641e-10
16360.0  2.12478e-10
16365.0  2.12317e-10
16370.0  2.12154e-10
16375.0  2.1199e-10
16380.0  2.11826e-10
16385.0  2.11665e-10
16390.0  2.11502e-10
16395.0  2.11339e-10
16400.0  2.11178e-10
16405.0  2.11015e-10
16410.0  2.10851e-10
16415.0  2.10691e-10
16420.0  2.10527e-10
16425.0  2.10366e-10
16430.0  2.10204e-10
16435.0  2.10042e-10
16440.0  2.0988e-10
16445.0  2.09719e-10
16450.0  2.09556e-10
16455.0  2.09394e-10
16460.0  2.09232e-10
16465.0  2.09072e-10
16470.0  2.08911e-10
16475.0  2.08748e-10
16480.0  2.08587e-10
16485.0  2.08427e-10
16490.0  2.08264e-10
16495.0  2.08103e-10
16500.0  2.07943e-10
16505.0  2.07782e-10
16510.0  2.0762e-10
16515.0  2.07459e-10
16520.0  2.07299e-10
16525.0  2.07139e-10
16530.0  2.06979e-10
16535.0  2.06818e-10
16540.0  2.06658e-10
16545.0  2.06498e-10
16550.0  2.06335e-10
16555.0  2.06174e-10
16560.0  2.06014e-10
16565.0  2.05854e-10
16570.0  2.05697e-10
16575.0  2.05537e-10
16580.0  2.05377e-10
16585.0  2.05217e-10
16590.0  2.05056e-10
16595.0  2.04897e-10
16600.0  2.04736e-10
16605.0  2.04576e-10
16610.0  2.04419e-10
16615.0  2.04259e-10
16620.0  2.04099e-10
16625.0  2.0394e-10
16630.0  2.03782e-10
16635.0  2.03623e-10
16640.0  2.03463e-10
16645.0  2.03305e-10
16650.0  2.03146e-10
16655.0  2.02988e-10
16660.0  2.02828e-10
16665.0  2.02669e-10
16670.0  2.02511e-10
16675.0  2.02352e-10
16680.0  2.02195e-10
16685.0  2.02035e-10
16690.0  2.01878e-10
16695.0  2.01721e-10
16700.0  2.01562e-10
16705.0  2.01405e-10
16710.0  2.01245e-10
16715.0  2.01088e-10
16720.0  2.00931e-10
16725.0  2.00772e-10
16730.0  2.00615e-10
16735.0  2.00458e-10
16740.0  2.00302e-10
16745.0  2.00144e-10
16750.0  1.99985e-10
16755.0  1.99828e-10
16760.0  1.99672e-10
16765.0  1.99515e-10
16770.0  1.99359e-10
16775.0  1.99202e-10
16780.0  1.99045e-10
16785.0  1.98888e-10
16790.0  1.98729e-10
16795.0  1.98572e-10
16800.0  1.98416e-10
16805.0  1.98261e-10
16810.0  1.98106e-10
16815.0  1.97949e-10
16820.0  1.97793e-10
16825.0  1.97636e-10
16830.0  1.97479e-10
16835.0  1.97322e-10
16840.0  1.97167e-10
16845.0  1.97013e-10
16850.0  1.96856e-10
16855.0  1.967e-10
16860.0  1.96544e-10
16865.0  1.9639e-10
16870.0  1.96233e-10
16875.0  1.96077e-10
16880.0  1.95923e-10
16885.0  1.95767e-10
16890.0  1.95611e-10
16895.0  1.95457e-10
16900.0  1.95301e-10
16905.0  1.95147e-10
16910.0  1.94992e-10
16915.0  1.94838e-10
16920.0  1.94682e-10
16925.0  1.94528e-10
16930.0  1.94372e-10
16935.0  1.94218e-10
16940.0  1.94063e-10
16945.0  1.93909e-10
16950.0  1.93756e-10
16955.0  1.936e-10
16960.0  1.93447e-10
16965.0  1.93293e-10
16970.0  1.93138e-10
16975.0  1.92984e-10
16980.0  1.92831e-10
16985.0  1.92677e-10
16990.0  1.92522e-10
16995.0  1.92368e-10
17000.0  1.92215e-10
17005.0  1.92062e-10
17010.0  1.91909e-10
17015.0  1.91756e-10
17020.0  1.91603e-10
17025.0  1.9145e-10
17030.0  1.91297e-10
17035.0  1.91144e-10
17040.0  1.90991e-10
17045.0  1.90838e-10
17050.0  1.90684e-10
17055.0  1.90532e-10
17060.0  1.90379e-10
17065.0  1.90226e-10
17070.0  1.90073e-10
17075.0  1.8992e-10
17080.0  1.8977e-10
17085.0  1.89617e-10
17090.0  1.89464e-10
17095.0  1.89311e-10
17100.0  1.89158e-10
17105.0  1.89008e-10
17110.0  1.88855e-10
17115.0  1.88703e-10
17120.0  1.88552e-10
17125.0  1.884e-10
17130.0  1.88247e-10
17135.0  1.88097e-10
17140.0  1.87945e-10
17145.0  1.87794e-10
17150.0  1.87642e-10
17155.0  1.87492e-10
17160.0  1.8734e-10
17165.0  1.87189e-10
17170.0  1.87037e-10
17175.0  1.86887e-10
17180.0  1.86735e-10
17185.0  1.86585e-10
17190.0  1.86435e-10
17195.0  1.86282e-10
17200.0  1.86133e-10
17205.0  1.85983e-10
17210.0  1.85831e-10
17215.0  1.85681e-10
17220.0  1.85531e-10
17225.0  1.85382e-10
17230.0  1.85232e-10
17235.0  1.8508e-10
17240.0  1.8493e-10
17245.0  1.8478e-10
17250.0  1.84631e-10
17255.0  1.84481e-10
17260.0  1.84332e-10
17265.0  1.84183e-10
17270.0  1.84033e-10
17275.0  1.83883e-10
17280.0  1.83734e-10
17285.0  1.83584e-10
17290.0  1.83435e-10
17295.0  1.83285e-10
17300.0  1.83136e-10
17305.0  1.82986e-10
17310.0  1.82837e-10
17315.0  1.82688e-10
17320.0  1.82541e-10
17325.0  1.82392e-10
17330.0  1.82243e-10
17335.0  1.82094e-10
17340.0  1.81947e-10
17345.0  1.81798e-10
17350.0  1.81648e-10
17355.0  1.81499e-10
17360.0  1.81352e-10
17365.0  1.81204e-10
17370.0  1.81057e-10
17375.0  1.80908e-10
17380.0  1.80759e-10
17385.0  1.80612e-10
17390.0  1.80463e-10
17395.0  1.80316e-10
17400.0  1.80168e-10
17405.0  1.80021e-10
17410.0  1.79873e-10
17415.0  1.79726e-10
17420.0  1.7958e-10
17425.0  1.79431e-10
17430.0  1.79284e-10
17435.0  1.79136e-10
17440.0  1.78989e-10
17445.0  1.78844e-10
17450.0  1.78697e-10
17455.0  1.78549e-10
17460.0  1.78402e-10
17465.0  1.78257e-10
17470.0  1.7811e-10
17475.0  1.77961e-10
17480.0  1.77815e-10
17485.0  1.77669e-10
17490.0  1.77523e-10
17495.0  1.77377e-10
17500.0  1.77231e-10
17505.0  1.77085e-10
17510.0  1.76939e-10
17515.0  1.76794e-10
17520.0  1.76648e-10
17525.0  1.76502e-10
17530.0  1.76356e-10
17535.0  1.7621e-10
17540.0  1.76064e-10
17545.0  1.75918e-10
17550.0  1.75772e-10
17555.0  1.75626e-10
17560.0  1.75483e-10
17565.0  1.75338e-10
17570.0  1.75192e-10
17575.0  1.75046e-10
17580.0  1.749e-10
17585.0  1.74757e-10
17590.0  1.74612e-10
17595.0  1.74467e-10
17600.0  1.74323e-10
17605.0  1.74178e-10
17610.0  1.74032e-10
17615.0  1.73889e-10
17620.0  1.73744e-10
17625.0  1.736e-10
17630.0  1.73455e-10
17635.0  1.73312e-10
17640.0  1.73167e-10
17645.0  1.73024e-10
17650.0  1.72879e-10
17655.0  1.72736e-10
17660.0  1.7259e-10
17665.0  1.72448e-10
17670.0  1.72305e-10
17675.0  1.7216e-10
17680.0  1.72017e-10
17685.0  1.71874e-10
17690.0  1.71729e-10
17695.0  1.71587e-10
17700.0  1.71444e-10
17705.0  1.71299e-10
17710.0  1.71156e-10
17715.0  1.71013e-10
17720.0  1.70871e-10
17725.0  1.70729e-10
17730.0  1.70587e-10
17735.0  1.70443e-10
17740.0  1.70298e-10
17745.0  1.70156e-10
17750.0  1.70013e-10
17755.0  1.69871e-10
17760.0  1.69728e-10
17765.0  1.69586e-10
17770.0  1.69444e-10
17775.0  1.69302e-10
17780.0  1.69162e-10
17785.0  1.6902e-10
17790.0  1.68878e-10
17795.0  1.68736e-10
17800.0  1.68593e-10
17805.0  1.68451e-10
17810.0  1.68309e-10
17815.0  1.68169e-10
17820.0  1.68027e-10
17825.0  1.67885e-10
17830.0  1.67743e-10
17835.0  1.67603e-10
17840.0  1.67461e-10
17845.0  1.67319e-10
17850.0  1.6718e-10
17855.0  1.67038e-10
17860.0  1.66898e-10
17865.0  1.66757e-10
17870.0  1.66617e-10
17875.0  1.66476e-10
17880.0  1.66334e-10
17885.0  1.66194e-10
17890.0  1.66055e-10
17895.0  1.65914e-10
17900.0  1.65774e-10
17905.0  1.65633e-10
17910.0  1.65493e-10
17915.0  1.65354e-10
17920.0  1.65212e-10
17925.0  1.65073e-10
17930.0  1.64934e-10
17935.0  1.64793e-10
17940.0  1.64653e-10
17945.0  1.64514e-10
17950.0  1.64375e-10
17955.0  1.64234e-10
17960.0  1.64094e-10
17965.0  1.63956e-10
17970.0  1.63817e-10
17975.0  1.63678e-10
17980.0  1.63539e-10
17985.0  1.63401e-10
17990.0  1.63261e-10
17995.0  1.63123e-10
18000.0  1.62984e-10
18005.0  1.62845e-10
18010.0  1.62706e-10
18015.0  1.62568e-10
18020.0  1.62429e-10
18025.0  1.6229e-10
18030.0  1.62151e-10
18035.0  1.62012e-10
18040.0  1.61873e-10
18045.0  1.61735e-10
18050.0  1.61599e-10
18055.0  1.6146e-10
18060.0  1.61322e-10
18065.0  1.61183e-10
18070.0  1.61045e-10
18075.0  1.60909e-10
18080.0  1.6077e-10
18085.0  1.60632e-10
18090.0  1.60496e-10
18095.0  1.60358e-10
18100.0  1.60222e-10
18105.0  1.60083e-10
18110.0  1.59945e-10
18115.0  1.59809e-10
18120.0  1.59671e-10
18125.0  1.59535e-10
18130.0  1.59397e-10
18135.0  1.59261e-10
18140.0  1.59122e-10
18145.0  1.58987e-10
18150.0  1.58851e-10
18155.0  1.58713e-10
18160.0  1.58578e-10
18165.0  1.58442e-10
18170.0  1.58304e-10
18175.0  1.58168e-10
18180.0  1.58033e-10
18185.0  1.57895e-10
18190.0  1.57759e-10
18195.0  1.57624e-10
18200.0  1.57489e-10
18205.0  1.57353e-10
18210.0  1.57218e-10
18215.0  1.5708e-10
18220.0  1.56944e-10
18225.0  1.56809e-10
18230.0  1.56674e-10
18235.0  1.56538e-10
18240.0  1.56403e-10
18245.0  1.56268e-10
18250.0  1.56133e-10
18255.0  1.55997e-10
18260.0  1.55862e-10
18265.0  1.55727e-10
18270.0  1.55592e-10
18275.0  1.55457e-10
18280.0  1.55324e-10
18285.0  1.55189e-10
18290.0  1.55054e-10
18295.0  1.54919e-10
18300.0  1.54784e-10
18305.0  1.54651e-10
18310.0  1.54517e-10
18315.0  1.54381e-10
18320.0  1.54247e-10
18325.0  1.54114e-10
18330.0  1.53979e-10
18335.0  1.53844e-10
18340.0  1.53712e-10
18345.0  1.53578e-10
18350.0  1.53445e-10
18355.0  1.53311e-10
18360.0  1.53178e-10
18365.0  1.53044e-10
18370.0  1.52911e-10
18375.0  1.52777e-10
18380.0  1.52644e-10
18385.0  1.5251e-10
18390.0  1.52377e-10
18395.0  1.52243e-10
18400.0  1.52111e-10
18405.0  1.51978e-10
18410.0  1.51844e-10
18415.0  1.51712e-10
18420.0  1.5158e-10
18425.0  1.51445e-10
18430.0  1.51313e-10
18435.0  1.51182e-10
18440.0  1.5105e-10
18445.0  1.50918e-10
18450.0  1.50784e-10
18455.0  1.50652e-10
18460.0  1.5052e-10
18465.0  1.50388e-10
18470.0  1.50256e-10
18475.0  1.50125e-10
18480.0  1.49993e-10
18485.0  1.49861e-10
18490.0  1.4973e-10
18495.0  1.49598e-10
18500.0  1.49466e-10
18505.0  1.49335e-10
18510.0  1.49203e-10
18515.0  1.49071e-10
18520.0  1.4894e-10
18525.0  1.48808e-10
18530.0  1.48679e-10
18535.0  1.48548e-10
18540.0  1.48416e-10
18545.0  1.48285e-10
18550.0  1.48154e-10
18555.0  1.48024e-10
18560.0  1.47893e-10
18565.0  1.47762e-10
18570.0  1.47633e-10
18575.0  1.47502e-10
18580.0  1.4737e-10
18585.0  1.47241e-10
18590.0  1.4711e-10
18595.0  1.46979e-10
18600.0  1.4685e-10
18605.0  1.46719e-10
18610.0  1.4659e-10
18615.0  1.46459e-10
18620.0  1.4633e-10
18625.0  1.46199e-10
18630.0  1.46071e-10
18635.0  1.45942e-10
18640.0  1.45812e-10
18645.0  1.45683e-10
18650.0  1.45554e-10
18655.0  1.45424e-10
18660.0  1.45295e-10
18665.0  1.45166e-10
18670.0  1.45035e-10
18675.0  1.44907e-10
18680.0  1.44779e-10
18685.0  1.44651e-10
18690.0  1.4452e-10
18695.0  1.44391e-10
18700.0  1.44263e-10
18705.0  1.44135e-10
18710.0  1.44007e-10
18715.0  1.43878e-10
18720.0  1.4375e-10
18725.0  1.43622e-10
18730.0  1.43494e-10
18735.0  1.43366e-10
18740.0  1.43238e-10
18745.0  1.4311e-10
18750.0  1.42982e-10
18755.0  1.42854e-10
18760.0  1.42725e-10
18765.0  1.42597e-10
18770.0  1.42469e-10
18775.0  1.42342e-10
18780.0  1.42216e-10
18785.0  1.42088e-10
18790.0  1.4196e-10
18795.0  1.41832e-10
18800.0  1.41704e-10
18805.0  1.41579e-10
18810.0  1.41451e-10
18815.0  1.41323e-10
18820.0  1.41198e-10
18825.0  1.4107e-10
18830.0  1.40943e-10
18835.0  1.40817e-10
18840.0  1.4069e-10
18845.0  1.40565e-10
18850.0  1.40437e-10
18855.0  1.40312e-10
18860.0  1.40184e-10
18865.0  1.40059e-10
18870.0  1.39932e-10
18875.0  1.39806e-10
18880.0  1.39679e-10
18885.0  1.39554e-10
18890.0  1.39429e-10
18895.0  1.39302e-10
18900.0  1.39177e-10
18905.0  1.39052e-10
18910.0  1.38925e-10
18915.0  1.388e-10
18920.0  1.38675e-10
18925.0  1.3855e-10
18930.0  1.38423e-10
18935.0  1.38298e-10
18940.0  1.38173e-10
18945.0  1.38049e-10
18950.0  1.37924e-10
18955.0  1.37799e-10
18960.0  1.37675e-10
18965.0  1.3755e-10
18970.0  1.37423e-10
18975.0  1.37297e-10
18980.0  1.37173e-10
18985.0  1.37048e-10
18990.0  1.36924e-10
18995.0  1.36802e-10
19000.0  1.36678e-10
19005.0  1.36554e-10
19010.0  1.36429e-10
19015.0  1.36304e-10
19020.0  1.3618e-10
19025.0  1.36055e-10
19030.0  1.35931e-10
19035.0  1.35809e-10
19040.0  1.35685e-10
19045.0  1.35561e-10
19050.0  1.35437e-10
19055.0  1.35315e-10
19060.0  1.3519e-10
19065.0  1.35067e-10
19070.0  1.34945e-10
19075.0  1.34821e-10
19080.0  1.34699e-10
19085.0  1.34575e-10
19090.0  1.34451e-10
19095.0  1.34329e-10
19100.0  1.34205e-10
19105.0  1.34083e-10
19110.0  1.3396e-10
19115.0  1.33838e-10
19120.0  1.33714e-10
19125.0  1.33593e-10
19130.0  1.33471e-10
19135.0  1.33347e-10
19140.0  1.33226e-10
19145.0  1.33105e-10
19150.0  1.32981e-10
19155.0  1.32859e-10
19160.0  1.32738e-10
19165.0  1.32614e-10
19170.0  1.32493e-10
19175.0  1.32372e-10
19180.0  1.32251e-10
19185.0  1.32129e-10
19190.0  1.32006e-10
19195.0  1.31884e-10
19200.0  1.31763e-10
19205.0  1.31642e-10
19210.0  1.31521e-10
19215.0  1.314e-10
19220.0  1.31279e-10
19225.0  1.31158e-10
19230.0  1.31037e-10
19235.0  1.30916e-10
19240.0  1.30795e-10
19245.0  1.30674e-10
19250.0  1.30553e-10
19255.0  1.30432e-10
19260.0  1.30311e-10
19265.0  1.30193e-10
19270.0  1.30073e-10
19275.0  1.29951e-10
19280.0  1.2983e-10
19285.0  1.2971e-10
19290.0  1.29592e-10
19295.0  1.29471e-10
19300.0  1.2935e-10
19305.0  1.2923e-10
19310.0  1.29111e-10
19315.0  1.28991e-10
19320.0  1.28873e-10
19325.0  1.28752e-10
19330.0  1.28631e-10
19335.0  1.28513e-10
19340.0  1.28393e-10
19345.0  1.28275e-10
19350.0  1.28155e-10
19355.0  1.28036e-10
19360.0  1.27916e-10
19365.0  1.27798e-10
19370.0  1.27678e-10
19375.0  1.2756e-10
19380.0  1.27442e-10
19385.0  1.27322e-10
19390.0  1.27204e-10
19395.0  1.27086e-10
19400.0  1.26966e-10
19405.0  1.26848e-10
19410.0  1.2673e-10
19415.0  1.2661e-10
19420.0  1.26492e-10
19425.0  1.26374e-10
19430.0  1.26257e-10
19435.0  1.2614e-10
19440.0  1.26022e-10
19445.0  1.25902e-10
19450.0  1.25784e-10
19455.0  1.25666e-10
19460.0  1.25549e-10
19465.0  1.25431e-10
19470.0  1.25314e-10
19475.0  1.25196e-10
19480.0  1.25079e-10
19485.0  1.24962e-10
19490.0  1.24844e-10
19495.0  1.24727e-10
19500.0  1.24609e-10
19505.0  1.24492e-10
19510.0  1.24377e-10
19515.0  1.2426e-10
19520.0  1.24143e-10
19525.0  1.24026e-10
19530.0  1.23909e-10
19535.0  1.23794e-10
19540.0  1.23677e-10
19545.0  1.23559e-10
19550.0  1.23442e-10
19555.0  1.23328e-10
19560.0  1.23211e-10
19565.0  1.23093e-10
19570.0  1.22979e-10
19575.0  1.22862e-10
19580.0  1.22747e-10
19585.0  1.22631e-10
19590.0  1.22516e-10
19595.0  1.22399e-10
19600.0  1.22285e-10
19605.0  1.22168e-10
19610.0  1.22054e-10
19615.0  1.21937e-10
19620.0  1.21822e-10
19625.0  1.21706e-10
19630.0  1.21591e-10
19635.0  1.21477e-10
19640.0  1.2136e-10
19645.0  1.21246e-10
19650.0  1.21132e-10
19655.0  1.21015e-10
19660.0  1.209e-10
19665.0  1.20787e-10
19670.0  1.20673e-10
19675.0  1.20558e-10
19680.0  1.20442e-10
19685.0  1.20328e-10
19690.0  1.20214e-10
19695.0  1.201e-10
19700.0  1.19986e-10
19705.0  1.19872e-10
19710.0  1.19758e-10
19715.0  1.19644e-10
19720.0  1.1953e-10
19725.0  1.19417e-10
19730.0  1.19303e-10
19735.0  1.19188e-10
19740.0  1.19075e-10
19745.0  1.18961e-10
19750.0  1.18847e-10
19755.0  1.18733e-10
19760.0  1.18619e-10
19765.0  1.18506e-10
19770.0  1.18395e-10
19775.0  1.18281e-10
19780.0  1.18167e-10
19785.0  1.18054e-10
19790.0  1.17942e-10
19795.0  1.17829e-10
19800.0  1.17715e-10
19805.0  1.17602e-10
19810.0  1.17491e-10
19815.0  1.17378e-10
19820.0  1.17266e-10
19825.0  1.17153e-10
19830.0  1.17039e-10
19835.0  1.16928e-10
19840.0  1.16815e-10
19845.0  1.16704e-10
19850.0  1.16591e-10
19855.0  1.1648e-10
19860.0  1.16367e-10
19865.0  1.16256e-10
19870.0  1.16145e-10
19875.0  1.16032e-10
19880.0  1.15921e-10
19885.0  1.15808e-10
19890.0  1.15697e-10
19895.0  1.15586e-10
19900.0  1.15473e-10
19905.0  1.15363e-10
19910.0  1.15252e-10
19915.0  1.15142e-10
19920.0  1.15031e-10
19925.0  1.14918e-10
19930.0  1.14807e-10
19935.0  1.14697e-10
19940.0  1.14587e-10
19945.0  1.14476e-10
19950.0  1.14366e-10
19955.0  1.14256e-10
19960.0  1.14145e-10
19965.0  1.14032e-10
19970.0  1.13921e-10
19975.0  1.13811e-10
19980.0  1.13704e-10
19985.0  1.13594e-10
19990.0  1.13483e-10
19995.0  1.13373e-10
20000.0  1.13263e-10
20005.0  1.13152e-10
20010.0  1.13042e-10
20015.0  1.12932e-10
20020.0  1.12822e-10
20025.0  1.12714e-10
20030.0  1.12604e-10
20035.0  1.12494e-10
20040.0  1.12384e-10
20045.0  1.12276e-10
20050.0  1.12166e-10
20055.0  1.12057e-10
20060.0  1.11949e-10
20065.0  1.11839e-10
20070.0  1.11729e-10
20075.0  1.11622e-10
20080.0  1.11512e-10
20085.0  1.11404e-10
20090.0  1.11295e-10
20095.0  1.11187e-10
20100.0  1.11078e-10
20105.0  1.1097e-10
20110.0  1.10861e-10
20115.0  1.10753e-10
20120.0  1.10644e-10
20125.0  1.10536e-10
20130.0  1.10429e-10
20135.0  1.1032e-10
20140.0  1.10213e-10
20145.0  1.10105e-10
20150.0  1.09996e-10
20155.0  1.09888e-10
20160.0  1.09782e-10
20165.0  1.09675e-10
20170.0  1.09565e-10
20175.0  1.09458e-10
20180.0  1.09351e-10
20185.0  1.09244e-10
20190.0  1.09138e-10
20195.0  1.09031e-10
20200.0  1.08924e-10
20205.0  1.08817e-10
20210.0  1.08707e-10
20215.0  1.086e-10
20220.0  1.08494e-10
20225.0  1.08387e-10
20230.0  1.0828e-10
20235.0  1.08176e-10
20240.0  1.0807e-10
20245.0  1.07963e-10
20250.0  1.07857e-10
20255.0  1.0775e-10
20260.0  1.07643e-10
20265.0  1.07536e-10
20270.0  1.0743e-10
20275.0  1.07326e-10
20280.0  1.07219e-10
20285.0  1.07112e-10
20290.0  1.07006e-10
20295.0  1.06902e-10
20300.0  1.06796e-10
20305.0  1.06689e-10
20310.0  1.06585e-10
20315.0  1.06479e-10
20320.0  1.06373e-10
20325.0  1.06268e-10
20330.0  1.06163e-10
20335.0  1.06059e-10
20340.0  1.05953e-10
20345.0  1.05849e-10
20350.0  1.05743e-10
20355.0  1.05639e-10
20360.0  1.05533e-10
20365.0  1.05429e-10
20370.0  1.05323e-10
20375.0  1.05219e-10
20380.0  1.05115e-10
20385.0  1.05009e-10
20390.0  1.04906e-10
20395.0  1.04802e-10
20400.0  1.04696e-10
20405.0  1.04592e-10
20410.0  1.0449e-10
20415.0  1.04386e-10
20420.0  1.0428e-10
20425.0  1.04176e-10
20430.0  1.04073e-10
20435.0  1.0397e-10
20440.0  1.03867e-10
20445.0  1.03763e-10
20450.0  1.0366e-10
20455.0  1.03554e-10
20460.0  1.0345e-10
20465.0  1.03347e-10
20470.0  1.03244e-10
20475.0  1.03141e-10
20480.0  1.03037e-10
20485.0  1.02934e-10
20490.0  1.02831e-10
20495.0  1.02731e-10
20500.0  1.02628e-10
20505.0  1.02525e-10
20510.0  1.02422e-10
20515.0  1.02318e-10
20520.0  1.02216e-10
20525.0  1.02115e-10
20530.0  1.02012e-10
20535.0  1.01909e-10
20540.0  1.01806e-10
20545.0  1.01706e-10
20550.0  1.01603e-10
20555.0  1.015e-10
20560.0  1.014e-10
20565.0  1.01297e-10
20570.0  1.01194e-10
20575.0  1.01093e-10
20580.0  1.00991e-10
20585.0  1.00891e-10
20590.0  1.00788e-10
20595.0  1.00685e-10
20600.0  1.00585e-10
20605.0  1.00485e-10
20610.0  1.00382e-10
20615.0  1.00282e-10
20620.0  1.0018e-10
20625.0  1.00079e-10
20630.0  9.9977e-11
20635.0  9.98768e-11
20640.0  9.97767e-11
20645.0  9.96744e-11
20650.0  9.95743e-11
20655.0  9.94745e-11
20660.0  9.93746e-11
20665.0  9.92723e-11
20670.0  9.9172e-11
20675.0  9.90724e-11
20680.0  9.89727e-11
20685.0  9.88726e-11
20690.0  9.87701e-11
20695.0  9.86703e-11
20700.0  9.85705e-11
20705.0  9.8471e-11
20710.0  9.83714e-11
20715.0  9.82716e-11
20720.0  9.81719e-11
20725.0  9.80723e-11
20730.0  9.79726e-11
20735.0  9.78731e-11
20740.0  9.77732e-11
20745.0  9.76737e-11
20750.0  9.75741e-11
20755.0  9.74748e-11
20760.0  9.73779e-11
20765.0  9.72787e-11
20770.0  9.7179e-11
20775.0  9.70792e-11
20780.0  9.69801e-11
20785.0  9.68829e-11
20790.0  9.67837e-11
20795.0  9.66842e-11
20800.0  9.65849e-11
20805.0  9.64881e-11
20810.0  9.63889e-11
20815.0  9.62896e-11
20820.0  9.61925e-11
20825.0  9.60939e-11
20830.0  9.5997e-11
20835.0  9.58981e-11
20840.0  9.5801e-11
20845.0  9.57019e-11
20850.0  9.56025e-11
20855.0  9.55062e-11
20860.0  9.54095e-11
20865.0  9.53109e-11
20870.0  9.52138e-11
20875.0  9.51152e-11
20880.0  9.50186e-11
20885.0  9.4922e-11
20890.0  9.48232e-11
20895.0  9.47267e-11
20900.0  9.46301e-11
20905.0  9.45314e-11
20910.0  9.44349e-11
20915.0  9.43387e-11
20920.0  9.42421e-11
20925.0  9.41435e-11
20930.0  9.4047e-11
20935.0  9.39507e-11
20940.0  9.38546e-11
20945.0  9.37587e-11
20950.0  9.36622e-11
20955.0  9.35633e-11
20960.0  9.34667e-11
20965.0  9.33705e-11
20970.0  9.32745e-11
20975.0  9.31784e-11
20980.0  9.30823e-11
20985.0  9.29864e-11
20990.0  9.28903e-11
20995.0  9.27945e-11
21000.0  9.27012e-11
21005.0  9.26055e-11
21010.0  9.25093e-11
21015.0  9.24132e-11
21020.0  9.23171e-11
21025.0  9.22214e-11
21030.0  9.2128e-11
21035.0  9.20324e-11
21040.0  9.19364e-11
21045.0  9.18406e-11
21050.0  9.17473e-11
21055.0  9.16514e-11
21060.0  9.1556e-11
21065.0  9.14624e-11
21070.0  9.13668e-11
21075.0  9.12712e-11
21080.0  9.11777e-11
21085.0  9.10825e-11
21090.0  9.0989e-11
21095.0  9.08939e-11
21100.0  9.08005e-11
21105.0  9.07053e-11
21110.0  9.06118e-11
21115.0  9.05166e-11
21120.0  9.04232e-11
21125.0  9.0328e-11
21130.0  9.02347e-11
21135.0  9.01392e-11
21140.0  9.00464e-11
21145.0  8.99534e-11
21150.0  8.98582e-11
21155.0  8.97652e-11
21160.0  8.96726e-11
21165.0  8.95796e-11
21170.0  8.94845e-11
21175.0  8.93917e-11
21180.0  8.92989e-11
21185.0  8.92064e-11
21190.0  8.91139e-11
21195.0  8.9021e-11
21200.0  8.89257e-11
21205.0  8.88328e-11
21210.0  8.87401e-11
21215.0  8.86476e-11
21220.0  8.85551e-11
21225.0  8.84626e-11
21230.0  8.837e-11
21235.0  8.82775e-11
21240.0  8.81851e-11
21245.0  8.80925e-11
21250.0  8.79999e-11
21255.0  8.79073e-11
21260.0  8.78152e-11
21265.0  8.77253e-11
21270.0  8.76332e-11
21275.0  8.75406e-11
21280.0  8.74483e-11
21285.0  8.73561e-11
21290.0  8.72664e-11
21295.0  8.71741e-11
21300.0  8.70815e-11
21305.0  8.69895e-11
21310.0  8.68997e-11
21315.0  8.68076e-11
21320.0  8.67155e-11
21325.0  8.66255e-11
21330.0  8.65339e-11
21335.0  8.6444e-11
21340.0  8.6352e-11
21345.0  8.626e-11
21350.0  8.61699e-11
21355.0  8.60784e-11
21360.0  8.59885e-11
21365.0  8.58968e-11
21370.0  8.58074e-11
21375.0  8.57181e-11
21380.0  8.56263e-11
21385.0  8.55364e-11
21390.0  8.54448e-11
21395.0  8.53553e-11
21400.0  8.52659e-11
21405.0  8.51743e-11
21410.0  8.5085e-11
21415.0  8.4996e-11
21420.0  8.49064e-11
21425.0  8.48148e-11
21430.0  8.47255e-11
21435.0  8.46365e-11
21440.0  8.45477e-11
21445.0  8.44581e-11
21450.0  8.43665e-11
21455.0  8.4277e-11
21460.0  8.41881e-11
21465.0  8.4099e-11
21470.0  8.401e-11
21475.0  8.39211e-11
21480.0  8.3832e-11
21485.0  8.37431e-11
21490.0  8.36541e-11
21495.0  8.35652e-11
21500.0  8.34762e-11
21505.0  8.33872e-11
21510.0  8.32987e-11
21515.0  8.32123e-11
21520.0  8.31238e-11
21525.0  8.30349e-11
21530.0  8.2946e-11
21535.0  8.28569e-11
21540.0  8.27684e-11
21545.0  8.2682e-11
21550.0  8.25937e-11
21555.0  8.25046e-11
21560.0  8.24161e-11
21565.0  8.23299e-11
21570.0  8.22413e-11
21575.0  8.21528e-11
21580.0  8.20664e-11
21585.0  8.19783e-11
21590.0  8.1892e-11
21595.0  8.18038e-11
21600.0  8.17175e-11
21605.0  8.16294e-11
21610.0  8.15432e-11
21615.0  8.14551e-11
21620.0  8.13687e-11
21625.0  8.12807e-11
21630.0  8.11943e-11
21635.0  8.11062e-11
21640.0  8.10203e-11
21645.0  8.09346e-11
21650.0  8.08464e-11
21655.0  8.07606e-11
21660.0  8.06747e-11
21665.0  8.05867e-11
21670.0  8.05007e-11
21675.0  8.04148e-11
21680.0  8.03268e-11
21685.0  8.0241e-11
21690.0  8.01554e-11
21695.0  8.00701e-11
21700.0  7.99847e-11
21705.0  7.98987e-11
21710.0  7.98108e-11
21715.0  7.97248e-11
21720.0  7.96395e-11
21725.0  7.9554e-11
21730.0  7.94685e-11
21735.0  7.93831e-11
21740.0  7.92979e-11
21745.0  7.92124e-11
21750.0  7.91269e-11
21755.0  7.90415e-11
21760.0  7.89565e-11
21765.0  7.88737e-11
21770.0  7.87888e-11
21775.0  7.87034e-11
21780.0  7.8618e-11
21785.0  7.85325e-11
21790.0  7.84476e-11
21795.0  7.83649e-11
21800.0  7.82798e-11
21805.0  7.81944e-11
21810.0  7.81096e-11
21815.0  7.80266e-11
21820.0  7.79418e-11
21825.0  7.78568e-11
21830.0  7.77739e-11
21835.0  7.76891e-11
21840.0  7.7604e-11
21845.0  7.75212e-11
21850.0  7.74368e-11
21855.0  7.73541e-11
21860.0  7.72695e-11
21865.0  7.71868e-11
21870.0  7.71023e-11
21875.0  7.70196e-11
21880.0  7.6935e-11
21885.0  7.68522e-11
21890.0  7.67677e-11
21895.0  7.66854e-11
21900.0  7.66031e-11
21905.0  7.65186e-11
21910.0  7.64361e-11
21915.0  7.63538e-11
21920.0  7.62694e-11
21925.0  7.6187e-11
21930.0  7.61052e-11
21935.0  7.60229e-11
21940.0  7.59384e-11
21945.0  7.58561e-11
21950.0  7.57743e-11
21955.0  7.56923e-11
21960.0  7.56105e-11
21965.0  7.55282e-11
21970.0  7.54437e-11
21975.0  7.53615e-11
21980.0  7.52796e-11
21985.0  7.51977e-11
21990.0  7.51156e-11
21995.0  7.50339e-11
22000.0  7.49521e-11
22005.0  7.48702e-11
22010.0  7.47883e-11
22015.0  7.4707e-11
22020.0  7.46277e-11
22025.0  7.45463e-11
22030.0  7.44644e-11
22035.0  7.43826e-11
22040.0  7.43007e-11
22045.0  7.42189e-11
22050.0  7.41373e-11
22055.0  7.40583e-11
22060.0  7.39769e-11
22065.0  7.38956e-11
22070.0  7.38161e-11
22075.0  7.37347e-11
22080.0  7.3653e-11
22085.0  7.35715e-11
22090.0  7.34924e-11
22095.0  7.34115e-11
22100.0  7.33323e-11
22105.0  7.32508e-11
22110.0  7.31694e-11
22115.0  7.30901e-11
22120.0  7.30093e-11
22125.0  7.29301e-11
22130.0  7.28491e-11
22135.0  7.27704e-11
22140.0  7.26914e-11
22145.0  7.26105e-11
22150.0  7.25313e-11
22155.0  7.24503e-11
22160.0  7.23718e-11
22165.0  7.2293e-11
22170.0  7.2212e-11
22175.0  7.21333e-11
22180.0  7.20545e-11
22185.0  7.19735e-11
22190.0  7.18947e-11
22195.0  7.18164e-11
22200.0  7.17377e-11
22205.0  7.16567e-11
22210.0  7.1578e-11
22215.0  7.14997e-11
22220.0  7.14213e-11
22225.0  7.13431e-11
22230.0  7.12647e-11
22235.0  7.11865e-11
22240.0  7.11082e-11
22245.0  7.10298e-11
22250.0  7.09517e-11
22255.0  7.08733e-11
22260.0  7.07949e-11
22265.0  7.07166e-11
22270.0  7.06384e-11
22275.0  7.05601e-11
22280.0  7.04818e-11
22285.0  7.04036e-11
22290.0  7.03252e-11
22295.0  7.02468e-11
22300.0  7.01691e-11
22305.0  7.00934e-11
22310.0  7.00155e-11
22315.0  6.99373e-11
22320.0  6.98588e-11
22325.0  6.97811e-11
22330.0  6.97054e-11
22335.0  6.96276e-11
22340.0  6.95498e-11
22345.0  6.94741e-11
22350.0  6.93962e-11
22355.0  6.93185e-11
22360.0  6.92428e-11
22365.0  6.91653e-11
22370.0  6.90898e-11
22375.0  6.90122e-11
22380.0  6.89367e-11
22385.0  6.88593e-11
22390.0  6.87836e-11
22395.0  6.87063e-11
22400.0  6.86305e-11
22405.0  6.8553e-11
22410.0  6.84776e-11
22415.0  6.84002e-11
22420.0  6.8325e-11
22425.0  6.82496e-11
22430.0  6.81724e-11
22435.0  6.80971e-11
22440.0  6.80219e-11
22445.0  6.79445e-11
22450.0  6.78693e-11
22455.0  6.77945e-11
22460.0  6.77195e-11
22465.0  6.7642e-11
22470.0  6.75668e-11
22475.0  6.74921e-11
22480.0  6.74174e-11
22485.0  6.73426e-11
22490.0  6.72673e-11
22495.0  6.719e-11
22500.0  6.71148e-11
22505.0  6.70401e-11
22510.0  6.69653e-11
22515.0  6.68905e-11
22520.0  6.68158e-11
22525.0  6.67411e-11
22530.0  6.66664e-11
22535.0  6.65916e-11
22540.0  6.65169e-11
22545.0  6.64425e-11
22550.0  6.63704e-11
22555.0  6.62962e-11
22560.0  6.62215e-11
22565.0  6.61467e-11
22570.0  6.6072e-11
22575.0  6.59973e-11
22580.0  6.59229e-11
22585.0  6.58508e-11
22590.0  6.57766e-11
22595.0  6.57023e-11
22600.0  6.56302e-11
22605.0  6.55559e-11
22610.0  6.54812e-11
22615.0  6.54068e-11
22620.0  6.53348e-11
22625.0  6.52609e-11
22630.0  6.51889e-11
22635.0  6.51145e-11
22640.0  6.50403e-11
22645.0  6.49683e-11
22650.0  6.48943e-11
22655.0  6.48223e-11
22660.0  6.47485e-11
22665.0  6.46764e-11
22670.0  6.46024e-11
22675.0  6.45309e-11
22680.0  6.44592e-11
22685.0  6.43855e-11
22690.0  6.43134e-11
22695.0  6.42394e-11
22700.0  6.41678e-11
22705.0  6.40962e-11
22710.0  6.40224e-11
22715.0  6.39508e-11
22720.0  6.38795e-11
22725.0  6.38079e-11
22730.0  6.37341e-11
22735.0  6.36624e-11
22740.0  6.35912e-11
22745.0  6.35201e-11
22750.0  6.34484e-11
22755.0  6.33746e-11
22760.0  6.3303e-11
22765.0  6.32319e-11
22770.0  6.31606e-11
22775.0  6.30895e-11
22780.0  6.30182e-11
22785.0  6.29471e-11
22790.0  6.28759e-11
22795.0  6.28047e-11
22800.0  6.27334e-11
22805.0  6.26624e-11
22810.0  6.25912e-11
22815.0  6.25199e-11
22820.0  6.24487e-11
22825.0  6.23775e-11
22830.0  6.23068e-11
22835.0  6.22384e-11
22840.0  6.21677e-11
22845.0  6.20965e-11
22850.0  6.20252e-11
22855.0  6.19541e-11
22860.0  6.18834e-11
22865.0  6.18149e-11
22870.0  6.1744e-11
22875.0  6.16734e-11
22880.0  6.16047e-11
22885.0  6.15341e-11
22890.0  6.14633e-11
22895.0  6.13947e-11
22900.0  6.13242e-11
22905.0  6.12533e-11
22910.0  6.11849e-11
22915.0  6.11145e-11
22920.0  6.10461e-11
22925.0  6.09757e-11
22930.0  6.09072e-11
22935.0  6.08369e-11
22940.0  6.07685e-11
22945.0  6.06982e-11
22950.0  6.06295e-11
22955.0  6.05592e-11
22960.0  6.04912e-11
22965.0  6.04231e-11
22970.0  6.03529e-11
22975.0  6.02843e-11
22980.0  6.0214e-11
22985.0  6.0146e-11
22990.0  6.00783e-11
22995.0  6.00103e-11
23000.0  5.99401e-11
23005.0  5.9872e-11
23010.0  5.98043e-11
23015.0  5.97362e-11
23020.0  5.96659e-11
23025.0  5.95979e-11
23030.0  5.95303e-11
23035.0  5.94626e-11
23040.0  5.9395e-11
23045.0  5.93273e-11
23050.0  5.92597e-11
23055.0  5.91917e-11
23060.0  5.91213e-11
23065.0  5.90534e-11
23070.0  5.89856e-11
23075.0  5.8918e-11
23080.0  5.88505e-11
23085.0  5.87833e-11
23090.0  5.87183e-11
23095.0  5.86513e-11
23100.0  5.85835e-11
23105.0  5.85159e-11
23110.0  5.84483e-11
23115.0  5.83807e-11
23120.0  5.83131e-11
23125.0  5.82459e-11
23130.0  5.81808e-11
23135.0  5.81138e-11
23140.0  5.80461e-11
23145.0  5.79789e-11
23150.0  5.79139e-11
23155.0  5.78469e-11
23160.0  5.77792e-11
23165.0  5.77119e-11
23170.0  5.7647e-11
23175.0  5.75799e-11
23180.0  5.75127e-11
23185.0  5.74477e-11
23190.0  5.73809e-11
23195.0  5.73161e-11
23200.0  5.72493e-11
23205.0  5.71843e-11
23210.0  5.71176e-11
23215.0  5.70528e-11
23220.0  5.6986e-11
23225.0  5.69209e-11
23230.0  5.68542e-11
23235.0  5.67894e-11
23240.0  5.67224e-11
23245.0  5.6658e-11
23250.0  5.65936e-11
23255.0  5.65268e-11
23260.0  5.64619e-11
23265.0  5.63952e-11
23270.0  5.63306e-11
23275.0  5.62666e-11
23280.0  5.6202e-11
23285.0  5.61353e-11
23290.0  5.60708e-11
23295.0  5.60067e-11
23300.0  5.59423e-11
23305.0  5.58755e-11
23310.0  5.58109e-11
23315.0  5.57469e-11
23320.0  5.56829e-11
23325.0  5.56188e-11
23330.0  5.55547e-11
23335.0  5.54907e-11
23340.0  5.54262e-11
23345.0  5.53594e-11
23350.0  5.52949e-11
23355.0  5.52308e-11
23360.0  5.51667e-11
23365.0  5.51028e-11
23370.0  5.50391e-11
23375.0  5.49777e-11
23380.0  5.49141e-11
23385.0  5.485e-11
23390.0  5.47859e-11
23395.0  5.47219e-11
23400.0  5.46578e-11
23405.0  5.45937e-11
23410.0  5.45301e-11
23415.0  5.44687e-11
23420.0  5.44051e-11
23425.0  5.43411e-11
23430.0  5.4277e-11
23435.0  5.42133e-11
23440.0  5.41519e-11
23445.0  5.40883e-11
23450.0  5.40247e-11
23455.0  5.39633e-11
23460.0  5.38997e-11
23465.0  5.3836e-11
23470.0  5.37747e-11
23475.0  5.37111e-11
23480.0  5.36475e-11
23485.0  5.35861e-11
23490.0  5.35229e-11
23495.0  5.34614e-11
23500.0  5.33983e-11
23505.0  5.33369e-11
23510.0  5.32737e-11
23515.0  5.32123e-11
23520.0  5.31491e-11
23525.0  5.30878e-11
23530.0  5.30246e-11
23535.0  5.29636e-11
23540.0  5.29027e-11
23545.0  5.28396e-11
23550.0  5.27785e-11
23555.0  5.27177e-11
23560.0  5.26544e-11
23565.0  5.25935e-11
23570.0  5.25326e-11
23575.0  5.24693e-11
23580.0  5.24084e-11
23585.0  5.23479e-11
23590.0  5.22875e-11
23595.0  5.22264e-11
23600.0  5.21633e-11
23605.0  5.21023e-11
23610.0  5.20418e-11
23615.0  5.19814e-11
23620.0  5.19209e-11
23625.0  5.18603e-11
23630.0  5.17998e-11
23635.0  5.17392e-11
23640.0  5.16784e-11
23645.0  5.16152e-11
23650.0  5.15542e-11
23655.0  5.14937e-11
23660.0  5.14337e-11
23665.0  5.13758e-11
23670.0  5.13158e-11
23675.0  5.12552e-11
23680.0  5.11947e-11
23685.0  5.11342e-11
23690.0  5.10737e-11
23695.0  5.10133e-11
23700.0  5.09527e-11
23705.0  5.08927e-11
23710.0  5.08349e-11
23715.0  5.07748e-11
23720.0  5.07143e-11
23725.0  5.06538e-11
23730.0  5.05937e-11
23735.0  5.05358e-11
23740.0  5.04758e-11
23745.0  5.04157e-11
23750.0  5.03579e-11
23755.0  5.02978e-11
23760.0  5.02378e-11
23765.0  5.01799e-11
23770.0  5.01199e-11
23775.0  5.00598e-11
23780.0  5.0002e-11
23785.0  4.99424e-11
23790.0  4.98845e-11
23795.0  4.98249e-11
23800.0  4.97672e-11
23805.0  4.97075e-11
23810.0  4.96496e-11
23815.0  4.95901e-11
23820.0  4.95322e-11
23825.0  4.94725e-11
23830.0  4.94152e-11
23835.0  4.93579e-11
23840.0  4.92982e-11
23845.0  4.92407e-11
23850.0  4.91834e-11
23855.0  4.91238e-11
23860.0  4.90664e-11
23865.0  4.9009e-11
23870.0  4.89494e-11
23875.0  4.8892e-11
23880.0  4.88351e-11
23885.0  4.87777e-11
23890.0  4.87181e-11
23895.0  4.86607e-11
23900.0  4.86036e-11
23905.0  4.85468e-11
23910.0  4.84894e-11
23915.0  4.84298e-11
23920.0  4.83723e-11
23925.0  4.83155e-11
23930.0  4.82585e-11
23935.0  4.82015e-11
23940.0  4.81446e-11
23945.0  4.80876e-11
23950.0  4.80307e-11
23955.0  4.79738e-11
23960.0  4.79167e-11
23965.0  4.78599e-11
23970.0  4.78029e-11
23975.0  4.7746e-11
23980.0  4.76889e-11
23985.0  4.76321e-11
23990.0  4.75756e-11
23995.0  4.75213e-11
24000.0  4.74648e-11
24005.0  4.74078e-11
24010.0  4.73509e-11
24015.0  4.7294e-11
24020.0  4.72375e-11
24025.0  4.71831e-11
24030.0  4.71267e-11
24035.0  4.70697e-11
24040.0  4.70132e-11
24045.0  4.69589e-11
24050.0  4.69024e-11
24055.0  4.6846e-11
24060.0  4.67917e-11
24065.0  4.67351e-11
24070.0  4.66786e-11
24075.0  4.66243e-11
24080.0  4.65684e-11
24085.0  4.65141e-11
24090.0  4.64575e-11
24095.0  4.6401e-11
24100.0  4.63468e-11
24105.0  4.62907e-11
24110.0  4.62364e-11
24115.0  4.61804e-11
24120.0  4.61261e-11
24125.0  4.60701e-11
24130.0  4.60163e-11
24135.0  4.59624e-11
24140.0  4.59063e-11
24145.0  4.5852e-11
24150.0  4.5796e-11
24155.0  4.57422e-11
24160.0  4.56883e-11
24165.0  4.56322e-11
24170.0  4.55784e-11
24175.0  4.5525e-11
24180.0  4.54713e-11
24185.0  4.54151e-11
24190.0  4.53613e-11
24195.0  4.53079e-11
24200.0  4.52541e-11
24205.0  4.5198e-11
24210.0  4.51442e-11
24215.0  4.50908e-11
24220.0  4.50375e-11
24225.0  4.49841e-11
24230.0  4.49306e-11
24235.0  4.48768e-11
24240.0  4.48208e-11
24245.0  4.4767e-11
24250.0  4.47135e-11
24255.0  4.46601e-11
24260.0  4.46068e-11
24265.0  4.45534e-11
24270.0  4.45e-11
24275.0  4.44466e-11
24280.0  4.43932e-11
24285.0  4.43398e-11
24290.0  4.42869e-11
24295.0  4.42362e-11
24300.0  4.41832e-11
24305.0  4.41299e-11
24310.0  4.40765e-11
24315.0  4.40231e-11
24320.0  4.39697e-11
24325.0  4.39167e-11
24330.0  4.38661e-11
24335.0  4.3813e-11
24340.0  4.37596e-11
24345.0  4.37068e-11
24350.0  4.3656e-11
24355.0  4.36031e-11
24360.0  4.35497e-11
24365.0  4.34968e-11
24370.0  4.3446e-11
24375.0  4.33932e-11
24380.0  4.33402e-11
24385.0  4.32895e-11
24390.0  4.3237e-11
24395.0  4.31863e-11
24400.0  4.31333e-11
24405.0  4.30803e-11
24410.0  4.30296e-11
24415.0  4.29771e-11
24420.0  4.29265e-11
24425.0  4.2874e-11
24430.0  4.28233e-11
24435.0  4.27707e-11
24440.0  4.272e-11
24445.0  4.26675e-11
24450.0  4.26172e-11
24455.0  4.25669e-11
24460.0  4.25144e-11
24465.0  4.24637e-11
24470.0  4.24112e-11
24475.0  4.2361e-11
24480.0  4.23112e-11
24485.0  4.22608e-11
24490.0  4.22084e-11
24495.0  4.21581e-11
24500.0  4.21078e-11
24505.0  4.20553e-11
24510.0  4.2005e-11
24515.0  4.19552e-11
24520.0  4.19054e-11
24525.0  4.18551e-11
24530.0  4.18026e-11
24535.0  4.17523e-11
24540.0  4.17026e-11
24545.0  4.16527e-11
24550.0  4.16029e-11
24555.0  4.1553e-11
24560.0  4.15032e-11
24565.0  4.1453e-11
24570.0  4.14004e-11
24575.0  4.13501e-11
24580.0  4.13003e-11
24585.0  4.12505e-11
24590.0  4.12007e-11
24595.0  4.11508e-11
24600.0  4.11015e-11
24605.0  4.10543e-11
24610.0  4.10049e-11
24615.0  4.09551e-11
24620.0  4.09052e-11
24625.0  4.08554e-11
24630.0  4.08056e-11
24635.0  4.07557e-11
24640.0  4.07064e-11
24645.0  4.06592e-11
24650.0  4.06099e-11
24655.0  4.056e-11
24660.0  4.05102e-11
24665.0  4.04608e-11
24670.0  4.04137e-11
24675.0  4.03643e-11
24680.0  4.03145e-11
24685.0  4.02651e-11
24690.0  4.02179e-11
24695.0  4.01685e-11
24700.0  4.01192e-11
24705.0  4.0072e-11
24710.0  4.0023e-11
24715.0  3.99758e-11
24720.0  3.99264e-11
24725.0  3.98772e-11
24730.0  3.983e-11
24735.0  3.97811e-11
24740.0  3.97339e-11
24745.0  3.96849e-11
24750.0  3.96378e-11
24755.0  3.95889e-11
24760.0  3.95417e-11
24765.0  3.94928e-11
24770.0  3.94456e-11
24775.0  3.93966e-11
24780.0  3.935e-11
24785.0  3.93032e-11
24790.0  3.92542e-11
24795.0  3.92071e-11
24800.0  3.91582e-11
24805.0  3.91115e-11
24810.0  3.90652e-11
24815.0  3.90185e-11
24820.0  3.89695e-11
24825.0  3.89228e-11
24830.0  3.88761e-11
24835.0  3.88272e-11
24840.0  3.87804e-11
24845.0  3.87343e-11
24850.0  3.86879e-11
24855.0  3.86412e-11
24860.0  3.85923e-11
24865.0  3.85456e-11
24870.0  3.84992e-11
24875.0  3.8453e-11
24880.0  3.84067e-11
24885.0  3.83604e-11
24890.0  3.83143e-11
24895.0  3.82679e-11
24900.0  3.82212e-11
24905.0  3.81723e-11
24910.0  3.81256e-11
24915.0  3.80793e-11
24920.0  3.8033e-11
24925.0  3.79872e-11
24930.0  3.79436e-11
24935.0  3.78978e-11
24940.0  3.78515e-11
24945.0  3.78052e-11
24950.0  3.7759e-11
24955.0  3.77126e-11
24960.0  3.76665e-11
24965.0  3.76201e-11
24970.0  3.75739e-11
24975.0  3.75281e-11
24980.0  3.74845e-11
24985.0  3.74386e-11
24990.0  3.73924e-11
24995.0  3.26828e-11
25000.0  4.66733e-12
