# Extracted from file: pickles_uk_35.fits
#SIMPLETrueFits standard
#BITPIX16Bits per pixel
#NAXIS0Number of axes
#EXTENDTrueFile may contain extensions
#DATE2007-01-11T21:02:20Date FITS file was generated
#IRAF-TLM16:02:36 (11/01/2007)Time of last modification
#COMMENT  FITS (Flexible Image Transport System) format is defined in 'Astronomy
#COMMENT  and Astrophysics', volume 376, page 359; bibcode: 2001A&A...376..359H
#ORIGINSTScI-STSDAS/TABLESTables version 2002-02-22
#FILENAMEpickles_uk_35.fitsname of file
#NEXTEND1number of extensions in file
#COMMENT1spectral type: K4V
#COMMENT2metallicity: solar
#COMMENT3original filename: ukk4v.dat
#HISTORY  File created by F.R.Boffi.
#HISTORY  SEDs from Pickles UVKLIB Library (1998, PASP 110, 863).
#HISTORY  Wavelength is in Angstrom.
#HISTORY  Fluxes are tabulated in units of erg/s/cm^2/A
#HISTORY  and were calculated by normalizing the original fluxes
#HISTORY  in the Pickles V band to a 0 magnitude in vegamag.
#HISTORY  In the vegamag system, Vega has magnitude zero in all passbands.
#HISTORY  Please refer to the SYNPHOT manual for further information.
#
#
#
#
#
#
#
#
#
#
#
#
#
#  
#Columns WAVELENGTH FLUX
#Units  angstroms flam
1150.0  0.0
1155.0  0.0
1160.0  0.0
1165.0  0.0
1170.0  0.0
1175.0  0.0
1180.0  0.0
1185.0  0.0
1190.0  0.0
1195.0  0.0
1200.0  0.0
1205.0  0.0
1210.0  0.0
1215.0  0.0
1220.0  0.0
1225.0  0.0
1230.0  0.0
1235.0  0.0
1240.0  0.0
1245.0  0.0
1250.0  0.0
1255.0  0.0
1260.0  0.0
1265.0  0.0
1270.0  0.0
1275.0  0.0
1280.0  0.0
1285.0  0.0
1290.0  0.0
1295.0  0.0
1300.0  0.0
1305.0  0.0
1310.0  0.0
1315.0  0.0
1320.0  0.0
1325.0  0.0
1330.0  0.0
1335.0  0.0
1340.0  0.0
1345.0  0.0
1350.0  0.0
1355.0  0.0
1360.0  0.0
1365.0  0.0
1370.0  0.0
1375.0  0.0
1380.0  0.0
1385.0  0.0
1390.0  0.0
1395.0  0.0
1400.0  0.0
1405.0  0.0
1410.0  0.0
1415.0  0.0
1420.0  0.0
1425.0  0.0
1430.0  0.0
1435.0  0.0
1440.0  0.0
1445.0  0.0
1450.0  0.0
1455.0  0.0
1460.0  0.0
1465.0  0.0
1470.0  0.0
1475.0  0.0
1480.0  0.0
1485.0  0.0
1490.0  0.0
1495.0  0.0
1500.0  0.0
1505.0  0.0
1510.0  0.0
1515.0  0.0
1520.0  0.0
1525.0  0.0
1530.0  0.0
1535.0  0.0
1540.0  0.0
1545.0  0.0
1550.0  0.0
1555.0  0.0
1560.0  0.0
1565.0  0.0
1570.0  0.0
1575.0  0.0
1580.0  0.0
1585.0  0.0
1590.0  0.0
1595.0  0.0
1600.0  0.0
1605.0  0.0
1610.0  0.0
1615.0  0.0
1620.0  0.0
1625.0  0.0
1630.0  0.0
1635.0  0.0
1640.0  0.0
1645.0  0.0
1650.0  0.0
1655.0  0.0
1660.0  0.0
1665.0  0.0
1670.0  0.0
1675.0  0.0
1680.0  0.0
1685.0  0.0
1690.0  0.0
1695.0  0.0
1700.0  0.0
1705.0  0.0
1710.0  0.0
1715.0  0.0
1720.0  0.0
1725.0  0.0
1730.0  0.0
1735.0  0.0
1740.0  0.0
1745.0  0.0
1750.0  0.0
1755.0  0.0
1760.0  0.0
1765.0  0.0
1770.0  0.0
1775.0  0.0
1780.0  0.0
1785.0  0.0
1790.0  0.0
1795.0  0.0
1800.0  0.0
1805.0  0.0
1810.0  0.0
1815.0  0.0
1820.0  0.0
1825.0  0.0
1830.0  0.0
1835.0  0.0
1840.0  0.0
1845.0  0.0
1850.0  0.0
1855.0  0.0
1860.0  0.0
1865.0  0.0
1870.0  0.0
1875.0  0.0
1880.0  0.0
1885.0  0.0
1890.0  0.0
1895.0  0.0
1900.0  0.0
1905.0  0.0
1910.0  0.0
1915.0  0.0
1920.0  0.0
1925.0  0.0
1930.0  0.0
1935.0  0.0
1940.0  0.0
1945.0  0.0
1950.0  0.0
1955.0  0.0
1960.0  0.0
1965.0  0.0
1970.0  0.0
1975.0  0.0
1980.0  0.0
1985.0  0.0
1990.0  0.0
1995.0  0.0
2000.0  0.0
2005.0  0.0
2010.0  0.0
2015.0  0.0
2020.0  0.0
2025.0  0.0
2030.0  0.0
2035.0  0.0
2040.0  0.0
2045.0  0.0
2050.0  0.0
2055.0  0.0
2060.0  0.0
2065.0  0.0
2070.0  0.0
2075.0  0.0
2080.0  0.0
2085.0  0.0
2090.0  0.0
2095.0  0.0
2100.0  0.0
2105.0  0.0
2110.0  0.0
2115.0  0.0
2120.0  0.0
2125.0  0.0
2130.0  0.0
2135.0  0.0
2140.0  0.0
2145.0  0.0
2150.0  0.0
2155.0  0.0
2160.0  0.0
2165.0  0.0
2170.0  0.0
2175.0  0.0
2180.0  0.0
2185.0  0.0
2190.0  0.0
2195.0  0.0
2200.0  0.0
2205.0  0.0
2210.0  0.0
2215.0  0.0
2220.0  0.0
2225.0  0.0
2230.0  0.0
2235.0  0.0
2240.0  0.0
2245.0  0.0
2250.0  0.0
2255.0  0.0
2260.0  0.0
2265.0  0.0
2270.0  0.0
2275.0  0.0
2280.0  0.0
2285.0  0.0
2290.0  0.0
2295.0  0.0
2300.0  4.7969e-16
2305.0  3.83126e-15
2310.0  8.14014e-15
2315.0  1.48412e-14
2320.0  1.9148e-14
2325.0  2.24975e-14
2330.0  2.29752e-14
2335.0  2.24955e-14
2340.0  1.86642e-14
2345.0  1.10038e-14
2350.0  1.43289e-15
2355.0  0.0
2360.0  0.0
2365.0  0.0
2370.0  0.0
2375.0  0.0
2380.0  0.0
2385.0  0.0
2390.0  0.0
2395.0  0.0
2400.0  7.67433e-15
2405.0  6.17785e-14
2410.0  1.27356e-13
2415.0  1.97717e-13
2420.0  2.58498e-13
2425.0  3.03481e-13
2430.0  3.25006e-13
2435.0  3.12541e-13
2440.0  2.57952e-13
2445.0  1.53579e-13
2450.0  2.00622e-14
2455.0  0.0
2460.0  0.0
2465.0  0.0
2470.0  0.0
2475.0  0.0
2480.0  0.0
2485.0  0.0
2490.0  0.0
2495.0  0.0
2500.0  1.05034e-13
2505.0  8.63951e-13
2510.0  1.896e-12
2515.0  3.08024e-12
2520.0  4.36401e-12
2525.0  5.69515e-12
2530.0  7.02865e-12
2535.0  8.31235e-12
2540.0  9.49407e-12
2545.0  1.05283e-11
2550.0  1.13635e-11
2555.0  1.1976e-11
2560.0  1.23933e-11
2565.0  1.26714e-11
2570.0  1.28619e-11
2575.0  1.30188e-11
2580.0  1.32008e-11
2585.0  1.34569e-11
2590.0  1.38432e-11
2595.0  1.44163e-11
2600.0  1.52253e-11
2605.0  1.6301e-11
2610.0  1.76154e-11
2615.0  1.9117e-11
2620.0  2.07502e-11
2625.0  2.24657e-11
2630.0  2.42051e-11
2635.0  2.59148e-11
2640.0  2.75465e-11
2645.0  2.90441e-11
2650.0  3.03526e-11
2655.0  3.14381e-11
2660.0  3.23092e-11
2665.0  3.29825e-11
2670.0  3.34836e-11
2675.0  3.38377e-11
2680.0  3.40636e-11
2685.0  3.41885e-11
2690.0  3.42335e-11
2695.0  3.42214e-11
2700.0  3.41784e-11
2705.0  3.4131e-11
2710.0  3.41262e-11
2715.0  3.42163e-11
2720.0  3.445e-11
2725.0  3.48842e-11
2730.0  3.55659e-11
2735.0  3.65521e-11
2740.0  3.78915e-11
2745.0  3.96364e-11
2750.0  4.18331e-11
2755.0  4.44864e-11
2760.0  4.74834e-11
2765.0  5.0664e-11
2770.0  5.38647e-11
2775.0  5.69261e-11
2780.0  5.96824e-11
2785.0  6.1974e-11
2790.0  6.36345e-11
2795.0  6.45029e-11
2800.0  6.44292e-11
2805.0  6.33513e-11
2810.0  6.147e-11
2815.0  5.90761e-11
2820.0  5.64723e-11
2825.0  5.39632e-11
2830.0  5.18493e-11
2835.0  5.04329e-11
2840.0  5.00188e-11
2845.0  5.0908e-11
2850.0  5.33909e-11
2855.0  5.76171e-11
2860.0  6.33706e-11
2865.0  7.03057e-11
2870.0  7.80572e-11
2875.0  8.62629e-11
2880.0  9.45539e-11
2885.0  1.02568e-10
2890.0  1.0994e-10
2895.0  1.16308e-10
2900.0  1.2132e-10
2905.0  1.24743e-10
2910.0  1.26665e-10
2915.0  1.27294e-10
2920.0  1.2685e-10
2925.0  1.25552e-10
2930.0  1.23623e-10
2935.0  1.21283e-10
2940.0  1.18749e-10
2945.0  1.16242e-10
2950.0  1.13979e-10
2955.0  1.12125e-10
2960.0  1.10721e-10
2965.0  1.09752e-10
2970.0  1.09206e-10
2975.0  1.0907e-10
2980.0  1.09325e-10
2985.0  1.09959e-10
2990.0  1.10953e-10
2995.0  1.12294e-10
3000.0  1.13967e-10
3005.0  1.15961e-10
3010.0  1.18271e-10
3015.0  1.20898e-10
3020.0  1.23843e-10
3025.0  1.27105e-10
3030.0  1.30681e-10
3035.0  1.34572e-10
3040.0  1.38781e-10
3045.0  1.43306e-10
3050.0  1.48147e-10
3055.0  1.533e-10
3060.0  1.58763e-10
3065.0  1.64526e-10
3070.0  1.70583e-10
3075.0  1.76927e-10
3080.0  1.83551e-10
3085.0  1.90447e-10
3090.0  1.97609e-10
3095.0  2.05026e-10
3100.0  2.12695e-10
3105.0  2.20598e-10
3110.0  2.28706e-10
3115.0  2.36977e-10
3120.0  2.45373e-10
3125.0  2.53857e-10
3130.0  2.62388e-10
3135.0  2.70926e-10
3140.0  2.7943e-10
3145.0  2.87868e-10
3150.0  2.96192e-10
3155.0  3.14553e-10
3160.0  3.79405e-10
3165.0  3.70341e-10
3170.0  3.61588e-10
3175.0  3.71896e-10
3180.0  3.80577e-10
3185.0  3.71657e-10
3190.0  3.65297e-10
3195.0  3.83436e-10
3200.0  4.15536e-10
3205.0  3.81951e-10
3210.0  3.15898e-10
3215.0  2.65636e-10
3220.0  2.54584e-10
3225.0  2.83793e-10
3230.0  3.2097e-10
3235.0  3.37982e-10
3240.0  3.49452e-10
3245.0  3.78659e-10
3250.0  4.27805e-10
3255.0  4.86308e-10
3260.0  5.32606e-10
3265.0  5.48475e-10
3270.0  5.35565e-10
3275.0  5.10596e-10
3280.0  5.08556e-10
3285.0  5.50744e-10
3290.0  6.05309e-10
3295.0  6.32253e-10
3300.0  6.24135e-10
3305.0  5.93752e-10
3310.0  5.72153e-10
3315.0  5.80199e-10
3320.0  5.95869e-10
3325.0  5.94929e-10
3330.0  5.89884e-10
3335.0  5.99809e-10
3340.0  6.22646e-10
3345.0  6.43547e-10
3350.0  6.37718e-10
3355.0  5.95683e-10
3360.0  5.56032e-10
3365.0  5.53405e-10
3370.0  5.65243e-10
3375.0  5.6398e-10
3380.0  5.6625e-10
3385.0  5.93076e-10
3390.0  6.31233e-10
3395.0  6.57535e-10
3400.0  6.58949e-10
3405.0  6.36105e-10
3410.0  6.13873e-10
3415.0  6.1523e-10
3420.0  6.33749e-10
3425.0  6.46449e-10
3430.0  6.18943e-10
3435.0  5.41094e-10
3440.0  4.75135e-10
3445.0  4.79055e-10
3450.0  5.27619e-10
3455.0  5.7233e-10
3460.0  5.89208e-10
3465.0  5.7713e-10
3470.0  5.66926e-10
3475.0  5.83213e-10
3480.0  6.04914e-10
3485.0  6.11908e-10
3490.0  6.31269e-10
3495.0  6.87174e-10
3500.0  7.47955e-10
3505.0  7.61588e-10
3510.0  6.93082e-10
3515.0  6.94681e-10
3520.0  6.43277e-10
3525.0  6.51327e-10
3530.0  7.85416e-10
3535.0  8.97277e-10
3540.0  9.41458e-10
3545.0  9.21938e-10
3550.0  8.57361e-10
3555.0  7.73926e-10
3560.0  6.90667e-10
3565.0  5.49343e-10
3570.0  4.84486e-10
3575.0  4.56485e-10
3580.0  4.01531e-10
3585.0  4.56352e-10
3590.0  5.48031e-10
3595.0  6.40702e-10
3600.0  6.54132e-10
3605.0  5.74701e-10
3610.0  5.82123e-10
3615.0  6.28249e-10
3620.0  6.98848e-10
3625.0  7.77057e-10
3630.0  6.7394e-10
3635.0  7.43798e-10
3640.0  8.36299e-10
3645.0  7.46193e-10
3650.0  8.68472e-10
3655.0  1.11986e-09
3660.0  1.23472e-09
3665.0  1.21365e-09
3670.0  1.13999e-09
3675.0  9.82937e-10
3680.0  8.00771e-10
3685.0  8.42937e-10
3690.0  1.00764e-09
3695.0  1.13223e-09
3700.0  1.06528e-09
3705.0  8.82029e-10
3710.0  7.88364e-10
3715.0  7.15443e-10
3720.0  6.33072e-10
3725.0  6.1807e-10
3730.0  5.46636e-10
3735.0  4.65281e-10
3740.0  4.58836e-10
3745.0  4.49523e-10
3750.0  5.22172e-10
3755.0  6.11313e-10
3760.0  6.32762e-10
3765.0  7.1061e-10
3770.0  8.60724e-10
3775.0  9.79668e-10
3780.0  1.01365e-09
3785.0  9.0479e-10
3790.0  7.9606e-10
3795.0  7.60353e-10
3800.0  8.13425e-10
3805.0  8.87169e-10
3810.0  8.36773e-10
3815.0  6.4601e-10
3820.0  4.80348e-10
3825.0  4.07286e-10
3830.0  4.1659e-10
3835.0  4.63529e-10
3840.0  5.52735e-10
3845.0  6.91169e-10
3850.0  7.01952e-10
3855.0  5.95174e-10
3860.0  5.61475e-10
3865.0  6.39328e-10
3870.0  6.93888e-10
3875.0  6.73959e-10
3880.0  6.43747e-10
3885.0  6.54465e-10
3890.0  7.31799e-10
3895.0  7.42836e-10
3900.0  7.32398e-10
3905.0  7.46039e-10
3910.0  7.97173e-10
3915.0  7.73753e-10
3920.0  6.76342e-10
3925.0  5.53775e-10
3930.0  4.38739e-10
3935.0  4.16374e-10
3940.0  4.94846e-10
3945.0  6.32327e-10
3950.0  7.50643e-10
3955.0  7.30225e-10
3960.0  6.13585e-10
3965.0  5.20485e-10
3970.0  5.46945e-10
3975.0  7.21087e-10
3980.0  9.31161e-10
3985.0  1.10516e-09
3990.0  1.2158e-09
3995.0  1.25324e-09
4000.0  1.2737e-09
4005.0  1.29891e-09
4010.0  1.37424e-09
4015.0  1.46352e-09
4020.0  1.53628e-09
4025.0  1.52715e-09
4030.0  1.43182e-09
4035.0  1.40913e-09
4040.0  1.35925e-09
4045.0  1.30034e-09
4050.0  1.39526e-09
4055.0  1.44424e-09
4060.0  1.42731e-09
4065.0  1.39057e-09
4070.0  1.35502e-09
4075.0  1.4044e-09
4080.0  1.58148e-09
4085.0  1.80037e-09
4090.0  1.88852e-09
4095.0  1.78035e-09
4100.0  1.65691e-09
4105.0  1.64368e-09
4110.0  1.67237e-09
4115.0  1.72378e-09
4120.0  1.75102e-09
4125.0  1.72698e-09
4130.0  1.65152e-09
4135.0  1.63231e-09
4140.0  1.57336e-09
4145.0  1.55896e-09
4150.0  1.63678e-09
4155.0  1.74911e-09
4160.0  1.83705e-09
4165.0  1.79813e-09
4170.0  1.7099e-09
4175.0  1.69933e-09
4180.0  1.72943e-09
4185.0  1.73147e-09
4190.0  1.73542e-09
4195.0  1.66026e-09
4200.0  1.62041e-09
4205.0  1.74391e-09
4210.0  1.85264e-09
4215.0  1.80184e-09
4220.0  1.54897e-09
4225.0  1.20706e-09
4230.0  1.15434e-09
4235.0  1.33738e-09
4240.0  1.59926e-09
4245.0  1.7144e-09
4250.0  1.64367e-09
4255.0  1.58383e-09
4260.0  1.58043e-09
4265.0  1.62064e-09
4270.0  1.59583e-09
4275.0  1.65024e-09
4280.0  1.69335e-09
4285.0  1.64596e-09
4290.0  1.57587e-09
4295.0  1.5406e-09
4300.0  1.47698e-09
4305.0  1.45517e-09
4310.0  1.61981e-09
4315.0  1.95787e-09
4320.0  2.14706e-09
4325.0  2.1462e-09
4330.0  2.20969e-09
4335.0  2.25711e-09
4340.0  2.31915e-09
4345.0  2.42278e-09
4350.0  2.4256e-09
4355.0  2.45904e-09
4360.0  2.53418e-09
4365.0  2.55876e-09
4370.0  2.47698e-09
4375.0  2.30762e-09
4380.0  2.07927e-09
4385.0  1.98701e-09
4390.0  2.10841e-09
4395.0  2.29304e-09
4400.0  2.33511e-09
4405.0  2.26697e-09
4410.0  2.31551e-09
4415.0  2.3971e-09
4420.0  2.5158e-09
4425.0  2.51386e-09
4430.0  2.49889e-09
4435.0  2.53422e-09
4440.0  2.66127e-09
4445.0  2.7734e-09
4450.0  2.70399e-09
4455.0  2.47564e-09
4460.0  2.40821e-09
4465.0  2.60514e-09
4470.0  2.85996e-09
4475.0  3.01474e-09
4480.0  3.0693e-09
4485.0  3.12135e-09
4490.0  3.10253e-09
4495.0  3.0942e-09
4500.0  3.21557e-09
4505.0  3.36655e-09
4510.0  3.4482e-09
4515.0  3.42559e-09
4520.0  3.27193e-09
4525.0  2.97497e-09
4530.0  2.76258e-09
4535.0  2.82272e-09
4540.0  2.98939e-09
4545.0  3.08854e-09
4550.0  3.1896e-09
4555.0  3.32725e-09
4560.0  3.42213e-09
4565.0  3.44848e-09
4570.0  3.44073e-09
4575.0  3.42516e-09
4580.0  3.38582e-09
4585.0  3.40782e-09
4590.0  3.40497e-09
4595.0  3.36941e-09
4600.0  3.36118e-09
4605.0  3.4298e-09
4610.0  3.5087e-09
4615.0  3.54946e-09
4620.0  3.58864e-09
4625.0  3.62344e-09
4630.0  3.59502e-09
4635.0  3.50655e-09
4640.0  3.42206e-09
4645.0  3.33463e-09
4650.0  3.32737e-09
4655.0  3.43307e-09
4660.0  3.51364e-09
4665.0  3.43289e-09
4670.0  3.39445e-09
4675.0  3.42454e-09
4680.0  3.46372e-09
4685.0  3.50186e-09
4690.0  3.46779e-09
4695.0  3.38605e-09
4700.0  3.25182e-09
4705.0  3.2016e-09
4710.0  3.25646e-09
4715.0  3.36151e-09
4720.0  3.45078e-09
4725.0  3.44759e-09
4730.0  3.38952e-09
4735.0  3.35559e-09
4740.0  3.38046e-09
4745.0  3.43551e-09
4750.0  3.43573e-09
4755.0  3.36135e-09
4760.0  3.25936e-09
4765.0  3.13405e-09
4770.0  3.03445e-09
4775.0  2.95242e-09
4780.0  2.91669e-09
4785.0  2.96434e-09
4790.0  3.09232e-09
4795.0  3.22642e-09
4800.0  3.33961e-09
4805.0  3.40485e-09
4810.0  3.44776e-09
4815.0  3.45815e-09
4820.0  3.39036e-09
4825.0  3.29922e-09
4830.0  3.24859e-09
4835.0  3.25915e-09
4840.0  3.33464e-09
4845.0  3.42888e-09
4850.0  3.4441e-09
4855.0  3.34959e-09
4860.0  3.2342e-09
4865.0  3.18228e-09
4870.0  3.15845e-09
4875.0  3.21638e-09
4880.0  3.21169e-09
4885.0  3.12899e-09
4890.0  3.13095e-09
4895.0  3.3066e-09
4900.0  3.43554e-09
4905.0  3.46924e-09
4910.0  3.36581e-09
4915.0  3.17898e-09
4920.0  3.06506e-09
4925.0  3.23985e-09
4930.0  3.39726e-09
4935.0  3.34828e-09
4940.0  3.30706e-09
4945.0  3.41487e-09
4950.0  3.46362e-09
4955.0  3.30287e-09
4960.0  3.22221e-09
4965.0  3.25682e-09
4970.0  3.28828e-09
4975.0  3.25868e-09
4980.0  3.1197e-09
4985.0  3.07056e-09
4990.0  3.07077e-09
4995.0  3.04324e-09
5000.0  2.98564e-09
5005.0  2.8952e-09
5010.0  2.83406e-09
5015.0  2.79821e-09
5020.0  2.84383e-09
5025.0  2.9036e-09
5030.0  2.94598e-09
5035.0  2.86932e-09
5040.0  2.77488e-09
5045.0  2.83441e-09
5050.0  2.90485e-09
5055.0  2.98447e-09
5060.0  2.98297e-09
5065.0  2.8384e-09
5070.0  2.7163e-09
5075.0  2.66798e-09
5080.0  2.66477e-09
5085.0  2.73316e-09
5090.0  2.78892e-09
5095.0  2.73736e-09
5100.0  2.64367e-09
5105.0  2.60257e-09
5110.0  2.62661e-09
5115.0  2.6932e-09
5120.0  2.69327e-09
5125.0  2.60273e-09
5130.0  2.57704e-09
5135.0  2.60411e-09
5140.0  2.58676e-09
5145.0  2.55244e-09
5150.0  2.55004e-09
5155.0  2.63055e-09
5160.0  2.60806e-09
5165.0  2.25383e-09
5170.0  1.92887e-09
5175.0  1.87916e-09
5180.0  1.92209e-09
5185.0  2.11366e-09
5190.0  2.42224e-09
5195.0  2.6903e-09
5200.0  2.7248e-09
5205.0  2.47599e-09
5210.0  2.53495e-09
5215.0  2.9353e-09
5220.0  3.23121e-09
5225.0  3.2231e-09
5230.0  3.24594e-09
5235.0  3.41075e-09
5240.0  3.57194e-09
5245.0  3.56156e-09
5250.0  3.50859e-09
5255.0  3.49534e-09
5260.0  3.31413e-09
5265.0  2.9262e-09
5270.0  2.80618e-09
5275.0  3.05994e-09
5280.0  3.36481e-09
5285.0  3.60281e-09
5290.0  3.68126e-09
5295.0  3.56987e-09
5300.0  3.53978e-09
5305.0  3.6827e-09
5310.0  3.82155e-09
5315.0  3.84511e-09
5320.0  3.66907e-09
5325.0  3.36017e-09
5330.0  3.26362e-09
5335.0  3.34903e-09
5340.0  3.43035e-09
5345.0  3.51657e-09
5350.0  3.64908e-09
5355.0  3.82933e-09
5360.0  3.83966e-09
5365.0  3.63076e-09
5370.0  3.49988e-09
5375.0  3.65067e-09
5380.0  3.80546e-09
5385.0  3.80264e-09
5390.0  3.68176e-09
5395.0  3.52969e-09
5400.0  3.40692e-09
5405.0  3.30226e-09
5410.0  3.36695e-09
5415.0  3.593e-09
5420.0  3.75164e-09
5425.0  3.704e-09
5430.0  3.59045e-09
5435.0  3.61093e-09
5440.0  3.67998e-09
5445.0  3.63675e-09
5450.0  3.64033e-09
5455.0  3.68874e-09
5460.0  3.77212e-09
5465.0  3.82152e-09
5470.0  3.80294e-09
5475.0  3.73515e-09
5480.0  3.72589e-09
5485.0  3.79988e-09
5490.0  3.8596e-09
5495.0  3.86285e-09
5500.0  3.81665e-09
5505.0  3.74353e-09
5510.0  3.7086e-09
5515.0  3.77974e-09
5520.0  3.89201e-09
5525.0  3.87606e-09
5530.0  3.85972e-09
5535.0  3.91132e-09
5540.0  3.97531e-09
5545.0  4.03104e-09
5550.0  4.06787e-09
5555.0  4.04085e-09
5560.0  3.95456e-09
5565.0  3.83457e-09
5570.0  3.76894e-09
5575.0  3.81856e-09
5580.0  3.84158e-09
5585.0  3.69103e-09
5590.0  3.56891e-09
5595.0  3.58875e-09
5600.0  3.68701e-09
5605.0  3.87066e-09
5610.0  3.97754e-09
5615.0  3.87807e-09
5620.0  3.82597e-09
5625.0  3.88715e-09
5630.0  3.99897e-09
5635.0  4.06337e-09
5640.0  4.0788e-09
5645.0  4.079e-09
5650.0  4.07057e-09
5655.0  4.00548e-09
5660.0  3.95204e-09
5665.0  3.99534e-09
5670.0  4.05844e-09
5675.0  4.10086e-09
5680.0  4.07627e-09
5685.0  4.01363e-09
5690.0  3.9947e-09
5695.0  3.99422e-09
5700.0  3.93535e-09
5705.0  3.86643e-09
5710.0  3.8534e-09
5715.0  3.95555e-09
5720.0  4.08767e-09
5725.0  4.13445e-09
5730.0  4.11801e-09
5735.0  4.11586e-09
5740.0  4.11715e-09
5745.0  4.13471e-09
5750.0  4.1475e-09
5755.0  4.1438e-09
5760.0  4.15735e-09
5765.0  4.18357e-09
5770.0  4.20713e-09
5775.0  4.16039e-09
5780.0  4.0516e-09
5785.0  3.98807e-09
5790.0  4.03014e-09
5795.0  4.12069e-09
5800.0  4.20186e-09
5805.0  4.24601e-09
5810.0  4.27362e-09
5815.0  4.28973e-09
5820.0  4.29532e-09
5825.0  4.28558e-09
5830.0  4.29504e-09
5835.0  4.32992e-09
5840.0  4.36514e-09
5845.0  4.32993e-09
5850.0  4.22209e-09
5855.0  4.10485e-09
5860.0  4.09239e-09
5865.0  4.16017e-09
5870.0  4.24215e-09
5875.0  4.21317e-09
5880.0  3.93239e-09
5885.0  3.29115e-09
5890.0  2.71346e-09
5895.0  2.7525e-09
5900.0  3.21475e-09
5905.0  3.72736e-09
5910.0  4.07183e-09
5915.0  4.21082e-09
5920.0  4.22403e-09
5925.0  4.19242e-09
5930.0  4.1808e-09
5935.0  4.18877e-09
5940.0  4.20221e-09
5945.0  4.21374e-09
5950.0  4.19981e-09
5955.0  4.21745e-09
5960.0  4.24822e-09
5965.0  4.25649e-09
5970.0  4.2542e-09
5975.0  4.19796e-09
5980.0  4.16136e-09
5985.0  4.14071e-09
5990.0  4.16552e-09
5995.0  4.18023e-09
6000.0  4.1691e-09
6005.0  4.12676e-09
6010.0  4.09321e-09
6015.0  4.05264e-09
6020.0  4.03975e-09
6025.0  4.10587e-09
6030.0  4.1773e-09
6035.0  4.22442e-09
6040.0  4.26031e-09
6045.0  4.30006e-09
6050.0  4.29135e-09
6055.0  4.26564e-09
6060.0  4.23706e-09
6065.0  4.21829e-09
6070.0  4.23856e-09
6075.0  4.22164e-09
6080.0  4.18524e-09
6085.0  4.16426e-09
6090.0  4.12594e-09
6095.0  4.07458e-09
6100.0  4.02732e-09
6105.0  4.06706e-09
6110.0  4.0887e-09
6115.0  4.00885e-09
6120.0  3.90828e-09
6125.0  3.95153e-09
6130.0  4.00215e-09
6135.0  3.95494e-09
6140.0  3.96629e-09
6145.0  4.04561e-09
6150.0  4.04958e-09
6155.0  3.88875e-09
6160.0  3.65764e-09
6165.0  3.63407e-09
6170.0  3.7656e-09
6175.0  3.95451e-09
6180.0  4.05992e-09
6185.0  4.07905e-09
6190.0  4.06207e-09
6195.0  4.09674e-09
6200.0  4.13956e-09
6205.0  4.16934e-09
6210.0  4.11972e-09
6215.0  4.02923e-09
6220.0  3.9803e-09
6225.0  3.95541e-09
6230.0  3.93667e-09
6235.0  3.98792e-09
6240.0  4.01383e-09
6245.0  4.00062e-09
6250.0  3.93559e-09
6255.0  3.84753e-09
6260.0  3.83517e-09
6265.0  3.91726e-09
6270.0  3.9975e-09
6275.0  4.00646e-09
6280.0  4.00453e-09
6285.0  4.0658e-09
6290.0  4.08017e-09
6295.0  4.00501e-09
6300.0  3.95131e-09
6305.0  3.97533e-09
6310.0  4.01337e-09
6315.0  4.00925e-09
6320.0  4.03794e-09
6325.0  4.09496e-09
6330.0  4.11103e-09
6335.0  4.07439e-09
6340.0  4.06979e-09
6345.0  4.11457e-09
6350.0  4.13101e-09
6355.0  4.09105e-09
6360.0  4.05157e-09
6365.0  4.08007e-09
6370.0  4.13241e-09
6375.0  4.14234e-09
6380.0  4.11396e-09
6385.0  4.09417e-09
6390.0  4.05279e-09
6395.0  4.00374e-09
6400.0  3.98424e-09
6405.0  4.00983e-09
6410.0  4.04001e-09
6415.0  4.06325e-09
6420.0  4.07217e-09
6425.0  4.0991e-09
6430.0  4.10433e-09
6435.0  4.08638e-09
6440.0  4.06814e-09
6445.0  4.08799e-09
6450.0  4.08983e-09
6455.0  4.0812e-09
6460.0  4.03003e-09
6465.0  4.04117e-09
6470.0  4.08574e-09
6475.0  4.12205e-09
6480.0  4.14742e-09
6485.0  4.14882e-09
6490.0  4.05478e-09
6495.0  3.93478e-09
6500.0  3.95222e-09
6505.0  4.0672e-09
6510.0  4.1812e-09
6515.0  4.22788e-09
6520.0  4.23935e-09
6525.0  4.25339e-09
6530.0  4.26544e-09
6535.0  4.28129e-09
6540.0  4.26976e-09
6545.0  4.22275e-09
6550.0  4.15743e-09
6555.0  4.06208e-09
6560.0  3.95033e-09
6565.0  3.9986e-09
6570.0  4.09355e-09
6575.0  4.16268e-09
6580.0  4.20821e-09
6585.0  4.20364e-09
6590.0  4.17725e-09
6595.0  4.19286e-09
6600.0  4.22043e-09
6605.0  4.21151e-09
6610.0  4.22073e-09
6615.0  4.24544e-09
6620.0  4.24518e-09
6625.0  4.21392e-09
6630.0  4.17668e-09
6635.0  4.17138e-09
6640.0  4.1921e-09
6645.0  4.21988e-09
6650.0  4.24185e-09
6655.0  4.22721e-09
6660.0  4.19079e-09
6665.0  4.18069e-09
6670.0  4.16616e-09
6675.0  4.11578e-09
6680.0  4.11883e-09
6685.0  4.17233e-09
6690.0  4.19932e-09
6695.0  4.18735e-09
6700.0  4.17053e-09
6705.0  4.15842e-09
6710.0  4.12781e-09
6715.0  4.07564e-09
6720.0  4.08624e-09
6725.0  4.11413e-09
6730.0  4.13911e-09
6735.0  4.15551e-09
6740.0  4.13865e-09
6745.0  4.111e-09
6750.0  4.09947e-09
6755.0  4.1284e-09
6760.0  4.14218e-09
6765.0  4.11919e-09
6770.0  4.1042e-09
6775.0  4.12388e-09
6780.0  4.12643e-09
6785.0  4.10091e-09
6790.0  4.07525e-09
6795.0  4.07348e-09
6800.0  4.08337e-09
6805.0  4.08933e-09
6810.0  4.0935e-09
6815.0  4.1031e-09
6820.0  4.11307e-09
6825.0  4.12096e-09
6830.0  4.12533e-09
6835.0  4.12786e-09
6840.0  4.11257e-09
6845.0  4.10381e-09
6850.0  4.09435e-09
6855.0  4.08756e-09
6860.0  4.08493e-09
6865.0  4.08067e-09
6870.0  4.06683e-09
6875.0  4.04253e-09
6880.0  4.01784e-09
6885.0  4.00755e-09
6890.0  4.01926e-09
6895.0  4.04543e-09
6900.0  4.06759e-09
6905.0  4.07119e-09
6910.0  4.05708e-09
6915.0  4.04006e-09
6920.0  4.03651e-09
6925.0  4.05123e-09
6930.0  4.07465e-09
6935.0  4.09281e-09
6940.0  4.09932e-09
6945.0  4.09773e-09
6950.0  4.09554e-09
6955.0  4.09552e-09
6960.0  4.09192e-09
6965.0  4.0805e-09
6970.0  4.06287e-09
6975.0  4.03817e-09
6980.0  4.03128e-09
6985.0  4.07301e-09
6990.0  4.1012e-09
6995.0  4.11325e-09
7000.0  4.10275e-09
7005.0  4.08415e-09
7010.0  4.08701e-09
7015.0  4.08242e-09
7020.0  4.08141e-09
7025.0  4.0925e-09
7030.0  4.09985e-09
7035.0  4.09339e-09
7040.0  4.11553e-09
7045.0  4.14781e-09
7050.0  4.15844e-09
7055.0  4.13987e-09
7060.0  4.10042e-09
7065.0  4.09545e-09
7070.0  4.12383e-09
7075.0  4.15516e-09
7080.0  4.14622e-09
7085.0  4.11121e-09
7090.0  4.08203e-09
7095.0  4.08371e-09
7100.0  4.08685e-09
7105.0  4.0923e-09
7110.0  4.10193e-09
7115.0  4.12021e-09
7120.0  4.11368e-09
7125.0  4.09567e-09
7130.0  4.06997e-09
7135.0  4.06613e-09
7140.0  4.01968e-09
7145.0  3.949e-09
7150.0  3.94173e-09
7155.0  3.99954e-09
7160.0  4.03969e-09
7165.0  4.03154e-09
7170.0  4.00592e-09
7175.0  3.9575e-09
7180.0  3.88765e-09
7185.0  3.78211e-09
7190.0  3.75339e-09
7195.0  3.78803e-09
7200.0  3.80904e-09
7205.0  3.81472e-09
7210.0  3.87343e-09
7215.0  3.98433e-09
7220.0  4.07489e-09
7225.0  4.11626e-09
7230.0  4.10303e-09
7235.0  4.03353e-09
7240.0  3.9485e-09
7245.0  3.91261e-09
7250.0  3.91188e-09
7255.0  3.93552e-09
7260.0  3.98571e-09
7265.0  4.0083e-09
7270.0  4.01101e-09
7275.0  3.98057e-09
7280.0  3.97174e-09
7285.0  3.96887e-09
7290.0  3.95325e-09
7295.0  3.97716e-09
7300.0  3.98391e-09
7305.0  3.9712e-09
7310.0  3.97506e-09
7315.0  3.97643e-09
7320.0  3.98086e-09
7325.0  3.98455e-09
7330.0  4.01361e-09
7335.0  4.04072e-09
7340.0  4.05301e-09
7345.0  4.05344e-09
7350.0  4.04034e-09
7355.0  4.00339e-09
7360.0  3.98068e-09
7365.0  3.99323e-09
7370.0  4.03267e-09
7375.0  4.04991e-09
7380.0  4.02725e-09
7385.0  3.97131e-09
7390.0  3.94646e-09
7395.0  3.9706e-09
7400.0  3.96676e-09
7405.0  3.95452e-09
7410.0  3.94708e-09
7415.0  3.95487e-09
7420.0  3.97292e-09
7425.0  4.02415e-09
7430.0  4.04722e-09
7435.0  4.07231e-09
7440.0  4.08551e-09
7445.0  4.0674e-09
7450.0  4.03744e-09
7455.0  4.02366e-09
7460.0  4.02382e-09
7465.0  4.03003e-09
7470.0  4.04621e-09
7475.0  4.06866e-09
7480.0  4.0797e-09
7485.0  4.06539e-09
7490.0  4.02971e-09
7495.0  3.98588e-09
7500.0  3.94249e-09
7505.0  3.9092e-09
7510.0  3.90782e-09
7515.0  3.94575e-09
7520.0  3.98461e-09
7525.0  3.98788e-09
7530.0  3.97332e-09
7535.0  3.96761e-09
7540.0  3.96071e-09
7545.0  3.94255e-09
7550.0  3.93141e-09
7555.0  3.94393e-09
7560.0  3.96254e-09
7565.0  3.97398e-09
7570.0  3.97611e-09
7575.0  3.97752e-09
7580.0  3.98783e-09
7585.0  4.00565e-09
7590.0  4.01611e-09
7595.0  4.0029e-09
7600.0  3.96422e-09
7605.0  3.91687e-09
7610.0  3.88521e-09
7615.0  3.8827e-09
7620.0  3.90094e-09
7625.0  3.9173e-09
7630.0  3.91376e-09
7635.0  3.88973e-09
7640.0  3.85999e-09
7645.0  3.8409e-09
7650.0  3.83735e-09
7655.0  3.84306e-09
7660.0  3.85094e-09
7665.0  3.86137e-09
7670.0  3.88033e-09
7675.0  3.90927e-09
7680.0  3.93718e-09
7685.0  3.9453e-09
7690.0  3.92221e-09
7695.0  3.87558e-09
7700.0  3.83047e-09
7705.0  3.81413e-09
7710.0  3.83697e-09
7715.0  3.88491e-09
7720.0  3.92884e-09
7725.0  3.94288e-09
7730.0  3.92297e-09
7735.0  3.89778e-09
7740.0  3.85752e-09
7745.0  3.80093e-09
7750.0  3.77764e-09
7755.0  3.81815e-09
7760.0  3.87259e-09
7765.0  3.88776e-09
7770.0  3.87232e-09
7775.0  3.85785e-09
7780.0  3.85823e-09
7785.0  3.86966e-09
7790.0  3.88066e-09
7795.0  3.87626e-09
7800.0  3.84216e-09
7805.0  3.78888e-09
7810.0  3.7595e-09
7815.0  3.78241e-09
7820.0  3.83466e-09
7825.0  3.86593e-09
7830.0  3.83566e-09
7835.0  3.74982e-09
7840.0  3.67893e-09
7845.0  3.68617e-09
7850.0  3.74841e-09
7855.0  3.80513e-09
7860.0  3.83327e-09
7865.0  3.83248e-09
7870.0  3.80068e-09
7875.0  3.75427e-09
7880.0  3.72921e-09
7885.0  3.74068e-09
7890.0  3.76567e-09
7895.0  3.7732e-09
7900.0  3.75333e-09
7905.0  3.72181e-09
7910.0  3.70727e-09
7915.0  3.72338e-09
7920.0  3.75319e-09
7925.0  3.76364e-09
7930.0  3.72833e-09
7935.0  3.64883e-09
7940.0  3.56067e-09
7945.0  3.508e-09
7950.0  3.51943e-09
7955.0  3.58764e-09
7960.0  3.65829e-09
7965.0  3.68285e-09
7970.0  3.66797e-09
7975.0  3.64752e-09
7980.0  3.64724e-09
7985.0  3.6703e-09
7990.0  3.68761e-09
7995.0  3.67027e-09
8000.0  3.63507e-09
8005.0  3.61483e-09
8010.0  3.61376e-09
8015.0  3.62573e-09
8020.0  3.64242e-09
8025.0  3.65515e-09
8030.0  3.68235e-09
8035.0  3.72994e-09
8040.0  3.7437e-09
8045.0  3.69462e-09
8050.0  3.65349e-09
8055.0  3.68193e-09
8060.0  3.73095e-09
8065.0  3.73566e-09
8070.0  3.7112e-09
8075.0  3.69347e-09
8080.0  3.67843e-09
8085.0  3.65324e-09
8090.0  3.62536e-09
8095.0  3.607e-09
8100.0  3.60361e-09
8105.0  3.61317e-09
8110.0  3.61964e-09
8115.0  3.61308e-09
8120.0  3.61441e-09
8125.0  3.63968e-09
8130.0  3.66184e-09
8135.0  3.65352e-09
8140.0  3.63048e-09
8145.0  3.61744e-09
8150.0  3.61675e-09
8155.0  3.61993e-09
8160.0  3.61133e-09
8165.0  3.5835e-09
8170.0  3.56389e-09
8175.0  3.57025e-09
8180.0  3.56055e-09
8185.0  3.50024e-09
8190.0  3.42125e-09
8195.0  3.37588e-09
8200.0  3.40941e-09
8205.0  3.52358e-09
8210.0  3.62839e-09
8215.0  3.64426e-09
8220.0  3.59628e-09
8225.0  3.54273e-09
8230.0  3.51776e-09
8235.0  3.53186e-09
8240.0  3.57133e-09
8245.0  3.6125e-09
8250.0  3.62902e-09
8255.0  3.61274e-09
8260.0  3.59585e-09
8265.0  3.60572e-09
8270.0  3.61937e-09
8275.0  3.6097e-09
8280.0  3.59547e-09
8285.0  3.59868e-09
8290.0  3.60264e-09
8295.0  3.58793e-09
8300.0  3.5617e-09
8305.0  3.54057e-09
8310.0  3.53842e-09
8315.0  3.5516e-09
8320.0  3.54161e-09
8325.0  3.48596e-09
8330.0  3.43358e-09
8335.0  3.43377e-09
8340.0  3.46252e-09
8345.0  3.48187e-09
8350.0  3.4946e-09
8355.0  3.51001e-09
8360.0  3.51424e-09
8365.0  3.49867e-09
8370.0  3.49054e-09
8375.0  3.50704e-09
8380.0  3.50302e-09
8385.0  3.44801e-09
8390.0  3.40898e-09
8395.0  3.44784e-09
8400.0  3.51896e-09
8405.0  3.55515e-09
8410.0  3.54513e-09
8415.0  3.5061e-09
8420.0  3.46569e-09
8425.0  3.44351e-09
8430.0  3.42712e-09
8435.0  3.40782e-09
8440.0  3.42218e-09
8445.0  3.49286e-09
8450.0  3.56809e-09
8455.0  3.59525e-09
8460.0  3.59007e-09
8465.0  3.58679e-09
8470.0  3.58952e-09
8475.0  3.58921e-09
8480.0  3.58229e-09
8485.0  3.56094e-09
8490.0  3.50632e-09
8495.0  3.42509e-09
8500.0  3.38033e-09
8505.0  3.41505e-09
8510.0  3.46995e-09
8515.0  3.46889e-09
8520.0  3.42412e-09
8525.0  3.37521e-09
8530.0  3.32082e-09
8535.0  3.24222e-09
8540.0  3.09041e-09
8545.0  2.87662e-09
8550.0  2.81845e-09
8555.0  3.05733e-09
8560.0  3.36464e-09
8565.0  3.49109e-09
8570.0  3.47552e-09
8575.0  3.43977e-09
8580.0  3.41636e-09
8585.0  3.39665e-09
8590.0  3.38042e-09
8595.0  3.37045e-09
8600.0  3.35728e-09
8605.0  3.33444e-09
8610.0  3.31508e-09
8615.0  3.31201e-09
8620.0  3.32446e-09
8625.0  3.35251e-09
8630.0  3.40268e-09
8635.0  3.46681e-09
8640.0  3.50583e-09
8645.0  3.48806e-09
8650.0  3.43181e-09
8655.0  3.35926e-09
8660.0  3.22736e-09
8665.0  3.03704e-09
8670.0  2.9749e-09
8675.0  3.16268e-09
8680.0  3.40433e-09
8685.0  3.48389e-09
8690.0  3.42964e-09
8695.0  3.3651e-09
8700.0  3.39822e-09
8705.0  3.43901e-09
8710.0  3.48039e-09
8715.0  3.50156e-09
8720.0  3.49257e-09
8725.0  3.46432e-09
8730.0  3.43641e-09
8735.0  3.42074e-09
8740.0  3.41363e-09
8745.0  3.39932e-09
8750.0  3.36144e-09
8755.0  3.29576e-09
8760.0  3.21658e-09
8765.0  3.15092e-09
8770.0  3.12305e-09
8775.0  3.13896e-09
8780.0  3.18083e-09
8785.0  3.21717e-09
8790.0  3.22495e-09
8795.0  3.20705e-09
8800.0  3.18934e-09
8805.0  3.20027e-09
8810.0  3.24928e-09
8815.0  3.31988e-09
8820.0  3.3832e-09
8825.0  3.42029e-09
8830.0  3.43279e-09
8835.0  3.43457e-09
8840.0  3.43518e-09
8845.0  3.42989e-09
8850.0  3.40502e-09
8855.0  3.35381e-09
8860.0  3.28578e-09
8865.0  3.2222e-09
8870.0  3.18241e-09
8875.0  3.17199e-09
8880.0  3.18212e-09
8885.0  3.19936e-09
8890.0  3.21584e-09
8895.0  3.23201e-09
8900.0  3.25222e-09
8905.0  3.27815e-09
8910.0  3.30532e-09
8915.0  3.3255e-09
8920.0  3.33196e-09
8925.0  3.32363e-09
8930.0  3.30587e-09
8935.0  3.28798e-09
8940.0  3.27841e-09
8945.0  3.2806e-09
8950.0  3.29159e-09
8955.0  3.3048e-09
8960.0  3.31424e-09
8965.0  3.31817e-09
8970.0  3.31941e-09
8975.0  3.32165e-09
8980.0  3.32581e-09
8985.0  3.32901e-09
8990.0  3.32625e-09
8995.0  3.31352e-09
9000.0  3.29054e-09
9005.0  3.26095e-09
9010.0  3.23151e-09
9015.0  3.21055e-09
9020.0  3.2052e-09
9025.0  3.21799e-09
9030.0  3.24422e-09
9035.0  3.2734e-09
9040.0  3.295e-09
9045.0  3.30461e-09
9050.0  3.30574e-09
9055.0  3.30545e-09
9060.0  3.30642e-09
9065.0  3.30322e-09
9070.0  3.28665e-09
9075.0  3.25278e-09
9080.0  3.20837e-09
9085.0  3.16755e-09
9090.0  3.14197e-09
9095.0  3.13223e-09
9100.0  3.13445e-09
9105.0  3.1601e-09
9110.0  3.15895e-09
9115.0  3.1478e-09
9120.0  3.13284e-09
9125.0  3.11416e-09
9130.0  3.09179e-09
9135.0  3.06703e-09
9140.0  3.04454e-09
9145.0  3.03126e-09
9150.0  3.03135e-09
9155.0  3.04407e-09
9160.0  3.06448e-09
9165.0  3.0865e-09
9170.0  3.10638e-09
9175.0  3.12367e-09
9180.0  3.13905e-09
9185.0  3.15129e-09
9190.0  3.15715e-09
9195.0  3.15443e-09
9200.0  3.145e-09
9205.0  3.1352e-09
9210.0  3.13274e-09
9215.0  3.13931e-09
9220.0  3.14797e-09
9225.0  3.14625e-09
9230.0  3.12184e-09
9235.0  3.07131e-09
9240.0  3.00289e-09
9245.0  2.93303e-09
9250.0  2.87994e-09
9255.0  2.85488e-09
9260.0  2.85843e-09
9265.0  2.88173e-09
9270.0  2.91092e-09
9275.0  2.93503e-09
9280.0  2.95021e-09
9285.0  2.95952e-09
9290.0  2.96976e-09
9295.0  2.98448e-09
9300.0  3.0002e-09
9305.0  3.00816e-09
9310.0  2.99991e-09
9315.0  2.97369e-09
9320.0  2.93656e-09
9325.0  2.90028e-09
9330.0  2.87237e-09
9335.0  2.85267e-09
9340.0  2.83394e-09
9345.0  2.80821e-09
9350.0  2.77662e-09
9355.0  2.74655e-09
9360.0  2.72835e-09
9365.0  2.73142e-09
9370.0  2.75829e-09
9375.0  2.80881e-09
9380.0  2.88089e-09
9385.0  2.96678e-09
9390.0  3.04946e-09
9395.0  3.10679e-09
9400.0  3.11923e-09
9405.0  3.07932e-09
9410.0  3.00044e-09
9415.0  2.90488e-09
9420.0  2.81309e-09
9425.0  2.73786e-09
9430.0  2.68188e-09
9435.0  2.6463e-09
9440.0  2.63399e-09
9445.0  2.64581e-09
9450.0  2.67457e-09
9455.0  2.70685e-09
9460.0  2.72935e-09
9465.0  2.73652e-09
9470.0  2.73516e-09
9475.0  2.73555e-09
9480.0  2.74281e-09
9485.0  2.75461e-09
9490.0  2.76475e-09
9495.0  2.77226e-09
9500.0  2.7842e-09
9505.0  2.80979e-09
9510.0  2.85097e-09
9515.0  2.89841e-09
9520.0  2.93685e-09
9525.0  2.95531e-09
9530.0  2.95438e-09
9535.0  2.94341e-09
9540.0  2.9321e-09
9545.0  2.9231e-09
9550.0  2.91142e-09
9555.0  2.89084e-09
9560.0  2.86025e-09
9565.0  2.82549e-09
9570.0  2.79549e-09
9575.0  2.77615e-09
9580.0  2.76692e-09
9585.0  2.76285e-09
9590.0  2.75986e-09
9595.0  2.75865e-09
9600.0  2.76541e-09
9605.0  2.78755e-09
9610.0  2.82624e-09
9615.0  2.87431e-09
9620.0  2.91759e-09
9625.0  2.94164e-09
9630.0  2.94254e-09
9635.0  2.92745e-09
9640.0  2.91073e-09
9645.0  2.90512e-09
9650.0  2.91031e-09
9655.0  2.91661e-09
9660.0  2.91144e-09
9665.0  2.88733e-09
9670.0  2.84998e-09
9675.0  2.81012e-09
9680.0  2.77709e-09
9685.0  2.75571e-09
9690.0  2.74544e-09
9695.0  2.74712e-09
9700.0  2.76474e-09
9705.0  2.80095e-09
9710.0  2.85137e-09
9715.0  2.90296e-09
9720.0  2.93821e-09
9725.0  2.94403e-09
9730.0  2.92045e-09
9735.0  2.87848e-09
9740.0  2.8341e-09
9745.0  2.80027e-09
9750.0  2.77999e-09
9755.0  2.76889e-09
9760.0  2.76032e-09
9765.0  2.75053e-09
9770.0  2.74215e-09
9775.0  2.74235e-09
9780.0  2.75847e-09
9785.0  2.79271e-09
9790.0  2.83862e-09
9795.0  2.88263e-09
9800.0  2.90964e-09
9805.0  2.91011e-09
9810.0  2.88516e-09
9815.0  2.84622e-09
9820.0  2.80878e-09
9825.0  2.78472e-09
9830.0  2.77821e-09
9835.0  2.78465e-09
9840.0  2.79552e-09
9845.0  2.80417e-09
9850.0  2.80672e-09
9855.0  2.80306e-09
9860.0  2.79466e-09
9865.0  2.78301e-09
9870.0  2.77152e-09
9875.0  2.76375e-09
9880.0  2.76304e-09
9885.0  2.77103e-09
9890.0  2.78441e-09
9895.0  2.79791e-09
9900.0  2.80662e-09
9905.0  2.81023e-09
9910.0  2.80701e-09
9915.0  2.80101e-09
9920.0  2.79718e-09
9925.0  2.79865e-09
9930.0  2.80378e-09
9935.0  2.80913e-09
9940.0  2.81127e-09
9945.0  2.80866e-09
9950.0  2.80477e-09
9955.0  2.80495e-09
9960.0  2.81442e-09
9965.0  2.83505e-09
9970.0  2.86002e-09
9975.0  2.87914e-09
9980.0  2.88242e-09
9985.0  2.86503e-09
9990.0  2.83554e-09
9995.0  2.80768e-09
10000.0  2.7951e-09
10005.0  2.80561e-09
10010.0  2.83183e-09
10015.0  2.86054e-09
10020.0  2.87839e-09
10025.0  2.87668e-09
10030.0  2.85883e-09
10035.0  2.83286e-09
10040.0  2.8071e-09
10045.0  2.78781e-09
10050.0  2.77596e-09
10055.0  2.77044e-09
10060.0  2.76996e-09
10065.0  2.77309e-09
10070.0  2.77808e-09
10075.0  2.78303e-09
10080.0  2.78609e-09
10085.0  2.78575e-09
10090.0  2.7814e-09
10095.0  2.77277e-09
10100.0  2.75976e-09
10105.0  2.74335e-09
10110.0  2.72733e-09
10115.0  2.71663e-09
10120.0  2.71594e-09
10125.0  2.72686e-09
10130.0  2.74288e-09
10135.0  2.7544e-09
10140.0  2.75194e-09
10145.0  2.73057e-09
10150.0  2.69713e-09
10155.0  2.66301e-09
10160.0  2.6396e-09
10165.0  2.63391e-09
10170.0  2.64154e-09
10175.0  2.65375e-09
10180.0  2.66165e-09
10185.0  2.65964e-09
10190.0  2.65062e-09
10195.0  2.64074e-09
10200.0  2.63622e-09
10205.0  2.64037e-09
10210.0  2.64901e-09
10215.0  2.65508e-09
10220.0  2.65155e-09
10225.0  2.63474e-09
10230.0  2.60959e-09
10235.0  2.58441e-09
10240.0  2.56748e-09
10245.0  2.56397e-09
10250.0  2.57087e-09
10255.0  2.58203e-09
10260.0  2.59121e-09
10265.0  2.59447e-09
10270.0  2.59386e-09
10275.0  2.59372e-09
10280.0  2.59838e-09
10285.0  2.61002e-09
10290.0  2.62521e-09
10295.0  2.6383e-09
10300.0  2.6464e-09
10305.0  2.65793e-09
10310.0  2.65346e-09
10315.0  2.64669e-09
10320.0  2.64342e-09
10325.0  2.64564e-09
10330.0  2.65176e-09
10335.0  2.65878e-09
10340.0  2.66369e-09
10345.0  2.66459e-09
10350.0  2.66246e-09
10355.0  2.65938e-09
10360.0  2.65745e-09
10365.0  2.65791e-09
10370.0  2.65966e-09
10375.0  2.66074e-09
10380.0  2.65917e-09
10385.0  2.65412e-09
10390.0  2.64752e-09
10395.0  2.64242e-09
10400.0  2.64184e-09
10405.0  2.64717e-09
10410.0  2.65567e-09
10415.0  2.66298e-09
10420.0  2.6648e-09
10425.0  2.65851e-09
10430.0  2.64609e-09
10435.0  2.63121e-09
10440.0  2.61764e-09
10445.0  2.60809e-09
10450.0  2.60262e-09
10455.0  2.60025e-09
10460.0  2.5999e-09
10465.0  2.60073e-09
10470.0  2.60246e-09
10475.0  2.60503e-09
10480.0  2.60839e-09
10485.0  2.6122e-09
10490.0  2.61548e-09
10495.0  2.61696e-09
10500.0  2.61543e-09
10505.0  2.6103e-09
10510.0  2.60254e-09
10515.0  2.59376e-09
10520.0  2.58561e-09
10525.0  2.57945e-09
10530.0  2.57595e-09
10535.0  2.57552e-09
10540.0  2.57848e-09
10545.0  2.58455e-09
10550.0  2.59193e-09
10555.0  2.59826e-09
10560.0  2.60118e-09
10565.0  2.599e-09
10570.0  2.59185e-09
10575.0  2.58053e-09
10580.0  2.56598e-09
10585.0  2.54972e-09
10590.0  2.53483e-09
10595.0  2.52494e-09
10600.0  2.52365e-09
10605.0  2.53308e-09
10610.0  2.55169e-09
10615.0  2.57653e-09
10620.0  2.59299e-09
10625.0  2.54861e-09
10630.0  2.53878e-09
10635.0  2.53662e-09
10640.0  2.53446e-09
10645.0  2.53231e-09
10650.0  2.53015e-09
10655.0  2.528e-09
10660.0  2.52584e-09
10665.0  2.52369e-09
10670.0  2.52154e-09
10675.0  2.51939e-09
10680.0  2.51724e-09
10685.0  2.5151e-09
10690.0  2.51295e-09
10695.0  2.51081e-09
10700.0  2.50867e-09
10705.0  2.50653e-09
10710.0  2.50439e-09
10715.0  2.50225e-09
10720.0  2.50012e-09
10725.0  2.49798e-09
10730.0  2.49585e-09
10735.0  2.49372e-09
10740.0  2.49159e-09
10745.0  2.48946e-09
10750.0  2.48733e-09
10755.0  2.48521e-09
10760.0  2.48308e-09
10765.0  2.48096e-09
10770.0  2.47884e-09
10775.0  2.47672e-09
10780.0  2.4746e-09
10785.0  2.47248e-09
10790.0  2.47037e-09
10795.0  2.46826e-09
10800.0  2.46615e-09
10805.0  2.46404e-09
10810.0  2.46193e-09
10815.0  2.45982e-09
10820.0  2.45771e-09
10825.0  2.45561e-09
10830.0  2.45351e-09
10835.0  2.45141e-09
10840.0  2.44931e-09
10845.0  2.44721e-09
10850.0  2.44512e-09
10855.0  2.44302e-09
10860.0  2.44093e-09
10865.0  2.43883e-09
10870.0  2.43675e-09
10875.0  2.43465e-09
10880.0  2.43257e-09
10885.0  2.43049e-09
10890.0  2.4284e-09
10895.0  2.42632e-09
10900.0  2.42424e-09
10905.0  2.42216e-09
10910.0  2.42008e-09
10915.0  2.41801e-09
10920.0  2.41593e-09
10925.0  2.41386e-09
10930.0  2.41179e-09
10935.0  2.40972e-09
10940.0  2.40765e-09
10945.0  2.40559e-09
10950.0  2.40352e-09
10955.0  2.40146e-09
10960.0  2.3994e-09
10965.0  2.39734e-09
10970.0  2.39528e-09
10975.0  2.39323e-09
10980.0  2.39118e-09
10985.0  2.38912e-09
10990.0  2.38707e-09
10995.0  2.38502e-09
11000.0  2.38297e-09
11005.0  2.38092e-09
11010.0  2.37888e-09
11015.0  2.37684e-09
11020.0  2.3748e-09
11025.0  2.37275e-09
11030.0  2.37071e-09
11035.0  2.36868e-09
11040.0  2.36665e-09
11045.0  2.36461e-09
11050.0  2.36258e-09
11055.0  2.36055e-09
11060.0  2.35852e-09
11065.0  2.3565e-09
11070.0  2.35448e-09
11075.0  2.35245e-09
11080.0  2.35044e-09
11085.0  2.34841e-09
11090.0  2.34639e-09
11095.0  2.34438e-09
11100.0  2.34236e-09
11105.0  2.34036e-09
11110.0  2.33834e-09
11115.0  2.33633e-09
11120.0  2.33433e-09
11125.0  2.33232e-09
11130.0  2.33032e-09
11135.0  2.32832e-09
11140.0  2.32631e-09
11145.0  2.32432e-09
11150.0  2.32233e-09
11155.0  2.32033e-09
11160.0  2.31833e-09
11165.0  2.31634e-09
11170.0  2.31435e-09
11175.0  2.31237e-09
11180.0  2.31038e-09
11185.0  2.3084e-09
11190.0  2.30641e-09
11195.0  2.30443e-09
11200.0  2.30245e-09
11205.0  2.30048e-09
11210.0  2.2985e-09
11215.0  2.29653e-09
11220.0  2.29455e-09
11225.0  2.29258e-09
11230.0  2.29062e-09
11235.0  2.28865e-09
11240.0  2.28669e-09
11245.0  2.28473e-09
11250.0  2.28276e-09
11255.0  2.2808e-09
11260.0  2.27885e-09
11265.0  2.2769e-09
11270.0  2.27494e-09
11275.0  2.27299e-09
11280.0  2.27104e-09
11285.0  2.26909e-09
11290.0  2.26714e-09
11295.0  2.2652e-09
11300.0  2.26326e-09
11305.0  2.26132e-09
11310.0  2.25938e-09
11315.0  2.25744e-09
11320.0  2.25551e-09
11325.0  2.25357e-09
11330.0  2.25165e-09
11335.0  2.24971e-09
11340.0  2.24779e-09
11345.0  2.24586e-09
11350.0  2.24394e-09
11355.0  2.24201e-09
11360.0  2.2401e-09
11365.0  2.23818e-09
11370.0  2.23626e-09
11375.0  2.23435e-09
11380.0  2.23243e-09
11385.0  2.23052e-09
11390.0  2.22861e-09
11395.0  2.22671e-09
11400.0  2.2248e-09
11405.0  2.2229e-09
11410.0  2.221e-09
11415.0  2.2191e-09
11420.0  2.2172e-09
11425.0  2.21531e-09
11430.0  2.21342e-09
11435.0  2.21152e-09
11440.0  2.20964e-09
11445.0  2.20775e-09
11450.0  2.20586e-09
11455.0  2.20398e-09
11460.0  2.2021e-09
11465.0  2.20022e-09
11470.0  2.19834e-09
11475.0  2.19647e-09
11480.0  2.19459e-09
11485.0  2.19272e-09
11490.0  2.19085e-09
11495.0  2.18899e-09
11500.0  2.18712e-09
11505.0  2.18526e-09
11510.0  2.18339e-09
11515.0  2.18154e-09
11520.0  2.17968e-09
11525.0  2.17782e-09
11530.0  2.17597e-09
11535.0  2.17411e-09
11540.0  2.17227e-09
11545.0  2.17042e-09
11550.0  2.16857e-09
11555.0  2.16673e-09
11560.0  2.16489e-09
11565.0  2.16305e-09
11570.0  2.16121e-09
11575.0  2.15938e-09
11580.0  2.15754e-09
11585.0  2.15571e-09
11590.0  2.15388e-09
11595.0  2.15205e-09
11600.0  2.15023e-09
11605.0  2.14841e-09
11610.0  2.14658e-09
11615.0  2.14476e-09
11620.0  2.14295e-09
11625.0  2.14113e-09
11630.0  2.13932e-09
11635.0  2.13751e-09
11640.0  2.1357e-09
11645.0  2.1339e-09
11650.0  2.13209e-09
11655.0  2.13028e-09
11660.0  2.12849e-09
11665.0  2.12669e-09
11670.0  2.12489e-09
11675.0  2.1231e-09
11680.0  2.12131e-09
11685.0  2.11951e-09
11690.0  2.11773e-09
11695.0  2.11594e-09
11700.0  2.11416e-09
11705.0  2.11237e-09
11710.0  2.1106e-09
11715.0  2.10882e-09
11720.0  2.10704e-09
11725.0  2.10527e-09
11730.0  2.1035e-09
11735.0  2.10173e-09
11740.0  2.09997e-09
11745.0  2.0982e-09
11750.0  2.09644e-09
11755.0  2.09468e-09
11760.0  2.09292e-09
11765.0  2.09116e-09
11770.0  2.08941e-09
11775.0  2.08766e-09
11780.0  2.08591e-09
11785.0  2.08416e-09
11790.0  2.08242e-09
11795.0  2.08067e-09
11800.0  2.07893e-09
11805.0  2.0772e-09
11810.0  2.07546e-09
11815.0  2.07373e-09
11820.0  2.07199e-09
11825.0  2.07027e-09
11830.0  2.06854e-09
11835.0  2.06681e-09
11840.0  2.06508e-09
11845.0  2.06336e-09
11850.0  2.06165e-09
11855.0  2.05993e-09
11860.0  2.05822e-09
11865.0  2.0565e-09
11870.0  2.05479e-09
11875.0  2.05309e-09
11880.0  2.05138e-09
11885.0  2.04968e-09
11890.0  2.04798e-09
11895.0  2.04628e-09
11900.0  2.04458e-09
11905.0  2.04289e-09
11910.0  2.04119e-09
11915.0  2.0395e-09
11920.0  2.03781e-09
11925.0  2.03613e-09
11930.0  2.03445e-09
11935.0  2.03277e-09
11940.0  2.03109e-09
11945.0  2.02941e-09
11950.0  2.02774e-09
11955.0  2.02607e-09
11960.0  2.0244e-09
11965.0  2.02273e-09
11970.0  2.02107e-09
11975.0  2.0194e-09
11980.0  2.01774e-09
11985.0  2.01608e-09
11990.0  2.01443e-09
11995.0  2.01277e-09
12000.0  2.01113e-09
12005.0  2.00947e-09
12010.0  2.00783e-09
12015.0  2.00618e-09
12020.0  2.00454e-09
12025.0  2.0029e-09
12030.0  2.00127e-09
12035.0  1.99963e-09
12040.0  1.998e-09
12045.0  1.99637e-09
12050.0  1.99474e-09
12055.0  1.99312e-09
12060.0  1.99149e-09
12065.0  1.98988e-09
12070.0  1.98826e-09
12075.0  1.98664e-09
12080.0  1.98503e-09
12085.0  1.98341e-09
12090.0  1.9818e-09
12095.0  1.9802e-09
12100.0  1.97859e-09
12105.0  1.97699e-09
12110.0  1.97539e-09
12115.0  1.9738e-09
12120.0  1.9722e-09
12125.0  1.97061e-09
12130.0  1.96902e-09
12135.0  1.96743e-09
12140.0  1.96584e-09
12145.0  1.96426e-09
12150.0  1.96268e-09
12155.0  1.9611e-09
12160.0  1.95953e-09
12165.0  1.95795e-09
12170.0  1.95638e-09
12175.0  1.95481e-09
12180.0  1.95325e-09
12185.0  1.95168e-09
12190.0  1.95012e-09
12195.0  1.94856e-09
12200.0  1.94701e-09
12205.0  1.94546e-09
12210.0  1.9439e-09
12215.0  1.94236e-09
12220.0  1.94081e-09
12225.0  1.93927e-09
12230.0  1.93772e-09
12235.0  1.93619e-09
12240.0  1.93465e-09
12245.0  1.93311e-09
12250.0  1.93158e-09
12255.0  1.93006e-09
12260.0  1.92853e-09
12265.0  1.927e-09
12270.0  1.92548e-09
12275.0  1.92396e-09
12280.0  1.92244e-09
12285.0  1.92093e-09
12290.0  1.91941e-09
12295.0  1.9179e-09
12300.0  1.9164e-09
12305.0  1.91489e-09
12310.0  1.91339e-09
12315.0  1.91188e-09
12320.0  1.91039e-09
12325.0  1.90889e-09
12330.0  1.9074e-09
12335.0  1.90591e-09
12340.0  1.90442e-09
12345.0  1.90293e-09
12350.0  1.90145e-09
12355.0  1.89997e-09
12360.0  1.89848e-09
12365.0  1.89701e-09
12370.0  1.89553e-09
12375.0  1.89406e-09
12380.0  1.89259e-09
12385.0  1.89112e-09
12390.0  1.88966e-09
12395.0  1.8882e-09
12400.0  1.88674e-09
12405.0  1.88527e-09
12410.0  1.88382e-09
12415.0  1.88237e-09
12420.0  1.88091e-09
12425.0  1.87947e-09
12430.0  1.87802e-09
12435.0  1.87658e-09
12440.0  1.87513e-09
12445.0  1.8737e-09
12450.0  1.87226e-09
12455.0  1.87082e-09
12460.0  1.86939e-09
12465.0  1.86796e-09
12470.0  1.86653e-09
12475.0  1.8651e-09
12480.0  1.86368e-09
12485.0  1.86226e-09
12490.0  1.86084e-09
12495.0  1.85942e-09
12500.0  1.858e-09
12505.0  1.85659e-09
12510.0  1.85518e-09
12515.0  1.85377e-09
12520.0  1.85237e-09
12525.0  1.85096e-09
12530.0  1.84956e-09
12535.0  1.84816e-09
12540.0  1.84677e-09
12545.0  1.84537e-09
12550.0  1.84398e-09
12555.0  1.84259e-09
12560.0  1.8412e-09
12565.0  1.83981e-09
12570.0  1.83843e-09
12575.0  1.83705e-09
12580.0  1.83567e-09
12585.0  1.83429e-09
12590.0  1.83291e-09
12595.0  1.83154e-09
12600.0  1.83017e-09
12605.0  1.82881e-09
12610.0  1.82744e-09
12615.0  1.82608e-09
12620.0  1.82471e-09
12625.0  1.82335e-09
12630.0  1.822e-09
12635.0  1.82064e-09
12640.0  1.81928e-09
12645.0  1.81794e-09
12650.0  1.81659e-09
12655.0  1.81524e-09
12660.0  1.8139e-09
12665.0  1.81255e-09
12670.0  1.81122e-09
12675.0  1.80988e-09
12680.0  1.80854e-09
12685.0  1.8072e-09
12690.0  1.80587e-09
12695.0  1.80454e-09
12700.0  1.80322e-09
12705.0  1.80189e-09
12710.0  1.80057e-09
12715.0  1.79925e-09
12720.0  1.79793e-09
12725.0  1.79661e-09
12730.0  1.79529e-09
12735.0  1.79398e-09
12740.0  1.79267e-09
12745.0  1.79137e-09
12750.0  1.79006e-09
12755.0  1.78876e-09
12760.0  1.78745e-09
12765.0  1.78616e-09
12770.0  1.78485e-09
12775.0  1.78356e-09
12780.0  1.78227e-09
12785.0  1.78098e-09
12790.0  1.77969e-09
12795.0  1.7784e-09
12800.0  1.77711e-09
12805.0  1.77583e-09
12810.0  1.77455e-09
12815.0  1.77327e-09
12820.0  1.77199e-09
12825.0  1.77071e-09
12830.0  1.76944e-09
12835.0  1.76817e-09
12840.0  1.7669e-09
12845.0  1.76563e-09
12850.0  1.76437e-09
12855.0  1.7631e-09
12860.0  1.76184e-09
12865.0  1.76058e-09
12870.0  1.75933e-09
12875.0  1.75807e-09
12880.0  1.75682e-09
12885.0  1.75557e-09
12890.0  1.75432e-09
12895.0  1.75307e-09
12900.0  1.75183e-09
12905.0  1.75058e-09
12910.0  1.74934e-09
12915.0  1.74811e-09
12920.0  1.74687e-09
12925.0  1.74563e-09
12930.0  1.7444e-09
12935.0  1.74317e-09
12940.0  1.74194e-09
12945.0  1.74071e-09
12950.0  1.73949e-09
12955.0  1.73826e-09
12960.0  1.73704e-09
12965.0  1.73582e-09
12970.0  1.7346e-09
12975.0  1.73339e-09
12980.0  1.73218e-09
12985.0  1.73097e-09
12990.0  1.72976e-09
12995.0  1.72855e-09
13000.0  1.72734e-09
13005.0  1.72614e-09
13010.0  1.72494e-09
13015.0  1.72373e-09
13020.0  1.72254e-09
13025.0  1.72134e-09
13030.0  1.72015e-09
13035.0  1.71896e-09
13040.0  1.71776e-09
13045.0  1.71658e-09
13050.0  1.71539e-09
13055.0  1.7142e-09
13060.0  1.71302e-09
13065.0  1.71184e-09
13070.0  1.71066e-09
13075.0  1.70948e-09
13080.0  1.70831e-09
13085.0  1.70713e-09
13090.0  1.70596e-09
13095.0  1.70479e-09
13100.0  1.70362e-09
13105.0  1.70246e-09
13110.0  1.70129e-09
13115.0  1.70013e-09
13120.0  1.69897e-09
13125.0  1.69782e-09
13130.0  1.69666e-09
13135.0  1.6955e-09
13140.0  1.69435e-09
13145.0  1.6932e-09
13150.0  1.69205e-09
13155.0  1.6909e-09
13160.0  1.68976e-09
13165.0  1.68861e-09
13170.0  1.68747e-09
13175.0  1.68633e-09
13180.0  1.68519e-09
13185.0  1.68405e-09
13190.0  1.68292e-09
13195.0  1.68178e-09
13200.0  1.68065e-09
13205.0  1.67953e-09
13210.0  1.6784e-09
13215.0  1.67727e-09
13220.0  1.67615e-09
13225.0  1.67502e-09
13230.0  1.6739e-09
13235.0  1.67278e-09
13240.0  1.67167e-09
13245.0  1.67055e-09
13250.0  1.66944e-09
13255.0  1.66833e-09
13260.0  1.66722e-09
13265.0  1.66611e-09
13270.0  1.665e-09
13275.0  1.6639e-09
13280.0  1.6628e-09
13285.0  1.66169e-09
13290.0  1.66059e-09
13295.0  1.65949e-09
13300.0  1.6584e-09
13305.0  1.65731e-09
13310.0  1.65621e-09
13315.0  1.65512e-09
13320.0  1.65403e-09
13325.0  1.65295e-09
13330.0  1.65186e-09
13335.0  1.65077e-09
13340.0  1.64969e-09
13345.0  1.64861e-09
13350.0  1.64754e-09
13355.0  1.64646e-09
13360.0  1.64538e-09
13365.0  1.64431e-09
13370.0  1.64323e-09
13375.0  1.64216e-09
13380.0  1.6411e-09
13385.0  1.64003e-09
13390.0  1.63896e-09
13395.0  1.6379e-09
13400.0  1.63684e-09
13405.0  1.63578e-09
13410.0  1.63472e-09
13415.0  1.63366e-09
13420.0  1.63261e-09
13425.0  1.63155e-09
13430.0  1.6305e-09
13435.0  1.62945e-09
13440.0  1.6284e-09
13445.0  1.62735e-09
13450.0  1.62631e-09
13455.0  1.62526e-09
13460.0  1.62422e-09
13465.0  1.62318e-09
13470.0  1.62214e-09
13475.0  1.6211e-09
13480.0  1.62007e-09
13485.0  1.61904e-09
13490.0  1.618e-09
13495.0  1.61697e-09
13500.0  1.61594e-09
13505.0  1.61491e-09
13510.0  1.61389e-09
13515.0  1.61286e-09
13520.0  1.61184e-09
13525.0  1.61082e-09
13530.0  1.6098e-09
13535.0  1.60878e-09
13540.0  1.60776e-09
13545.0  1.60675e-09
13550.0  1.60574e-09
13555.0  1.60472e-09
13560.0  1.60371e-09
13565.0  1.6027e-09
13570.0  1.6017e-09
13575.0  1.60069e-09
13580.0  1.59969e-09
13585.0  1.59868e-09
13590.0  1.59768e-09
13595.0  1.59668e-09
13600.0  1.59568e-09
13605.0  1.59469e-09
13610.0  1.59369e-09
13615.0  1.5927e-09
13620.0  1.59171e-09
13625.0  1.59072e-09
13630.0  1.58973e-09
13635.0  1.58874e-09
13640.0  1.58776e-09
13645.0  1.58677e-09
13650.0  1.58579e-09
13655.0  1.58481e-09
13660.0  1.58383e-09
13665.0  1.58285e-09
13670.0  1.58187e-09
13675.0  1.5809e-09
13680.0  1.57992e-09
13685.0  1.57895e-09
13690.0  1.57798e-09
13695.0  1.57701e-09
13700.0  1.57604e-09
13705.0  1.57507e-09
13710.0  1.57411e-09
13715.0  1.57315e-09
13720.0  1.57218e-09
13725.0  1.57122e-09
13730.0  1.57026e-09
13735.0  1.5693e-09
13740.0  1.56835e-09
13745.0  1.56739e-09
13750.0  1.56644e-09
13755.0  1.56549e-09
13760.0  1.56454e-09
13765.0  1.56359e-09
13770.0  1.56264e-09
13775.0  1.56169e-09
13780.0  1.56075e-09
13785.0  1.55981e-09
13790.0  1.55886e-09
13795.0  1.55792e-09
13800.0  1.55698e-09
13805.0  1.55604e-09
13810.0  1.55511e-09
13815.0  1.55418e-09
13820.0  1.55324e-09
13825.0  1.55231e-09
13830.0  1.55138e-09
13835.0  1.55044e-09
13840.0  1.54952e-09
13845.0  1.54859e-09
13850.0  1.54767e-09
13855.0  1.54675e-09
13860.0  1.54582e-09
13865.0  1.5449e-09
13870.0  1.54398e-09
13875.0  1.54306e-09
13880.0  1.54214e-09
13885.0  1.54123e-09
13890.0  1.54031e-09
13895.0  1.5394e-09
13900.0  1.53849e-09
13905.0  1.53758e-09
13910.0  1.53667e-09
13915.0  1.53576e-09
13920.0  1.53485e-09
13925.0  1.53395e-09
13930.0  1.53305e-09
13935.0  1.53214e-09
13940.0  1.53124e-09
13945.0  1.53034e-09
13950.0  1.52944e-09
13955.0  1.52855e-09
13960.0  1.52765e-09
13965.0  1.52675e-09
13970.0  1.52586e-09
13975.0  1.52497e-09
13980.0  1.52408e-09
13985.0  1.52319e-09
13990.0  1.5223e-09
13995.0  1.52141e-09
14000.0  1.52053e-09
14005.0  1.51964e-09
14010.0  1.51876e-09
14015.0  1.51788e-09
14020.0  1.51699e-09
14025.0  1.51611e-09
14030.0  1.51524e-09
14035.0  1.51436e-09
14040.0  1.51348e-09
14045.0  1.51261e-09
14050.0  1.51174e-09
14055.0  1.51086e-09
14060.0  1.50999e-09
14065.0  1.50912e-09
14070.0  1.50826e-09
14075.0  1.50739e-09
14080.0  1.50652e-09
14085.0  1.50566e-09
14090.0  1.5048e-09
14095.0  1.50393e-09
14100.0  1.50307e-09
14105.0  1.50221e-09
14110.0  1.50135e-09
14115.0  1.50049e-09
14120.0  1.49964e-09
14125.0  1.49878e-09
14130.0  1.49793e-09
14135.0  1.49708e-09
14140.0  1.49623e-09
14145.0  1.49538e-09
14150.0  1.49453e-09
14155.0  1.49368e-09
14160.0  1.49283e-09
14165.0  1.49199e-09
14170.0  1.49114e-09
14175.0  1.4903e-09
14180.0  1.48946e-09
14185.0  1.48861e-09
14190.0  1.48777e-09
14195.0  1.48694e-09
14200.0  1.4861e-09
14205.0  1.48526e-09
14210.0  1.48443e-09
14215.0  1.48359e-09
14220.0  1.48276e-09
14225.0  1.48193e-09
14230.0  1.4811e-09
14235.0  1.48027e-09
14240.0  1.47944e-09
14245.0  1.47861e-09
14250.0  1.47779e-09
14255.0  1.47696e-09
14260.0  1.47614e-09
14265.0  1.47532e-09
14270.0  1.47449e-09
14275.0  1.47367e-09
14280.0  1.47285e-09
14285.0  1.47203e-09
14290.0  1.47121e-09
14295.0  1.4704e-09
14300.0  1.46958e-09
14305.0  1.46877e-09
14310.0  1.46796e-09
14315.0  1.46714e-09
14320.0  1.46633e-09
14325.0  1.46552e-09
14330.0  1.46471e-09
14335.0  1.4639e-09
14340.0  1.4631e-09
14345.0  1.46229e-09
14350.0  1.46149e-09
14355.0  1.46069e-09
14360.0  1.45988e-09
14365.0  1.45908e-09
14370.0  1.45828e-09
14375.0  1.45748e-09
14380.0  1.45668e-09
14385.0  1.45588e-09
14390.0  1.45509e-09
14395.0  1.45429e-09
14400.0  1.45349e-09
14405.0  1.4527e-09
14410.0  1.45191e-09
14415.0  1.45112e-09
14420.0  1.45033e-09
14425.0  1.44953e-09
14430.0  1.44875e-09
14435.0  1.44796e-09
14440.0  1.44718e-09
14445.0  1.44639e-09
14450.0  1.44561e-09
14455.0  1.44482e-09
14460.0  1.44404e-09
14465.0  1.44326e-09
14470.0  1.44247e-09
14475.0  1.4417e-09
14480.0  1.44092e-09
14485.0  1.44014e-09
14490.0  1.43936e-09
14495.0  1.43859e-09
14500.0  1.43781e-09
14505.0  1.43704e-09
14510.0  1.43626e-09
14515.0  1.43549e-09
14520.0  1.43472e-09
14525.0  1.43395e-09
14530.0  1.43318e-09
14535.0  1.43241e-09
14540.0  1.43165e-09
14545.0  1.43088e-09
14550.0  1.43012e-09
14555.0  1.42935e-09
14560.0  1.42858e-09
14565.0  1.42782e-09
14570.0  1.42706e-09
14575.0  1.4263e-09
14580.0  1.42554e-09
14585.0  1.42478e-09
14590.0  1.42402e-09
14595.0  1.42326e-09
14600.0  1.42251e-09
14605.0  1.42175e-09
14610.0  1.421e-09
14615.0  1.42024e-09
14620.0  1.41949e-09
14625.0  1.41874e-09
14630.0  1.41798e-09
14635.0  1.41723e-09
14640.0  1.41648e-09
14645.0  1.41573e-09
14650.0  1.41499e-09
14655.0  1.41424e-09
14660.0  1.41349e-09
14665.0  1.41274e-09
14670.0  1.412e-09
14675.0  1.41126e-09
14680.0  1.41051e-09
14685.0  1.40977e-09
14690.0  1.40903e-09
14695.0  1.40829e-09
14700.0  1.40755e-09
14705.0  1.40681e-09
14710.0  1.40607e-09
14715.0  1.40534e-09
14720.0  1.4046e-09
14725.0  1.40386e-09
14730.0  1.40313e-09
14735.0  1.40239e-09
14740.0  1.40166e-09
14745.0  1.40093e-09
14750.0  1.4002e-09
14755.0  1.39947e-09
14760.0  1.39873e-09
14765.0  1.398e-09
14770.0  1.39728e-09
14775.0  1.39655e-09
14780.0  1.39582e-09
14785.0  1.39509e-09
14790.0  1.39437e-09
14795.0  1.39364e-09
14800.0  1.39292e-09
14805.0  1.39219e-09
14810.0  1.39147e-09
14815.0  1.39075e-09
14820.0  1.39003e-09
14825.0  1.38931e-09
14830.0  1.38859e-09
14835.0  1.38787e-09
14840.0  1.38715e-09
14845.0  1.38644e-09
14850.0  1.38572e-09
14855.0  1.385e-09
14860.0  1.38428e-09
14865.0  1.38357e-09
14870.0  1.38286e-09
14875.0  1.38214e-09
14880.0  1.38143e-09
14885.0  1.38072e-09
14890.0  1.38001e-09
14895.0  1.3793e-09
14900.0  1.37859e-09
14905.0  1.37788e-09
14910.0  1.37717e-09
14915.0  1.37646e-09
14920.0  1.37575e-09
14925.0  1.37505e-09
14930.0  1.37434e-09
14935.0  1.37363e-09
14940.0  1.37293e-09
14945.0  1.37222e-09
14950.0  1.37153e-09
14955.0  1.37082e-09
14960.0  1.37012e-09
14965.0  1.36942e-09
14970.0  1.36872e-09
14975.0  1.36802e-09
14980.0  1.36732e-09
14985.0  1.36662e-09
14990.0  1.36592e-09
14995.0  1.36522e-09
15000.0  1.36452e-09
15005.0  1.36383e-09
15010.0  1.36314e-09
15015.0  1.36244e-09
15020.0  1.36174e-09
15025.0  1.36105e-09
15030.0  1.36035e-09
15035.0  1.35966e-09
15040.0  1.35897e-09
15045.0  1.35828e-09
15050.0  1.35759e-09
15055.0  1.3569e-09
15060.0  1.35621e-09
15065.0  1.35552e-09
15070.0  1.35483e-09
15075.0  1.35414e-09
15080.0  1.35345e-09
15085.0  1.35277e-09
15090.0  1.35208e-09
15095.0  1.3514e-09
15100.0  1.35071e-09
15105.0  1.35003e-09
15110.0  1.34934e-09
15115.0  1.34866e-09
15120.0  1.34798e-09
15125.0  1.34729e-09
15130.0  1.34661e-09
15135.0  1.34593e-09
15140.0  1.34525e-09
15145.0  1.34457e-09
15150.0  1.34389e-09
15155.0  1.34321e-09
15160.0  1.34253e-09
15165.0  1.34185e-09
15170.0  1.34117e-09
15175.0  1.3405e-09
15180.0  1.33982e-09
15185.0  1.33914e-09
15190.0  1.33847e-09
15195.0  1.33779e-09
15200.0  1.33712e-09
15205.0  1.33644e-09
15210.0  1.33577e-09
15215.0  1.33509e-09
15220.0  1.33442e-09
15225.0  1.33375e-09
15230.0  1.33307e-09
15235.0  1.33241e-09
15240.0  1.33173e-09
15245.0  1.33106e-09
15250.0  1.33039e-09
15255.0  1.32972e-09
15260.0  1.32905e-09
15265.0  1.32838e-09
15270.0  1.32771e-09
15275.0  1.32705e-09
15280.0  1.32638e-09
15285.0  1.32571e-09
15290.0  1.32505e-09
15295.0  1.32438e-09
15300.0  1.32371e-09
15305.0  1.32305e-09
15310.0  1.32238e-09
15315.0  1.32172e-09
15320.0  1.32106e-09
15325.0  1.32039e-09
15330.0  1.31973e-09
15335.0  1.31907e-09
15340.0  1.3184e-09
15345.0  1.31774e-09
15350.0  1.31708e-09
15355.0  1.31642e-09
15360.0  1.31576e-09
15365.0  1.31509e-09
15370.0  1.31444e-09
15375.0  1.31377e-09
15380.0  1.31312e-09
15385.0  1.31245e-09
15390.0  1.3118e-09
15395.0  1.31114e-09
15400.0  1.31048e-09
15405.0  1.30982e-09
15410.0  1.30916e-09
15415.0  1.30851e-09
15420.0  1.30785e-09
15425.0  1.30719e-09
15430.0  1.30654e-09
15435.0  1.30588e-09
15440.0  1.30522e-09
15445.0  1.30457e-09
15450.0  1.30391e-09
15455.0  1.30326e-09
15460.0  1.30261e-09
15465.0  1.30196e-09
15470.0  1.3013e-09
15475.0  1.30065e-09
15480.0  1.3e-09
15485.0  1.29934e-09
15490.0  1.29869e-09
15495.0  1.29804e-09
15500.0  1.29738e-09
15505.0  1.29673e-09
15510.0  1.29608e-09
15515.0  1.29543e-09
15520.0  1.29478e-09
15525.0  1.29413e-09
15530.0  1.29348e-09
15535.0  1.29283e-09
15540.0  1.29218e-09
15545.0  1.29153e-09
15550.0  1.29088e-09
15555.0  1.29023e-09
15560.0  1.28959e-09
15565.0  1.28894e-09
15570.0  1.28829e-09
15575.0  1.28764e-09
15580.0  1.28699e-09
15585.0  1.28635e-09
15590.0  1.2857e-09
15595.0  1.28505e-09
15600.0  1.28441e-09
15605.0  1.28376e-09
15610.0  1.28311e-09
15615.0  1.28247e-09
15620.0  1.28182e-09
15625.0  1.28118e-09
15630.0  1.28053e-09
15635.0  1.27989e-09
15640.0  1.27924e-09
15645.0  1.2786e-09
15650.0  1.27795e-09
15655.0  1.27731e-09
15660.0  1.27666e-09
15665.0  1.27602e-09
15670.0  1.27538e-09
15675.0  1.27473e-09
15680.0  1.27409e-09
15685.0  1.27344e-09
15690.0  1.2728e-09
15695.0  1.27216e-09
15700.0  1.27152e-09
15705.0  1.27087e-09
15710.0  1.27023e-09
15715.0  1.26959e-09
15720.0  1.26895e-09
15725.0  1.2683e-09
15730.0  1.26766e-09
15735.0  1.26702e-09
15740.0  1.26638e-09
15745.0  1.26574e-09
15750.0  1.2651e-09
15755.0  1.26446e-09
15760.0  1.26381e-09
15765.0  1.26317e-09
15770.0  1.26253e-09
15775.0  1.26189e-09
15780.0  1.26125e-09
15785.0  1.26061e-09
15790.0  1.25997e-09
15795.0  1.25933e-09
15800.0  1.25869e-09
15805.0  1.25805e-09
15810.0  1.25741e-09
15815.0  1.25677e-09
15820.0  1.25613e-09
15825.0  1.25549e-09
15830.0  1.25485e-09
15835.0  1.25421e-09
15840.0  1.25357e-09
15845.0  1.25293e-09
15850.0  1.25229e-09
15855.0  1.25165e-09
15860.0  1.25101e-09
15865.0  1.25037e-09
15870.0  1.24973e-09
15875.0  1.24909e-09
15880.0  1.24845e-09
15885.0  1.24782e-09
15890.0  1.24717e-09
15895.0  1.24653e-09
15900.0  1.2459e-09
15905.0  1.24526e-09
15910.0  1.24462e-09
15915.0  1.24398e-09
15920.0  1.24334e-09
15925.0  1.2427e-09
15930.0  1.24206e-09
15935.0  1.24142e-09
15940.0  1.24078e-09
15945.0  1.24015e-09
15950.0  1.23951e-09
15955.0  1.23887e-09
15960.0  1.23823e-09
15965.0  1.23759e-09
15970.0  1.23695e-09
15975.0  1.23631e-09
15980.0  1.23567e-09
15985.0  1.23503e-09
15990.0  1.2344e-09
15995.0  1.23375e-09
16000.0  1.23311e-09
16005.0  1.23247e-09
16010.0  1.23184e-09
16015.0  1.2312e-09
16020.0  1.23056e-09
16025.0  1.22992e-09
16030.0  1.22928e-09
16035.0  1.22864e-09
16040.0  1.228e-09
16045.0  1.22736e-09
16050.0  1.22672e-09
16055.0  1.22608e-09
16060.0  1.22544e-09
16065.0  1.2248e-09
16070.0  1.22416e-09
16075.0  1.22352e-09
16080.0  1.22288e-09
16085.0  1.22224e-09
16090.0  1.2216e-09
16095.0  1.22096e-09
16100.0  1.22032e-09
16105.0  1.21968e-09
16110.0  1.21903e-09
16115.0  1.21839e-09
16120.0  1.21775e-09
16125.0  1.21711e-09
16130.0  1.21647e-09
16135.0  1.21583e-09
16140.0  1.21519e-09
16145.0  1.21454e-09
16150.0  1.2139e-09
16155.0  1.21326e-09
16160.0  1.21262e-09
16165.0  1.21198e-09
16170.0  1.21133e-09
16175.0  1.21069e-09
16180.0  1.21005e-09
16185.0  1.2094e-09
16190.0  1.20876e-09
16195.0  1.20812e-09
16200.0  1.20747e-09
16205.0  1.20683e-09
16210.0  1.20619e-09
16215.0  1.20554e-09
16220.0  1.2049e-09
16225.0  1.20425e-09
16230.0  1.20361e-09
16235.0  1.20297e-09
16240.0  1.20232e-09
16245.0  1.20167e-09
16250.0  1.20103e-09
16255.0  1.20038e-09
16260.0  1.19974e-09
16265.0  1.19909e-09
16270.0  1.19845e-09
16275.0  1.1978e-09
16280.0  1.19715e-09
16285.0  1.19651e-09
16290.0  1.19586e-09
16295.0  1.19521e-09
16300.0  1.19457e-09
16305.0  1.19392e-09
16310.0  1.19327e-09
16315.0  1.19262e-09
16320.0  1.19197e-09
16325.0  1.19132e-09
16330.0  1.19067e-09
16335.0  1.19002e-09
16340.0  1.18938e-09
16345.0  1.18873e-09
16350.0  1.18807e-09
16355.0  1.18742e-09
16360.0  1.18677e-09
16365.0  1.18612e-09
16370.0  1.18547e-09
16375.0  1.18482e-09
16380.0  1.18417e-09
16385.0  1.18352e-09
16390.0  1.18287e-09
16395.0  1.18222e-09
16400.0  1.18156e-09
16405.0  1.18091e-09
16410.0  1.18026e-09
16415.0  1.1796e-09
16420.0  1.17895e-09
16425.0  1.1783e-09
16430.0  1.17764e-09
16435.0  1.17699e-09
16440.0  1.17633e-09
16445.0  1.17568e-09
16450.0  1.17502e-09
16455.0  1.17437e-09
16460.0  1.17371e-09
16465.0  1.17306e-09
16470.0  1.1724e-09
16475.0  1.17175e-09
16480.0  1.17109e-09
16485.0  1.17043e-09
16490.0  1.16978e-09
16495.0  1.16912e-09
16500.0  1.16846e-09
16505.0  1.16781e-09
16510.0  1.16715e-09
16515.0  1.16649e-09
16520.0  1.16583e-09
16525.0  1.16517e-09
16530.0  1.16451e-09
16535.0  1.16386e-09
16540.0  1.1632e-09
16545.0  1.16254e-09
16550.0  1.16188e-09
16555.0  1.16122e-09
16560.0  1.16056e-09
16565.0  1.1599e-09
16570.0  1.15924e-09
16575.0  1.15858e-09
16580.0  1.15792e-09
16585.0  1.15726e-09
16590.0  1.15659e-09
16595.0  1.15594e-09
16600.0  1.15527e-09
16605.0  1.15461e-09
16610.0  1.15395e-09
16615.0  1.15329e-09
16620.0  1.15262e-09
16625.0  1.15196e-09
16630.0  1.1513e-09
16635.0  1.15064e-09
16640.0  1.14997e-09
16645.0  1.14931e-09
16650.0  1.14865e-09
16655.0  1.14798e-09
16660.0  1.14732e-09
16665.0  1.14665e-09
16670.0  1.14599e-09
16675.0  1.14533e-09
16680.0  1.14466e-09
16685.0  1.14399e-09
16690.0  1.14333e-09
16695.0  1.14266e-09
16700.0  1.142e-09
16705.0  1.14133e-09
16710.0  1.14067e-09
16715.0  1.14e-09
16720.0  1.13933e-09
16725.0  1.13867e-09
16730.0  1.138e-09
16735.0  1.13733e-09
16740.0  1.13666e-09
16745.0  1.136e-09
16750.0  1.13533e-09
16755.0  1.13466e-09
16760.0  1.13399e-09
16765.0  1.13332e-09
16770.0  1.13266e-09
16775.0  1.13199e-09
16780.0  1.13132e-09
16785.0  1.13065e-09
16790.0  1.12998e-09
16795.0  1.12931e-09
16800.0  1.12864e-09
16805.0  1.12797e-09
16810.0  1.1273e-09
16815.0  1.12663e-09
16820.0  1.12596e-09
16825.0  1.12529e-09
16830.0  1.12462e-09
16835.0  1.12395e-09
16840.0  1.12328e-09
16845.0  1.12261e-09
16850.0  1.12193e-09
16855.0  1.12126e-09
16860.0  1.12059e-09
16865.0  1.11992e-09
16870.0  1.11925e-09
16875.0  1.11857e-09
16880.0  1.1179e-09
16885.0  1.11723e-09
16890.0  1.11656e-09
16895.0  1.11588e-09
16900.0  1.11521e-09
16905.0  1.11454e-09
16910.0  1.11386e-09
16915.0  1.11319e-09
16920.0  1.11251e-09
16925.0  1.11184e-09
16930.0  1.11116e-09
16935.0  1.11049e-09
16940.0  1.10982e-09
16945.0  1.10914e-09
16950.0  1.10847e-09
16955.0  1.10779e-09
16960.0  1.10712e-09
16965.0  1.10644e-09
16970.0  1.10576e-09
16975.0  1.10509e-09
16980.0  1.10441e-09
16985.0  1.10373e-09
16990.0  1.10306e-09
16995.0  1.10238e-09
17000.0  1.1017e-09
17005.0  1.10103e-09
17010.0  1.10035e-09
17015.0  1.09968e-09
17020.0  1.099e-09
17025.0  1.09832e-09
17030.0  1.09764e-09
17035.0  1.09696e-09
17040.0  1.09629e-09
17045.0  1.09561e-09
17050.0  1.09493e-09
17055.0  1.09425e-09
17060.0  1.09357e-09
17065.0  1.09289e-09
17070.0  1.09221e-09
17075.0  1.09153e-09
17080.0  1.09086e-09
17085.0  1.09017e-09
17090.0  1.0895e-09
17095.0  1.08882e-09
17100.0  1.08814e-09
17105.0  1.08745e-09
17110.0  1.08678e-09
17115.0  1.0861e-09
17120.0  1.08542e-09
17125.0  1.08473e-09
17130.0  1.08405e-09
17135.0  1.08337e-09
17140.0  1.08269e-09
17145.0  1.08201e-09
17150.0  1.08133e-09
17155.0  1.08065e-09
17160.0  1.07997e-09
17165.0  1.07928e-09
17170.0  1.0786e-09
17175.0  1.07792e-09
17180.0  1.07724e-09
17185.0  1.07655e-09
17190.0  1.07587e-09
17195.0  1.07519e-09
17200.0  1.07451e-09
17205.0  1.07382e-09
17210.0  1.07314e-09
17215.0  1.07246e-09
17220.0  1.07177e-09
17225.0  1.07109e-09
17230.0  1.07041e-09
17235.0  1.06972e-09
17240.0  1.06904e-09
17245.0  1.06836e-09
17250.0  1.06767e-09
17255.0  1.06699e-09
17260.0  1.0663e-09
17265.0  1.06562e-09
17270.0  1.06493e-09
17275.0  1.06425e-09
17280.0  1.06356e-09
17285.0  1.06288e-09
17290.0  1.06219e-09
17295.0  1.06151e-09
17300.0  1.06082e-09
17305.0  1.06014e-09
17310.0  1.05945e-09
17315.0  1.05876e-09
17320.0  1.05808e-09
17325.0  1.05739e-09
17330.0  1.05671e-09
17335.0  1.05602e-09
17340.0  1.05533e-09
17345.0  1.05465e-09
17350.0  1.05396e-09
17355.0  1.05327e-09
17360.0  1.05259e-09
17365.0  1.0519e-09
17370.0  1.05121e-09
17375.0  1.05052e-09
17380.0  1.04984e-09
17385.0  1.04915e-09
17390.0  1.04846e-09
17395.0  1.04777e-09
17400.0  1.04709e-09
17405.0  1.0464e-09
17410.0  1.04571e-09
17415.0  1.04502e-09
17420.0  1.04433e-09
17425.0  1.04365e-09
17430.0  1.04296e-09
17435.0  1.04227e-09
17440.0  1.04158e-09
17445.0  1.04089e-09
17450.0  1.0402e-09
17455.0  1.03952e-09
17460.0  1.03882e-09
17465.0  1.03814e-09
17470.0  1.03744e-09
17475.0  1.03676e-09
17480.0  1.03606e-09
17485.0  1.03537e-09
17490.0  1.03469e-09
17495.0  1.034e-09
17500.0  1.03331e-09
17505.0  1.03261e-09
17510.0  1.03192e-09
17515.0  1.03124e-09
17520.0  1.03054e-09
17525.0  1.02985e-09
17530.0  1.02916e-09
17535.0  1.02847e-09
17540.0  1.02778e-09
17545.0  1.02709e-09
17550.0  1.0264e-09
17555.0  1.02571e-09
17560.0  1.02502e-09
17565.0  1.02433e-09
17570.0  1.02364e-09
17575.0  1.02295e-09
17580.0  1.02225e-09
17585.0  1.02156e-09
17590.0  1.02087e-09
17595.0  1.02018e-09
17600.0  1.01948e-09
17605.0  1.0188e-09
17610.0  1.0181e-09
17615.0  1.01741e-09
17620.0  1.01672e-09
17625.0  1.01603e-09
17630.0  1.01533e-09
17635.0  1.01464e-09
17640.0  1.01395e-09
17645.0  1.01325e-09
17650.0  1.01256e-09
17655.0  1.01187e-09
17660.0  1.01117e-09
17665.0  1.01048e-09
17670.0  1.00979e-09
17675.0  1.00909e-09
17680.0  1.0084e-09
17685.0  1.00771e-09
17690.0  1.00702e-09
17695.0  1.00632e-09
17700.0  1.00563e-09
17705.0  1.00494e-09
17710.0  1.00424e-09
17715.0  1.00355e-09
17720.0  1.00285e-09
17725.0  1.00216e-09
17730.0  1.00147e-09
17735.0  1.00077e-09
17740.0  1.00008e-09
17745.0  9.99383e-10
17750.0  9.98692e-10
17755.0  9.97993e-10
17760.0  9.973e-10
17765.0  9.96607e-10
17770.0  9.95911e-10
17775.0  9.95217e-10
17780.0  9.94524e-10
17785.0  9.93829e-10
17790.0  9.93136e-10
17795.0  9.92439e-10
17800.0  9.91745e-10
17805.0  9.9105e-10
17810.0  9.90354e-10
17815.0  9.89658e-10
17820.0  9.88965e-10
17825.0  9.88268e-10
17830.0  9.87571e-10
17835.0  9.86878e-10
17840.0  9.86181e-10
17845.0  9.85486e-10
17850.0  9.84792e-10
17855.0  9.84096e-10
17860.0  9.834e-10
17865.0  9.82704e-10
17870.0  9.82008e-10
17875.0  9.81314e-10
17880.0  9.80617e-10
17885.0  9.79921e-10
17890.0  9.79224e-10
17895.0  9.7853e-10
17900.0  9.77833e-10
17905.0  9.77137e-10
17910.0  9.7644e-10
17915.0  9.75747e-10
17920.0  9.75049e-10
17925.0  9.74353e-10
17930.0  9.73657e-10
17935.0  9.72959e-10
17940.0  9.72262e-10
17945.0  9.71566e-10
17950.0  9.70872e-10
17955.0  9.70175e-10
17960.0  9.69479e-10
17965.0  9.68782e-10
17970.0  9.68084e-10
17975.0  9.67387e-10
17980.0  9.66691e-10
17985.0  9.65994e-10
17990.0  9.65297e-10
17995.0  9.646e-10
18000.0  9.63902e-10
18005.0  9.63206e-10
18010.0  9.62509e-10
18015.0  9.61813e-10
18020.0  9.61117e-10
18025.0  9.60418e-10
18030.0  9.59723e-10
18035.0  9.59024e-10
18040.0  9.58327e-10
18045.0  9.57632e-10
18050.0  9.56933e-10
18055.0  9.56236e-10
18060.0  9.55537e-10
18065.0  9.54838e-10
18070.0  9.54142e-10
18075.0  9.53445e-10
18080.0  9.5275e-10
18085.0  9.52053e-10
18090.0  9.51355e-10
18095.0  9.50658e-10
18100.0  9.49958e-10
18105.0  9.49261e-10
18110.0  9.48563e-10
18115.0  9.47866e-10
18120.0  9.4717e-10
18125.0  9.46473e-10
18130.0  9.45772e-10
18135.0  9.45076e-10
18140.0  9.44377e-10
18145.0  9.43682e-10
18150.0  9.4298e-10
18155.0  9.42283e-10
18160.0  9.41586e-10
18165.0  9.40889e-10
18170.0  9.40193e-10
18175.0  9.39493e-10
18180.0  9.38795e-10
18185.0  9.38099e-10
18190.0  9.37402e-10
18195.0  9.367e-10
18200.0  9.36003e-10
18205.0  9.35305e-10
18210.0  9.34609e-10
18215.0  9.3391e-10
18220.0  9.33211e-10
18225.0  9.32515e-10
18230.0  9.31818e-10
18235.0  9.31119e-10
18240.0  9.3042e-10
18245.0  9.29723e-10
18250.0  9.29026e-10
18255.0  9.28326e-10
18260.0  9.27629e-10
18265.0  9.26932e-10
18270.0  9.26232e-10
18275.0  9.25534e-10
18280.0  9.24837e-10
18285.0  9.24139e-10
18290.0  9.23441e-10
18295.0  9.22742e-10
18300.0  9.22045e-10
18305.0  9.21349e-10
18310.0  9.2065e-10
18315.0  9.19952e-10
18320.0  9.19254e-10
18325.0  9.18554e-10
18330.0  9.17856e-10
18335.0  9.1716e-10
18340.0  9.16462e-10
18345.0  9.15762e-10
18350.0  9.15066e-10
18355.0  9.14369e-10
18360.0  9.13671e-10
18365.0  9.12972e-10
18370.0  9.12275e-10
18375.0  9.11578e-10
18380.0  9.1088e-10
18385.0  9.1018e-10
18390.0  9.09483e-10
18395.0  9.08786e-10
18400.0  9.08088e-10
18405.0  9.07388e-10
18410.0  9.0669e-10
18415.0  9.05993e-10
18420.0  9.05299e-10
18425.0  9.04601e-10
18430.0  9.03899e-10
18435.0  9.03203e-10
18440.0  9.02506e-10
18445.0  9.0181e-10
18450.0  9.01112e-10
18455.0  9.00411e-10
18460.0  8.99715e-10
18465.0  8.99017e-10
18470.0  8.98321e-10
18475.0  8.97624e-10
18480.0  8.96928e-10
18485.0  8.96226e-10
18490.0  8.95528e-10
18495.0  8.94833e-10
18500.0  8.94135e-10
18505.0  8.93437e-10
18510.0  8.92742e-10
18515.0  8.92044e-10
18520.0  8.91348e-10
18525.0  8.90647e-10
18530.0  8.89949e-10
18535.0  8.89253e-10
18540.0  8.88557e-10
18545.0  8.8786e-10
18550.0  8.87164e-10
18555.0  8.86466e-10
18560.0  8.8577e-10
18565.0  8.85071e-10
18570.0  8.84375e-10
18575.0  8.83678e-10
18580.0  8.8298e-10
18585.0  8.82284e-10
18590.0  8.81587e-10
18595.0  8.80889e-10
18600.0  8.80193e-10
18605.0  8.79496e-10
18610.0  8.788e-10
18615.0  8.78101e-10
18620.0  8.77406e-10
18625.0  8.76711e-10
18630.0  8.76014e-10
18635.0  8.75319e-10
18640.0  8.7462e-10
18645.0  8.73925e-10
18650.0  8.73229e-10
18655.0  8.72532e-10
18660.0  8.71838e-10
18665.0  8.7114e-10
18670.0  8.70444e-10
18675.0  8.69747e-10
18680.0  8.6905e-10
18685.0  8.68357e-10
18690.0  8.6766e-10
18695.0  8.66965e-10
18700.0  8.66269e-10
18705.0  8.65573e-10
18710.0  8.64876e-10
18715.0  8.6418e-10
18720.0  8.63485e-10
18725.0  8.62789e-10
18730.0  8.62096e-10
18735.0  8.61398e-10
18740.0  8.60704e-10
18745.0  8.60009e-10
18750.0  8.59312e-10
18755.0  8.5862e-10
18760.0  8.57924e-10
18765.0  8.5723e-10
18770.0  8.56532e-10
18775.0  8.55839e-10
18780.0  8.55143e-10
18785.0  8.54449e-10
18790.0  8.53752e-10
18795.0  8.53058e-10
18800.0  8.52362e-10
18805.0  8.51669e-10
18810.0  8.50975e-10
18815.0  8.50279e-10
18820.0  8.49585e-10
18825.0  8.48892e-10
18830.0  8.48197e-10
18835.0  8.47503e-10
18840.0  8.46811e-10
18845.0  8.46117e-10
18850.0  8.45421e-10
18855.0  8.44728e-10
18860.0  8.44034e-10
18865.0  8.4334e-10
18870.0  8.42647e-10
18875.0  8.41952e-10
18880.0  8.41257e-10
18885.0  8.40565e-10
18890.0  8.39871e-10
18895.0  8.39179e-10
18900.0  8.38485e-10
18905.0  8.37792e-10
18910.0  8.37098e-10
18915.0  8.36407e-10
18920.0  8.35712e-10
18925.0  8.35021e-10
18930.0  8.34327e-10
18935.0  8.33634e-10
18940.0  8.32944e-10
18945.0  8.32251e-10
18950.0  8.31559e-10
18955.0  8.30866e-10
18960.0  8.30173e-10
18965.0  8.29483e-10
18970.0  8.2879e-10
18975.0  8.28097e-10
18980.0  8.27407e-10
18985.0  8.26716e-10
18990.0  8.26021e-10
18995.0  8.25332e-10
19000.0  8.24638e-10
19005.0  8.23946e-10
19010.0  8.23257e-10
19015.0  8.22565e-10
19020.0  8.21874e-10
19025.0  8.21182e-10
19030.0  8.20492e-10
19035.0  8.19802e-10
19040.0  8.19111e-10
19045.0  8.18419e-10
19050.0  8.17729e-10
19055.0  8.17038e-10
19060.0  8.16349e-10
19065.0  8.15659e-10
19070.0  8.14967e-10
19075.0  8.14277e-10
19080.0  8.13589e-10
19085.0  8.12899e-10
19090.0  8.12208e-10
19095.0  8.11517e-10
19100.0  8.10827e-10
19105.0  8.10139e-10
19110.0  8.09449e-10
19115.0  8.08759e-10
19120.0  8.08071e-10
19125.0  8.0738e-10
19130.0  8.06692e-10
19135.0  8.06007e-10
19140.0  8.05317e-10
19145.0  8.04629e-10
19150.0  8.03938e-10
19155.0  8.0325e-10
19160.0  8.02563e-10
19165.0  8.01874e-10
19170.0  8.01186e-10
19175.0  8.00497e-10
19180.0  7.99812e-10
19185.0  7.99121e-10
19190.0  7.98435e-10
19195.0  7.97746e-10
19200.0  7.97061e-10
19205.0  7.96374e-10
19210.0  7.95685e-10
19215.0  7.94999e-10
19220.0  7.94311e-10
19225.0  7.93623e-10
19230.0  7.92938e-10
19235.0  7.92251e-10
19240.0  7.91566e-10
19245.0  7.90879e-10
19250.0  7.90191e-10
19255.0  7.89507e-10
19260.0  7.8882e-10
19265.0  7.88136e-10
19270.0  7.8745e-10
19275.0  7.86765e-10
19280.0  7.8608e-10
19285.0  7.85394e-10
19290.0  7.84709e-10
19295.0  7.84023e-10
19300.0  7.83337e-10
19305.0  7.82652e-10
19310.0  7.81966e-10
19315.0  7.81284e-10
19320.0  7.806e-10
19325.0  7.79913e-10
19330.0  7.79229e-10
19335.0  7.78548e-10
19340.0  7.77863e-10
19345.0  7.77179e-10
19350.0  7.76496e-10
19355.0  7.75813e-10
19360.0  7.75128e-10
19365.0  7.74447e-10
19370.0  7.73761e-10
19375.0  7.73079e-10
19380.0  7.72398e-10
19385.0  7.71712e-10
19390.0  7.71031e-10
19395.0  7.7035e-10
19400.0  7.69666e-10
19405.0  7.68986e-10
19410.0  7.68305e-10
19415.0  7.67623e-10
19420.0  7.6694e-10
19425.0  7.66258e-10
19430.0  7.65577e-10
19435.0  7.64897e-10
19440.0  7.64214e-10
19445.0  7.63532e-10
19450.0  7.62852e-10
19455.0  7.62172e-10
19460.0  7.61493e-10
19465.0  7.6081e-10
19470.0  7.60132e-10
19475.0  7.59453e-10
19480.0  7.5877e-10
19485.0  7.58091e-10
19490.0  7.57411e-10
19495.0  7.56732e-10
19500.0  7.56054e-10
19505.0  7.55373e-10
19510.0  7.54695e-10
19515.0  7.54016e-10
19520.0  7.53336e-10
19525.0  7.52657e-10
19530.0  7.51981e-10
19535.0  7.51303e-10
19540.0  7.50624e-10
19545.0  7.49947e-10
19550.0  7.49268e-10
19555.0  7.48592e-10
19560.0  7.47914e-10
19565.0  7.47235e-10
19570.0  7.46558e-10
19575.0  7.45883e-10
19580.0  7.45206e-10
19585.0  7.44531e-10
19590.0  7.43854e-10
19595.0  7.43177e-10
19600.0  7.425e-10
19605.0  7.41825e-10
19610.0  7.41151e-10
19615.0  7.40475e-10
19620.0  7.39798e-10
19625.0  7.39123e-10
19630.0  7.38447e-10
19635.0  7.37774e-10
19640.0  7.37099e-10
19645.0  7.36425e-10
19650.0  7.35749e-10
19655.0  7.35075e-10
19660.0  7.344e-10
19665.0  7.33726e-10
19670.0  7.33054e-10
19675.0  7.32383e-10
19680.0  7.3171e-10
19685.0  7.31034e-10
19690.0  7.30362e-10
19695.0  7.2969e-10
19700.0  7.29016e-10
19705.0  7.28344e-10
19710.0  7.27672e-10
19715.0  7.26998e-10
19720.0  7.26328e-10
19725.0  7.25655e-10
19730.0  7.24986e-10
19735.0  7.24315e-10
19740.0  7.23641e-10
19745.0  7.2297e-10
19750.0  7.22301e-10
19755.0  7.2163e-10
19760.0  7.20961e-10
19765.0  7.2029e-10
19770.0  7.19619e-10
19775.0  7.1895e-10
19780.0  7.18279e-10
19785.0  7.17609e-10
19790.0  7.1694e-10
19795.0  7.16273e-10
19800.0  7.15603e-10
19805.0  7.14934e-10
19810.0  7.14266e-10
19815.0  7.13598e-10
19820.0  7.12931e-10
19825.0  7.1226e-10
19830.0  7.11594e-10
19835.0  7.10927e-10
19840.0  7.1026e-10
19845.0  7.09591e-10
19850.0  7.08926e-10
19855.0  7.0826e-10
19860.0  7.07592e-10
19865.0  7.06927e-10
19870.0  7.06261e-10
19875.0  7.05593e-10
19880.0  7.04927e-10
19885.0  7.04265e-10
19890.0  7.03598e-10
19895.0  7.02932e-10
19900.0  7.02266e-10
19905.0  7.01603e-10
19910.0  7.00937e-10
19915.0  7.00273e-10
19920.0  6.99609e-10
19925.0  6.98945e-10
19930.0  6.98283e-10
19935.0  6.9762e-10
19940.0  6.96954e-10
19945.0  6.96292e-10
19950.0  6.9563e-10
19955.0  6.94967e-10
19960.0  6.94305e-10
19965.0  6.93643e-10
19970.0  6.9298e-10
19975.0  6.92322e-10
19980.0  6.9166e-10
19985.0  6.90997e-10
19990.0  6.90335e-10
19995.0  6.89675e-10
20000.0  6.89014e-10
20005.0  6.88353e-10
20010.0  6.87693e-10
20015.0  6.87033e-10
20020.0  6.86376e-10
20025.0  6.85717e-10
20030.0  6.85054e-10
20035.0  6.84395e-10
20040.0  6.83737e-10
20045.0  6.83078e-10
20050.0  6.82419e-10
20055.0  6.81761e-10
20060.0  6.81105e-10
20065.0  6.80448e-10
20070.0  6.79788e-10
20075.0  6.79131e-10
20080.0  6.78476e-10
20085.0  6.77817e-10
20090.0  6.77161e-10
20095.0  6.76505e-10
20100.0  6.75848e-10
20105.0  6.75194e-10
20110.0  6.74538e-10
20115.0  6.73881e-10
20120.0  6.73225e-10
20125.0  6.72571e-10
20130.0  6.71916e-10
20135.0  6.71261e-10
20140.0  6.70606e-10
20145.0  6.69955e-10
20150.0  6.693e-10
20155.0  6.68646e-10
20160.0  6.67994e-10
20165.0  6.67339e-10
20170.0  6.66688e-10
20175.0  6.66034e-10
20180.0  6.65382e-10
20185.0  6.64729e-10
20190.0  6.64077e-10
20195.0  6.63426e-10
20200.0  6.62776e-10
20205.0  6.62125e-10
20210.0  6.61474e-10
20215.0  6.60822e-10
20220.0  6.60172e-10
20225.0  6.59521e-10
20230.0  6.58873e-10
20235.0  6.58222e-10
20240.0  6.57573e-10
20245.0  6.56925e-10
20250.0  6.56274e-10
20255.0  6.55626e-10
20260.0  6.54978e-10
20265.0  6.54329e-10
20270.0  6.53682e-10
20275.0  6.53035e-10
20280.0  6.52386e-10
20285.0  6.51741e-10
20290.0  6.51092e-10
20295.0  6.50446e-10
20300.0  6.49798e-10
20305.0  6.49155e-10
20310.0  6.48508e-10
20315.0  6.47861e-10
20320.0  6.47217e-10
20325.0  6.46571e-10
20330.0  6.45927e-10
20335.0  6.45282e-10
20340.0  6.44637e-10
20345.0  6.43993e-10
20350.0  6.4335e-10
20355.0  6.42705e-10
20360.0  6.42063e-10
20365.0  6.4142e-10
20370.0  6.40777e-10
20375.0  6.40133e-10
20380.0  6.39493e-10
20385.0  6.38851e-10
20390.0  6.38207e-10
20395.0  6.37568e-10
20400.0  6.36925e-10
20405.0  6.36285e-10
20410.0  6.35646e-10
20415.0  6.35006e-10
20420.0  6.34364e-10
20425.0  6.33724e-10
20430.0  6.33084e-10
20435.0  6.32445e-10
20440.0  6.31808e-10
20445.0  6.3117e-10
20450.0  6.3053e-10
20455.0  6.29891e-10
20460.0  6.29254e-10
20465.0  6.28615e-10
20470.0  6.27978e-10
20475.0  6.27343e-10
20480.0  6.26704e-10
20485.0  6.26069e-10
20490.0  6.25433e-10
20495.0  6.24798e-10
20500.0  6.24163e-10
20505.0  6.23527e-10
20510.0  6.2289e-10
20515.0  6.22255e-10
20520.0  6.21623e-10
20525.0  6.20987e-10
20530.0  6.20352e-10
20535.0  6.1972e-10
20540.0  6.19088e-10
20545.0  6.18453e-10
20550.0  6.17821e-10
20555.0  6.17189e-10
20560.0  6.16557e-10
20565.0  6.15926e-10
20570.0  6.15294e-10
20575.0  6.14663e-10
20580.0  6.1403e-10
20585.0  6.13398e-10
20590.0  6.12769e-10
20595.0  6.12139e-10
20600.0  6.1151e-10
20605.0  6.10879e-10
20610.0  6.1025e-10
20615.0  6.09623e-10
20620.0  6.08992e-10
20625.0  6.08363e-10
20630.0  6.07735e-10
20635.0  6.07107e-10
20640.0  6.06482e-10
20645.0  6.05855e-10
20650.0  6.05227e-10
20655.0  6.04599e-10
20660.0  6.03974e-10
20665.0  6.03346e-10
20670.0  6.02722e-10
20675.0  6.02098e-10
20680.0  6.01471e-10
20685.0  6.00846e-10
20690.0  6.00222e-10
20695.0  5.99597e-10
20700.0  5.98973e-10
20705.0  5.9835e-10
20710.0  5.97729e-10
20715.0  5.97105e-10
20720.0  5.96482e-10
20725.0  5.9586e-10
20730.0  5.95237e-10
20735.0  5.94616e-10
20740.0  5.93996e-10
20745.0  5.93375e-10
20750.0  5.92755e-10
20755.0  5.92135e-10
20760.0  5.91515e-10
20765.0  5.90894e-10
20770.0  5.90274e-10
20775.0  5.89654e-10
20780.0  5.89037e-10
20785.0  5.88417e-10
20790.0  5.87799e-10
20795.0  5.87179e-10
20800.0  5.86563e-10
20805.0  5.85946e-10
20810.0  5.8533e-10
20815.0  5.84713e-10
20820.0  5.84097e-10
20825.0  5.8348e-10
20830.0  5.82865e-10
20835.0  5.82249e-10
20840.0  5.81635e-10
20845.0  5.81019e-10
20850.0  5.80406e-10
20855.0  5.79793e-10
20860.0  5.79176e-10
20865.0  5.78564e-10
20870.0  5.77951e-10
20875.0  5.77339e-10
20880.0  5.76726e-10
20885.0  5.76114e-10
20890.0  5.75504e-10
20895.0  5.74892e-10
20900.0  5.7428e-10
20905.0  5.73669e-10
20910.0  5.73059e-10
20915.0  5.72449e-10
20920.0  5.7184e-10
20925.0  5.71231e-10
20930.0  5.70623e-10
20935.0  5.70013e-10
20940.0  5.69404e-10
20945.0  5.68795e-10
20950.0  5.68187e-10
20955.0  5.67581e-10
20960.0  5.66973e-10
20965.0  5.66368e-10
20970.0  5.65763e-10
20975.0  5.65154e-10
20980.0  5.64549e-10
20985.0  5.63944e-10
20990.0  5.63339e-10
20995.0  5.62734e-10
21000.0  5.62129e-10
21005.0  5.61527e-10
21010.0  5.60923e-10
21015.0  5.60322e-10
21020.0  5.59718e-10
21025.0  5.59116e-10
21030.0  5.58514e-10
21035.0  5.5791e-10
21040.0  5.57308e-10
21045.0  5.56707e-10
21050.0  5.56107e-10
21055.0  5.55509e-10
21060.0  5.54907e-10
21065.0  5.54307e-10
21070.0  5.53708e-10
21075.0  5.53109e-10
21080.0  5.52511e-10
21085.0  5.51913e-10
21090.0  5.51316e-10
21095.0  5.50718e-10
21100.0  5.50121e-10
21105.0  5.49524e-10
21110.0  5.48926e-10
21115.0  5.48329e-10
21120.0  5.47735e-10
21125.0  5.47137e-10
21130.0  5.46544e-10
21135.0  5.45951e-10
21140.0  5.45353e-10
21145.0  5.4476e-10
21150.0  5.44167e-10
21155.0  5.43574e-10
21160.0  5.42982e-10
21165.0  5.42388e-10
21170.0  5.41797e-10
21175.0  5.41207e-10
21180.0  5.40613e-10
21185.0  5.40023e-10
21190.0  5.39433e-10
21195.0  5.38841e-10
21200.0  5.38251e-10
21205.0  5.37661e-10
21210.0  5.37074e-10
21215.0  5.36485e-10
21220.0  5.35895e-10
21225.0  5.35308e-10
21230.0  5.3472e-10
21235.0  5.34134e-10
21240.0  5.33547e-10
21245.0  5.32958e-10
21250.0  5.32373e-10
21255.0  5.31787e-10
21260.0  5.31202e-10
21265.0  5.30618e-10
21270.0  5.30033e-10
21275.0  5.29447e-10
21280.0  5.28865e-10
21285.0  5.28282e-10
21290.0  5.27697e-10
21295.0  5.27115e-10
21300.0  5.26532e-10
21305.0  5.25951e-10
21310.0  5.25369e-10
21315.0  5.24787e-10
21320.0  5.24208e-10
21325.0  5.23627e-10
21330.0  5.23047e-10
21335.0  5.22466e-10
21340.0  5.21888e-10
21345.0  5.2131e-10
21350.0  5.20731e-10
21355.0  5.20154e-10
21360.0  5.19575e-10
21365.0  5.18997e-10
21370.0  5.1842e-10
21375.0  5.17843e-10
21380.0  5.17267e-10
21385.0  5.16692e-10
21390.0  5.16118e-10
21395.0  5.15544e-10
21400.0  5.14968e-10
21405.0  5.14394e-10
21410.0  5.1382e-10
21415.0  5.13246e-10
21420.0  5.12675e-10
21425.0  5.12101e-10
21430.0  5.1153e-10
21435.0  5.10956e-10
21440.0  5.10386e-10
21445.0  5.09816e-10
21450.0  5.09244e-10
21455.0  5.08674e-10
21460.0  5.08103e-10
21465.0  5.07536e-10
21470.0  5.06966e-10
21475.0  5.06399e-10
21480.0  5.05829e-10
21485.0  5.05261e-10
21490.0  5.04694e-10
21495.0  5.04129e-10
21500.0  5.03562e-10
21505.0  5.02995e-10
21510.0  5.02429e-10
21515.0  5.01865e-10
21520.0  5.01299e-10
21525.0  5.00735e-10
21530.0  5.00173e-10
21535.0  4.99607e-10
21540.0  4.99043e-10
21545.0  4.9848e-10
21550.0  4.97918e-10
21555.0  4.97358e-10
21560.0  4.96795e-10
21565.0  4.96236e-10
21570.0  4.95674e-10
21575.0  4.95115e-10
21580.0  4.94555e-10
21585.0  4.93994e-10
21590.0  4.93436e-10
21595.0  4.92879e-10
21600.0  4.92318e-10
21605.0  4.91761e-10
21610.0  4.91204e-10
21615.0  4.90646e-10
21620.0  4.9009e-10
21625.0  4.89535e-10
21630.0  4.8898e-10
21635.0  4.88425e-10
21640.0  4.87869e-10
21645.0  4.87315e-10
21650.0  4.8676e-10
21655.0  4.86207e-10
21660.0  4.85653e-10
21665.0  4.85101e-10
21670.0  4.84549e-10
21675.0  4.83998e-10
21680.0  4.83447e-10
21685.0  4.82895e-10
21690.0  4.82344e-10
21695.0  4.81796e-10
21700.0  4.81246e-10
21705.0  4.80697e-10
21710.0  4.80147e-10
21715.0  4.79599e-10
21720.0  4.79051e-10
21725.0  4.78504e-10
21730.0  4.77956e-10
21735.0  4.77411e-10
21740.0  4.76865e-10
21745.0  4.76317e-10
21750.0  4.75773e-10
21755.0  4.7523e-10
21760.0  4.74686e-10
21765.0  4.74143e-10
21770.0  4.73598e-10
21775.0  4.73054e-10
21780.0  4.7251e-10
21785.0  4.7197e-10
21790.0  4.71428e-10
21795.0  4.70887e-10
21800.0  4.70347e-10
21805.0  4.69807e-10
21810.0  4.69268e-10
21815.0  4.68728e-10
21820.0  4.68188e-10
21825.0  4.67648e-10
21830.0  4.67111e-10
21835.0  4.66572e-10
21840.0  4.66036e-10
21845.0  4.655e-10
21850.0  4.64963e-10
21855.0  4.64427e-10
21860.0  4.63892e-10
21865.0  4.63358e-10
21870.0  4.62823e-10
21875.0  4.62287e-10
21880.0  4.61754e-10
21885.0  4.61223e-10
21890.0  4.6069e-10
21895.0  4.60158e-10
21900.0  4.59625e-10
21905.0  4.59094e-10
21910.0  4.58564e-10
21915.0  4.58033e-10
21920.0  4.57504e-10
21925.0  4.56975e-10
21930.0  4.56443e-10
21935.0  4.55915e-10
21940.0  4.55389e-10
21945.0  4.54862e-10
21950.0  4.54333e-10
21955.0  4.53809e-10
21960.0  4.53281e-10
21965.0  4.52756e-10
21970.0  4.52232e-10
21975.0  4.51706e-10
21980.0  4.51182e-10
21985.0  4.50657e-10
21990.0  4.50133e-10
21995.0  4.49612e-10
22000.0  4.49088e-10
22005.0  4.48567e-10
22010.0  4.48045e-10
22015.0  4.47521e-10
22020.0  4.47001e-10
22025.0  4.46483e-10
22030.0  4.45963e-10
22035.0  4.45443e-10
22040.0  4.44925e-10
22045.0  4.44404e-10
22050.0  4.43888e-10
22055.0  4.43371e-10
22060.0  4.42853e-10
22065.0  4.42337e-10
22070.0  4.41819e-10
22075.0  4.41303e-10
22080.0  4.40789e-10
22085.0  4.40273e-10
22090.0  4.3976e-10
22095.0  4.39246e-10
22100.0  4.38734e-10
22105.0  4.3822e-10
22110.0  4.37707e-10
22115.0  4.37194e-10
22120.0  4.36681e-10
22125.0  4.36172e-10
22130.0  4.35659e-10
22135.0  4.35149e-10
22140.0  4.3464e-10
22145.0  4.34131e-10
22150.0  4.33621e-10
22155.0  4.33113e-10
22160.0  4.32606e-10
22165.0  4.32097e-10
22170.0  4.31588e-10
22175.0  4.31083e-10
22180.0  4.30577e-10
22185.0  4.30072e-10
22190.0  4.29566e-10
22195.0  4.2906e-10
22200.0  4.28555e-10
22205.0  4.28053e-10
22210.0  4.27549e-10
22215.0  4.27046e-10
22220.0  4.26542e-10
22225.0  4.26039e-10
22230.0  4.25538e-10
22235.0  4.25036e-10
22240.0  4.24536e-10
22245.0  4.24036e-10
22250.0  4.23535e-10
22255.0  4.23034e-10
22260.0  4.22536e-10
22265.0  4.22038e-10
22270.0  4.2154e-10
22275.0  4.21043e-10
22280.0  4.20545e-10
22285.0  4.20047e-10
22290.0  4.1955e-10
22295.0  4.19055e-10
22300.0  4.18558e-10
22305.0  4.18063e-10
22310.0  4.1757e-10
22315.0  4.17076e-10
22320.0  4.16582e-10
22325.0  4.16088e-10
22330.0  4.15594e-10
22335.0  4.15103e-10
22340.0  4.1461e-10
22345.0  4.14119e-10
22350.0  4.13626e-10
22355.0  4.13135e-10
22360.0  4.12645e-10
22365.0  4.12154e-10
22370.0  4.11666e-10
22375.0  4.11178e-10
22380.0  4.10689e-10
22385.0  4.10202e-10
22390.0  4.09712e-10
22395.0  4.09225e-10
22400.0  4.0874e-10
22405.0  4.08253e-10
22410.0  4.07766e-10
22415.0  4.0728e-10
22420.0  4.06794e-10
22425.0  4.06311e-10
22430.0  4.05826e-10
22435.0  4.05342e-10
22440.0  4.04861e-10
22445.0  4.04378e-10
22450.0  4.03895e-10
22455.0  4.03412e-10
22460.0  4.02931e-10
22465.0  4.02452e-10
22470.0  4.01969e-10
22475.0  4.0149e-10
22480.0  4.01009e-10
22485.0  4.0053e-10
22490.0  4.00051e-10
22495.0  3.99573e-10
22500.0  3.99094e-10
22505.0  3.98618e-10
22510.0  3.9814e-10
22515.0  3.97661e-10
22520.0  3.97187e-10
22525.0  3.96711e-10
22530.0  3.96237e-10
22535.0  3.95761e-10
22540.0  3.95287e-10
22545.0  3.94813e-10
22550.0  3.94338e-10
22555.0  3.93863e-10
22560.0  3.93392e-10
22565.0  3.9292e-10
22570.0  3.92446e-10
22575.0  3.91975e-10
22580.0  3.91504e-10
22585.0  3.91033e-10
22590.0  3.90562e-10
22595.0  3.90094e-10
22600.0  3.89624e-10
22605.0  3.89156e-10
22610.0  3.88686e-10
22615.0  3.88219e-10
22620.0  3.87752e-10
22625.0  3.87284e-10
22630.0  3.86817e-10
22635.0  3.8635e-10
22640.0  3.85886e-10
22645.0  3.85421e-10
22650.0  3.84955e-10
22655.0  3.8449e-10
22660.0  3.84025e-10
22665.0  3.83562e-10
22670.0  3.83099e-10
22675.0  3.82636e-10
22680.0  3.82173e-10
22685.0  3.81713e-10
22690.0  3.8125e-10
22695.0  3.8079e-10
22700.0  3.80328e-10
22705.0  3.79867e-10
22710.0  3.79408e-10
22715.0  3.78948e-10
22720.0  3.78488e-10
22725.0  3.7803e-10
22730.0  3.77573e-10
22735.0  3.77114e-10
22740.0  3.76658e-10
22745.0  3.76199e-10
22750.0  3.75743e-10
22755.0  3.75287e-10
22760.0  3.74831e-10
22765.0  3.74376e-10
22770.0  3.73921e-10
22775.0  3.73468e-10
22780.0  3.73013e-10
22785.0  3.72561e-10
22790.0  3.72106e-10
22795.0  3.71654e-10
22800.0  3.71202e-10
22805.0  3.7075e-10
22810.0  3.70299e-10
22815.0  3.69847e-10
22820.0  3.69398e-10
22825.0  3.68946e-10
22830.0  3.68498e-10
22835.0  3.68047e-10
22840.0  3.67599e-10
22845.0  3.67151e-10
22850.0  3.66702e-10
22855.0  3.66254e-10
22860.0  3.65807e-10
22865.0  3.65362e-10
22870.0  3.64914e-10
22875.0  3.6447e-10
22880.0  3.64025e-10
22885.0  3.63579e-10
22890.0  3.63134e-10
22895.0  3.62689e-10
22900.0  3.62245e-10
22905.0  3.61801e-10
22910.0  3.6136e-10
22915.0  3.60917e-10
22920.0  3.60476e-10
22925.0  3.60032e-10
22930.0  3.59592e-10
22935.0  3.59151e-10
22940.0  3.58711e-10
22945.0  3.58271e-10
22950.0  3.57831e-10
22955.0  3.57393e-10
22960.0  3.56954e-10
22965.0  3.56516e-10
22970.0  3.56077e-10
22975.0  3.5564e-10
22980.0  3.55203e-10
22985.0  3.54767e-10
22990.0  3.5433e-10
22995.0  3.53895e-10
23000.0  3.5346e-10
23005.0  3.53024e-10
23010.0  3.52588e-10
23015.0  3.52155e-10
23020.0  3.51723e-10
23025.0  3.5129e-10
23030.0  3.50857e-10
23035.0  3.50425e-10
23040.0  3.49992e-10
23045.0  3.4956e-10
23050.0  3.4913e-10
23055.0  3.48698e-10
23060.0  3.48268e-10
23065.0  3.47836e-10
23070.0  3.47407e-10
23075.0  3.46978e-10
23080.0  3.46549e-10
23085.0  3.46121e-10
23090.0  3.45695e-10
23095.0  3.45266e-10
23100.0  3.44838e-10
23105.0  3.44413e-10
23110.0  3.43987e-10
23115.0  3.43559e-10
23120.0  3.43133e-10
23125.0  3.4271e-10
23130.0  3.42287e-10
23135.0  3.41863e-10
23140.0  3.41438e-10
23145.0  3.41016e-10
23150.0  3.40592e-10
23155.0  3.40169e-10
23160.0  3.39746e-10
23165.0  3.39323e-10
23170.0  3.38902e-10
23175.0  3.38482e-10
23180.0  3.38064e-10
23185.0  3.37643e-10
23190.0  3.37222e-10
23195.0  3.36804e-10
23200.0  3.36386e-10
23205.0  3.35966e-10
23210.0  3.35548e-10
23215.0  3.35131e-10
23220.0  3.34714e-10
23225.0  3.34296e-10
23230.0  3.33882e-10
23235.0  3.33465e-10
23240.0  3.33048e-10
23245.0  3.32635e-10
23250.0  3.3222e-10
23255.0  3.31803e-10
23260.0  3.31389e-10
23265.0  3.30977e-10
23270.0  3.30566e-10
23275.0  3.30153e-10
23280.0  3.29739e-10
23285.0  3.29329e-10
23290.0  3.28916e-10
23295.0  3.28506e-10
23300.0  3.28096e-10
23305.0  3.27683e-10
23310.0  3.27273e-10
23315.0  3.26864e-10
23320.0  3.26457e-10
23325.0  3.26048e-10
23330.0  3.25639e-10
23335.0  3.25232e-10
23340.0  3.24823e-10
23345.0  3.24417e-10
23350.0  3.24011e-10
23355.0  3.23605e-10
23360.0  3.23199e-10
23365.0  3.22793e-10
23370.0  3.22388e-10
23375.0  3.21984e-10
23380.0  3.2158e-10
23385.0  3.21177e-10
23390.0  3.20772e-10
23395.0  3.2037e-10
23400.0  3.19967e-10
23405.0  3.19564e-10
23410.0  3.19163e-10
23415.0  3.18762e-10
23420.0  3.18362e-10
23425.0  3.17961e-10
23430.0  3.17559e-10
23435.0  3.1716e-10
23440.0  3.16762e-10
23445.0  3.16364e-10
23450.0  3.15966e-10
23455.0  3.15567e-10
23460.0  3.15169e-10
23465.0  3.14771e-10
23470.0  3.14373e-10
23475.0  3.13978e-10
23480.0  3.1358e-10
23485.0  3.13186e-10
23490.0  3.12792e-10
23495.0  3.12397e-10
23500.0  3.12003e-10
23505.0  3.11608e-10
23510.0  3.11213e-10
23515.0  3.1082e-10
23520.0  3.10428e-10
23525.0  3.10035e-10
23530.0  3.09643e-10
23535.0  3.0925e-10
23540.0  3.08859e-10
23545.0  3.08468e-10
23550.0  3.08078e-10
23555.0  3.07688e-10
23560.0  3.07297e-10
23565.0  3.06909e-10
23570.0  3.06519e-10
23575.0  3.06131e-10
23580.0  3.05742e-10
23585.0  3.05355e-10
23590.0  3.04968e-10
23595.0  3.04581e-10
23600.0  3.04195e-10
23605.0  3.03808e-10
23610.0  3.03421e-10
23615.0  3.03038e-10
23620.0  3.02651e-10
23625.0  3.02268e-10
23630.0  3.01882e-10
23635.0  3.01499e-10
23640.0  3.01116e-10
23645.0  3.00733e-10
23650.0  3.0035e-10
23655.0  2.99968e-10
23660.0  2.99588e-10
23665.0  2.99206e-10
23670.0  2.98826e-10
23675.0  2.98444e-10
23680.0  2.98064e-10
23685.0  2.97685e-10
23690.0  2.97306e-10
23695.0  2.96927e-10
23700.0  2.96548e-10
23705.0  2.96169e-10
23710.0  2.9579e-10
23715.0  2.95414e-10
23720.0  2.95036e-10
23725.0  2.9466e-10
23730.0  2.94284e-10
23735.0  2.93906e-10
23740.0  2.9353e-10
23745.0  2.93155e-10
23750.0  2.92781e-10
23755.0  2.92408e-10
23760.0  2.92033e-10
23765.0  2.91658e-10
23770.0  2.91286e-10
23775.0  2.90915e-10
23780.0  2.90541e-10
23785.0  2.90168e-10
23790.0  2.89797e-10
23795.0  2.89426e-10
23800.0  2.89054e-10
23805.0  2.88686e-10
23810.0  2.88315e-10
23815.0  2.87944e-10
23820.0  2.87576e-10
23825.0  2.87208e-10
23830.0  2.86837e-10
23835.0  2.8647e-10
23840.0  2.86102e-10
23845.0  2.85734e-10
23850.0  2.85367e-10
23855.0  2.85002e-10
23860.0  2.84636e-10
23865.0  2.84271e-10
23870.0  2.83904e-10
23875.0  2.8354e-10
23880.0  2.83176e-10
23885.0  2.82809e-10
23890.0  2.82446e-10
23895.0  2.82085e-10
23900.0  2.81721e-10
23905.0  2.81358e-10
23910.0  2.80994e-10
23915.0  2.80633e-10
23920.0  2.80271e-10
23925.0  2.7991e-10
23930.0  2.7955e-10
23935.0  2.7919e-10
23940.0  2.7883e-10
23945.0  2.7847e-10
23950.0  2.78111e-10
23955.0  2.7775e-10
23960.0  2.77394e-10
23965.0  2.77035e-10
23970.0  2.76678e-10
23975.0  2.76319e-10
23980.0  2.75962e-10
23985.0  2.75606e-10
23990.0  2.7525e-10
23995.0  2.74894e-10
24000.0  2.74538e-10
24005.0  2.74182e-10
24010.0  2.73829e-10
24015.0  2.73473e-10
24020.0  2.73121e-10
24025.0  2.72768e-10
24030.0  2.72413e-10
24035.0  2.7206e-10
24040.0  2.71707e-10
24045.0  2.71355e-10
24050.0  2.71004e-10
24055.0  2.70654e-10
24060.0  2.70303e-10
24065.0  2.69954e-10
24070.0  2.69602e-10
24075.0  2.69254e-10
24080.0  2.68905e-10
24085.0  2.68553e-10
24090.0  2.68204e-10
24095.0  2.67856e-10
24100.0  2.6751e-10
24105.0  2.67163e-10
24110.0  2.66815e-10
24115.0  2.66469e-10
24120.0  2.66122e-10
24125.0  2.65777e-10
24130.0  2.65432e-10
24135.0  2.65084e-10
24140.0  2.64739e-10
24145.0  2.64395e-10
24150.0  2.64053e-10
24155.0  2.63709e-10
24160.0  2.63365e-10
24165.0  2.63023e-10
24170.0  2.62679e-10
24175.0  2.62337e-10
24180.0  2.61994e-10
24185.0  2.61653e-10
24190.0  2.61312e-10
24195.0  2.60971e-10
24200.0  2.60631e-10
24205.0  2.60293e-10
24210.0  2.59952e-10
24215.0  2.59612e-10
24220.0  2.59274e-10
24225.0  2.58934e-10
24230.0  2.58597e-10
24235.0  2.5826e-10
24240.0  2.57922e-10
24245.0  2.57586e-10
24250.0  2.57249e-10
24255.0  2.56912e-10
24260.0  2.56578e-10
24265.0  2.56242e-10
24270.0  2.55906e-10
24275.0  2.55572e-10
24280.0  2.55238e-10
24285.0  2.54902e-10
24290.0  2.54569e-10
24295.0  2.54235e-10
24300.0  2.53902e-10
24305.0  2.53569e-10
24310.0  2.53239e-10
24315.0  2.52907e-10
24320.0  2.52577e-10
24325.0  2.52245e-10
24330.0  2.51915e-10
24335.0  2.51585e-10
24340.0  2.51253e-10
24345.0  2.50923e-10
24350.0  2.50594e-10
24355.0  2.50265e-10
24360.0  2.49939e-10
24365.0  2.4961e-10
24370.0  2.49281e-10
24375.0  2.48955e-10
24380.0  2.48629e-10
24385.0  2.483e-10
24390.0  2.47975e-10
24395.0  2.47649e-10
24400.0  2.47323e-10
24405.0  2.46998e-10
24410.0  2.46673e-10
24415.0  2.4635e-10
24420.0  2.46025e-10
24425.0  2.457e-10
24430.0  2.45378e-10
24435.0  2.45056e-10
24440.0  2.44731e-10
24445.0  2.4441e-10
24450.0  2.44088e-10
24455.0  2.43766e-10
24460.0  2.43445e-10
24465.0  2.43126e-10
24470.0  2.42805e-10
24475.0  2.42484e-10
24480.0  2.42166e-10
24485.0  2.41848e-10
24490.0  2.41527e-10
24495.0  2.41208e-10
24500.0  2.40891e-10
24505.0  2.40572e-10
24510.0  2.40255e-10
24515.0  2.39937e-10
24520.0  2.3962e-10
24525.0  2.39305e-10
24530.0  2.38988e-10
24535.0  2.38673e-10
24540.0  2.38359e-10
24545.0  2.38042e-10
24550.0  2.37727e-10
24555.0  2.37414e-10
24560.0  2.371e-10
24565.0  2.36786e-10
24570.0  2.36475e-10
24575.0  2.36162e-10
24580.0  2.35848e-10
24585.0  2.35537e-10
24590.0  2.35224e-10
24595.0  2.34913e-10
24600.0  2.34603e-10
24605.0  2.34293e-10
24610.0  2.33983e-10
24615.0  2.33672e-10
24620.0  2.33363e-10
24625.0  2.33053e-10
24630.0  2.32745e-10
24635.0  2.32437e-10
24640.0  2.32129e-10
24645.0  2.3182e-10
24650.0  2.31513e-10
24655.0  2.31207e-10
24660.0  2.309e-10
24665.0  2.30594e-10
24670.0  2.30288e-10
24675.0  2.29981e-10
24680.0  2.29675e-10
24685.0  2.29372e-10
24690.0  2.29067e-10
24695.0  2.28763e-10
24700.0  2.28458e-10
24705.0  2.28155e-10
24710.0  2.27852e-10
24715.0  2.2755e-10
24720.0  2.27247e-10
24725.0  2.26945e-10
24730.0  2.26643e-10
24735.0  2.26343e-10
24740.0  2.26041e-10
24745.0  2.25739e-10
24750.0  2.2544e-10
24755.0  2.25141e-10
24760.0  2.24839e-10
24765.0  2.2454e-10
24770.0  2.24241e-10
24775.0  2.23943e-10
24780.0  2.23648e-10
24785.0  2.23349e-10
24790.0  2.2305e-10
24795.0  2.22752e-10
24800.0  2.22457e-10
24805.0  2.22162e-10
24810.0  2.21864e-10
24815.0  2.21568e-10
24820.0  2.21273e-10
24825.0  2.20979e-10
24830.0  2.20684e-10
24835.0  2.20389e-10
24840.0  2.20095e-10
24845.0  2.19803e-10
24850.0  2.19509e-10
24855.0  2.19217e-10
24860.0  2.18923e-10
24865.0  2.18632e-10
24870.0  2.1834e-10
24875.0  2.18049e-10
24880.0  2.17758e-10
24885.0  2.17468e-10
24890.0  2.17176e-10
24895.0  2.16885e-10
24900.0  2.16595e-10
24905.0  2.16307e-10
24910.0  2.16017e-10
24915.0  2.15729e-10
24920.0  2.15442e-10
24925.0  2.15154e-10
24930.0  2.14864e-10
24935.0  2.14577e-10
24940.0  2.14292e-10
24945.0  2.14006e-10
24950.0  2.13719e-10
24955.0  2.13432e-10
24960.0  2.13147e-10
24965.0  2.12861e-10
24970.0  2.12577e-10
24975.0  2.12293e-10
24980.0  2.12007e-10
24985.0  2.11724e-10
24990.0  2.1144e-10
24995.0  1.84793e-10
25000.0  2.63893e-11
