# Extracted from file: pickles_uk_129.fits
#SIMPLETrueFits standard
#BITPIX16Bits per pixel
#NAXIS0Number of axes
#EXTENDTrueFile may contain extensions
#DATE2007-01-11T21:02:27Date FITS file was generated
#IRAF-TLM16:02:43 (11/01/2007)Time of last modification
#COMMENT  FITS (Flexible Image Transport System) format is defined in 'Astronomy
#COMMENT  and Astrophysics', volume 376, page 359; bibcode: 2001A&A...376..359H
#ORIGINSTScI-STSDAS/TABLESTables version 2002-02-22
#FILENAMEpickles_uk_129.fitsname of file
#NEXTEND1number of extensions in file
#COMMENT1spectral type: K3I
#COMMENT2metallicity: solar
#COMMENT3original filename: ukk3i.dat
#HISTORY  File created by F.R.Boffi.
#HISTORY  SEDs from Pickles UVKLIB Library (1998, PASP 110, 863).
#HISTORY  Wavelength is in Angstrom.
#HISTORY  Fluxes are tabulated in units of erg/s/cm^2/A
#HISTORY  and were calculated by normalizing the original fluxes
#HISTORY  in the Pickles V band to a 0 magnitude in vegamag.
#HISTORY  In the vegamag system, Vega has magnitude zero in all passbands.
#HISTORY  Please refer to the SYNPHOT manual for further information.
#
#
#
#
#
#
#
#
#
#
#
#
#
#  
#Columns WAVELENGTH FLUX
#Units  angstroms flam
1150.0  0.0
1155.0  0.0
1160.0  0.0
1165.0  0.0
1170.0  0.0
1175.0  0.0
1180.0  0.0
1185.0  0.0
1190.0  0.0
1195.0  0.0
1200.0  0.0
1205.0  0.0
1210.0  0.0
1215.0  0.0
1220.0  0.0
1225.0  0.0
1230.0  0.0
1235.0  0.0
1240.0  0.0
1245.0  0.0
1250.0  0.0
1255.0  0.0
1260.0  0.0
1265.0  0.0
1270.0  0.0
1275.0  0.0
1280.0  0.0
1285.0  0.0
1290.0  0.0
1295.0  0.0
1300.0  0.0
1305.0  0.0
1310.0  0.0
1315.0  0.0
1320.0  0.0
1325.0  0.0
1330.0  0.0
1335.0  0.0
1340.0  0.0
1345.0  0.0
1350.0  0.0
1355.0  0.0
1360.0  0.0
1365.0  0.0
1370.0  0.0
1375.0  0.0
1380.0  0.0
1385.0  0.0
1390.0  0.0
1395.0  0.0
1400.0  0.0
1405.0  0.0
1410.0  0.0
1415.0  0.0
1420.0  0.0
1425.0  0.0
1430.0  0.0
1435.0  0.0
1440.0  0.0
1445.0  0.0
1450.0  0.0
1455.0  0.0
1460.0  0.0
1465.0  0.0
1470.0  0.0
1475.0  0.0
1480.0  0.0
1485.0  0.0
1490.0  0.0
1495.0  0.0
1500.0  0.0
1505.0  0.0
1510.0  0.0
1515.0  0.0
1520.0  0.0
1525.0  0.0
1530.0  0.0
1535.0  0.0
1540.0  0.0
1545.0  0.0
1550.0  0.0
1555.0  0.0
1560.0  0.0
1565.0  0.0
1570.0  0.0
1575.0  0.0
1580.0  0.0
1585.0  0.0
1590.0  0.0
1595.0  0.0
1600.0  0.0
1605.0  0.0
1610.0  0.0
1615.0  0.0
1620.0  0.0
1625.0  0.0
1630.0  0.0
1635.0  0.0
1640.0  0.0
1645.0  0.0
1650.0  0.0
1655.0  0.0
1660.0  0.0
1665.0  0.0
1670.0  0.0
1675.0  0.0
1680.0  0.0
1685.0  0.0
1690.0  0.0
1695.0  0.0
1700.0  0.0
1705.0  0.0
1710.0  0.0
1715.0  0.0
1720.0  0.0
1725.0  0.0
1730.0  0.0
1735.0  0.0
1740.0  0.0
1745.0  0.0
1750.0  0.0
1755.0  0.0
1760.0  0.0
1765.0  0.0
1770.0  0.0
1775.0  0.0
1780.0  0.0
1785.0  0.0
1790.0  0.0
1795.0  0.0
1800.0  0.0
1805.0  0.0
1810.0  0.0
1815.0  0.0
1820.0  0.0
1825.0  0.0
1830.0  0.0
1835.0  0.0
1840.0  0.0
1845.0  0.0
1850.0  0.0
1855.0  0.0
1860.0  0.0
1865.0  0.0
1870.0  0.0
1875.0  0.0
1880.0  0.0
1885.0  0.0
1890.0  0.0
1895.0  0.0
1900.0  0.0
1905.0  0.0
1910.0  0.0
1915.0  0.0
1920.0  0.0
1925.0  0.0
1930.0  0.0
1935.0  0.0
1940.0  0.0
1945.0  0.0
1950.0  0.0
1955.0  0.0
1960.0  0.0
1965.0  0.0
1970.0  0.0
1975.0  0.0
1980.0  0.0
1985.0  0.0
1990.0  0.0
1995.0  0.0
2000.0  0.0
2005.0  0.0
2010.0  0.0
2015.0  0.0
2020.0  0.0
2025.0  0.0
2030.0  0.0
2035.0  0.0
2040.0  0.0
2045.0  0.0
2050.0  0.0
2055.0  0.0
2060.0  0.0
2065.0  0.0
2070.0  0.0
2075.0  0.0
2080.0  0.0
2085.0  0.0
2090.0  0.0
2095.0  0.0
2100.0  0.0
2105.0  0.0
2110.0  0.0
2115.0  0.0
2120.0  0.0
2125.0  0.0
2130.0  0.0
2135.0  0.0
2140.0  0.0
2145.0  0.0
2150.0  0.0
2155.0  0.0
2160.0  0.0
2165.0  0.0
2170.0  0.0
2175.0  0.0
2180.0  0.0
2185.0  0.0
2190.0  0.0
2195.0  0.0
2200.0  0.0
2205.0  0.0
2210.0  0.0
2215.0  0.0
2220.0  0.0
2225.0  0.0
2230.0  0.0
2235.0  0.0
2240.0  0.0
2245.0  0.0
2250.0  0.0
2255.0  0.0
2260.0  0.0
2265.0  0.0
2270.0  0.0
2275.0  0.0
2280.0  0.0
2285.0  0.0
2290.0  0.0
2295.0  0.0
2300.0  0.0
2305.0  0.0
2310.0  0.0
2315.0  0.0
2320.0  4.82952e-16
2325.0  3.37444e-15
2330.0  3.85531e-15
2335.0  3.37236e-15
2340.0  4.80884e-16
2345.0  0.0
2350.0  0.0
2355.0  0.0
2360.0  0.0
2365.0  0.0
2370.0  0.0
2375.0  0.0
2380.0  0.0
2385.0  0.0
2390.0  0.0
2395.0  0.0
2400.0  4.82919e-16
2405.0  4.34023e-15
2410.0  1.15699e-14
2415.0  1.87976e-14
2420.0  2.31339e-14
2425.0  2.69892e-14
2430.0  3.03616e-14
2435.0  2.98767e-14
2440.0  2.31279e-14
2445.0  1.44515e-14
2450.0  1.92372e-15
2455.0  0.0
2460.0  0.0
2465.0  0.0
2470.0  0.0
2475.0  0.0
2480.0  0.0
2485.0  0.0
2490.0  0.0
2495.0  0.0
2500.0  9.65756e-15
2505.0  7.85933e-14
2510.0  1.66305e-13
2515.0  2.56903e-13
2520.0  3.36893e-13
2525.0  3.96637e-13
2530.0  4.22641e-13
2535.0  4.05751e-13
2540.0  3.35363e-13
2545.0  2.01838e-13
2550.0  2.64533e-14
2555.0  0.0
2560.0  0.0
2565.0  0.0
2570.0  0.0
2575.0  0.0
2580.0  0.0
2585.0  0.0
2590.0  0.0
2595.0  0.0
2600.0  1.36644e-13
2605.0  1.12441e-12
2610.0  2.46906e-12
2615.0  4.00692e-12
2620.0  5.67246e-12
2625.0  7.40254e-12
2630.0  9.12922e-12
2635.0  1.0787e-11
2640.0  1.23121e-11
2645.0  1.36349e-11
2650.0  1.46959e-11
2655.0  1.54514e-11
2660.0  1.59231e-11
2665.0  1.61524e-11
2670.0  1.61851e-11
2675.0  1.60664e-11
2680.0  1.5838e-11
2685.0  1.55493e-11
2690.0  1.52399e-11
2695.0  1.49595e-11
2700.0  1.47484e-11
2705.0  1.4641e-11
2710.0  1.46449e-11
2715.0  1.47601e-11
2720.0  1.49838e-11
2725.0  1.5314e-11
2730.0  1.57429e-11
2735.0  1.62735e-11
2740.0  1.68986e-11
2745.0  1.76187e-11
2750.0  1.84278e-11
2755.0  1.93184e-11
2760.0  2.02625e-11
2765.0  2.12263e-11
2770.0  2.21781e-11
2775.0  2.30841e-11
2780.0  2.3912e-11
2785.0  2.46251e-11
2790.0  2.51918e-11
2795.0  2.55801e-11
2800.0  2.57554e-11
2805.0  2.57052e-11
2810.0  2.54569e-11
2815.0  2.50584e-11
2820.0  2.4559e-11
2825.0  2.40063e-11
2830.0  2.34492e-11
2835.0  2.29346e-11
2840.0  2.25096e-11
2845.0  2.22258e-11
2850.0  2.21271e-11
2855.0  2.22481e-11
2860.0  2.25764e-11
2865.0  2.30859e-11
2870.0  2.375e-11
2875.0  2.45438e-11
2880.0  2.54353e-11
2885.0  2.64002e-11
2890.0  2.74136e-11
2895.0  2.84435e-11
2900.0  2.94632e-11
2905.0  3.04554e-11
2910.0  3.14043e-11
2915.0  3.23084e-11
2920.0  3.3157e-11
2925.0  3.39492e-11
2930.0  3.46745e-11
2935.0  3.53323e-11
2940.0  3.59134e-11
2945.0  3.64107e-11
2950.0  3.68227e-11
2955.0  3.71499e-11
2960.0  3.74144e-11
2965.0  3.7639e-11
2970.0  3.78573e-11
2975.0  3.8093e-11
2980.0  3.83774e-11
2985.0  3.8736e-11
2990.0  3.91976e-11
2995.0  3.97885e-11
3000.0  4.05414e-11
3005.0  4.14668e-11
3010.0  4.25626e-11
3015.0  4.38094e-11
3020.0  4.51877e-11
3025.0  4.66817e-11
3030.0  4.8275e-11
3035.0  4.99457e-11
3040.0  5.16759e-11
3045.0  5.34532e-11
3050.0  5.52527e-11
3055.0  5.70647e-11
3060.0  5.88868e-11
3065.0  6.07118e-11
3070.0  6.2546e-11
3075.0  6.43854e-11
3080.0  6.62317e-11
3085.0  6.80827e-11
3090.0  6.99404e-11
3095.0  7.18026e-11
3100.0  7.36686e-11
3105.0  7.55351e-11
3110.0  7.73793e-11
3115.0  7.91797e-11
3120.0  8.09077e-11
3125.0  8.25391e-11
3130.0  8.40478e-11
3135.0  8.54126e-11
3140.0  8.66047e-11
3145.0  8.75999e-11
3150.0  8.83728e-11
3155.0  8.89124e-11
3160.0  8.92434e-11
3165.0  8.93946e-11
3170.0  8.94026e-11
3175.0  8.9303e-11
3180.0  8.91304e-11
3185.0  8.89223e-11
3190.0  8.87106e-11
3195.0  8.853e-11
3200.0  8.84143e-11
3205.0  8.83917e-11
3210.0  8.84674e-11
3215.0  8.86338e-11
3220.0  8.88916e-11
3225.0  8.92372e-11
3230.0  8.96612e-11
3235.0  9.01625e-11
3240.0  9.07393e-11
3245.0  9.13831e-11
3250.0  9.20916e-11
3255.0  9.28536e-11
3260.0  9.36324e-11
3265.0  9.43933e-11
3270.0  9.50906e-11
3275.0  9.56871e-11
3280.0  9.61434e-11
3285.0  9.64132e-11
3290.0  9.64617e-11
3295.0  9.62478e-11
3300.0  9.5729e-11
3305.0  9.48991e-11
3310.0  9.38306e-11
3315.0  9.26143e-11
3320.0  9.13546e-11
3325.0  9.01522e-11
3330.0  8.91051e-11
3335.0  8.83152e-11
3340.0  8.78813e-11
3345.0  8.79052e-11
3350.0  8.84811e-11
3355.0  8.96718e-11
3360.0  9.14464e-11
3365.0  9.37289e-11
3370.0  9.64518e-11
3375.0  9.95358e-11
3380.0  1.02912e-10
3385.0  1.06507e-10
3390.0  1.10245e-10
3395.0  1.14056e-10
3400.0  1.17862e-10
3405.0  1.21611e-10
3410.0  1.2528e-10
3415.0  1.28861e-10
3420.0  1.32349e-10
3425.0  1.35738e-10
3430.0  1.39025e-10
3435.0  1.42198e-10
3440.0  1.45258e-10
3445.0  1.48195e-10
3450.0  1.51004e-10
3455.0  1.53679e-10
3460.0  1.56206e-10
3465.0  1.58571e-10
3470.0  1.60763e-10
3475.0  1.62762e-10
3480.0  1.64556e-10
3485.0  1.66132e-10
3490.0  1.67475e-10
3495.0  1.68569e-10
3500.0  1.69404e-10
3505.0  1.74579e-10
3510.0  2.03176e-10
3515.0  2.1231e-10
3520.0  2.1348e-10
3525.0  2.05561e-10
3530.0  2.19564e-10
3535.0  2.41809e-10
3540.0  2.4453e-10
3545.0  2.28767e-10
3550.0  2.2647e-10
3555.0  2.24543e-10
3560.0  2.08229e-10
3565.0  1.77137e-10
3570.0  1.59409e-10
3575.0  1.42086e-10
3580.0  1.25418e-10
3585.0  1.3964e-10
3590.0  1.77599e-10
3595.0  2.1273e-10
3600.0  2.02471e-10
3605.0  1.78205e-10
3610.0  1.6846e-10
3615.0  1.79808e-10
3620.0  2.00413e-10
3625.0  2.20045e-10
3630.0  2.19408e-10
3635.0  2.30583e-10
3640.0  2.39446e-10
3645.0  2.26778e-10
3650.0  2.36476e-10
3655.0  2.77209e-10
3660.0  3.11005e-10
3665.0  3.10243e-10
3670.0  2.97488e-10
3675.0  2.86799e-10
3680.0  2.7103e-10
3685.0  2.68455e-10
3690.0  2.84419e-10
3695.0  3.06092e-10
3700.0  2.97723e-10
3705.0  2.60887e-10
3710.0  2.50194e-10
3715.0  2.40444e-10
3720.0  2.18661e-10
3725.0  2.09885e-10
3730.0  1.86443e-10
3735.0  1.65803e-10
3740.0  1.68251e-10
3745.0  1.7021e-10
3750.0  1.8765e-10
3755.0  2.11385e-10
3760.0  2.21037e-10
3765.0  2.41353e-10
3770.0  2.76615e-10
3775.0  3.02869e-10
3780.0  3.08345e-10
3785.0  2.83806e-10
3790.0  2.54059e-10
3795.0  2.40295e-10
3800.0  2.47984e-10
3805.0  2.61061e-10
3810.0  2.54028e-10
3815.0  2.18587e-10
3820.0  1.88445e-10
3825.0  1.79062e-10
3830.0  1.80195e-10
3835.0  1.8545e-10
3840.0  2.03566e-10
3845.0  2.27169e-10
3850.0  2.26337e-10
3855.0  2.1113e-10
3860.0  2.07071e-10
3865.0  2.18671e-10
3870.0  2.23467e-10
3875.0  2.17855e-10
3880.0  2.19282e-10
3885.0  2.33412e-10
3890.0  2.60312e-10
3895.0  2.75498e-10
3900.0  2.84851e-10
3905.0  3.00334e-10
3910.0  3.12738e-10
3915.0  2.916e-10
3920.0  2.44776e-10
3925.0  1.90601e-10
3930.0  1.41825e-10
3935.0  1.36284e-10
3940.0  1.78731e-10
3945.0  2.36078e-10
3950.0  2.85111e-10
3955.0  2.87455e-10
3960.0  2.35905e-10
3965.0  1.78882e-10
3970.0  1.85569e-10
3975.0  2.69128e-10
3980.0  3.67778e-10
3985.0  4.42343e-10
3990.0  4.87234e-10
3995.0  5.18365e-10
4000.0  5.52944e-10
4005.0  5.78179e-10
4010.0  6.09817e-10
4015.0  6.46714e-10
4020.0  6.57463e-10
4025.0  6.37857e-10
4030.0  6.07702e-10
4035.0  6.1703e-10
4040.0  6.30352e-10
4045.0  6.11905e-10
4050.0  6.32921e-10
4055.0  6.2551e-10
4060.0  6.02152e-10
4065.0  6.07768e-10
4070.0  6.26261e-10
4075.0  6.32199e-10
4080.0  6.79222e-10
4085.0  7.67743e-10
4090.0  8.05625e-10
4095.0  7.53348e-10
4100.0  6.9731e-10
4105.0  7.05124e-10
4110.0  7.13904e-10
4115.0  7.0124e-10
4120.0  6.96118e-10
4125.0  6.95452e-10
4130.0  6.64506e-10
4135.0  6.51578e-10
4140.0  6.37687e-10
4145.0  6.30761e-10
4150.0  6.52921e-10
4155.0  7.0514e-10
4160.0  7.51995e-10
4165.0  7.34473e-10
4170.0  6.86698e-10
4175.0  6.64572e-10
4180.0  6.90248e-10
4185.0  7.29511e-10
4190.0  7.43762e-10
4195.0  7.13814e-10
4200.0  6.83052e-10
4205.0  7.22613e-10
4210.0  7.83317e-10
4215.0  8.17278e-10
4220.0  7.87896e-10
4225.0  6.74268e-10
4230.0  6.7747e-10
4235.0  7.73923e-10
4240.0  8.85345e-10
4245.0  9.38046e-10
4250.0  8.89313e-10
4255.0  8.51209e-10
4260.0  8.83768e-10
4265.0  9.32447e-10
4270.0  9.01921e-10
4275.0  9.01124e-10
4280.0  9.23452e-10
4285.0  8.66067e-10
4290.0  8.01608e-10
4295.0  7.99775e-10
4300.0  7.77434e-10
4305.0  7.60875e-10
4310.0  8.78182e-10
4315.0  1.12996e-09
4320.0  1.26242e-09
4325.0  1.244e-09
4330.0  1.27873e-09
4335.0  1.29887e-09
4340.0  1.28708e-09
4345.0  1.35274e-09
4350.0  1.38758e-09
4355.0  1.4324e-09
4360.0  1.50173e-09
4365.0  1.54403e-09
4370.0  1.49408e-09
4375.0  1.38705e-09
4380.0  1.23808e-09
4385.0  1.14314e-09
4390.0  1.20751e-09
4395.0  1.3393e-09
4400.0  1.37673e-09
4405.0  1.2903e-09
4410.0  1.30348e-09
4415.0  1.36085e-09
4420.0  1.4343e-09
4425.0  1.46134e-09
4430.0  1.46511e-09
4435.0  1.46709e-09
4440.0  1.53264e-09
4445.0  1.60997e-09
4450.0  1.60586e-09
4455.0  1.45927e-09
4460.0  1.35988e-09
4465.0  1.43312e-09
4470.0  1.59301e-09
4475.0  1.77079e-09
4480.0  1.86101e-09
4485.0  1.8892e-09
4490.0  1.83339e-09
4495.0  1.80994e-09
4500.0  1.93143e-09
4505.0  2.08763e-09
4510.0  2.12873e-09
4515.0  2.07709e-09
4520.0  1.96797e-09
4525.0  1.7555e-09
4530.0  1.63536e-09
4535.0  1.71025e-09
4540.0  1.8148e-09
4545.0  1.86833e-09
4550.0  1.89591e-09
4555.0  1.96917e-09
4560.0  2.05699e-09
4565.0  2.09101e-09
4570.0  2.10825e-09
4575.0  2.09486e-09
4580.0  2.06854e-09
4585.0  2.11211e-09
4590.0  2.11632e-09
4595.0  2.04801e-09
4600.0  2.03782e-09
4605.0  2.17013e-09
4610.0  2.36728e-09
4615.0  2.48773e-09
4620.0  2.5194e-09
4625.0  2.49861e-09
4630.0  2.42718e-09
4635.0  2.27856e-09
4640.0  2.15323e-09
4645.0  2.08293e-09
4650.0  2.14984e-09
4655.0  2.31039e-09
4660.0  2.38677e-09
4665.0  2.22638e-09
4670.0  2.14903e-09
4675.0  2.22371e-09
4680.0  2.27752e-09
4685.0  2.28377e-09
4690.0  2.30156e-09
4695.0  2.35552e-09
4700.0  2.34107e-09
4705.0  2.28978e-09
4710.0  2.2759e-09
4715.0  2.38619e-09
4720.0  2.49025e-09
4725.0  2.42146e-09
4730.0  2.31119e-09
4735.0  2.36137e-09
4740.0  2.45535e-09
4745.0  2.53413e-09
4750.0  2.55992e-09
4755.0  2.49367e-09
4760.0  2.39179e-09
4765.0  2.31886e-09
4770.0  2.36931e-09
4775.0  2.49636e-09
4780.0  2.50218e-09
4785.0  2.39707e-09
4790.0  2.38569e-09
4795.0  2.50911e-09
4800.0  2.60181e-09
4805.0  2.6102e-09
4810.0  2.60192e-09
4815.0  2.68136e-09
4820.0  2.73169e-09
4825.0  2.66521e-09
4830.0  2.5959e-09
4835.0  2.60568e-09
4840.0  2.60442e-09
4845.0  2.61277e-09
4850.0  2.57951e-09
4855.0  2.46741e-09
4860.0  2.34048e-09
4865.0  2.32545e-09
4870.0  2.36995e-09
4875.0  2.45188e-09
4880.0  2.49972e-09
4885.0  2.41068e-09
4890.0  2.45806e-09
4895.0  2.74554e-09
4900.0  2.90262e-09
4905.0  2.86912e-09
4910.0  2.75556e-09
4915.0  2.67135e-09
4920.0  2.56688e-09
4925.0  2.71259e-09
4930.0  2.87872e-09
4935.0  2.76181e-09
4940.0  2.70975e-09
4945.0  2.93066e-09
4950.0  3.08629e-09
4955.0  2.98019e-09
4960.0  2.82511e-09
4965.0  2.78087e-09
4970.0  2.82134e-09
4975.0  2.85357e-09
4980.0  2.71928e-09
4985.0  2.64581e-09
4990.0  2.68189e-09
4995.0  2.69635e-09
5000.0  2.61794e-09
5005.0  2.53198e-09
5010.0  2.47774e-09
5015.0  2.38925e-09
5020.0  2.44104e-09
5025.0  2.61727e-09
5030.0  2.75198e-09
5035.0  2.66121e-09
5040.0  2.50221e-09
5045.0  2.64537e-09
5050.0  2.83664e-09
5055.0  3.00754e-09
5060.0  3.05014e-09
5065.0  2.8866e-09
5070.0  2.74688e-09
5075.0  2.65137e-09
5080.0  2.55071e-09
5085.0  2.65463e-09
5090.0  2.81746e-09
5095.0  2.82809e-09
5100.0  2.73024e-09
5105.0  2.64296e-09
5110.0  2.62958e-09
5115.0  2.76935e-09
5120.0  2.76369e-09
5125.0  2.57415e-09
5130.0  2.56289e-09
5135.0  2.66736e-09
5140.0  2.65943e-09
5145.0  2.54533e-09
5150.0  2.49616e-09
5155.0  2.67486e-09
5160.0  2.72564e-09
5165.0  2.29532e-09
5170.0  1.98862e-09
5175.0  2.16314e-09
5180.0  2.35935e-09
5185.0  2.47587e-09
5190.0  2.61002e-09
5195.0  2.68125e-09
5200.0  2.65755e-09
5205.0  2.42777e-09
5210.0  2.45892e-09
5215.0  2.79057e-09
5220.0  2.92381e-09
5225.0  2.80684e-09
5230.0  2.86625e-09
5235.0  3.09542e-09
5240.0  3.23055e-09
5245.0  3.0772e-09
5250.0  2.89867e-09
5255.0  2.98271e-09
5260.0  2.97127e-09
5265.0  2.67555e-09
5270.0  2.58246e-09
5275.0  2.90703e-09
5280.0  3.25556e-09
5285.0  3.46126e-09
5290.0  3.51945e-09
5295.0  3.30522e-09
5300.0  3.215e-09
5305.0  3.49763e-09
5310.0  3.70984e-09
5315.0  3.68156e-09
5320.0  3.49337e-09
5325.0  3.19062e-09
5330.0  3.1186e-09
5335.0  3.35664e-09
5340.0  3.44339e-09
5345.0  3.443e-09
5350.0  3.57258e-09
5355.0  3.86546e-09
5360.0  3.94965e-09
5365.0  3.71666e-09
5370.0  3.50327e-09
5375.0  3.65025e-09
5380.0  3.77608e-09
5385.0  3.67022e-09
5390.0  3.47688e-09
5395.0  3.32888e-09
5400.0  3.25078e-09
5405.0  3.18811e-09
5410.0  3.321e-09
5415.0  3.64793e-09
5420.0  3.78773e-09
5425.0  3.73839e-09
5430.0  3.55468e-09
5435.0  3.49263e-09
5440.0  3.66932e-09
5445.0  3.68705e-09
5450.0  3.65488e-09
5455.0  3.60571e-09
5460.0  3.66195e-09
5465.0  3.67492e-09
5470.0  3.62549e-09
5475.0  3.48933e-09
5480.0  3.45726e-09
5485.0  3.55367e-09
5490.0  3.65927e-09
5495.0  3.73213e-09
5500.0  3.72521e-09
5505.0  3.6393e-09
5510.0  3.56606e-09
5515.0  3.61793e-09
5520.0  3.79831e-09
5525.0  3.84399e-09
5530.0  3.82013e-09
5535.0  3.8465e-09
5540.0  3.9454e-09
5545.0  4.01578e-09
5550.0  4.09797e-09
5555.0  4.07786e-09
5560.0  4.00103e-09
5565.0  3.90853e-09
5570.0  3.91017e-09
5575.0  3.99893e-09
5580.0  3.99237e-09
5585.0  3.79326e-09
5590.0  3.64466e-09
5595.0  3.72218e-09
5600.0  3.81499e-09
5605.0  4.00434e-09
5610.0  4.11589e-09
5615.0  3.9625e-09
5620.0  3.84819e-09
5625.0  3.82626e-09
5630.0  3.93174e-09
5635.0  3.92644e-09
5640.0  3.86574e-09
5645.0  3.89203e-09
5650.0  3.95117e-09
5655.0  3.90563e-09
5660.0  3.7986e-09
5665.0  3.84039e-09
5670.0  3.9736e-09
5675.0  4.13674e-09
5680.0  4.13261e-09
5685.0  4.0542e-09
5690.0  4.06962e-09
5695.0  4.059e-09
5700.0  3.9014e-09
5705.0  3.73521e-09
5710.0  3.68946e-09
5715.0  3.96092e-09
5720.0  4.22127e-09
5725.0  4.26414e-09
5730.0  4.21525e-09
5735.0  4.21945e-09
5740.0  4.20502e-09
5745.0  4.19515e-09
5750.0  4.1598e-09
5755.0  4.17266e-09
5760.0  4.22621e-09
5765.0  4.31428e-09
5770.0  4.37472e-09
5775.0  4.27096e-09
5780.0  4.02818e-09
5785.0  3.89196e-09
5790.0  4.02333e-09
5795.0  4.22393e-09
5800.0  4.38236e-09
5805.0  4.38961e-09
5810.0  4.3779e-09
5815.0  4.40061e-09
5820.0  4.51063e-09
5825.0  4.57017e-09
5830.0  4.58254e-09
5835.0  4.55682e-09
5840.0  4.58087e-09
5845.0  4.53745e-09
5850.0  4.38567e-09
5855.0  4.24298e-09
5860.0  4.23224e-09
5865.0  4.30024e-09
5870.0  4.41362e-09
5875.0  4.4202e-09
5880.0  4.26541e-09
5885.0  3.91255e-09
5890.0  3.33749e-09
5895.0  3.29027e-09
5900.0  3.70369e-09
5905.0  4.11472e-09
5910.0  4.29977e-09
5915.0  4.27965e-09
5920.0  4.2848e-09
5925.0  4.31503e-09
5930.0  4.34534e-09
5935.0  4.36426e-09
5940.0  4.33123e-09
5945.0  4.36446e-09
5950.0  4.34982e-09
5955.0  4.33002e-09
5960.0  4.43042e-09
5965.0  4.53128e-09
5970.0  4.60246e-09
5975.0  4.50173e-09
5980.0  4.38253e-09
5985.0  4.3616e-09
5990.0  4.44843e-09
5995.0  4.48116e-09
6000.0  4.42616e-09
6005.0  4.35038e-09
6010.0  4.30296e-09
6015.0  4.26806e-09
6020.0  4.30997e-09
6025.0  4.45565e-09
6030.0  4.58116e-09
6035.0  4.66724e-09
6040.0  4.70854e-09
6045.0  4.77585e-09
6050.0  4.77227e-09
6055.0  4.66226e-09
6060.0  4.59068e-09
6065.0  4.62066e-09
6070.0  4.78663e-09
6075.0  4.78188e-09
6080.0  4.60731e-09
6085.0  4.48743e-09
6090.0  4.44097e-09
6095.0  4.4857e-09
6100.0  4.49871e-09
6105.0  4.49815e-09
6110.0  4.56141e-09
6115.0  4.55306e-09
6120.0  4.45033e-09
6125.0  4.41164e-09
6130.0  4.38871e-09
6135.0  4.16874e-09
6140.0  4.21849e-09
6145.0  4.42939e-09
6150.0  4.47633e-09
6155.0  4.39488e-09
6160.0  4.13592e-09
6165.0  4.03134e-09
6170.0  4.08901e-09
6175.0  4.25516e-09
6180.0  4.38493e-09
6185.0  4.31128e-09
6190.0  4.14263e-09
6195.0  4.20455e-09
6200.0  4.3222e-09
6205.0  4.39877e-09
6210.0  4.25622e-09
6215.0  3.99495e-09
6220.0  3.89388e-09
6225.0  3.91762e-09
6230.0  3.91293e-09
6235.0  3.99848e-09
6240.0  3.90805e-09
6245.0  3.89831e-09
6250.0  3.91299e-09
6255.0  3.73168e-09
6260.0  3.76238e-09
6265.0  3.98198e-09
6270.0  4.10925e-09
6275.0  4.12441e-09
6280.0  4.09704e-09
6285.0  4.22113e-09
6290.0  4.31101e-09
6295.0  4.17251e-09
6300.0  4.13525e-09
6305.0  4.25367e-09
6310.0  4.31872e-09
6315.0  4.23271e-09
6320.0  4.25688e-09
6325.0  4.41962e-09
6330.0  4.51462e-09
6335.0  4.4594e-09
6340.0  4.43731e-09
6345.0  4.48941e-09
6350.0  4.54026e-09
6355.0  4.36291e-09
6360.0  4.17975e-09
6365.0  4.32547e-09
6370.0  4.62287e-09
6375.0  4.72051e-09
6380.0  4.70616e-09
6385.0  4.72268e-09
6390.0  4.65464e-09
6395.0  4.60099e-09
6400.0  4.61376e-09
6405.0  4.67984e-09
6410.0  4.67053e-09
6415.0  4.62645e-09
6420.0  4.61198e-09
6425.0  4.68494e-09
6430.0  4.65868e-09
6435.0  4.69409e-09
6440.0  4.76681e-09
6445.0  4.78705e-09
6450.0  4.66025e-09
6455.0  4.73091e-09
6460.0  4.77487e-09
6465.0  4.74589e-09
6470.0  4.77218e-09
6475.0  4.75741e-09
6480.0  4.70018e-09
6485.0  4.69752e-09
6490.0  4.52567e-09
6495.0  4.11826e-09
6500.0  4.15829e-09
6505.0  4.51641e-09
6510.0  4.75383e-09
6515.0  4.82222e-09
6520.0  4.82884e-09
6525.0  4.8411e-09
6530.0  4.82335e-09
6535.0  4.86261e-09
6540.0  4.895e-09
6545.0  4.79419e-09
6550.0  4.67307e-09
6555.0  4.50024e-09
6560.0  4.26387e-09
6565.0  4.32646e-09
6570.0  4.55697e-09
6575.0  4.6394e-09
6580.0  4.76788e-09
6585.0  4.84587e-09
6590.0  4.81269e-09
6595.0  4.73189e-09
6600.0  4.78701e-09
6605.0  4.73895e-09
6610.0  4.74677e-09
6615.0  4.92416e-09
6620.0  4.98089e-09
6625.0  4.88824e-09
6630.0  4.81416e-09
6635.0  4.8068e-09
6640.0  4.84053e-09
6645.0  4.82354e-09
6650.0  4.84451e-09
6655.0  4.84041e-09
6660.0  4.7621e-09
6665.0  4.69524e-09
6670.0  4.75772e-09
6675.0  4.74285e-09
6680.0  4.73446e-09
6685.0  4.84509e-09
6690.0  4.88613e-09
6695.0  4.84392e-09
6700.0  4.80897e-09
6705.0  4.76762e-09
6710.0  4.70919e-09
6715.0  4.63249e-09
6720.0  4.68659e-09
6725.0  4.76128e-09
6730.0  4.77373e-09
6735.0  4.72501e-09
6740.0  4.62071e-09
6745.0  4.56986e-09
6750.0  4.57741e-09
6755.0  4.70116e-09
6760.0  4.81972e-09
6765.0  4.74907e-09
6770.0  4.69836e-09
6775.0  4.81199e-09
6780.0  4.85169e-09
6785.0  4.74781e-09
6790.0  4.74261e-09
6795.0  4.7594e-09
6800.0  4.81294e-09
6805.0  4.81395e-09
6810.0  4.79656e-09
6815.0  4.82014e-09
6820.0  4.87349e-09
6825.0  4.88704e-09
6830.0  4.84036e-09
6835.0  4.81555e-09
6840.0  4.79108e-09
6845.0  4.81603e-09
6850.0  4.83076e-09
6855.0  4.80128e-09
6860.0  4.80126e-09
6865.0  4.85191e-09
6870.0  4.85288e-09
6875.0  4.82987e-09
6880.0  4.8385e-09
6885.0  4.86056e-09
6890.0  4.89024e-09
6895.0  4.88108e-09
6900.0  4.87715e-09
6905.0  4.87739e-09
6910.0  4.84935e-09
6915.0  4.842e-09
6920.0  4.85509e-09
6925.0  4.81989e-09
6930.0  4.8109e-09
6935.0  4.81928e-09
6940.0  4.8193e-09
6945.0  4.78824e-09
6950.0  4.78976e-09
6955.0  4.79707e-09
6960.0  4.82751e-09
6965.0  4.85076e-09
6970.0  4.82725e-09
6975.0  4.69705e-09
6980.0  4.61835e-09
6985.0  4.76931e-09
6990.0  4.83682e-09
6995.0  4.84104e-09
7000.0  4.7846e-09
7005.0  4.76981e-09
7010.0  4.78769e-09
7015.0  4.71322e-09
7020.0  4.74465e-09
7025.0  4.76574e-09
7030.0  4.84849e-09
7035.0  4.93087e-09
7040.0  5.02643e-09
7045.0  5.15703e-09
7050.0  5.11192e-09
7055.0  4.97309e-09
7060.0  4.89971e-09
7065.0  4.78138e-09
7070.0  4.83145e-09
7075.0  5.00135e-09
7080.0  4.98324e-09
7085.0  4.757e-09
7090.0  4.63198e-09
7095.0  4.61682e-09
7100.0  4.61249e-09
7105.0  4.59753e-09
7110.0  4.56424e-09
7115.0  4.60588e-09
7120.0  4.57871e-09
7125.0  4.45744e-09
7130.0  4.3735e-09
7135.0  4.43547e-09
7140.0  4.48325e-09
7145.0  4.48211e-09
7150.0  4.47116e-09
7155.0  4.52844e-09
7160.0  4.54288e-09
7165.0  4.52404e-09
7170.0  4.53622e-09
7175.0  4.50724e-09
7180.0  4.40509e-09
7185.0  4.28464e-09
7190.0  4.2319e-09
7195.0  4.30917e-09
7200.0  4.3677e-09
7205.0  4.38975e-09
7210.0  4.44275e-09
7215.0  4.53581e-09
7220.0  4.61885e-09
7225.0  4.64805e-09
7230.0  4.67753e-09
7235.0  4.6544e-09
7240.0  4.59985e-09
7245.0  4.58321e-09
7250.0  4.5621e-09
7255.0  4.53426e-09
7260.0  4.51948e-09
7265.0  4.53305e-09
7270.0  4.5785e-09
7275.0  4.56174e-09
7280.0  4.49357e-09
7285.0  4.42564e-09
7290.0  4.37203e-09
7295.0  4.46478e-09
7300.0  4.52653e-09
7305.0  4.50856e-09
7310.0  4.48945e-09
7315.0  4.48664e-09
7320.0  4.47067e-09
7325.0  4.46762e-09
7330.0  4.50406e-09
7335.0  4.57295e-09
7340.0  4.63057e-09
7345.0  4.58887e-09
7350.0  4.50137e-09
7355.0  4.37199e-09
7360.0  4.37418e-09
7365.0  4.45842e-09
7370.0  4.61225e-09
7375.0  4.71794e-09
7380.0  4.69736e-09
7385.0  4.54104e-09
7390.0  4.48687e-09
7395.0  4.56589e-09
7400.0  4.64648e-09
7405.0  4.69403e-09
7410.0  4.59683e-09
7415.0  4.48643e-09
7420.0  4.48373e-09
7425.0  4.58426e-09
7430.0  4.67999e-09
7435.0  4.68697e-09
7440.0  4.63042e-09
7445.0  4.60649e-09
7450.0  4.6777e-09
7455.0  4.70816e-09
7460.0  4.6513e-09
7465.0  4.67757e-09
7470.0  4.68114e-09
7475.0  4.63644e-09
7480.0  4.63873e-09
7485.0  4.62903e-09
7490.0  4.6045e-09
7495.0  4.5767e-09
7500.0  4.67597e-09
7505.0  4.70489e-09
7510.0  4.69985e-09
7515.0  4.75655e-09
7520.0  4.77693e-09
7525.0  4.74397e-09
7530.0  4.77097e-09
7535.0  4.83239e-09
7540.0  4.83874e-09
7545.0  4.81955e-09
7550.0  4.81788e-09
7555.0  4.80108e-09
7560.0  4.79933e-09
7565.0  4.80135e-09
7570.0  4.79181e-09
7575.0  4.79394e-09
7580.0  4.78166e-09
7585.0  4.76592e-09
7590.0  4.80398e-09
7595.0  4.83454e-09
7600.0  4.83501e-09
7605.0  4.81769e-09
7610.0  4.79061e-09
7615.0  4.75216e-09
7620.0  4.77058e-09
7625.0  4.81872e-09
7630.0  4.83343e-09
7635.0  4.83264e-09
7640.0  4.83646e-09
7645.0  4.83455e-09
7650.0  4.81095e-09
7655.0  4.76323e-09
7660.0  4.71928e-09
7665.0  4.73129e-09
7670.0  4.80019e-09
7675.0  4.82493e-09
7680.0  4.82936e-09
7685.0  4.82681e-09
7690.0  4.80727e-09
7695.0  4.78298e-09
7700.0  4.79714e-09
7705.0  4.79785e-09
7710.0  4.74623e-09
7715.0  4.72993e-09
7720.0  4.74522e-09
7725.0  4.74935e-09
7730.0  4.80038e-09
7735.0  4.89434e-09
7740.0  4.9016e-09
7745.0  4.74521e-09
7750.0  4.66081e-09
7755.0  4.81724e-09
7760.0  4.92703e-09
7765.0  4.93335e-09
7770.0  4.90107e-09
7775.0  4.89473e-09
7780.0  4.86409e-09
7785.0  4.81635e-09
7790.0  4.80285e-09
7795.0  4.82817e-09
7800.0  4.82848e-09
7805.0  4.86097e-09
7810.0  4.87371e-09
7815.0  4.94083e-09
7820.0  4.98633e-09
7825.0  4.98489e-09
7830.0  4.90667e-09
7835.0  4.81678e-09
7840.0  4.86457e-09
7845.0  4.91004e-09
7850.0  4.88201e-09
7855.0  4.86384e-09
7860.0  4.91747e-09
7865.0  4.95378e-09
7870.0  4.91812e-09
7875.0  4.80144e-09
7880.0  4.71776e-09
7885.0  4.72525e-09
7890.0  4.72858e-09
7895.0  4.58091e-09
7900.0  4.53172e-09
7905.0  4.56369e-09
7910.0  4.50187e-09
7915.0  4.41018e-09
7920.0  4.40203e-09
7925.0  4.46744e-09
7930.0  4.49832e-09
7935.0  4.44435e-09
7940.0  4.32726e-09
7945.0  4.2584e-09
7950.0  4.30351e-09
7955.0  4.3669e-09
7960.0  4.39395e-09
7965.0  4.44105e-09
7970.0  4.46898e-09
7975.0  4.47338e-09
7980.0  4.45642e-09
7985.0  4.43944e-09
7990.0  4.43912e-09
7995.0  4.36795e-09
8000.0  4.32264e-09
8005.0  4.35245e-09
8010.0  4.39991e-09
8015.0  4.46272e-09
8020.0  4.38726e-09
8025.0  4.16809e-09
8030.0  4.1355e-09
8035.0  4.33393e-09
8040.0  4.36885e-09
8045.0  4.17878e-09
8050.0  4.08283e-09
8055.0  4.17537e-09
8060.0  4.2306e-09
8065.0  4.15898e-09
8070.0  4.01833e-09
8075.0  3.95497e-09
8080.0  3.95641e-09
8085.0  3.96334e-09
8090.0  3.90181e-09
8095.0  3.81969e-09
8100.0  3.79617e-09
8105.0  3.7957e-09
8110.0  3.7883e-09
8115.0  3.76377e-09
8120.0  3.77873e-09
8125.0  3.83272e-09
8130.0  3.83595e-09
8135.0  3.82011e-09
8140.0  3.79184e-09
8145.0  3.75987e-09
8150.0  3.76815e-09
8155.0  3.80253e-09
8160.0  3.76481e-09
8165.0  3.71928e-09
8170.0  3.72969e-09
8175.0  3.73928e-09
8180.0  3.72405e-09
8185.0  3.69057e-09
8190.0  3.68702e-09
8195.0  3.66166e-09
8200.0  3.6782e-09
8205.0  3.66809e-09
8210.0  3.6977e-09
8215.0  3.76689e-09
8220.0  3.80725e-09
8225.0  3.77709e-09
8230.0  3.73575e-09
8235.0  3.75689e-09
8240.0  3.82313e-09
8245.0  3.89368e-09
8250.0  3.90557e-09
8255.0  3.83383e-09
8260.0  3.85511e-09
8265.0  3.91384e-09
8270.0  3.9235e-09
8275.0  3.8429e-09
8280.0  3.81389e-09
8285.0  3.80597e-09
8290.0  3.80924e-09
8295.0  3.78554e-09
8300.0  3.72629e-09
8305.0  3.67175e-09
8310.0  3.65149e-09
8315.0  3.71126e-09
8320.0  3.72456e-09
8325.0  3.6886e-09
8330.0  3.65056e-09
8335.0  3.67109e-09
8340.0  3.69712e-09
8345.0  3.69964e-09
8350.0  3.70423e-09
8355.0  3.73133e-09
8360.0  3.73082e-09
8365.0  3.71471e-09
8370.0  3.77094e-09
8375.0  3.79833e-09
8380.0  3.73134e-09
8385.0  3.61946e-09
8390.0  3.63397e-09
8395.0  3.74569e-09
8400.0  3.80459e-09
8405.0  3.84913e-09
8410.0  3.81526e-09
8415.0  3.78047e-09
8420.0  3.74349e-09
8425.0  3.70337e-09
8430.0  3.71748e-09
8435.0  3.64214e-09
8440.0  3.67343e-09
8445.0  3.76558e-09
8450.0  3.83585e-09
8455.0  3.90126e-09
8460.0  3.90457e-09
8465.0  3.84563e-09
8470.0  3.85532e-09
8475.0  3.97267e-09
8480.0  4.00367e-09
8485.0  3.98886e-09
8490.0  3.85335e-09
8495.0  3.48739e-09
8500.0  3.41387e-09
8505.0  3.6799e-09
8510.0  3.75468e-09
8515.0  3.64721e-09
8520.0  3.67419e-09
8525.0  3.71854e-09
8530.0  3.68272e-09
8535.0  3.38859e-09
8540.0  2.86581e-09
8545.0  2.72148e-09
8550.0  3.041e-09
8555.0  3.44795e-09
8560.0  3.75916e-09
8565.0  3.86928e-09
8570.0  3.86768e-09
8575.0  3.87662e-09
8580.0  3.89635e-09
8585.0  3.92123e-09
8590.0  3.93915e-09
8595.0  3.96957e-09
8600.0  4.02527e-09
8605.0  4.05491e-09
8610.0  4.02509e-09
8615.0  4.02005e-09
8620.0  4.02538e-09
8625.0  4.08454e-09
8630.0  4.15842e-09
8635.0  4.20839e-09
8640.0  4.22459e-09
8645.0  4.1827e-09
8650.0  4.0965e-09
8655.0  3.83537e-09
8660.0  3.30058e-09
8665.0  3.14597e-09
8670.0  3.37364e-09
8675.0  3.63496e-09
8680.0  3.88833e-09
8685.0  3.9496e-09
8690.0  3.99966e-09
8695.0  4.18264e-09
8700.0  4.15758e-09
8705.0  4.12925e-09
8710.0  4.12629e-09
8715.0  4.16561e-09
8720.0  4.22801e-09
8725.0  4.20206e-09
8730.0  4.13782e-09
8735.0  4.12517e-09
8740.0  4.11286e-09
8745.0  4.11146e-09
8750.0  4.09678e-09
8755.0  4.08326e-09
8760.0  4.07685e-09
8765.0  4.04753e-09
8770.0  4.01574e-09
8775.0  4.06998e-09
8780.0  4.13445e-09
8785.0  4.14352e-09
8790.0  4.09837e-09
8795.0  4.07482e-09
8800.0  3.99363e-09
8805.0  3.85307e-09
8810.0  3.97875e-09
8815.0  4.10722e-09
8820.0  4.05446e-09
8825.0  4.04452e-09
8830.0  4.13014e-09
8835.0  4.08693e-09
8840.0  4.0771e-09
8845.0  4.16267e-09
8850.0  4.22185e-09
8855.0  4.21127e-09
8860.0  4.12744e-09
8865.0  4.06237e-09
8870.0  4.1183e-09
8875.0  4.12861e-09
8880.0  4.13558e-09
8885.0  4.19587e-09
8890.0  4.19858e-09
8895.0  4.20341e-09
8900.0  4.22137e-09
8905.0  4.23239e-09
8910.0  4.21018e-09
8915.0  4.16064e-09
8920.0  4.11574e-09
8925.0  4.0838e-09
8930.0  4.11148e-09
8935.0  4.15898e-09
8940.0  4.18031e-09
8945.0  4.06386e-09
8950.0  4.07694e-09
8955.0  4.20033e-09
8960.0  4.22054e-09
8965.0  4.13875e-09
8970.0  4.08265e-09
8975.0  4.0363e-09
8980.0  4.067e-09
8985.0  4.02045e-09
8990.0  3.9056e-09
8995.0  3.98446e-09
9000.0  3.96073e-09
9005.0  3.98733e-09
9010.0  3.86569e-09
9015.0  3.73241e-09
9020.0  3.81623e-09
9025.0  3.88047e-09
9030.0  4.0757e-09
9035.0  4.24641e-09
9040.0  4.31113e-09
9045.0  4.35315e-09
9050.0  4.35255e-09
9055.0  4.33099e-09
9060.0  4.25126e-09
9065.0  4.15632e-09
9070.0  4.06576e-09
9075.0  4.04092e-09
9080.0  3.92825e-09
9085.0  3.79664e-09
9090.0  3.68251e-09
9095.0  3.81733e-09
9100.0  3.85652e-09
9105.0  3.85956e-09
9110.0  3.86631e-09
9115.0  3.81446e-09
9120.0  3.79433e-09
9125.0  3.91181e-09
9130.0  3.90769e-09
9135.0  3.80821e-09
9140.0  3.68339e-09
9145.0  3.53589e-09
9150.0  3.51776e-09
9155.0  3.50457e-09
9160.0  3.56765e-09
9165.0  3.51784e-09
9170.0  3.26199e-09
9175.0  3.19548e-09
9180.0  3.34925e-09
9185.0  3.42582e-09
9190.0  3.3976e-09
9195.0  3.35926e-09
9200.0  3.34951e-09
9205.0  3.3617e-09
9210.0  3.33253e-09
9215.0  3.31779e-09
9220.0  3.35449e-09
9225.0  3.41245e-09
9230.0  3.41997e-09
9235.0  3.41741e-09
9240.0  3.3925e-09
9245.0  3.38652e-09
9250.0  3.4059e-09
9255.0  3.45639e-09
9260.0  3.48916e-09
9265.0  3.54967e-09
9270.0  3.58846e-09
9275.0  3.54684e-09
9280.0  3.51395e-09
9285.0  3.52223e-09
9290.0  3.50692e-09
9295.0  3.51357e-09
9300.0  3.52915e-09
9305.0  3.51501e-09
9310.0  3.45885e-09
9315.0  3.40096e-09
9320.0  3.38747e-09
9325.0  3.37795e-09
9330.0  3.41435e-09
9335.0  3.37337e-09
9340.0  3.31562e-09
9345.0  3.26029e-09
9350.0  3.3633e-09
9355.0  3.30905e-09
9360.0  3.34286e-09
9365.0  3.40116e-09
9370.0  3.40006e-09
9375.0  3.43474e-09
9380.0  3.41674e-09
9385.0  3.53987e-09
9390.0  3.67403e-09
9395.0  3.75566e-09
9400.0  3.73663e-09
9405.0  3.68951e-09
9410.0  3.58773e-09
9415.0  3.54194e-09
9420.0  3.54351e-09
9425.0  3.49918e-09
9430.0  3.44248e-09
9435.0  3.47104e-09
9440.0  3.34192e-09
9445.0  3.3923e-09
9450.0  3.4692e-09
9455.0  3.41412e-09
9460.0  3.39932e-09
9465.0  3.50434e-09
9470.0  3.56397e-09
9475.0  3.57311e-09
9480.0  3.50464e-09
9485.0  3.5736e-09
9490.0  3.61066e-09
9495.0  3.47011e-09
9500.0  3.43307e-09
9505.0  3.58766e-09
9510.0  3.68119e-09
9515.0  3.62318e-09
9520.0  3.51065e-09
9525.0  3.55272e-09
9530.0  3.60587e-09
9535.0  3.61856e-09
9540.0  3.56072e-09
9545.0  3.47326e-09
9550.0  3.47507e-09
9555.0  3.50511e-09
9560.0  3.52771e-09
9565.0  3.49547e-09
9570.0  3.50688e-09
9575.0  3.57158e-09
9580.0  3.54163e-09
9585.0  3.53181e-09
9590.0  3.49795e-09
9595.0  3.50864e-09
9600.0  3.51311e-09
9605.0  3.5574e-09
9610.0  3.61398e-09
9615.0  3.61005e-09
9620.0  3.57404e-09
9625.0  3.52636e-09
9630.0  3.58719e-09
9635.0  3.52406e-09
9640.0  3.47187e-09
9645.0  3.48765e-09
9650.0  3.5095e-09
9655.0  3.53057e-09
9660.0  3.49239e-09
9665.0  3.48318e-09
9670.0  3.50664e-09
9675.0  3.49154e-09
9680.0  3.54772e-09
9685.0  3.57244e-09
9690.0  3.55782e-09
9695.0  3.57883e-09
9700.0  3.58339e-09
9705.0  3.58182e-09
9710.0  3.58766e-09
9715.0  3.60423e-09
9720.0  3.58846e-09
9725.0  3.55836e-09
9730.0  3.4981e-09
9735.0  3.47937e-09
9740.0  3.44458e-09
9745.0  3.47836e-09
9750.0  3.51179e-09
9755.0  3.54859e-09
9760.0  3.55546e-09
9765.0  3.55121e-09
9770.0  3.58088e-09
9775.0  3.60872e-09
9780.0  3.55534e-09
9785.0  3.50325e-09
9790.0  3.54697e-09
9795.0  3.61839e-09
9800.0  3.57649e-09
9805.0  3.62622e-09
9810.0  3.6471e-09
9815.0  3.62864e-09
9820.0  3.65777e-09
9825.0  3.63127e-09
9830.0  3.62146e-09
9835.0  3.63349e-09
9840.0  3.68214e-09
9845.0  3.6777e-09
9850.0  3.66605e-09
9855.0  3.68913e-09
9860.0  3.70618e-09
9865.0  3.6905e-09
9870.0  3.68375e-09
9875.0  3.68317e-09
9880.0  3.68641e-09
9885.0  3.68079e-09
9890.0  3.67157e-09
9895.0  3.69131e-09
9900.0  3.66907e-09
9905.0  3.63919e-09
9910.0  3.65671e-09
9915.0  3.65084e-09
9920.0  3.65698e-09
9925.0  3.64556e-09
9930.0  3.62478e-09
9935.0  3.6763e-09
9940.0  3.6828e-09
9945.0  3.66606e-09
9950.0  3.65268e-09
9955.0  3.69259e-09
9960.0  3.71341e-09
9965.0  3.68794e-09
9970.0  3.685e-09
9975.0  3.65617e-09
9980.0  3.72037e-09
9985.0  3.7383e-09
9990.0  3.69092e-09
9995.0  3.66917e-09
10000.0  3.66671e-09
10005.0  3.68577e-09
10010.0  3.67986e-09
10015.0  3.67627e-09
10020.0  3.67015e-09
10025.0  3.7313e-09
10030.0  3.71861e-09
10035.0  3.63488e-09
10040.0  3.62561e-09
10045.0  3.70796e-09
10050.0  3.74627e-09
10055.0  3.71874e-09
10060.0  3.61554e-09
10065.0  3.65223e-09
10070.0  3.67148e-09
10075.0  3.66714e-09
10080.0  3.63503e-09
10085.0  3.66095e-09
10090.0  3.70116e-09
10095.0  3.70972e-09
10100.0  3.78399e-09
10105.0  3.68794e-09
10110.0  3.72058e-09
10115.0  3.71027e-09
10120.0  3.732e-09
10125.0  3.70775e-09
10130.0  3.69537e-09
10135.0  3.67271e-09
10140.0  3.68267e-09
10145.0  3.68439e-09
10150.0  3.68337e-09
10155.0  3.68195e-09
10160.0  3.6802e-09
10165.0  3.6782e-09
10170.0  3.67605e-09
10175.0  3.67382e-09
10180.0  3.67165e-09
10185.0  3.66959e-09
10190.0  3.66775e-09
10195.0  3.66621e-09
10200.0  3.66505e-09
10205.0  3.66436e-09
10210.0  3.66405e-09
10215.0  3.66405e-09
10220.0  3.66427e-09
10225.0  3.66462e-09
10230.0  3.66498e-09
10235.0  3.6653e-09
10240.0  3.66546e-09
10245.0  3.66537e-09
10250.0  3.66495e-09
10255.0  3.66414e-09
10260.0  3.66297e-09
10265.0  3.66146e-09
10270.0  3.6597e-09
10275.0  3.65773e-09
10280.0  3.6556e-09
10285.0  3.65337e-09
10290.0  3.65109e-09
10295.0  3.64882e-09
10300.0  3.64773e-09
10305.0  3.65243e-09
10310.0  3.65123e-09
10315.0  3.6489e-09
10320.0  3.64662e-09
10325.0  3.64434e-09
10330.0  3.64209e-09
10335.0  3.63984e-09
10340.0  3.63759e-09
10345.0  3.63534e-09
10350.0  3.63308e-09
10355.0  3.63081e-09
10360.0  3.62851e-09
10365.0  3.6262e-09
10370.0  3.62387e-09
10375.0  3.62153e-09
10380.0  3.61918e-09
10385.0  3.61682e-09
10390.0  3.61446e-09
10395.0  3.61208e-09
10400.0  3.60972e-09
10405.0  3.60735e-09
10410.0  3.60497e-09
10415.0  3.6026e-09
10420.0  3.60022e-09
10425.0  3.59784e-09
10430.0  3.59546e-09
10435.0  3.59307e-09
10440.0  3.59068e-09
10445.0  3.58829e-09
10450.0  3.58589e-09
10455.0  3.58349e-09
10460.0  3.58107e-09
10465.0  3.57865e-09
10470.0  3.57624e-09
10475.0  3.57381e-09
10480.0  3.57138e-09
10485.0  3.56895e-09
10490.0  3.56651e-09
10495.0  3.56407e-09
10500.0  3.56162e-09
10505.0  3.55918e-09
10510.0  3.55672e-09
10515.0  3.55427e-09
10520.0  3.55181e-09
10525.0  3.54934e-09
10530.0  3.54688e-09
10535.0  3.54441e-09
10540.0  3.54194e-09
10545.0  3.53947e-09
10550.0  3.53699e-09
10555.0  3.53451e-09
10560.0  3.53203e-09
10565.0  3.52953e-09
10570.0  3.52705e-09
10575.0  3.52455e-09
10580.0  3.52206e-09
10585.0  3.51956e-09
10590.0  3.51705e-09
10595.0  3.51456e-09
10600.0  3.51205e-09
10605.0  3.50953e-09
10610.0  3.50703e-09
10615.0  3.50451e-09
10620.0  3.4985e-09
10625.0  3.47491e-09
10630.0  3.46825e-09
10635.0  3.46499e-09
10640.0  3.46173e-09
10645.0  3.45846e-09
10650.0  3.45518e-09
10655.0  3.4519e-09
10660.0  3.4486e-09
10665.0  3.44531e-09
10670.0  3.442e-09
10675.0  3.43868e-09
10680.0  3.43537e-09
10685.0  3.43205e-09
10690.0  3.42871e-09
10695.0  3.42538e-09
10700.0  3.42203e-09
10705.0  3.41868e-09
10710.0  3.41533e-09
10715.0  3.41196e-09
10720.0  3.40859e-09
10725.0  3.40522e-09
10730.0  3.40183e-09
10735.0  3.39845e-09
10740.0  3.39505e-09
10745.0  3.39165e-09
10750.0  3.38825e-09
10755.0  3.38483e-09
10760.0  3.38142e-09
10765.0  3.37799e-09
10770.0  3.37457e-09
10775.0  3.37113e-09
10780.0  3.36769e-09
10785.0  3.36424e-09
10790.0  3.36079e-09
10795.0  3.35733e-09
10800.0  3.35388e-09
10805.0  3.35041e-09
10810.0  3.34693e-09
10815.0  3.34346e-09
10820.0  3.33997e-09
10825.0  3.33648e-09
10830.0  3.33299e-09
10835.0  3.3295e-09
10840.0  3.32599e-09
10845.0  3.32248e-09
10850.0  3.31896e-09
10855.0  3.31544e-09
10860.0  3.31192e-09
10865.0  3.3084e-09
10870.0  3.30486e-09
10875.0  3.30132e-09
10880.0  3.29778e-09
10885.0  3.29424e-09
10890.0  3.29068e-09
10895.0  3.28712e-09
10900.0  3.28356e-09
10905.0  3.28e-09
10910.0  3.27643e-09
10915.0  3.27286e-09
10920.0  3.26928e-09
10925.0  3.2657e-09
10930.0  3.26211e-09
10935.0  3.25852e-09
10940.0  3.25493e-09
10945.0  3.25133e-09
10950.0  3.24773e-09
10955.0  3.24412e-09
10960.0  3.24051e-09
10965.0  3.2369e-09
10970.0  3.23328e-09
10975.0  3.22966e-09
10980.0  3.22603e-09
10985.0  3.2224e-09
10990.0  3.21878e-09
10995.0  3.21514e-09
11000.0  3.2115e-09
11005.0  3.20785e-09
11010.0  3.20421e-09
11015.0  3.20056e-09
11020.0  3.19691e-09
11025.0  3.19325e-09
11030.0  3.18959e-09
11035.0  3.18593e-09
11040.0  3.18226e-09
11045.0  3.1786e-09
11050.0  3.17493e-09
11055.0  3.17125e-09
11060.0  3.16757e-09
11065.0  3.16389e-09
11070.0  3.16021e-09
11075.0  3.15653e-09
11080.0  3.15284e-09
11085.0  3.14915e-09
11090.0  3.14545e-09
11095.0  3.14176e-09
11100.0  3.13806e-09
11105.0  3.13436e-09
11110.0  3.13066e-09
11115.0  3.12695e-09
11120.0  3.12324e-09
11125.0  3.11953e-09
11130.0  3.11582e-09
11135.0  3.11211e-09
11140.0  3.10839e-09
11145.0  3.10467e-09
11150.0  3.10095e-09
11155.0  3.09722e-09
11160.0  3.0935e-09
11165.0  3.08977e-09
11170.0  3.08604e-09
11175.0  3.08231e-09
11180.0  3.07859e-09
11185.0  3.07486e-09
11190.0  3.07111e-09
11195.0  3.06738e-09
11200.0  3.06364e-09
11205.0  3.0599e-09
11210.0  3.05616e-09
11215.0  3.05241e-09
11220.0  3.04868e-09
11225.0  3.04492e-09
11230.0  3.04119e-09
11235.0  3.03743e-09
11240.0  3.03368e-09
11245.0  3.02994e-09
11250.0  3.02618e-09
11255.0  3.02243e-09
11260.0  3.01867e-09
11265.0  3.01493e-09
11270.0  3.01117e-09
11275.0  3.00742e-09
11280.0  3.00366e-09
11285.0  2.99991e-09
11290.0  2.99615e-09
11295.0  2.99238e-09
11300.0  2.98863e-09
11305.0  2.98487e-09
11310.0  2.98111e-09
11315.0  2.97736e-09
11320.0  2.97359e-09
11325.0  2.96983e-09
11330.0  2.96607e-09
11335.0  2.96231e-09
11340.0  2.95855e-09
11345.0  2.95479e-09
11350.0  2.95103e-09
11355.0  2.94726e-09
11360.0  2.9435e-09
11365.0  2.93975e-09
11370.0  2.93598e-09
11375.0  2.93222e-09
11380.0  2.92846e-09
11385.0  2.9247e-09
11390.0  2.92094e-09
11395.0  2.91718e-09
11400.0  2.91342e-09
11405.0  2.90967e-09
11410.0  2.90591e-09
11415.0  2.90215e-09
11420.0  2.89839e-09
11425.0  2.89464e-09
11430.0  2.89088e-09
11435.0  2.88713e-09
11440.0  2.88337e-09
11445.0  2.87962e-09
11450.0  2.87587e-09
11455.0  2.87212e-09
11460.0  2.86837e-09
11465.0  2.86462e-09
11470.0  2.86087e-09
11475.0  2.85712e-09
11480.0  2.85338e-09
11485.0  2.84964e-09
11490.0  2.84589e-09
11495.0  2.84214e-09
11500.0  2.83841e-09
11505.0  2.83467e-09
11510.0  2.83093e-09
11515.0  2.8272e-09
11520.0  2.82346e-09
11525.0  2.81973e-09
11530.0  2.816e-09
11535.0  2.81227e-09
11540.0  2.80855e-09
11545.0  2.80482e-09
11550.0  2.8011e-09
11555.0  2.79737e-09
11560.0  2.79366e-09
11565.0  2.78994e-09
11570.0  2.78623e-09
11575.0  2.78251e-09
11580.0  2.7788e-09
11585.0  2.77509e-09
11590.0  2.77138e-09
11595.0  2.76768e-09
11600.0  2.76398e-09
11605.0  2.76028e-09
11610.0  2.75658e-09
11615.0  2.75289e-09
11620.0  2.74919e-09
11625.0  2.74551e-09
11630.0  2.74182e-09
11635.0  2.73814e-09
11640.0  2.73445e-09
11645.0  2.73078e-09
11650.0  2.7271e-09
11655.0  2.72344e-09
11660.0  2.71976e-09
11665.0  2.7161e-09
11670.0  2.71243e-09
11675.0  2.70877e-09
11680.0  2.70512e-09
11685.0  2.70146e-09
11690.0  2.69781e-09
11695.0  2.69416e-09
11700.0  2.69052e-09
11705.0  2.68688e-09
11710.0  2.68324e-09
11715.0  2.67961e-09
11720.0  2.67598e-09
11725.0  2.67235e-09
11730.0  2.66873e-09
11735.0  2.66511e-09
11740.0  2.6615e-09
11745.0  2.65788e-09
11750.0  2.65428e-09
11755.0  2.65068e-09
11760.0  2.64707e-09
11765.0  2.64348e-09
11770.0  2.63989e-09
11775.0  2.6363e-09
11780.0  2.63271e-09
11785.0  2.62914e-09
11790.0  2.62556e-09
11795.0  2.62199e-09
11800.0  2.61843e-09
11805.0  2.61487e-09
11810.0  2.6113e-09
11815.0  2.60775e-09
11820.0  2.60421e-09
11825.0  2.60066e-09
11830.0  2.59712e-09
11835.0  2.59359e-09
11840.0  2.59006e-09
11845.0  2.58654e-09
11850.0  2.58301e-09
11855.0  2.5795e-09
11860.0  2.57599e-09
11865.0  2.57248e-09
11870.0  2.56898e-09
11875.0  2.56548e-09
11880.0  2.562e-09
11885.0  2.55851e-09
11890.0  2.55503e-09
11895.0  2.55155e-09
11900.0  2.54809e-09
11905.0  2.54462e-09
11910.0  2.54116e-09
11915.0  2.53771e-09
11920.0  2.53426e-09
11925.0  2.53082e-09
11930.0  2.52739e-09
11935.0  2.52395e-09
11940.0  2.52053e-09
11945.0  2.51711e-09
11950.0  2.5137e-09
11955.0  2.51028e-09
11960.0  2.50689e-09
11965.0  2.50349e-09
11970.0  2.5001e-09
11975.0  2.49672e-09
11980.0  2.49334e-09
11985.0  2.48997e-09
11990.0  2.4866e-09
11995.0  2.48324e-09
12000.0  2.47989e-09
12005.0  2.47655e-09
12010.0  2.4732e-09
12015.0  2.46987e-09
12020.0  2.46654e-09
12025.0  2.46322e-09
12030.0  2.45991e-09
12035.0  2.4566e-09
12040.0  2.4533e-09
12045.0  2.45001e-09
12050.0  2.44672e-09
12055.0  2.44344e-09
12060.0  2.44017e-09
12065.0  2.4369e-09
12070.0  2.43364e-09
12075.0  2.43039e-09
12080.0  2.42714e-09
12085.0  2.42391e-09
12090.0  2.42067e-09
12095.0  2.41745e-09
12100.0  2.41423e-09
12105.0  2.41102e-09
12110.0  2.40783e-09
12115.0  2.40463e-09
12120.0  2.40144e-09
12125.0  2.39826e-09
12130.0  2.39509e-09
12135.0  2.39193e-09
12140.0  2.38877e-09
12145.0  2.38562e-09
12150.0  2.38248e-09
12155.0  2.37935e-09
12160.0  2.37622e-09
12165.0  2.3731e-09
12170.0  2.36999e-09
12175.0  2.36689e-09
12180.0  2.3638e-09
12185.0  2.36071e-09
12190.0  2.35764e-09
12195.0  2.35457e-09
12200.0  2.35151e-09
12205.0  2.34845e-09
12210.0  2.34541e-09
12215.0  2.34237e-09
12220.0  2.33934e-09
12225.0  2.33632e-09
12230.0  2.33331e-09
12235.0  2.33031e-09
12240.0  2.32732e-09
12245.0  2.32433e-09
12250.0  2.32136e-09
12255.0  2.31838e-09
12260.0  2.31542e-09
12265.0  2.31247e-09
12270.0  2.30952e-09
12275.0  2.30659e-09
12280.0  2.30366e-09
12285.0  2.30074e-09
12290.0  2.29783e-09
12295.0  2.29493e-09
12300.0  2.29203e-09
12305.0  2.28914e-09
12310.0  2.28627e-09
12315.0  2.2834e-09
12320.0  2.28053e-09
12325.0  2.27768e-09
12330.0  2.27483e-09
12335.0  2.27199e-09
12340.0  2.26916e-09
12345.0  2.26634e-09
12350.0  2.26353e-09
12355.0  2.26072e-09
12360.0  2.25792e-09
12365.0  2.25513e-09
12370.0  2.25235e-09
12375.0  2.24958e-09
12380.0  2.24681e-09
12385.0  2.24405e-09
12390.0  2.2413e-09
12395.0  2.23856e-09
12400.0  2.23583e-09
12405.0  2.2331e-09
12410.0  2.23038e-09
12415.0  2.22767e-09
12420.0  2.22497e-09
12425.0  2.22227e-09
12430.0  2.21959e-09
12435.0  2.21691e-09
12440.0  2.21424e-09
12445.0  2.21157e-09
12450.0  2.20892e-09
12455.0  2.20627e-09
12460.0  2.20363e-09
12465.0  2.201e-09
12470.0  2.19837e-09
12475.0  2.19576e-09
12480.0  2.19315e-09
12485.0  2.19054e-09
12490.0  2.18795e-09
12495.0  2.18537e-09
12500.0  2.18279e-09
12505.0  2.18022e-09
12510.0  2.17766e-09
12515.0  2.1751e-09
12520.0  2.17255e-09
12525.0  2.17001e-09
12530.0  2.16748e-09
12535.0  2.16495e-09
12540.0  2.16244e-09
12545.0  2.15993e-09
12550.0  2.15743e-09
12555.0  2.15494e-09
12560.0  2.15244e-09
12565.0  2.14996e-09
12570.0  2.14749e-09
12575.0  2.14503e-09
12580.0  2.14258e-09
12585.0  2.14012e-09
12590.0  2.13768e-09
12595.0  2.13525e-09
12600.0  2.13282e-09
12605.0  2.1304e-09
12610.0  2.12799e-09
12615.0  2.12558e-09
12620.0  2.12319e-09
12625.0  2.1208e-09
12630.0  2.11842e-09
12635.0  2.11604e-09
12640.0  2.11367e-09
12645.0  2.11131e-09
12650.0  2.10896e-09
12655.0  2.10661e-09
12660.0  2.10427e-09
12665.0  2.10194e-09
12670.0  2.09962e-09
12675.0  2.0973e-09
12680.0  2.09499e-09
12685.0  2.09269e-09
12690.0  2.0904e-09
12695.0  2.0881e-09
12700.0  2.08583e-09
12705.0  2.08355e-09
12710.0  2.08128e-09
12715.0  2.07902e-09
12720.0  2.07677e-09
12725.0  2.07452e-09
12730.0  2.07229e-09
12735.0  2.07006e-09
12740.0  2.06783e-09
12745.0  2.06561e-09
12750.0  2.0634e-09
12755.0  2.0612e-09
12760.0  2.05901e-09
12765.0  2.05682e-09
12770.0  2.05464e-09
12775.0  2.05246e-09
12780.0  2.0503e-09
12785.0  2.04814e-09
12790.0  2.04598e-09
12795.0  2.04384e-09
12800.0  2.0417e-09
12805.0  2.03956e-09
12810.0  2.03744e-09
12815.0  2.03532e-09
12820.0  2.03321e-09
12825.0  2.0311e-09
12830.0  2.029e-09
12835.0  2.02691e-09
12840.0  2.02483e-09
12845.0  2.02275e-09
12850.0  2.02068e-09
12855.0  2.01861e-09
12860.0  2.01656e-09
12865.0  2.0145e-09
12870.0  2.01246e-09
12875.0  2.01042e-09
12880.0  2.00839e-09
12885.0  2.00637e-09
12890.0  2.00436e-09
12895.0  2.00234e-09
12900.0  2.00034e-09
12905.0  1.99834e-09
12910.0  1.99635e-09
12915.0  1.99437e-09
12920.0  1.99239e-09
12925.0  1.99042e-09
12930.0  1.98846e-09
12935.0  1.9865e-09
12940.0  1.98455e-09
12945.0  1.98261e-09
12950.0  1.98067e-09
12955.0  1.97874e-09
12960.0  1.97682e-09
12965.0  1.9749e-09
12970.0  1.97299e-09
12975.0  1.97108e-09
12980.0  1.96918e-09
12985.0  1.96729e-09
12990.0  1.96541e-09
12995.0  1.96353e-09
13000.0  1.96166e-09
13005.0  1.95979e-09
13010.0  1.95793e-09
13015.0  1.95608e-09
13020.0  1.95423e-09
13025.0  1.95239e-09
13030.0  1.95056e-09
13035.0  1.94873e-09
13040.0  1.94691e-09
13045.0  1.94509e-09
13050.0  1.94328e-09
13055.0  1.94148e-09
13060.0  1.93968e-09
13065.0  1.9379e-09
13070.0  1.93612e-09
13075.0  1.93434e-09
13080.0  1.93257e-09
13085.0  1.9308e-09
13090.0  1.92904e-09
13095.0  1.92729e-09
13100.0  1.92554e-09
13105.0  1.9238e-09
13110.0  1.92207e-09
13115.0  1.92034e-09
13120.0  1.91862e-09
13125.0  1.91691e-09
13130.0  1.9152e-09
13135.0  1.9135e-09
13140.0  1.9118e-09
13145.0  1.91011e-09
13150.0  1.90842e-09
13155.0  1.90675e-09
13160.0  1.90507e-09
13165.0  1.9034e-09
13170.0  1.90174e-09
13175.0  1.90009e-09
13180.0  1.89844e-09
13185.0  1.8968e-09
13190.0  1.89516e-09
13195.0  1.89353e-09
13200.0  1.89191e-09
13205.0  1.89029e-09
13210.0  1.88868e-09
13215.0  1.88707e-09
13220.0  1.88547e-09
13225.0  1.88387e-09
13230.0  1.88229e-09
13235.0  1.8807e-09
13240.0  1.87913e-09
13245.0  1.87755e-09
13250.0  1.87599e-09
13255.0  1.87443e-09
13260.0  1.87287e-09
13265.0  1.87133e-09
13270.0  1.86978e-09
13275.0  1.86825e-09
13280.0  1.86672e-09
13285.0  1.86519e-09
13290.0  1.86367e-09
13295.0  1.86215e-09
13300.0  1.86065e-09
13305.0  1.85914e-09
13310.0  1.85765e-09
13315.0  1.85616e-09
13320.0  1.85467e-09
13325.0  1.85319e-09
13330.0  1.85172e-09
13335.0  1.85025e-09
13340.0  1.84879e-09
13345.0  1.84733e-09
13350.0  1.84588e-09
13355.0  1.84443e-09
13360.0  1.84299e-09
13365.0  1.84155e-09
13370.0  1.84013e-09
13375.0  1.8387e-09
13380.0  1.83728e-09
13385.0  1.83587e-09
13390.0  1.83446e-09
13395.0  1.83306e-09
13400.0  1.83166e-09
13405.0  1.83027e-09
13410.0  1.82888e-09
13415.0  1.8275e-09
13420.0  1.82613e-09
13425.0  1.82476e-09
13430.0  1.82339e-09
13435.0  1.82203e-09
13440.0  1.82068e-09
13445.0  1.81933e-09
13450.0  1.81799e-09
13455.0  1.81666e-09
13460.0  1.81532e-09
13465.0  1.81399e-09
13470.0  1.81267e-09
13475.0  1.81136e-09
13480.0  1.81005e-09
13485.0  1.80874e-09
13490.0  1.80744e-09
13495.0  1.80614e-09
13500.0  1.80486e-09
13505.0  1.80356e-09
13510.0  1.80229e-09
13515.0  1.80101e-09
13520.0  1.79974e-09
13525.0  1.79848e-09
13530.0  1.79722e-09
13535.0  1.79597e-09
13540.0  1.79471e-09
13545.0  1.79347e-09
13550.0  1.79223e-09
13555.0  1.791e-09
13560.0  1.78977e-09
13565.0  1.78855e-09
13570.0  1.78733e-09
13575.0  1.78611e-09
13580.0  1.78491e-09
13585.0  1.7837e-09
13590.0  1.7825e-09
13595.0  1.78131e-09
13600.0  1.78012e-09
13605.0  1.77894e-09
13610.0  1.77776e-09
13615.0  1.77658e-09
13620.0  1.77541e-09
13625.0  1.77425e-09
13630.0  1.77309e-09
13635.0  1.77193e-09
13640.0  1.77079e-09
13645.0  1.76964e-09
13650.0  1.7685e-09
13655.0  1.76737e-09
13660.0  1.76624e-09
13665.0  1.76511e-09
13670.0  1.76399e-09
13675.0  1.76288e-09
13680.0  1.76176e-09
13685.0  1.76066e-09
13690.0  1.75956e-09
13695.0  1.75846e-09
13700.0  1.75737e-09
13705.0  1.75628e-09
13710.0  1.7552e-09
13715.0  1.75412e-09
13720.0  1.75305e-09
13725.0  1.75197e-09
13730.0  1.75091e-09
13735.0  1.74985e-09
13740.0  1.7488e-09
13745.0  1.74775e-09
13750.0  1.7467e-09
13755.0  1.74566e-09
13760.0  1.74462e-09
13765.0  1.74359e-09
13770.0  1.74257e-09
13775.0  1.74154e-09
13780.0  1.74052e-09
13785.0  1.73951e-09
13790.0  1.7385e-09
13795.0  1.73749e-09
13800.0  1.73649e-09
13805.0  1.73549e-09
13810.0  1.7345e-09
13815.0  1.73352e-09
13820.0  1.73253e-09
13825.0  1.73156e-09
13830.0  1.73058e-09
13835.0  1.72961e-09
13840.0  1.72865e-09
13845.0  1.72769e-09
13850.0  1.72673e-09
13855.0  1.72578e-09
13860.0  1.72483e-09
13865.0  1.72388e-09
13870.0  1.72294e-09
13875.0  1.72201e-09
13880.0  1.72108e-09
13885.0  1.72015e-09
13890.0  1.71923e-09
13895.0  1.71831e-09
13900.0  1.7174e-09
13905.0  1.71648e-09
13910.0  1.71558e-09
13915.0  1.71468e-09
13920.0  1.71378e-09
13925.0  1.71289e-09
13930.0  1.712e-09
13935.0  1.71112e-09
13940.0  1.71024e-09
13945.0  1.70936e-09
13950.0  1.70848e-09
13955.0  1.70762e-09
13960.0  1.70675e-09
13965.0  1.70589e-09
13970.0  1.70504e-09
13975.0  1.70418e-09
13980.0  1.70333e-09
13985.0  1.70249e-09
13990.0  1.70165e-09
13995.0  1.70081e-09
14000.0  1.69999e-09
14005.0  1.69916e-09
14010.0  1.69833e-09
14015.0  1.69751e-09
14020.0  1.69669e-09
14025.0  1.69588e-09
14030.0  1.69507e-09
14035.0  1.69427e-09
14040.0  1.69346e-09
14045.0  1.69267e-09
14050.0  1.69188e-09
14055.0  1.69109e-09
14060.0  1.6903e-09
14065.0  1.68952e-09
14070.0  1.68874e-09
14075.0  1.68797e-09
14080.0  1.6872e-09
14085.0  1.68643e-09
14090.0  1.68567e-09
14095.0  1.68491e-09
14100.0  1.68415e-09
14105.0  1.6834e-09
14110.0  1.68265e-09
14115.0  1.68191e-09
14120.0  1.68116e-09
14125.0  1.68043e-09
14130.0  1.67969e-09
14135.0  1.67897e-09
14140.0  1.67824e-09
14145.0  1.67752e-09
14150.0  1.6768e-09
14155.0  1.67608e-09
14160.0  1.67537e-09
14165.0  1.67466e-09
14170.0  1.67395e-09
14175.0  1.67326e-09
14180.0  1.67256e-09
14185.0  1.67187e-09
14190.0  1.67117e-09
14195.0  1.67048e-09
14200.0  1.6698e-09
14205.0  1.66912e-09
14210.0  1.66844e-09
14215.0  1.66777e-09
14220.0  1.6671e-09
14225.0  1.66643e-09
14230.0  1.66577e-09
14235.0  1.66511e-09
14240.0  1.66445e-09
14245.0  1.6638e-09
14250.0  1.66315e-09
14255.0  1.6625e-09
14260.0  1.66186e-09
14265.0  1.66122e-09
14270.0  1.66058e-09
14275.0  1.65995e-09
14280.0  1.65932e-09
14285.0  1.65869e-09
14290.0  1.65807e-09
14295.0  1.65745e-09
14300.0  1.65729e-09
14305.0  1.65927e-09
14310.0  1.65839e-09
14315.0  1.66125e-09
14320.0  1.66735e-09
14325.0  1.67333e-09
14330.0  1.67506e-09
14335.0  1.67142e-09
14340.0  1.66431e-09
14345.0  1.65686e-09
14350.0  1.65198e-09
14355.0  1.65145e-09
14360.0  1.65513e-09
14365.0  1.66069e-09
14370.0  1.66465e-09
14375.0  1.66461e-09
14380.0  1.66082e-09
14385.0  1.65561e-09
14390.0  1.65156e-09
14395.0  1.65004e-09
14400.0  1.65057e-09
14405.0  1.65143e-09
14410.0  1.65071e-09
14415.0  1.64764e-09
14420.0  1.64331e-09
14425.0  1.63984e-09
14430.0  1.63887e-09
14435.0  1.64153e-09
14440.0  1.64661e-09
14445.0  1.65268e-09
14450.0  1.65754e-09
14455.0  1.65927e-09
14460.0  1.65757e-09
14465.0  1.6541e-09
14470.0  1.65104e-09
14475.0  1.64944e-09
14480.0  1.64908e-09
14485.0  1.6492e-09
14490.0  1.64903e-09
14495.0  1.64953e-09
14500.0  1.65642e-09
14505.0  1.65466e-09
14510.0  1.65196e-09
14515.0  1.64977e-09
14520.0  1.6467e-09
14525.0  1.64126e-09
14530.0  1.6326e-09
14535.0  1.62076e-09
14540.0  1.60687e-09
14545.0  1.59318e-09
14550.0  1.5826e-09
14555.0  1.57671e-09
14560.0  1.57565e-09
14565.0  1.57835e-09
14570.0  1.58377e-09
14575.0  1.59114e-09
14580.0  1.59922e-09
14585.0  1.60536e-09
14590.0  1.60545e-09
14595.0  1.59554e-09
14600.0  1.57479e-09
14605.0  1.54736e-09
14610.0  1.52155e-09
14615.0  1.50662e-09
14620.0  1.50912e-09
14625.0  1.53e-09
14630.0  1.56352e-09
14635.0  1.59871e-09
14640.0  1.62288e-09
14645.0  1.62637e-09
14650.0  1.60666e-09
14655.0  1.57064e-09
14660.0  1.53289e-09
14665.0  1.50931e-09
14670.0  1.50622e-09
14675.0  1.52182e-09
14680.0  1.5474e-09
14685.0  1.57328e-09
14690.0  1.5921e-09
14695.0  1.59995e-09
14700.0  1.59667e-09
14705.0  1.58584e-09
14710.0  1.57345e-09
14715.0  1.56483e-09
14720.0  1.56201e-09
14725.0  1.56388e-09
14730.0  1.56827e-09
14735.0  1.57346e-09
14740.0  1.5784e-09
14745.0  1.58204e-09
14750.0  1.58304e-09
14755.0  1.58007e-09
14760.0  1.57287e-09
14765.0  1.56328e-09
14770.0  1.55532e-09
14775.0  1.55317e-09
14780.0  1.5622e-09
14785.0  1.58061e-09
14790.0  1.60373e-09
14795.0  1.62252e-09
14800.0  1.62787e-09
14805.0  1.61556e-09
14810.0  1.5888e-09
14815.0  1.55716e-09
14820.0  1.53261e-09
14825.0  1.525e-09
14830.0  1.53749e-09
14835.0  1.5621e-09
14840.0  1.58564e-09
14845.0  1.59644e-09
14850.0  1.58677e-09
14855.0  1.55914e-09
14860.0  1.52107e-09
14865.0  1.48464e-09
14870.0  1.46256e-09
14875.0  1.46127e-09
14880.0  1.47856e-09
14885.0  1.50567e-09
14890.0  1.53233e-09
14895.0  1.55214e-09
14900.0  1.56269e-09
14905.0  1.56969e-09
14910.0  1.57845e-09
14915.0  1.59221e-09
14920.0  1.60938e-09
14925.0  1.62434e-09
14930.0  1.63108e-09
14935.0  1.62914e-09
14940.0  1.63095e-09
14945.0  1.63433e-09
14950.0  1.62734e-09
14955.0  1.61672e-09
14960.0  1.60697e-09
14965.0  1.60161e-09
14970.0  1.60207e-09
14975.0  1.60806e-09
14980.0  1.61812e-09
14985.0  1.62984e-09
14990.0  1.63957e-09
14995.0  1.63267e-09
15000.0  1.63025e-09
15005.0  1.64406e-09
15010.0  1.64694e-09
15015.0  1.62768e-09
15020.0  1.58058e-09
15025.0  1.51929e-09
15030.0  1.45852e-09
15035.0  1.4154e-09
15040.0  1.40179e-09
15045.0  1.41991e-09
15050.0  1.46176e-09
15055.0  1.51319e-09
15060.0  1.56022e-09
15065.0  1.59165e-09
15070.0  1.60407e-09
15075.0  1.60159e-09
15080.0  1.59164e-09
15085.0  1.58145e-09
15090.0  1.57662e-09
15095.0  1.57587e-09
15100.0  1.57348e-09
15105.0  1.56718e-09
15110.0  1.55779e-09
15115.0  1.54802e-09
15120.0  1.54116e-09
15125.0  1.53964e-09
15130.0  1.54415e-09
15135.0  1.55341e-09
15140.0  1.56472e-09
15145.0  1.57481e-09
15150.0  1.5808e-09
15155.0  1.58118e-09
15160.0  1.57626e-09
15165.0  1.56802e-09
15170.0  1.55925e-09
15175.0  1.55255e-09
15180.0  1.54945e-09
15185.0  1.55005e-09
15190.0  1.55338e-09
15195.0  1.55748e-09
15200.0  1.56e-09
15205.0  1.55896e-09
15210.0  1.55369e-09
15215.0  1.54541e-09
15220.0  1.5369e-09
15225.0  1.53159e-09
15230.0  1.53245e-09
15235.0  1.54085e-09
15240.0  1.55577e-09
15245.0  1.57332e-09
15250.0  1.58751e-09
15255.0  1.59237e-09
15260.0  1.58515e-09
15265.0  1.56594e-09
15270.0  1.53958e-09
15275.0  1.51394e-09
15280.0  1.49528e-09
15285.0  1.48854e-09
15290.0  1.49544e-09
15295.0  1.51374e-09
15300.0  1.53758e-09
15305.0  1.55926e-09
15310.0  1.57228e-09
15315.0  1.57387e-09
15320.0  1.56565e-09
15325.0  1.55248e-09
15330.0  1.54018e-09
15335.0  1.53339e-09
15340.0  1.53416e-09
15345.0  1.54152e-09
15350.0  1.5521e-09
15355.0  1.56151e-09
15360.0  1.56601e-09
15365.0  1.56396e-09
15370.0  1.55619e-09
15375.0  1.54543e-09
15380.0  1.5351e-09
15385.0  1.52806e-09
15390.0  1.52596e-09
15395.0  1.53026e-09
15400.0  1.53914e-09
15405.0  1.5514e-09
15410.0  1.56481e-09
15415.0  1.57695e-09
15420.0  1.58567e-09
15425.0  1.58972e-09
15430.0  1.58919e-09
15435.0  1.58517e-09
15440.0  1.57956e-09
15445.0  1.57468e-09
15450.0  1.57247e-09
15455.0  1.57391e-09
15460.0  1.57861e-09
15465.0  1.58479e-09
15470.0  1.58995e-09
15475.0  1.59186e-09
15480.0  1.58957e-09
15485.0  1.58386e-09
15490.0  1.57706e-09
15495.0  1.57203e-09
15500.0  1.57097e-09
15505.0  1.57471e-09
15510.0  1.58187e-09
15515.0  1.58953e-09
15520.0  1.59473e-09
15525.0  1.59182e-09
15530.0  1.57731e-09
15535.0  1.55704e-09
15540.0  1.53716e-09
15545.0  1.52388e-09
15550.0  1.52123e-09
15555.0  1.52937e-09
15560.0  1.54437e-09
15565.0  1.55826e-09
15570.0  1.56379e-09
15575.0  1.56169e-09
15580.0  1.55379e-09
15585.0  1.54234e-09
15590.0  1.53124e-09
15595.0  1.52434e-09
15600.0  1.52381e-09
15605.0  1.52953e-09
15610.0  1.53934e-09
15615.0  1.55009e-09
15620.0  1.55894e-09
15625.0  1.56409e-09
15630.0  1.56517e-09
15635.0  1.56318e-09
15640.0  1.55961e-09
15645.0  1.55564e-09
15650.0  1.55162e-09
15655.0  1.54709e-09
15660.0  1.54155e-09
15665.0  1.53629e-09
15670.0  1.53764e-09
15675.0  1.53463e-09
15680.0  1.50527e-09
15685.0  1.48174e-09
15690.0  1.47044e-09
15695.0  1.47411e-09
15700.0  1.49033e-09
15705.0  1.51347e-09
15710.0  1.53711e-09
15715.0  1.55688e-09
15720.0  1.57006e-09
15725.0  1.5775e-09
15730.0  1.58654e-09
15735.0  1.59998e-09
15740.0  1.61371e-09
15745.0  1.62207e-09
15750.0  1.61929e-09
15755.0  1.60202e-09
15760.0  1.57115e-09
15765.0  1.53221e-09
15770.0  1.49404e-09
15775.0  1.46622e-09
15780.0  1.45442e-09
15785.0  1.46205e-09
15790.0  1.4856e-09
15795.0  1.5141e-09
15800.0  1.53903e-09
15805.0  1.55221e-09
15810.0  1.54986e-09
15815.0  1.53363e-09
15820.0  1.51034e-09
15825.0  1.4897e-09
15830.0  1.48091e-09
15835.0  1.48926e-09
15840.0  1.51394e-09
15845.0  1.54892e-09
15850.0  1.58401e-09
15855.0  1.6062e-09
15860.0  1.60726e-09
15865.0  1.58658e-09
15870.0  1.54826e-09
15875.0  1.50002e-09
15880.0  1.45076e-09
15885.0  1.40846e-09
15890.0  1.37875e-09
15895.0  1.36453e-09
15900.0  1.36628e-09
15905.0  1.38264e-09
15910.0  1.41098e-09
15915.0  1.44756e-09
15920.0  1.48802e-09
15925.0  1.5292e-09
15930.0  1.55422e-09
15935.0  1.54823e-09
15940.0  1.53653e-09
15945.0  1.52456e-09
15950.0  1.51369e-09
15955.0  1.50361e-09
15960.0  1.49349e-09
15965.0  1.48255e-09
15970.0  1.47073e-09
15975.0  1.45904e-09
15980.0  1.44929e-09
15985.0  1.44352e-09
15990.0  1.44338e-09
15995.0  1.44977e-09
16000.0  1.46255e-09
16005.0  1.48044e-09
16010.0  1.50086e-09
16015.0  1.52028e-09
16020.0  1.53502e-09
16025.0  1.54244e-09
16030.0  1.54197e-09
16035.0  1.53509e-09
16040.0  1.5246e-09
16045.0  1.51344e-09
16050.0  1.50389e-09
16055.0  1.49692e-09
16060.0  1.49335e-09
16065.0  1.49251e-09
16070.0  1.49351e-09
16075.0  1.4938e-09
16080.0  1.48551e-09
16085.0  1.47061e-09
16090.0  1.4566e-09
16095.0  1.44647e-09
16100.0  1.44314e-09
16105.0  1.44822e-09
16110.0  1.46148e-09
16115.0  1.48067e-09
16120.0  1.50205e-09
16125.0  1.52147e-09
16130.0  1.53581e-09
16135.0  1.54402e-09
16140.0  1.54693e-09
16145.0  1.54588e-09
16150.0  1.54381e-09
16155.0  1.54884e-09
16160.0  1.55474e-09
16165.0  1.55161e-09
16170.0  1.53521e-09
16175.0  1.50601e-09
16180.0  1.4685e-09
16185.0  1.42979e-09
16190.0  1.3978e-09
16195.0  1.37766e-09
16200.0  1.37648e-09
16205.0  1.39315e-09
16210.0  1.42141e-09
16215.0  1.45453e-09
16220.0  1.48289e-09
16225.0  1.49863e-09
16230.0  1.4982e-09
16235.0  1.48343e-09
16240.0  1.46037e-09
16245.0  1.4369e-09
16250.0  1.4202e-09
16255.0  1.41486e-09
16260.0  1.42196e-09
16265.0  1.43904e-09
16270.0  1.46089e-09
16275.0  1.48117e-09
16280.0  1.49438e-09
16285.0  1.49769e-09
16290.0  1.49167e-09
16295.0  1.47976e-09
16300.0  1.46686e-09
16305.0  1.45749e-09
16310.0  1.45451e-09
16315.0  1.45849e-09
16320.0  1.46781e-09
16325.0  1.47943e-09
16330.0  1.48981e-09
16335.0  1.49624e-09
16340.0  1.4975e-09
16345.0  1.49291e-09
16350.0  1.48536e-09
16355.0  1.4768e-09
16360.0  1.46873e-09
16365.0  1.46184e-09
16370.0  1.45532e-09
16375.0  1.44364e-09
16380.0  1.41888e-09
16385.0  1.38543e-09
16390.0  1.35394e-09
16395.0  1.32976e-09
16400.0  1.31735e-09
16405.0  1.31815e-09
16410.0  1.33069e-09
16415.0  1.35139e-09
16420.0  1.37528e-09
16425.0  1.39762e-09
16430.0  1.41523e-09
16435.0  1.42716e-09
16440.0  1.43444e-09
16445.0  1.43861e-09
16450.0  1.44166e-09
16455.0  1.44534e-09
16460.0  1.44993e-09
16465.0  1.45435e-09
16470.0  1.45715e-09
16475.0  1.4574e-09
16480.0  1.45519e-09
16485.0  1.45115e-09
16490.0  1.44574e-09
16495.0  1.44177e-09
16500.0  1.44062e-09
16505.0  1.44204e-09
16510.0  1.44466e-09
16515.0  1.44617e-09
16520.0  1.44409e-09
16525.0  1.4366e-09
16530.0  1.42339e-09
16535.0  1.4061e-09
16540.0  1.38818e-09
16545.0  1.37401e-09
16550.0  1.36754e-09
16555.0  1.37095e-09
16560.0  1.38401e-09
16565.0  1.40414e-09
16570.0  1.4272e-09
16575.0  1.44835e-09
16580.0  1.46307e-09
16585.0  1.46814e-09
16590.0  1.46244e-09
16595.0  1.44754e-09
16600.0  1.42723e-09
16605.0  1.40629e-09
16610.0  1.38899e-09
16615.0  1.37789e-09
16620.0  1.37354e-09
16625.0  1.37477e-09
16630.0  1.37948e-09
16635.0  1.38514e-09
16640.0  1.38957e-09
16645.0  1.39166e-09
16650.0  1.39116e-09
16655.0  1.38892e-09
16660.0  1.38643e-09
16665.0  1.38511e-09
16670.0  1.38577e-09
16675.0  1.38843e-09
16680.0  1.39242e-09
16685.0  1.39679e-09
16690.0  1.40064e-09
16695.0  1.40339e-09
16700.0  1.40483e-09
16705.0  1.40508e-09
16710.0  1.40446e-09
16715.0  1.40321e-09
16720.0  1.40142e-09
16725.0  1.39893e-09
16730.0  1.39554e-09
16735.0  1.39115e-09
16740.0  1.38603e-09
16745.0  1.38094e-09
16750.0  1.37703e-09
16755.0  1.37562e-09
16760.0  1.37785e-09
16765.0  1.38424e-09
16770.0  1.39465e-09
16775.0  1.40569e-09
16780.0  1.41328e-09
16785.0  1.4155e-09
16790.0  1.41166e-09
16795.0  1.40403e-09
16800.0  1.3942e-09
16805.0  1.38439e-09
16810.0  1.37666e-09
16815.0  1.37217e-09
16820.0  1.37098e-09
16825.0  1.37214e-09
16830.0  1.37423e-09
16835.0  1.37583e-09
16840.0  1.37609e-09
16845.0  1.37493e-09
16850.0  1.37316e-09
16855.0  1.36837e-09
16860.0  1.35893e-09
16865.0  1.3489e-09
16870.0  1.3432e-09
16875.0  1.34237e-09
16880.0  1.34635e-09
16885.0  1.35427e-09
16890.0  1.36457e-09
16895.0  1.37517e-09
16900.0  1.38379e-09
16905.0  1.38849e-09
16910.0  1.38816e-09
16915.0  1.38267e-09
16920.0  1.37299e-09
16925.0  1.36085e-09
16930.0  1.34807e-09
16935.0  1.33705e-09
16940.0  1.32912e-09
16945.0  1.32487e-09
16950.0  1.32475e-09
16955.0  1.32826e-09
16960.0  1.33424e-09
16965.0  1.34095e-09
16970.0  1.34636e-09
16975.0  1.34859e-09
16980.0  1.34638e-09
16985.0  1.33937e-09
16990.0  1.32819e-09
16995.0  1.31426e-09
17000.0  1.29972e-09
17005.0  1.28683e-09
17010.0  1.27752e-09
17015.0  1.27299e-09
17020.0  1.27341e-09
17025.0  1.27791e-09
17030.0  1.28474e-09
17035.0  1.29171e-09
17040.0  1.29664e-09
17045.0  1.29786e-09
17050.0  1.29465e-09
17055.0  1.28739e-09
17060.0  1.27753e-09
17065.0  1.26726e-09
17070.0  1.25886e-09
17075.0  1.25418e-09
17080.0  1.2541e-09
17085.0  1.25823e-09
17090.0  1.26573e-09
17095.0  1.27505e-09
17100.0  1.28376e-09
17105.0  1.29037e-09
17110.0  1.29387e-09
17115.0  1.29413e-09
17120.0  1.29198e-09
17125.0  1.28892e-09
17130.0  1.28661e-09
17135.0  1.28638e-09
17140.0  1.28882e-09
17145.0  1.29374e-09
17150.0  1.30029e-09
17155.0  1.30721e-09
17160.0  1.31311e-09
17165.0  1.31662e-09
17170.0  1.3167e-09
17175.0  1.31304e-09
17180.0  1.30607e-09
17185.0  1.29679e-09
17190.0  1.28642e-09
17195.0  1.27609e-09
17200.0  1.26656e-09
17205.0  1.25819e-09
17210.0  1.25111e-09
17215.0  1.24533e-09
17220.0  1.24093e-09
17225.0  1.23815e-09
17230.0  1.2373e-09
17235.0  1.23871e-09
17240.0  1.24248e-09
17245.0  1.24818e-09
17250.0  1.25574e-09
17255.0  1.26701e-09
17260.0  1.28048e-09
17265.0  1.28959e-09
17270.0  1.29216e-09
17275.0  1.28849e-09
17280.0  1.28005e-09
17285.0  1.26906e-09
17290.0  1.2578e-09
17295.0  1.24802e-09
17300.0  1.24034e-09
17305.0  1.23433e-09
17310.0  1.22881e-09
17315.0  1.22255e-09
17320.0  1.21484e-09
17325.0  1.20595e-09
17330.0  1.19715e-09
17335.0  1.19041e-09
17340.0  1.18776e-09
17345.0  1.19056e-09
17350.0  1.19897e-09
17355.0  1.2117e-09
17360.0  1.22623e-09
17365.0  1.23944e-09
17370.0  1.24839e-09
17375.0  1.25119e-09
17380.0  1.24751e-09
17385.0  1.23872e-09
17390.0  1.22758e-09
17395.0  1.21747e-09
17400.0  1.21155e-09
17405.0  1.21131e-09
17410.0  1.21732e-09
17415.0  1.22913e-09
17420.0  1.24254e-09
17425.0  1.25433e-09
17430.0  1.26207e-09
17435.0  1.2646e-09
17440.0  1.26321e-09
17445.0  1.25947e-09
17450.0  1.25118e-09
17455.0  1.23872e-09
17460.0  1.22472e-09
17465.0  1.21202e-09
17470.0  1.2031e-09
17475.0  1.19938e-09
17480.0  1.20089e-09
17485.0  1.20644e-09
17490.0  1.21392e-09
17495.0  1.22073e-09
17500.0  1.22436e-09
17505.0  1.22298e-09
17510.0  1.2159e-09
17515.0  1.20383e-09
17520.0  1.18869e-09
17525.0  1.17316e-09
17530.0  1.16e-09
17535.0  1.15137e-09
17540.0  1.14847e-09
17545.0  1.15139e-09
17550.0  1.15917e-09
17555.0  1.17005e-09
17560.0  1.18183e-09
17565.0  1.19217e-09
17570.0  1.19962e-09
17575.0  1.20287e-09
17580.0  1.2008e-09
17585.0  1.19535e-09
17590.0  1.18798e-09
17595.0  1.18004e-09
17600.0  1.17321e-09
17605.0  1.16871e-09
17610.0  1.16726e-09
17615.0  1.16904e-09
17620.0  1.17365e-09
17625.0  1.18035e-09
17630.0  1.1881e-09
17635.0  1.19584e-09
17640.0  1.20261e-09
17645.0  1.20765e-09
17650.0  1.21044e-09
17655.0  1.21063e-09
17660.0  1.20807e-09
17665.0  1.20278e-09
17670.0  1.19499e-09
17675.0  1.18518e-09
17680.0  1.17408e-09
17685.0  1.16258e-09
17690.0  1.15167e-09
17695.0  1.1422e-09
17700.0  1.13489e-09
17705.0  1.13013e-09
17710.0  1.12805e-09
17715.0  1.12842e-09
17720.0  1.13068e-09
17725.0  1.13401e-09
17730.0  1.13739e-09
17735.0  1.13979e-09
17740.0  1.14065e-09
17745.0  1.13926e-09
17750.0  1.13573e-09
17755.0  1.1313e-09
17760.0  1.12686e-09
17765.0  1.12347e-09
17770.0  1.12218e-09
17775.0  1.12363e-09
17780.0  1.12805e-09
17785.0  1.13505e-09
17790.0  1.14368e-09
17795.0  1.15251e-09
17800.0  1.15988e-09
17805.0  1.16433e-09
17810.0  1.16488e-09
17815.0  1.16129e-09
17820.0  1.15403e-09
17825.0  1.14412e-09
17830.0  1.13298e-09
17835.0  1.12218e-09
17840.0  1.11325e-09
17845.0  1.10744e-09
17850.0  1.10552e-09
17855.0  1.10758e-09
17860.0  1.11291e-09
17865.0  1.12025e-09
17870.0  1.12806e-09
17875.0  1.13488e-09
17880.0  1.13966e-09
17885.0  1.14185e-09
17890.0  1.14137e-09
17895.0  1.13853e-09
17900.0  1.1339e-09
17905.0  1.12824e-09
17910.0  1.12221e-09
17915.0  1.1166e-09
17920.0  1.11213e-09
17925.0  1.10877e-09
17930.0  1.10642e-09
17935.0  1.10484e-09
17940.0  1.10355e-09
17945.0  1.10214e-09
17950.0  1.10035e-09
17955.0  1.09811e-09
17960.0  1.09562e-09
17965.0  1.09318e-09
17970.0  1.09118e-09
17975.0  1.08997e-09
17980.0  1.08978e-09
17985.0  1.09065e-09
17990.0  1.09236e-09
17995.0  1.09451e-09
18000.0  1.09647e-09
18005.0  1.09754e-09
18010.0  1.09701e-09
18015.0  1.09437e-09
18020.0  1.0895e-09
18025.0  1.08272e-09
18030.0  1.07478e-09
18035.0  1.06675e-09
18040.0  1.05968e-09
18045.0  1.05442e-09
18050.0  1.05157e-09
18055.0  1.05137e-09
18060.0  1.05385e-09
18065.0  1.05879e-09
18070.0  1.06569e-09
18075.0  1.0738e-09
18080.0  1.08204e-09
18085.0  1.08952e-09
18090.0  1.09484e-09
18095.0  1.09647e-09
18100.0  1.09485e-09
18105.0  1.09035e-09
18110.0  1.08349e-09
18115.0  1.07551e-09
18120.0  1.06785e-09
18125.0  1.06207e-09
18130.0  1.0598e-09
18135.0  1.06239e-09
18140.0  1.07058e-09
18145.0  1.08405e-09
18150.0  1.10137e-09
18155.0  1.12034e-09
18160.0  1.13869e-09
18165.0  1.15473e-09
18170.0  1.16757e-09
18175.0  1.17697e-09
18180.0  1.18306e-09
18185.0  1.18596e-09
18190.0  1.18557e-09
18195.0  1.18149e-09
18200.0  1.1733e-09
18205.0  1.16126e-09
18210.0  1.14688e-09
18215.0  1.13264e-09
18220.0  1.12084e-09
18225.0  1.11233e-09
18230.0  1.10665e-09
18235.0  1.10274e-09
18240.0  1.09953e-09
18245.0  1.09616e-09
18250.0  1.09198e-09
18255.0  1.0864e-09
18260.0  1.0789e-09
18265.0  1.06935e-09
18270.0  1.0574e-09
18275.0  1.04393e-09
18280.0  1.03161e-09
18285.0  1.02297e-09
18290.0  1.01959e-09
18295.0  1.02143e-09
18300.0  1.02676e-09
18305.0  1.0336e-09
18310.0  1.0405e-09
18315.0  1.04665e-09
18320.0  1.05163e-09
18325.0  1.05517e-09
18330.0  1.05693e-09
18335.0  1.05651e-09
18340.0  1.0535e-09
18345.0  1.04783e-09
18350.0  1.04005e-09
18355.0  1.03129e-09
18360.0  1.02285e-09
18365.0  1.01563e-09
18370.0  1.00994e-09
18375.0  1.00563e-09
18380.0  1.00242e-09
18385.0  9.99963e-10
18390.0  9.97968e-10
18395.0  9.96232e-10
18400.0  9.94587e-10
18405.0  9.92858e-10
18410.0  9.90906e-10
18415.0  9.88701e-10
18420.0  9.86338e-10
18425.0  9.8396e-10
18430.0  9.81712e-10
18435.0  9.79754e-10
18440.0  9.78325e-10
18445.0  9.7754e-10
18450.0  9.78042e-10
18455.0  9.81184e-10
18460.0  9.87803e-10
18465.0  9.99342e-10
18470.0  1.01696e-09
18475.0  1.03872e-09
18480.0  1.05745e-09
18485.0  1.06496e-09
18490.0  1.05799e-09
18495.0  1.04182e-09
18500.0  1.0233e-09
18505.0  1.00685e-09
18510.0  9.93934e-10
18515.0  9.84821e-10
18520.0  9.79591e-10
18525.0  9.78449e-10
18530.0  9.81698e-10
18535.0  9.89446e-10
18540.0  1.00099e-09
18545.0  1.01433e-09
18550.0  1.02599e-09
18555.0  1.03221e-09
18560.0  1.03051e-09
18565.0  1.02076e-09
18570.0  1.00494e-09
18575.0  9.85829e-10
18580.0  9.66213e-10
18585.0  9.48464e-10
18590.0  9.34655e-10
18595.0  9.26623e-10
18600.0  9.25727e-10
18605.0  9.32202e-10
18610.0  9.44445e-10
18615.0  9.5928e-10
18620.0  9.72816e-10
18625.0  9.82023e-10
18630.0  9.85992e-10
18635.0  9.84964e-10
18640.0  9.79201e-10
18645.0  9.70857e-10
18650.0  9.61963e-10
18655.0  9.53439e-10
18660.0  9.46574e-10
18665.0  9.4283e-10
18670.0  9.4378e-10
18675.0  9.51216e-10
18680.0  9.66733e-10
18685.0  9.90638e-10
18690.0  1.02049e-09
18695.0  1.04982e-09
18700.0  1.07029e-09
18705.0  1.07622e-09
18710.0  1.06841e-09
18715.0  1.05342e-09
18720.0  1.03919e-09
18725.0  1.03216e-09
18730.0  1.03637e-09
18735.0  1.05387e-09
18740.0  1.08431e-09
18745.0  1.12368e-09
18750.0  1.16276e-09
18755.0  1.18957e-09
18760.0  1.19415e-09
18765.0  1.17516e-09
18770.0  1.13936e-09
18775.0  1.09698e-09
18780.0  1.05646e-09
18785.0  1.02238e-09
18790.0  9.96419e-10
18795.0  9.78523e-10
18800.0  9.68016e-10
18805.0  9.64074e-10
18810.0  9.6585e-10
18815.0  9.7239e-10
18820.0  9.82555e-10
18825.0  9.9419e-10
18830.0  1.0039e-09
18835.0  1.00827e-09
18840.0  1.00449e-09
18845.0  9.91618e-10
18850.0  9.72255e-10
18855.0  9.50792e-10
18860.0  9.31404e-10
18865.0  9.16571e-10
18870.0  9.07063e-10
18875.0  9.02679e-10
18880.0  9.0284e-10
18885.0  9.06968e-10
18890.0  9.14552e-10
18895.0  9.25012e-10
18900.0  9.37339e-10
18905.0  9.49561e-10
18910.0  9.58662e-10
18915.0  9.61291e-10
18920.0  9.56049e-10
18925.0  9.44565e-10
18930.0  9.30866e-10
18935.0  9.18679e-10
18940.0  9.10008e-10
18945.0  9.05193e-10
18950.0  9.03767e-10
18955.0  9.05089e-10
18960.0  9.08597e-10
18965.0  9.13796e-10
18970.0  9.20097e-10
18975.0  9.26563e-10
18980.0  9.31602e-10
18985.0  9.32818e-10
18990.0  9.2801e-10
18995.0  9.16672e-10
19000.0  9.01528e-10
19005.0  8.86791e-10
19010.0  8.75757e-10
19015.0  8.69076e-10
19020.0  8.67052e-10
19025.0  8.69204e-10
19030.0  8.73766e-10
19035.0  8.8027e-10
19040.0  8.88682e-10
19045.0  8.98284e-10
19050.0  9.07628e-10
19055.0  9.14522e-10
19060.0  9.16705e-10
19065.0  9.13509e-10
19070.0  9.06346e-10
19075.0  8.97814e-10
19080.0  8.8994e-10
19085.0  8.83657e-10
19090.0  8.79079e-10
19095.0  8.75985e-10
19100.0  8.74172e-10
19105.0  8.73564e-10
19110.0  8.74261e-10
19115.0  8.76574e-10
19120.0  8.80928e-10
19125.0  8.87552e-10
19130.0  8.95756e-10
19135.0  9.03689e-10
19140.0  9.08987e-10
19145.0  9.10595e-10
19150.0  9.09027e-10
19155.0  9.05791e-10
19160.0  9.02193e-10
19165.0  8.98997e-10
19170.0  8.96516e-10
19175.0  8.94859e-10
19180.0  8.94094e-10
19185.0  8.94303e-10
19190.0  8.95569e-10
19195.0  8.97909e-10
19200.0  9.01073e-10
19205.0  9.0443e-10
19210.0  9.07271e-10
19215.0  9.08685e-10
19220.0  9.07836e-10
19225.0  9.05409e-10
19230.0  9.02473e-10
19235.0  8.99437e-10
19240.0  8.96652e-10
19245.0  8.94375e-10
19250.0  8.92683e-10
19255.0  8.91602e-10
19260.0  8.91141e-10
19265.0  8.9121e-10
19270.0  8.91566e-10
19275.0  8.918e-10
19280.0  8.91403e-10
19285.0  8.89826e-10
19290.0  8.86752e-10
19295.0  8.82227e-10
19300.0  8.76696e-10
19305.0  8.70791e-10
19310.0  8.65133e-10
19315.0  8.60205e-10
19320.0  8.56354e-10
19325.0  8.53816e-10
19330.0  8.52772e-10
19335.0  8.53326e-10
19340.0  8.55485e-10
19345.0  8.59096e-10
19350.0  8.63783e-10
19355.0  8.68979e-10
19360.0  8.73925e-10
19365.0  8.77824e-10
19370.0  8.7997e-10
19375.0  8.79923e-10
19380.0  8.77594e-10
19385.0  8.73281e-10
19390.0  8.6765e-10
19395.0  8.61619e-10
19400.0  8.56293e-10
19405.0  8.52842e-10
19410.0  8.51884e-10
19415.0  8.53824e-10
19420.0  8.59719e-10
19425.0  8.69217e-10
19430.0  8.80608e-10
19435.0  8.93003e-10
19440.0  9.05428e-10
19445.0  9.16483e-10
19450.0  9.24878e-10
19455.0  9.29506e-10
19460.0  9.29489e-10
19465.0  9.24422e-10
19470.0  9.14503e-10
19475.0  9.00636e-10
19480.0  8.84382e-10
19485.0  8.67622e-10
19490.0  8.52215e-10
19495.0  8.39544e-10
19500.0  8.30388e-10
19505.0  8.24917e-10
19510.0  8.22837e-10
19515.0  8.23612e-10
19520.0  8.26589e-10
19525.0  8.31129e-10
19530.0  8.36618e-10
19535.0  8.4246e-10
19540.0  8.47998e-10
19545.0  8.52525e-10
19550.0  8.55383e-10
19555.0  8.56172e-10
19560.0  8.54902e-10
19565.0  8.52097e-10
19570.0  8.48522e-10
19575.0  8.44888e-10
19580.0  8.41576e-10
19585.0  8.38652e-10
19590.0  8.35955e-10
19595.0  8.33227e-10
19600.0  8.30211e-10
19605.0  8.26718e-10
19610.0  8.22687e-10
19615.0  8.18149e-10
19620.0  8.13286e-10
19625.0  8.08623e-10
19630.0  8.04748e-10
19635.0  8.02147e-10
19640.0  8.01263e-10
19645.0  8.02347e-10
19650.0  8.05254e-10
19655.0  8.0951e-10
19660.0  8.14437e-10
19665.0  8.19269e-10
19670.0  8.23344e-10
19675.0  8.26156e-10
19680.0  8.27423e-10
19685.0  8.27087e-10
19690.0  8.25289e-10
19695.0  8.22356e-10
19700.0  8.18725e-10
19705.0  8.149e-10
19710.0  8.11337e-10
19715.0  8.08385e-10
19720.0  8.06207e-10
19725.0  8.0477e-10
19730.0  8.03875e-10
19735.0  8.03202e-10
19740.0  8.02404e-10
19745.0  8.01176e-10
19750.0  7.99316e-10
19755.0  7.96776e-10
19760.0  7.93651e-10
19765.0  7.90214e-10
19770.0  7.86824e-10
19775.0  7.83912e-10
19780.0  7.8188e-10
19785.0  7.81015e-10
19790.0  7.81441e-10
19795.0  7.8305e-10
19800.0  7.85524e-10
19805.0  7.88355e-10
19810.0  7.90952e-10
19815.0  7.92683e-10
19820.0  7.92969e-10
19825.0  7.91574e-10
19830.0  7.88496e-10
19835.0  7.83482e-10
19840.0  7.76764e-10
19845.0  7.69397e-10
19850.0  7.6213e-10
19855.0  7.55504e-10
19860.0  7.50195e-10
19865.0  7.46712e-10
19870.0  7.45313e-10
19875.0  7.45978e-10
19880.0  7.48421e-10
19885.0  7.52114e-10
19890.0  7.56344e-10
19895.0  7.60347e-10
19900.0  7.6338e-10
19905.0  7.64866e-10
19910.0  7.64468e-10
19915.0  7.62142e-10
19920.0  7.58116e-10
19925.0  7.52844e-10
19930.0  7.46919e-10
19935.0  7.40981e-10
19940.0  7.35631e-10
19945.0  7.31361e-10
19950.0  7.2853e-10
19955.0  7.27313e-10
19960.0  7.27718e-10
19965.0  7.29587e-10
19970.0  7.32616e-10
19975.0  7.36392e-10
19980.0  7.40443e-10
19985.0  7.44277e-10
19990.0  7.47461e-10
19995.0  7.49658e-10
20000.0  7.50677e-10
20005.0  7.50506e-10
20010.0  7.49331e-10
20015.0  7.47505e-10
20020.0  7.45527e-10
20025.0  7.43954e-10
20030.0  7.4321e-10
20035.0  7.43401e-10
20040.0  7.44347e-10
20045.0  7.45463e-10
20050.0  7.45636e-10
20055.0  7.4425e-10
20060.0  7.41573e-10
20065.0  7.37906e-10
20070.0  7.33583e-10
20075.0  7.29137e-10
20080.0  7.25056e-10
20085.0  7.21707e-10
20090.0  7.19368e-10
20095.0  7.18258e-10
20100.0  7.18534e-10
20105.0  7.20278e-10
20110.0  7.23459e-10
20115.0  7.27849e-10
20120.0  7.32978e-10
20125.0  7.38121e-10
20130.0  7.42346e-10
20135.0  7.44766e-10
20140.0  7.44778e-10
20145.0  7.42321e-10
20150.0  7.37859e-10
20155.0  7.32244e-10
20160.0  7.26411e-10
20165.0  7.21161e-10
20170.0  7.17024e-10
20175.0  7.14283e-10
20180.0  7.12982e-10
20185.0  7.12986e-10
20190.0  7.14019e-10
20195.0  7.15712e-10
20200.0  7.17649e-10
20205.0  7.19424e-10
20210.0  7.20743e-10
20215.0  7.21446e-10
20220.0  7.21553e-10
20225.0  7.21231e-10
20230.0  7.20764e-10
20235.0  7.2047e-10
20240.0  7.20644e-10
20245.0  7.21486e-10
20250.0  7.23082e-10
20255.0  7.25394e-10
20260.0  7.28292e-10
20265.0  7.31509e-10
20270.0  7.34599e-10
20275.0  7.37146e-10
20280.0  7.38808e-10
20285.0  7.39242e-10
20290.0  7.38212e-10
20295.0  7.3571e-10
20300.0  7.31941e-10
20305.0  7.27283e-10
20310.0  7.22245e-10
20315.0  7.17376e-10
20320.0  7.1319e-10
20325.0  7.101e-10
20330.0  7.08381e-10
20335.0  7.08149e-10
20340.0  7.09363e-10
20345.0  7.1183e-10
20350.0  7.15216e-10
20355.0  7.19095e-10
20360.0  7.22984e-10
20365.0  7.26401e-10
20370.0  7.28929e-10
20375.0  7.30287e-10
20380.0  7.30345e-10
20385.0  7.29203e-10
20390.0  7.27094e-10
20395.0  7.24377e-10
20400.0  7.21447e-10
20405.0  7.18674e-10
20410.0  7.16372e-10
20415.0  7.14744e-10
20420.0  7.13858e-10
20425.0  7.13645e-10
20430.0  7.13935e-10
20435.0  7.14469e-10
20440.0  7.14957e-10
20445.0  7.15115e-10
20450.0  7.14729e-10
20455.0  7.13666e-10
20460.0  7.11908e-10
20465.0  7.09533e-10
20470.0  7.06716e-10
20475.0  7.03713e-10
20480.0  7.00775e-10
20485.0  6.98068e-10
20490.0  6.9583e-10
20495.0  6.94423e-10
20500.0  6.93849e-10
20505.0  6.93853e-10
20510.0  6.94303e-10
20515.0  6.95033e-10
20520.0  6.95743e-10
20525.0  6.96122e-10
20530.0  6.95892e-10
20535.0  6.94873e-10
20540.0  6.93008e-10
20545.0  6.90395e-10
20550.0  6.87253e-10
20555.0  6.83881e-10
20560.0  6.806e-10
20565.0  6.77683e-10
20570.0  6.75319e-10
20575.0  6.73589e-10
20580.0  6.72468e-10
20585.0  6.71846e-10
20590.0  6.7156e-10
20595.0  6.71433e-10
20600.0  6.713e-10
20605.0  6.71033e-10
20610.0  6.70562e-10
20615.0  6.69884e-10
20620.0  6.69052e-10
20625.0  6.68183e-10
20630.0  6.67424e-10
20635.0  6.66942e-10
20640.0  6.66889e-10
20645.0  6.67364e-10
20650.0  6.68386e-10
20655.0  6.69868e-10
20660.0  6.71624e-10
20665.0  6.73381e-10
20670.0  6.74834e-10
20675.0  6.75687e-10
20680.0  6.75725e-10
20685.0  6.74818e-10
20690.0  6.7296e-10
20695.0  6.70245e-10
20700.0  6.66865e-10
20705.0  6.63089e-10
20710.0  6.59178e-10
20715.0  6.55327e-10
20720.0  6.51905e-10
20725.0  6.49371e-10
20730.0  6.47788e-10
20735.0  6.47058e-10
20740.0  6.47216e-10
20745.0  6.48217e-10
20750.0  6.4984e-10
20755.0  6.51829e-10
20760.0  6.53928e-10
20765.0  6.5592e-10
20770.0  6.57649e-10
20775.0  6.59028e-10
20780.0  6.60047e-10
20785.0  6.60756e-10
20790.0  6.61232e-10
20795.0  6.61571e-10
20800.0  6.61867e-10
20805.0  6.62183e-10
20810.0  6.62544e-10
20815.0  6.62927e-10
20820.0  6.63258e-10
20825.0  6.63424e-10
20830.0  6.63293e-10
20835.0  6.62751e-10
20840.0  6.61716e-10
20845.0  6.60172e-10
20850.0  6.58179e-10
20855.0  6.55863e-10
20860.0  6.53403e-10
20865.0  6.5101e-10
20870.0  6.48903e-10
20875.0  6.47287e-10
20880.0  6.46334e-10
20885.0  6.46155e-10
20890.0  6.46796e-10
20895.0  6.4822e-10
20900.0  6.50294e-10
20905.0  6.52796e-10
20910.0  6.55431e-10
20915.0  6.57874e-10
20920.0  6.59801e-10
20925.0  6.60928e-10
20930.0  6.61088e-10
20935.0  6.60203e-10
20940.0  6.58335e-10
20945.0  6.55638e-10
20950.0  6.5235e-10
20955.0  6.48764e-10
20960.0  6.45196e-10
20965.0  6.41929e-10
20970.0  6.39208e-10
20975.0  6.37227e-10
20980.0  6.36103e-10
20985.0  6.35861e-10
20990.0  6.36435e-10
20995.0  6.37675e-10
21000.0  6.39363e-10
21005.0  6.41239e-10
21010.0  6.43036e-10
21015.0  6.44498e-10
21020.0  6.45421e-10
21025.0  6.45666e-10
21030.0  6.45162e-10
21035.0  6.43922e-10
21040.0  6.42007e-10
21045.0  6.39547e-10
21050.0  6.36698e-10
21055.0  6.33651e-10
21060.0  6.30597e-10
21065.0  6.27716e-10
21070.0  6.2516e-10
21075.0  6.23038e-10
21080.0  6.21405e-10
21085.0  6.20268e-10
21090.0  6.1958e-10
21095.0  6.19256e-10
21100.0  6.19183e-10
21105.0  6.1924e-10
21110.0  6.19291e-10
21115.0  6.19229e-10
21120.0  6.18948e-10
21125.0  6.18375e-10
21130.0  6.17451e-10
21135.0  6.16151e-10
21140.0  6.14485e-10
21145.0  6.12493e-10
21150.0  6.10246e-10
21155.0  6.07857e-10
21160.0  6.05451e-10
21165.0  6.03178e-10
21170.0  6.01177e-10
21175.0  5.99591e-10
21180.0  5.98554e-10
21185.0  5.98099e-10
21190.0  5.98201e-10
21195.0  5.98986e-10
21200.0  6.00595e-10
21205.0  6.0284e-10
21210.0  6.05475e-10
21215.0  6.08432e-10
21220.0  6.11632e-10
21225.0  6.14891e-10
21230.0  6.18024e-10
21235.0  6.20864e-10
21240.0  6.23264e-10
21245.0  6.25103e-10
21250.0  6.2632e-10
21255.0  6.26903e-10
21260.0  6.26895e-10
21265.0  6.26386e-10
21270.0  6.25498e-10
21275.0  6.24369e-10
21280.0  6.23122e-10
21285.0  6.21878e-10
21290.0  6.20718e-10
21295.0  6.19692e-10
21300.0  6.18824e-10
21305.0  6.18101e-10
21310.0  6.17496e-10
21315.0  6.16965e-10
21320.0  6.1646e-10
21325.0  6.15953e-10
21330.0  6.1542e-10
21335.0  6.14864e-10
21340.0  6.14311e-10
21345.0  6.13795e-10
21350.0  6.1337e-10
21355.0  6.13073e-10
21360.0  6.12935e-10
21365.0  6.12967e-10
21370.0  6.13133e-10
21375.0  6.13379e-10
21380.0  6.13615e-10
21385.0  6.13726e-10
21390.0  6.13589e-10
21395.0  6.13091e-10
21400.0  6.12127e-10
21405.0  6.10638e-10
21410.0  6.08596e-10
21415.0  6.06041e-10
21420.0  6.03066e-10
21425.0  5.99839e-10
21430.0  5.96503e-10
21435.0  5.93201e-10
21440.0  5.90213e-10
21445.0  5.87851e-10
21450.0  5.86164e-10
21455.0  5.85095e-10
21460.0  5.84678e-10
21465.0  5.84927e-10
21470.0  5.85713e-10
21475.0  5.86861e-10
21480.0  5.88178e-10
21485.0  5.89461e-10
21490.0  5.90518e-10
21495.0  5.91203e-10
21500.0  5.91416e-10
21505.0  5.91133e-10
21510.0  5.90383e-10
21515.0  5.89265e-10
21520.0  5.87904e-10
21525.0  5.86449e-10
21530.0  5.85038e-10
21535.0  5.83792e-10
21540.0  5.82799e-10
21545.0  5.82104e-10
21550.0  5.817e-10
21555.0  5.81524e-10
21560.0  5.81474e-10
21565.0  5.81433e-10
21570.0  5.81322e-10
21575.0  5.81061e-10
21580.0  5.80517e-10
21585.0  5.7979e-10
21590.0  5.79526e-10
21595.0  5.80076e-10
21600.0  5.80979e-10
21605.0  5.81655e-10
21610.0  5.81694e-10
21615.0  5.80969e-10
21620.0  5.79587e-10
21625.0  5.77661e-10
21630.0  5.75282e-10
21635.0  5.72595e-10
21640.0  5.69781e-10
21645.0  5.66993e-10
21650.0  5.64412e-10
21655.0  5.6235e-10
21660.0  5.60987e-10
21665.0  5.6015e-10
21670.0  5.59653e-10
21675.0  5.5947e-10
21680.0  5.59611e-10
21685.0  5.60053e-10
21690.0  5.60698e-10
21695.0  5.61397e-10
21700.0  5.62058e-10
21705.0  5.62658e-10
21710.0  5.63171e-10
21715.0  5.63585e-10
21720.0  5.63912e-10
21725.0  5.64165e-10
21730.0  5.64341e-10
21735.0  5.64461e-10
21740.0  5.64639e-10
21745.0  5.65104e-10
21750.0  5.66179e-10
21755.0  5.67721e-10
21760.0  5.68862e-10
21765.0  5.68962e-10
21770.0  5.67888e-10
21775.0  5.65686e-10
21780.0  5.62478e-10
21785.0  5.58548e-10
21790.0  5.54296e-10
21795.0  5.50166e-10
21800.0  5.46595e-10
21805.0  5.43947e-10
21810.0  5.42518e-10
21815.0  5.42453e-10
21820.0  5.43771e-10
21825.0  5.46329e-10
21830.0  5.4986e-10
21835.0  5.53964e-10
21840.0  5.58174e-10
21845.0  5.61964e-10
21850.0  5.64855e-10
21855.0  5.66444e-10
21860.0  5.66463e-10
21865.0  5.64828e-10
21870.0  5.61628e-10
21875.0  5.57129e-10
21880.0  5.51728e-10
21885.0  5.45918e-10
21890.0  5.40213e-10
21895.0  5.35116e-10
21900.0  5.31053e-10
21905.0  5.2835e-10
21910.0  5.27195e-10
21915.0  5.27659e-10
21920.0  5.29628e-10
21925.0  5.32887e-10
21930.0  5.37144e-10
21935.0  5.42002e-10
21940.0  5.46927e-10
21945.0  5.51416e-10
21950.0  5.55155e-10
21955.0  5.57892e-10
21960.0  5.59415e-10
21965.0  5.59626e-10
21970.0  5.58608e-10
21975.0  5.56551e-10
21980.0  5.53741e-10
21985.0  5.50496e-10
21990.0  5.47164e-10
21995.0  5.44058e-10
22000.0  5.4144e-10
22005.0  5.39486e-10
22010.0  5.3828e-10
22015.0  5.37808e-10
22020.0  5.37963e-10
22025.0  5.38576e-10
22030.0  5.39437e-10
22035.0  5.40318e-10
22040.0  5.41012e-10
22045.0  5.41372e-10
22050.0  5.41295e-10
22055.0  5.40774e-10
22060.0  5.39864e-10
22065.0  5.38686e-10
22070.0  5.37406e-10
22075.0  5.36207e-10
22080.0  5.35273e-10
22085.0  5.34747e-10
22090.0  5.34735e-10
22095.0  5.35269e-10
22100.0  5.36319e-10
22105.0  5.37784e-10
22110.0  5.39514e-10
22115.0  5.41315e-10
22120.0  5.42988e-10
22125.0  5.4434e-10
22130.0  5.45214e-10
22135.0  5.45501e-10
22140.0  5.45154e-10
22145.0  5.44199e-10
22150.0  5.42716e-10
22155.0  5.40844e-10
22160.0  5.38744e-10
22165.0  5.36603e-10
22170.0  5.34594e-10
22175.0  5.32863e-10
22180.0  5.31512e-10
22185.0  5.30587e-10
22190.0  5.30079e-10
22195.0  5.29911e-10
22200.0  5.29965e-10
22205.0  5.30073e-10
22210.0  5.30072e-10
22215.0  5.29812e-10
22220.0  5.29174e-10
22225.0  5.2808e-10
22230.0  5.26517e-10
22235.0  5.24533e-10
22240.0  5.22236e-10
22245.0  5.19779e-10
22250.0  5.17337e-10
22255.0  5.1511e-10
22260.0  5.13273e-10
22265.0  5.11983e-10
22270.0  5.11337e-10
22275.0  5.11383e-10
22280.0  5.12098e-10
22285.0  5.13393e-10
22290.0  5.15118e-10
22295.0  5.17077e-10
22300.0  5.19058e-10
22305.0  5.20838e-10
22310.0  5.22226e-10
22315.0  5.23077e-10
22320.0  5.23309e-10
22325.0  5.22904e-10
22330.0  5.21919e-10
22335.0  5.20467e-10
22340.0  5.1871e-10
22345.0  5.16827e-10
22350.0  5.15003e-10
22355.0  5.13411e-10
22360.0  5.12177e-10
22365.0  5.11389e-10
22370.0  5.11061e-10
22375.0  5.11163e-10
22380.0  5.11593e-10
22385.0  5.12212e-10
22390.0  5.12843e-10
22395.0  5.13303e-10
22400.0  5.13424e-10
22405.0  5.13064e-10
22410.0  5.12146e-10
22415.0  5.10649e-10
22420.0  5.08621e-10
22425.0  5.06175e-10
22430.0  5.03483e-10
22435.0  5.00739e-10
22440.0  4.98155e-10
22445.0  4.95934e-10
22450.0  4.94249e-10
22455.0  4.93245e-10
22460.0  4.92938e-10
22465.0  4.93271e-10
22470.0  4.94257e-10
22475.0  4.95927e-10
22480.0  4.98097e-10
22485.0  5.00419e-10
22490.0  5.02665e-10
22495.0  5.04704e-10
22500.0  5.06402e-10
22505.0  5.07611e-10
22510.0  5.0825e-10
22515.0  5.083e-10
22520.0  5.07803e-10
22525.0  5.06849e-10
22530.0  5.05558e-10
22535.0  5.04076e-10
22540.0  5.02546e-10
22545.0  5.01092e-10
22550.0  4.99811e-10
22555.0  4.98744e-10
22560.0  4.97893e-10
22565.0  4.97212e-10
22570.0  4.96621e-10
22575.0  4.96012e-10
22580.0  4.95274e-10
22585.0  4.94305e-10
22590.0  4.93032e-10
22595.0  4.91422e-10
22600.0  4.89475e-10
22605.0  4.87259e-10
22610.0  4.84876e-10
22615.0  4.82478e-10
22620.0  4.80236e-10
22625.0  4.78336e-10
22630.0  4.76953e-10
22635.0  4.76217e-10
22640.0  4.76226e-10
22645.0  4.76988e-10
22650.0  4.78459e-10
22655.0  4.80506e-10
22660.0  4.82941e-10
22665.0  4.85534e-10
22670.0  4.88036e-10
22675.0  4.90216e-10
22680.0  4.91866e-10
22685.0  4.9285e-10
22690.0  4.9309e-10
22695.0  4.92599e-10
22700.0  4.91451e-10
22705.0  4.89803e-10
22710.0  4.87863e-10
22715.0  4.85868e-10
22720.0  4.84078e-10
22725.0  4.82748e-10
22730.0  4.82121e-10
22735.0  4.82293e-10
22740.0  4.83258e-10
22745.0  4.85055e-10
22750.0  4.87749e-10
22755.0  4.91155e-10
22760.0  4.94778e-10
22765.0  4.98173e-10
22770.0  5.01046e-10
22775.0  5.03125e-10
22780.0  5.04126e-10
22785.0  5.03835e-10
22790.0  5.02188e-10
22795.0  4.99231e-10
22800.0  4.95133e-10
22805.0  4.90148e-10
22810.0  4.84634e-10
22815.0  4.78994e-10
22820.0  4.7365e-10
22825.0  4.69023e-10
22830.0  4.65471e-10
22835.0  4.63289e-10
22840.0  4.62643e-10
22845.0  4.63584e-10
22850.0  4.66007e-10
22855.0  4.69673e-10
22860.0  4.7421e-10
22865.0  4.79157e-10
22870.0  4.84e-10
22875.0  4.88198e-10
22880.0  4.91265e-10
22885.0  4.92778e-10
22890.0  4.9243e-10
22895.0  4.90043e-10
22900.0  4.85568e-10
22905.0  4.79125e-10
22910.0  4.70932e-10
22915.0  4.61343e-10
22920.0  4.50793e-10
22925.0  4.39785e-10
22930.0  4.28853e-10
22935.0  4.18534e-10
22940.0  4.09332e-10
22945.0  4.01659e-10
22950.0  3.95853e-10
22955.0  3.92088e-10
22960.0  3.9042e-10
22965.0  3.90751e-10
22970.0  3.92854e-10
22975.0  3.96408e-10
22980.0  4.01013e-10
22985.0  4.06249e-10
22990.0  4.117e-10
22995.0  4.16999e-10
23000.0  4.21851e-10
23005.0  4.26024e-10
23010.0  4.29375e-10
23015.0  4.31855e-10
23020.0  4.33545e-10
23025.0  4.34561e-10
23030.0  4.34948e-10
23035.0  4.34767e-10
23040.0  4.34251e-10
23045.0  4.33686e-10
23050.0  4.33212e-10
23055.0  4.32884e-10
23060.0  4.32735e-10
23065.0  4.32782e-10
23070.0  4.33015e-10
23075.0  4.33375e-10
23080.0  4.33791e-10
23085.0  4.34196e-10
23090.0  4.34535e-10
23095.0  4.34777e-10
23100.0  4.34915e-10
23105.0  4.34979e-10
23110.0  4.35011e-10
23115.0  4.35079e-10
23120.0  4.35261e-10
23125.0  4.3563e-10
23130.0  4.36259e-10
23135.0  4.37185e-10
23140.0  4.38419e-10
23145.0  4.39926e-10
23150.0  4.41617e-10
23155.0  4.43344e-10
23160.0  4.44909e-10
23165.0  4.46077e-10
23170.0  4.46584e-10
23175.0  4.46181e-10
23180.0  4.44661e-10
23185.0  4.41865e-10
23190.0  4.3775e-10
23195.0  4.32348e-10
23200.0  4.25804e-10
23205.0  4.18334e-10
23210.0  4.10213e-10
23215.0  4.01756e-10
23220.0  3.9328e-10
23225.0  3.85102e-10
23230.0  3.77505e-10
23235.0  3.70743e-10
23240.0  3.65025e-10
23245.0  3.60506e-10
23250.0  3.57303e-10
23255.0  3.55454e-10
23260.0  3.54965e-10
23265.0  3.55757e-10
23270.0  3.57716e-10
23275.0  3.60665e-10
23280.0  3.64382e-10
23285.0  3.68634e-10
23290.0  3.73167e-10
23295.0  3.77739e-10
23300.0  3.82119e-10
23305.0  3.86144e-10
23310.0  3.89766e-10
23315.0  3.92947e-10
23320.0  3.95562e-10
23325.0  3.97524e-10
23330.0  3.98968e-10
23335.0  4.00128e-10
23340.0  4.01119e-10
23345.0  4.01973e-10
23350.0  4.02731e-10
23355.0  4.03466e-10
23360.0  4.04229e-10
23365.0  4.05021e-10
23370.0  4.05817e-10
23375.0  4.06575e-10
23380.0  4.07241e-10
23385.0  4.07753e-10
23390.0  4.08049e-10
23395.0  4.08084e-10
23400.0  4.07837e-10
23405.0  4.0731e-10
23410.0  4.06537e-10
23415.0  4.05569e-10
23420.0  4.04487e-10
23425.0  4.03369e-10
23430.0  4.02302e-10
23435.0  4.01355e-10
23440.0  4.00573e-10
23445.0  3.99984e-10
23450.0  3.99574e-10
23455.0  3.99302e-10
23460.0  3.99084e-10
23465.0  3.98805e-10
23470.0  3.98333e-10
23475.0  3.97508e-10
23480.0  3.96177e-10
23485.0  3.94189e-10
23490.0  3.91418e-10
23495.0  3.87795e-10
23500.0  3.8329e-10
23505.0  3.77952e-10
23510.0  3.71895e-10
23515.0  3.65289e-10
23520.0  3.58365e-10
23525.0  3.51376e-10
23530.0  3.44595e-10
23535.0  3.38295e-10
23540.0  3.3272e-10
23545.0  3.28093e-10
23550.0  3.24581e-10
23555.0  3.2231e-10
23560.0  3.2135e-10
23565.0  3.21723e-10
23570.0  3.23391e-10
23575.0  3.26263e-10
23580.0  3.30199e-10
23585.0  3.35018e-10
23590.0  3.40499e-10
23595.0  3.46355e-10
23600.0  3.52303e-10
23605.0  3.58163e-10
23610.0  3.63793e-10
23615.0  3.68885e-10
23620.0  3.73029e-10
23625.0  3.7606e-10
23630.0  3.78172e-10
23635.0  3.79542e-10
23640.0  3.80186e-10
23645.0  3.80089e-10
23650.0  3.79364e-10
23655.0  3.78184e-10
23660.0  3.76706e-10
23665.0  3.75068e-10
23670.0  3.73393e-10
23675.0  3.71799e-10
23680.0  3.70385e-10
23685.0  3.69223e-10
23690.0  3.68362e-10
23695.0  3.67827e-10
23700.0  3.67618e-10
23705.0  3.67704e-10
23710.0  3.68031e-10
23715.0  3.68528e-10
23720.0  3.6911e-10
23725.0  3.69682e-10
23730.0  3.7016e-10
23735.0  3.70459e-10
23740.0  3.70525e-10
23745.0  3.70311e-10
23750.0  3.69794e-10
23755.0  3.68969e-10
23760.0  3.67842e-10
23765.0  3.66426e-10
23770.0  3.64739e-10
23775.0  3.62801e-10
23780.0  3.6063e-10
23785.0  3.58244e-10
23790.0  3.55655e-10
23795.0  3.52879e-10
23800.0  3.49935e-10
23805.0  3.46843e-10
23810.0  3.43629e-10
23815.0  3.40335e-10
23820.0  3.37006e-10
23825.0  3.33694e-10
23830.0  3.30467e-10
23835.0  3.27394e-10
23840.0  3.24546e-10
23845.0  3.21991e-10
23850.0  3.19795e-10
23855.0  3.18008e-10
23860.0  3.16669e-10
23865.0  3.15803e-10
23870.0  3.15416e-10
23875.0  3.15506e-10
23880.0  3.16051e-10
23885.0  3.17025e-10
23890.0  3.18389e-10
23895.0  3.20105e-10
23900.0  3.22119e-10
23905.0  3.24379e-10
23910.0  3.26832e-10
23915.0  3.29422e-10
23920.0  3.32084e-10
23925.0  3.34739e-10
23930.0  3.3732e-10
23935.0  3.39773e-10
23940.0  3.42045e-10
23945.0  3.44081e-10
23950.0  3.45823e-10
23955.0  3.47233e-10
23960.0  3.48285e-10
23965.0  3.48967e-10
23970.0  3.49275e-10
23975.0  3.49215e-10
23980.0  3.48816e-10
23985.0  3.48106e-10
23990.0  3.47137e-10
23995.0  3.45962e-10
24000.0  3.44645e-10
24005.0  3.43262e-10
24010.0  3.41889e-10
24015.0  3.40604e-10
24020.0  3.3949e-10
24025.0  3.38615e-10
24030.0  3.38039e-10
24035.0  3.37813e-10
24040.0  3.37954e-10
24045.0  3.3847e-10
24050.0  3.39328e-10
24055.0  3.40478e-10
24060.0  3.41842e-10
24065.0  3.43321e-10
24070.0  3.44803e-10
24075.0  3.4616e-10
24080.0  3.47267e-10
24085.0  3.48e-10
24090.0  3.48242e-10
24095.0  3.47901e-10
24100.0  3.46897e-10
24105.0  3.45183e-10
24110.0  3.42739e-10
24115.0  3.39578e-10
24120.0  3.35758e-10
24125.0  3.31358e-10
24130.0  3.26507e-10
24135.0  3.2136e-10
24140.0  3.16095e-10
24145.0  3.10907e-10
24150.0  3.05992e-10
24155.0  3.01543e-10
24160.0  2.97734e-10
24165.0  2.94698e-10
24170.0  2.92539e-10
24175.0  2.91314e-10
24180.0  2.91037e-10
24185.0  2.91676e-10
24190.0  2.93159e-10
24195.0  2.95388e-10
24200.0  2.98242e-10
24205.0  3.01577e-10
24210.0  3.05236e-10
24215.0  3.09052e-10
24220.0  3.12899e-10
24225.0  3.16696e-10
24230.0  3.20342e-10
24235.0  3.23646e-10
24240.0  3.26425e-10
24245.0  3.28666e-10
24250.0  3.30474e-10
24255.0  3.31906e-10
24260.0  3.32957e-10
24265.0  3.33621e-10
24270.0  3.33959e-10
24275.0  3.34059e-10
24280.0  3.33996e-10
24285.0  3.33834e-10
24290.0  3.33628e-10
24295.0  3.33429e-10
24300.0  3.33268e-10
24305.0  3.3317e-10
24310.0  3.33138e-10
24315.0  3.33169e-10
24320.0  3.33241e-10
24325.0  3.33332e-10
24330.0  3.3341e-10
24335.0  3.33443e-10
24340.0  3.33399e-10
24345.0  3.33253e-10
24350.0  3.32983e-10
24355.0  3.32585e-10
24360.0  3.3206e-10
24365.0  3.31422e-10
24370.0  3.30692e-10
24375.0  3.29898e-10
24380.0  3.29064e-10
24385.0  3.28215e-10
24390.0  3.27372e-10
24395.0  3.26543e-10
24400.0  3.25725e-10
24405.0  3.24912e-10
24410.0  3.24083e-10
24415.0  3.23213e-10
24420.0  3.22271e-10
24425.0  3.21218e-10
24430.0  3.20022e-10
24435.0  3.18642e-10
24440.0  3.17055e-10
24445.0  3.15234e-10
24450.0  3.13172e-10
24455.0  3.10874e-10
24460.0  3.0837e-10
24465.0  3.05711e-10
24470.0  3.02967e-10
24475.0  3.00231e-10
24480.0  2.97612e-10
24485.0  2.95221e-10
24490.0  2.93173e-10
24495.0  2.91552e-10
24500.0  2.90431e-10
24505.0  2.89853e-10
24510.0  2.89816e-10
24515.0  2.90299e-10
24520.0  2.91255e-10
24525.0  2.92617e-10
24530.0  2.94306e-10
24535.0  2.96235e-10
24540.0  2.98326e-10
24545.0  3.00523e-10
24550.0  3.02764e-10
24555.0  3.04961e-10
24560.0  3.0702e-10
24565.0  3.08886e-10
24570.0  3.10555e-10
24575.0  3.12021e-10
24580.0  3.13256e-10
24585.0  3.14223e-10
24590.0  3.14911e-10
24595.0  3.15333e-10
24600.0  3.15503e-10
24605.0  3.15452e-10
24610.0  3.15211e-10
24615.0  3.1482e-10
24620.0  3.14322e-10
24625.0  3.13758e-10
24630.0  3.13172e-10
24635.0  3.12594e-10
24640.0  3.12057e-10
24645.0  3.11585e-10
24650.0  3.11193e-10
24655.0  3.10893e-10
24660.0  3.10693e-10
24665.0  3.10601e-10
24670.0  3.10617e-10
24675.0  3.1074e-10
24680.0  3.10971e-10
24685.0  3.11306e-10
24690.0  3.11741e-10
24695.0  3.12266e-10
24700.0  3.12866e-10
24705.0  3.13521e-10
24710.0  3.14207e-10
24715.0  3.1488e-10
24720.0  3.15508e-10
24725.0  3.16041e-10
24730.0  3.16432e-10
24735.0  3.1663e-10
24740.0  3.16595e-10
24745.0  3.16283e-10
24750.0  3.15667e-10
24755.0  3.14728e-10
24760.0  3.13454e-10
24765.0  3.11849e-10
24770.0  3.09918e-10
24775.0  3.07693e-10
24780.0  3.05196e-10
24785.0  3.0247e-10
24790.0  2.99574e-10
24795.0  2.96564e-10
24800.0  2.93513e-10
24805.0  2.90502e-10
24810.0  2.87614e-10
24815.0  2.84947e-10
24820.0  2.8259e-10
24825.0  2.80631e-10
24830.0  2.79159e-10
24835.0  2.78234e-10
24840.0  2.77898e-10
24845.0  2.78174e-10
24850.0  2.79046e-10
24855.0  2.80485e-10
24860.0  2.82412e-10
24865.0  2.84728e-10
24870.0  2.87335e-10
24875.0  2.90144e-10
24880.0  2.9305e-10
24885.0  2.95892e-10
24890.0  2.98495e-10
24895.0  3.00759e-10
24900.0  3.02671e-10
24905.0  3.04224e-10
24910.0  3.05382e-10
24915.0  3.06102e-10
24920.0  3.06376e-10
24925.0  3.06237e-10
24930.0  3.05739e-10
24935.0  3.04942e-10
24940.0  3.03917e-10
24945.0  3.02737e-10
24950.0  3.01482e-10
24955.0  3.00231e-10
24960.0  2.99059e-10
24965.0  2.98024e-10
24970.0  2.97175e-10
24975.0  2.96542e-10
24980.0  2.96146e-10
24985.0  2.58983e-10
24990.0  3.69887e-11
24995.0  0.0
25000.0  0.0
