# Extracted from file: pickles_uk_79.fits
#SIMPLETrueFits standard
#BITPIX16Bits per pixel
#NAXIS0Number of axes
#EXTENDTrueFile may contain extensions
#DATE2007-01-11T21:02:23Date FITS file was generated
#IRAF-TLM16:02:39 (11/01/2007)Time of last modification
#COMMENT  FITS (Flexible Image Transport System) format is defined in 'Astronomy
#COMMENT  and Astrophysics', volume 376, page 359; bibcode: 2001A&A...376..359H
#ORIGINSTScI-STSDAS/TABLESTables version 2002-02-22
#FILENAMEpickles_uk_79.fitsname of file
#NEXTEND1number of extensions in file
#COMMENT1spectral type: K0III
#COMMENT2metallicity: weak
#COMMENT3original filename: ukwk0iii.dat
#HISTORY  File created by F.R.Boffi.
#HISTORY  SEDs from Pickles UVKLIB Library (1998, PASP 110, 863).
#HISTORY  Wavelength is in Angstrom.
#HISTORY  Fluxes are tabulated in units of erg/s/cm^2/A
#HISTORY  and were calculated by normalizing the original fluxes
#HISTORY  in the Pickles V band to a 0 magnitude in vegamag.
#HISTORY  In the vegamag system, Vega has magnitude zero in all passbands.
#HISTORY  Please refer to the SYNPHOT manual for further information.
#
#
#
#
#
#
#
#
#
#
#
#
#
#  
#Columns WAVELENGTH FLUX
#Units  angstroms flam
1150.0  0.0
1155.0  0.0
1160.0  0.0
1165.0  0.0
1170.0  0.0
1175.0  0.0
1180.0  0.0
1185.0  0.0
1190.0  0.0
1195.0  0.0
1200.0  0.0
1205.0  0.0
1210.0  0.0
1215.0  0.0
1220.0  0.0
1225.0  0.0
1230.0  0.0
1235.0  0.0
1240.0  0.0
1245.0  0.0
1250.0  0.0
1255.0  0.0
1260.0  0.0
1265.0  0.0
1270.0  0.0
1275.0  0.0
1280.0  0.0
1285.0  0.0
1290.0  0.0
1295.0  0.0
1300.0  0.0
1305.0  0.0
1310.0  0.0
1315.0  0.0
1320.0  0.0
1325.0  0.0
1330.0  0.0
1335.0  0.0
1340.0  0.0
1345.0  0.0
1350.0  0.0
1355.0  0.0
1360.0  0.0
1365.0  0.0
1370.0  0.0
1375.0  0.0
1380.0  0.0
1385.0  0.0
1390.0  0.0
1395.0  0.0
1400.0  0.0
1405.0  0.0
1410.0  0.0
1415.0  0.0
1420.0  0.0
1425.0  0.0
1430.0  0.0
1435.0  0.0
1440.0  0.0
1445.0  0.0
1450.0  0.0
1455.0  0.0
1460.0  0.0
1465.0  0.0
1470.0  0.0
1475.0  0.0
1480.0  0.0
1485.0  0.0
1490.0  0.0
1495.0  0.0
1500.0  0.0
1505.0  0.0
1510.0  0.0
1515.0  0.0
1520.0  0.0
1525.0  0.0
1530.0  0.0
1535.0  0.0
1540.0  0.0
1545.0  0.0
1550.0  0.0
1555.0  0.0
1560.0  0.0
1565.0  0.0
1570.0  0.0
1575.0  0.0
1580.0  0.0
1585.0  0.0
1590.0  0.0
1595.0  0.0
1600.0  0.0
1605.0  0.0
1610.0  0.0
1615.0  0.0
1620.0  0.0
1625.0  0.0
1630.0  0.0
1635.0  0.0
1640.0  0.0
1645.0  0.0
1650.0  0.0
1655.0  0.0
1660.0  0.0
1665.0  0.0
1670.0  0.0
1675.0  0.0
1680.0  0.0
1685.0  0.0
1690.0  0.0
1695.0  0.0
1700.0  0.0
1705.0  0.0
1710.0  0.0
1715.0  0.0
1720.0  0.0
1725.0  0.0
1730.0  0.0
1735.0  0.0
1740.0  0.0
1745.0  0.0
1750.0  0.0
1755.0  0.0
1760.0  0.0
1765.0  0.0
1770.0  0.0
1775.0  0.0
1780.0  0.0
1785.0  0.0
1790.0  0.0
1795.0  0.0
1800.0  0.0
1805.0  0.0
1810.0  0.0
1815.0  0.0
1820.0  0.0
1825.0  0.0
1830.0  0.0
1835.0  0.0
1840.0  0.0
1845.0  0.0
1850.0  0.0
1855.0  0.0
1860.0  0.0
1865.0  0.0
1870.0  0.0
1875.0  0.0
1880.0  0.0
1885.0  0.0
1890.0  0.0
1895.0  0.0
1900.0  0.0
1905.0  0.0
1910.0  0.0
1915.0  0.0
1920.0  0.0
1925.0  0.0
1930.0  0.0
1935.0  0.0
1940.0  0.0
1945.0  0.0
1950.0  4.60299e-16
1955.0  3.67532e-15
1960.0  7.34829e-15
1965.0  1.10213e-14
1970.0  1.46942e-14
1975.0  1.83672e-14
1980.0  2.11196e-14
1985.0  1.88228e-14
1990.0  1.74443e-14
1995.0  1.0554e-14
2000.0  1.37392e-15
2005.0  0.0
2010.0  0.0
2015.0  0.0
2020.0  0.0
2025.0  0.0
2030.0  0.0
2035.0  0.0
2040.0  0.0
2045.0  0.0
2050.0  6.44338e-15
2055.0  5.23734e-14
2060.0  1.10685e-13
2065.0  1.71747e-13
2070.0  2.25917e-13
2075.0  2.6539e-13
2080.0  2.82821e-13
2085.0  2.71324e-13
2090.0  2.25388e-13
2095.0  1.33535e-13
2100.0  1.74051e-14
2105.0  0.0
2110.0  0.0
2115.0  0.0
2120.0  0.0
2125.0  0.0
2130.0  0.0
2135.0  0.0
2140.0  0.0
2145.0  0.0
2150.0  9.15776e-14
2155.0  7.54354e-13
2160.0  1.66397e-12
2165.0  2.71726e-12
2170.0  3.87705e-12
2175.0  5.10661e-12
2180.0  6.36874e-12
2185.0  7.62488e-12
2190.0  8.84244e-12
2195.0  9.98008e-12
2200.0  1.10016e-11
2205.0  1.1883e-11
2210.0  1.2623e-11
2215.0  1.32331e-11
2220.0  1.37202e-11
2225.0  1.40989e-11
2230.0  1.43757e-11
2235.0  1.45611e-11
2240.0  1.46685e-11
2245.0  1.47066e-11
2250.0  1.46859e-11
2255.0  1.46184e-11
2260.0  1.45215e-11
2265.0  1.44127e-11
2270.0  1.43053e-11
2275.0  1.4219e-11
2280.0  1.41703e-11
2285.0  1.41791e-11
2290.0  1.4259e-11
2295.0  1.44299e-11
2300.0  1.47068e-11
2305.0  1.50962e-11
2310.0  1.55728e-11
2315.0  1.61017e-11
2320.0  1.66508e-11
2325.0  1.71802e-11
2330.0  1.76594e-11
2335.0  1.80487e-11
2340.0  1.83154e-11
2345.0  1.84218e-11
2350.0  1.83377e-11
2355.0  1.8046e-11
2360.0  1.75859e-11
2365.0  1.70101e-11
2370.0  1.63816e-11
2375.0  1.57572e-11
2380.0  1.51948e-11
2385.0  1.47514e-11
2390.0  1.44898e-11
2395.0  1.44647e-11
2400.0  1.47339e-11
2405.0  1.53268e-11
2410.0  1.62043e-11
2415.0  1.73049e-11
2420.0  1.85607e-11
2425.0  1.99073e-11
2430.0  2.12769e-11
2435.0  2.2605e-11
2440.0  2.38239e-11
2445.0  2.48693e-11
2450.0  2.56753e-11
2455.0  2.62041e-11
2460.0  2.6479e-11
2465.0  2.65514e-11
2470.0  2.64734e-11
2475.0  2.62961e-11
2480.0  2.60711e-11
2485.0  2.58503e-11
2490.0  2.56873e-11
2495.0  2.56319e-11
2500.0  2.57357e-11
2505.0  2.6031e-11
2510.0  2.65054e-11
2515.0  2.71321e-11
2520.0  2.78746e-11
2525.0  2.87042e-11
2530.0  2.9589e-11
2535.0  3.04962e-11
2540.0  3.13956e-11
2545.0  3.22551e-11
2550.0  3.30466e-11
2555.0  3.37623e-11
2560.0  3.4451e-11
2565.0  3.51847e-11
2570.0  3.60411e-11
2575.0  3.70875e-11
2580.0  3.84039e-11
2585.0  4.00624e-11
2590.0  4.21365e-11
2595.0  4.47019e-11
2600.0  4.7826e-11
2605.0  5.15379e-11
2610.0  5.57495e-11
2615.0  6.03349e-11
2620.0  6.51599e-11
2625.0  7.00941e-11
2630.0  7.5003e-11
2635.0  7.9754e-11
2640.0  8.4215e-11
2645.0  8.8256e-11
2650.0  9.17441e-11
2655.0  9.45936e-11
2660.0  9.68191e-11
2665.0  9.84753e-11
2670.0  9.96216e-11
2675.0  1.00319e-10
2680.0  1.00628e-10
2685.0  1.00609e-10
2690.0  1.00316e-10
2695.0  9.98122e-11
2700.0  9.91576e-11
2705.0  9.84018e-11
2710.0  9.75818e-11
2715.0  9.67223e-11
2720.0  9.58508e-11
2725.0  9.49919e-11
2730.0  9.41755e-11
2735.0  9.34259e-11
2740.0  9.27689e-11
2745.0  9.2235e-11
2750.0  9.18452e-11
2755.0  9.16205e-11
2760.0  9.15566e-11
2765.0  9.16435e-11
2770.0  9.18694e-11
2775.0  9.22212e-11
2780.0  9.26899e-11
2785.0  9.32653e-11
2790.0  9.39352e-11
2795.0  9.4684e-11
2800.0  9.55078e-11
2805.0  9.64252e-11
2810.0  9.75354e-11
2815.0  9.89626e-11
2820.0  1.00837e-10
2825.0  1.03289e-10
2830.0  1.06446e-10
2835.0  1.1044e-10
2840.0  1.15398e-10
2845.0  1.21452e-10
2850.0  1.2872e-10
2855.0  1.37267e-10
2860.0  1.46983e-10
2865.0  1.57704e-10
2870.0  1.69249e-10
2875.0  1.81444e-10
2880.0  1.94116e-10
2885.0  2.07088e-10
2890.0  2.20183e-10
2895.0  2.33226e-10
2900.0  2.46043e-10
2905.0  2.58446e-10
2910.0  2.70226e-10
2915.0  2.8116e-10
2920.0  2.91032e-10
2925.0  2.99618e-10
2930.0  3.06697e-10
2935.0  3.12053e-10
2940.0  3.15459e-10
2945.0  3.16697e-10
2950.0  3.15565e-10
2955.0  3.12023e-10
2960.0  3.0646e-10
2965.0  2.99435e-10
2970.0  2.91524e-10
2975.0  2.83296e-10
2980.0  2.75327e-10
2985.0  2.68189e-10
2990.0  2.62455e-10
2995.0  2.58701e-10
3000.0  2.57478e-10
3005.0  2.59136e-10
3010.0  2.63502e-10
3015.0  2.70196e-10
3020.0  2.7882e-10
3025.0  2.88978e-10
3030.0  3.0027e-10
3035.0  3.12298e-10
3040.0  3.24667e-10
3045.0  3.36976e-10
3050.0  3.48839e-10
3055.0  3.59964e-10
3060.0  3.70316e-10
3065.0  3.79955e-10
3070.0  3.88952e-10
3075.0  3.97378e-10
3080.0  4.05299e-10
3085.0  4.12793e-10
3090.0  4.19927e-10
3095.0  4.2677e-10
3100.0  4.33396e-10
3105.0  4.39878e-10
3110.0  4.46307e-10
3115.0  4.52775e-10
3120.0  4.59376e-10
3125.0  4.66202e-10
3130.0  4.73346e-10
3135.0  4.80902e-10
3140.0  4.88962e-10
3145.0  4.9762e-10
3150.0  5.06965e-10
3155.0  5.25189e-10
3160.0  5.85439e-10
3165.0  6.07003e-10
3170.0  6.04791e-10
3175.0  5.7997e-10
3180.0  5.52284e-10
3185.0  5.47931e-10
3190.0  5.82994e-10
3195.0  6.70703e-10
3200.0  8.36043e-10
3205.0  8.83489e-10
3210.0  8.21e-10
3215.0  6.89176e-10
3220.0  5.68191e-10
3225.0  5.19346e-10
3230.0  5.11221e-10
3235.0  4.9872e-10
3240.0  4.93636e-10
3245.0  5.2474e-10
3250.0  6.03364e-10
3255.0  7.07242e-10
3260.0  7.49303e-10
3265.0  6.76311e-10
3270.0  5.85573e-10
3275.0  5.86804e-10
3280.0  6.70594e-10
3285.0  7.83637e-10
3290.0  8.80009e-10
3295.0  9.26011e-10
3300.0  9.10396e-10
3305.0  8.46595e-10
3310.0  7.8986e-10
3315.0  7.84474e-10
3320.0  8.05667e-10
3325.0  8.16201e-10
3330.0  8.15554e-10
3335.0  8.15364e-10
3340.0  8.20494e-10
3345.0  8.30904e-10
3350.0  8.41271e-10
3355.0  8.41409e-10
3360.0  8.14462e-10
3365.0  7.55445e-10
3370.0  6.96784e-10
3375.0  6.74904e-10
3380.0  6.98604e-10
3385.0  7.58345e-10
3390.0  8.24969e-10
3395.0  8.6987e-10
3400.0  8.8499e-10
3405.0  8.75932e-10
3410.0  8.63193e-10
3415.0  8.66059e-10
3420.0  8.85394e-10
3425.0  9.04526e-10
3430.0  8.81937e-10
3435.0  8.00138e-10
3440.0  7.27094e-10
3445.0  7.29737e-10
3450.0  7.86529e-10
3455.0  8.47211e-10
3460.0  8.77374e-10
3465.0  8.64256e-10
3470.0  8.33179e-10
3475.0  8.14355e-10
3480.0  8.13737e-10
3485.0  8.26781e-10
3490.0  8.46699e-10
3495.0  8.70338e-10
3500.0  9.04364e-10
3505.0  9.47491e-10
3510.0  9.69174e-10
3515.0  9.47475e-10
3520.0  9.12358e-10
3525.0  9.04879e-10
3530.0  9.41193e-10
3535.0  1.00958e-09
3540.0  1.0528e-09
3545.0  1.02252e-09
3550.0  9.38308e-10
3555.0  8.40634e-10
3560.0  7.55853e-10
3565.0  6.95061e-10
3570.0  6.46494e-10
3575.0  6.03776e-10
3580.0  5.95581e-10
3585.0  6.47715e-10
3590.0  7.42219e-10
3595.0  8.42808e-10
3600.0  9.11096e-10
3605.0  9.2948e-10
3610.0  9.35127e-10
3615.0  9.69928e-10
3620.0  1.03296e-09
3625.0  1.09871e-09
3630.0  1.12379e-09
3635.0  1.09259e-09
3640.0  1.07659e-09
3645.0  1.1426e-09
3650.0  1.25823e-09
3655.0  1.36217e-09
3660.0  1.41859e-09
3665.0  1.41262e-09
3670.0  1.35692e-09
3675.0  1.28016e-09
3680.0  1.22574e-09
3685.0  1.22212e-09
3690.0  1.24478e-09
3695.0  1.2574e-09
3700.0  1.24609e-09
3705.0  1.2132e-09
3710.0  1.17869e-09
3715.0  1.15207e-09
3720.0  1.10067e-09
3725.0  1.00137e-09
3730.0  8.97995e-10
3735.0  8.81267e-10
3740.0  1.10936e-09
3745.0  1.1609e-09
3750.0  9.93018e-10
3755.0  1.00735e-09
3760.0  1.15487e-09
3765.0  1.28406e-09
3770.0  1.3749e-09
3775.0  1.37928e-09
3780.0  1.31861e-09
3785.0  1.40726e-09
3790.0  1.36866e-09
3795.0  1.32237e-09
3800.0  1.30287e-09
3805.0  1.23009e-09
3810.0  1.1756e-09
3815.0  1.07902e-09
3820.0  9.43895e-10
3825.0  8.81814e-10
3830.0  8.98757e-10
3835.0  9.55222e-10
3840.0  1.03952e-09
3845.0  1.07201e-09
3850.0  1.04051e-09
3855.0  1.01446e-09
3860.0  1.0089e-09
3865.0  1.04478e-09
3870.0  1.1374e-09
3875.0  1.14164e-09
3880.0  1.03137e-09
3885.0  1.03054e-09
3890.0  1.16453e-09
3895.0  1.28201e-09
3900.0  1.35709e-09
3905.0  1.41658e-09
3910.0  1.40964e-09
3915.0  1.37647e-09
3920.0  1.25276e-09
3925.0  1.04626e-09
3930.0  9.15105e-10
3935.0  8.35176e-10
3940.0  8.87364e-10
3945.0  1.04081e-09
3950.0  1.16432e-09
3955.0  1.19612e-09
3960.0  1.15014e-09
3965.0  1.04114e-09
3970.0  1.06891e-09
3975.0  1.25816e-09
3980.0  1.49596e-09
3985.0  1.71297e-09
3990.0  1.8675e-09
3995.0  1.92093e-09
4000.0  1.96763e-09
4005.0  2.01465e-09
4010.0  2.07403e-09
4015.0  2.16163e-09
4020.0  2.23113e-09
4025.0  2.2548e-09
4030.0  2.20461e-09
4035.0  2.11676e-09
4040.0  2.05961e-09
4045.0  2.07352e-09
4050.0  2.11781e-09
4055.0  2.10784e-09
4060.0  2.086e-09
4065.0  2.03975e-09
4070.0  2.013e-09
4075.0  2.0816e-09
4080.0  2.20149e-09
4085.0  2.26655e-09
4090.0  2.25369e-09
4095.0  2.21605e-09
4100.0  2.20345e-09
4105.0  2.20718e-09
4110.0  2.19663e-09
4115.0  2.18477e-09
4120.0  2.17176e-09
4125.0  2.20616e-09
4130.0  2.20012e-09
4135.0  2.11131e-09
4140.0  2.05969e-09
4145.0  2.0206e-09
4150.0  1.9698e-09
4155.0  2.02896e-09
4160.0  2.08882e-09
4165.0  2.06256e-09
4170.0  2.06551e-09
4175.0  2.02143e-09
4180.0  2.02744e-09
4185.0  2.05879e-09
4190.0  2.03941e-09
4195.0  2.04731e-09
4200.0  2.14076e-09
4205.0  2.16986e-09
4210.0  2.26867e-09
4215.0  2.27643e-09
4220.0  2.22997e-09
4225.0  2.23837e-09
4230.0  2.22787e-09
4235.0  2.28988e-09
4240.0  2.34402e-09
4245.0  2.31973e-09
4250.0  2.28624e-09
4255.0  2.29418e-09
4260.0  2.29371e-09
4265.0  2.25913e-09
4270.0  2.20443e-09
4275.0  2.18871e-09
4280.0  2.1823e-09
4285.0  2.13845e-09
4290.0  2.04749e-09
4295.0  1.88979e-09
4300.0  1.79811e-09
4305.0  1.85146e-09
4310.0  1.99953e-09
4315.0  2.17922e-09
4320.0  2.32353e-09
4325.0  2.3722e-09
4330.0  2.40067e-09
4335.0  2.47281e-09
4340.0  2.53664e-09
4345.0  2.56149e-09
4350.0  2.58974e-09
4355.0  2.61291e-09
4360.0  2.60845e-09
4365.0  2.62446e-09
4370.0  2.62494e-09
4375.0  2.52865e-09
4380.0  2.40039e-09
4385.0  2.37221e-09
4390.0  2.42171e-09
4395.0  2.52755e-09
4400.0  2.60007e-09
4405.0  2.58949e-09
4410.0  2.5972e-09
4415.0  2.65195e-09
4420.0  2.69956e-09
4425.0  2.72612e-09
4430.0  2.7442e-09
4435.0  2.75841e-09
4440.0  2.77029e-09
4445.0  2.77662e-09
4450.0  2.80329e-09
4455.0  2.79835e-09
4460.0  2.78609e-09
4465.0  2.82131e-09
4470.0  2.89863e-09
4475.0  3.02417e-09
4480.0  3.09525e-09
4485.0  3.09119e-09
4490.0  3.06342e-09
4495.0  3.08103e-09
4500.0  3.15447e-09
4505.0  3.20094e-09
4510.0  3.22681e-09
4515.0  3.17209e-09
4520.0  3.08673e-09
4525.0  3.04623e-09
4530.0  3.02635e-09
4535.0  3.04303e-09
4540.0  3.06145e-09
4545.0  3.10857e-09
4550.0  3.15542e-09
4555.0  3.16775e-09
4560.0  3.18666e-09
4565.0  3.21481e-09
4570.0  3.23661e-09
4575.0  3.24367e-09
4580.0  3.24215e-09
4585.0  3.2279e-09
4590.0  3.20309e-09
4595.0  3.21214e-09
4600.0  3.25471e-09
4605.0  3.30921e-09
4610.0  3.35864e-09
4615.0  3.40525e-09
4620.0  3.44111e-09
4625.0  3.42902e-09
4630.0  3.40092e-09
4635.0  3.36991e-09
4640.0  3.33707e-09
4645.0  3.31158e-09
4650.0  3.29581e-09
4655.0  3.2776e-09
4660.0  3.25462e-09
4665.0  3.25412e-09
4670.0  3.25917e-09
4675.0  3.26744e-09
4680.0  3.2943e-09
4685.0  3.28792e-09
4690.0  3.29435e-09
4695.0  3.30819e-09
4700.0  3.29656e-09
4705.0  3.28649e-09
4710.0  3.32119e-09
4715.0  3.35715e-09
4720.0  3.34317e-09
4725.0  3.33516e-09
4730.0  3.37748e-09
4735.0  3.4254e-09
4740.0  3.44548e-09
4745.0  3.47822e-09
4750.0  3.48857e-09
4755.0  3.44419e-09
4760.0  3.41736e-09
4765.0  3.43558e-09
4770.0  3.44579e-09
4775.0  3.49123e-09
4780.0  3.53763e-09
4785.0  3.54926e-09
4790.0  3.53587e-09
4795.0  3.53907e-09
4800.0  3.57012e-09
4805.0  3.57809e-09
4810.0  3.57199e-09
4815.0  3.57403e-09
4820.0  3.57728e-09
4825.0  3.56137e-09
4830.0  3.53049e-09
4835.0  3.514e-09
4840.0  3.51698e-09
4845.0  3.4791e-09
4850.0  3.39066e-09
4855.0  3.29511e-09
4860.0  3.22913e-09
4865.0  3.21012e-09
4870.0  3.22883e-09
4875.0  3.28004e-09
4880.0  3.34236e-09
4885.0  3.3798e-09
4890.0  3.41062e-09
4895.0  3.48188e-09
4900.0  3.51699e-09
4905.0  3.50387e-09
4910.0  3.47285e-09
4915.0  3.43876e-09
4920.0  3.41967e-09
4925.0  3.43393e-09
4930.0  3.48454e-09
4935.0  3.52209e-09
4940.0  3.54118e-09
4945.0  3.57392e-09
4950.0  3.619e-09
4955.0  3.65078e-09
4960.0  3.65832e-09
4965.0  3.62257e-09
4970.0  3.59247e-09
4975.0  3.57488e-09
4980.0  3.52582e-09
4985.0  3.50873e-09
4990.0  3.4917e-09
4995.0  3.46553e-09
5000.0  3.4294e-09
5005.0  3.3774e-09
5010.0  3.33648e-09
5015.0  3.33739e-09
5020.0  3.36731e-09
5025.0  3.41337e-09
5030.0  3.45954e-09
5035.0  3.47581e-09
5040.0  3.46436e-09
5045.0  3.47834e-09
5050.0  3.52669e-09
5055.0  3.5793e-09
5060.0  3.61318e-09
5065.0  3.60034e-09
5070.0  3.53996e-09
5075.0  3.49678e-09
5080.0  3.4784e-09
5085.0  3.49521e-09
5090.0  3.52779e-09
5095.0  3.51084e-09
5100.0  3.45887e-09
5105.0  3.48311e-09
5110.0  3.5029e-09
5115.0  3.47524e-09
5120.0  3.4382e-09
5125.0  3.41351e-09
5130.0  3.39747e-09
5135.0  3.39005e-09
5140.0  3.37843e-09
5145.0  3.3668e-09
5150.0  3.34927e-09
5155.0  3.31029e-09
5160.0  3.2511e-09
5165.0  3.1802e-09
5170.0  3.13464e-09
5175.0  3.15173e-09
5180.0  3.25356e-09
5185.0  3.3475e-09
5190.0  3.33985e-09
5195.0  3.35843e-09
5200.0  3.39426e-09
5205.0  3.4151e-09
5210.0  3.42865e-09
5215.0  3.44923e-09
5220.0  3.46062e-09
5225.0  3.44004e-09
5230.0  3.43703e-09
5235.0  3.47813e-09
5240.0  3.53434e-09
5245.0  3.55948e-09
5250.0  3.53331e-09
5255.0  3.47014e-09
5260.0  3.37092e-09
5265.0  3.30382e-09
5270.0  3.32345e-09
5275.0  3.41202e-09
5280.0  3.4979e-09
5285.0  3.54238e-09
5290.0  3.56938e-09
5295.0  3.62892e-09
5300.0  3.70633e-09
5305.0  3.75193e-09
5310.0  3.73681e-09
5315.0  3.67176e-09
5320.0  3.60508e-09
5325.0  3.56798e-09
5330.0  3.55874e-09
5335.0  3.56128e-09
5340.0  3.58395e-09
5345.0  3.66072e-09
5350.0  3.71633e-09
5355.0  3.73822e-09
5360.0  3.73829e-09
5365.0  3.71891e-09
5370.0  3.70433e-09
5375.0  3.70114e-09
5380.0  3.6797e-09
5385.0  3.63981e-09
5390.0  3.60388e-09
5395.0  3.56189e-09
5400.0  3.50786e-09
5405.0  3.49459e-09
5410.0  3.53854e-09
5415.0  3.59395e-09
5420.0  3.62444e-09
5425.0  3.63471e-09
5430.0  3.64873e-09
5435.0  3.66023e-09
5440.0  3.66118e-09
5445.0  3.65774e-09
5450.0  3.67352e-09
5455.0  3.70376e-09
5460.0  3.71659e-09
5465.0  3.70568e-09
5470.0  3.67444e-09
5475.0  3.63012e-09
5480.0  3.60255e-09
5485.0  3.61075e-09
5490.0  3.63359e-09
5495.0  3.65368e-09
5500.0  3.67758e-09
5505.0  3.66339e-09
5510.0  3.64284e-09
5515.0  3.66511e-09
5520.0  3.6894e-09
5525.0  3.68756e-09
5530.0  3.67426e-09
5535.0  3.66029e-09
5540.0  3.6829e-09
5545.0  3.72276e-09
5550.0  3.7156e-09
5555.0  3.71307e-09
5560.0  3.7288e-09
5565.0  3.74954e-09
5570.0  3.72932e-09
5575.0  3.69236e-09
5580.0  3.69149e-09
5585.0  3.64985e-09
5590.0  3.58837e-09
5595.0  3.55758e-09
5600.0  3.56634e-09
5605.0  3.61901e-09
5610.0  3.68577e-09
5615.0  3.7002e-09
5620.0  3.72706e-09
5625.0  3.73519e-09
5630.0  3.69989e-09
5635.0  3.66334e-09
5640.0  3.65128e-09
5645.0  3.64922e-09
5650.0  3.62999e-09
5655.0  3.6541e-09
5660.0  3.68176e-09
5665.0  3.65068e-09
5670.0  3.63367e-09
5675.0  3.68266e-09
5680.0  3.73717e-09
5685.0  3.73927e-09
5690.0  3.70644e-09
5695.0  3.67596e-09
5700.0  3.64377e-09
5705.0  3.59685e-09
5710.0  3.57e-09
5715.0  3.57963e-09
5720.0  3.63602e-09
5725.0  3.71409e-09
5730.0  3.75946e-09
5735.0  3.78589e-09
5740.0  3.78777e-09
5745.0  3.76953e-09
5750.0  3.74883e-09
5755.0  3.74775e-09
5760.0  3.75414e-09
5765.0  3.72302e-09
5770.0  3.70804e-09
5775.0  3.71063e-09
5780.0  3.70161e-09
5785.0  3.69425e-09
5790.0  3.7056e-09
5795.0  3.7118e-09
5800.0  3.74222e-09
5805.0  3.76787e-09
5810.0  3.77856e-09
5815.0  3.79948e-09
5820.0  3.82216e-09
5825.0  3.82387e-09
5830.0  3.82892e-09
5835.0  3.83197e-09
5840.0  3.82162e-09
5845.0  3.80446e-09
5850.0  3.79015e-09
5855.0  3.78334e-09
5860.0  3.77635e-09
5865.0  3.75852e-09
5870.0  3.70444e-09
5875.0  3.60713e-09
5880.0  3.50477e-09
5885.0  3.43438e-09
5890.0  3.39903e-09
5895.0  3.41014e-09
5900.0  3.49174e-09
5905.0  3.58895e-09
5910.0  3.62925e-09
5915.0  3.67332e-09
5920.0  3.70691e-09
5925.0  3.71648e-09
5930.0  3.71072e-09
5935.0  3.70655e-09
5940.0  3.71772e-09
5945.0  3.73068e-09
5950.0  3.72338e-09
5955.0  3.70348e-09
5960.0  3.68999e-09
5965.0  3.69855e-09
5970.0  3.71502e-09
5975.0  3.69929e-09
5980.0  3.69105e-09
5985.0  3.69464e-09
5990.0  3.68985e-09
5995.0  3.66674e-09
6000.0  3.63984e-09
6005.0  3.64082e-09
6010.0  3.65354e-09
6015.0  3.65988e-09
6020.0  3.66247e-09
6025.0  3.6672e-09
6030.0  3.71126e-09
6035.0  3.75242e-09
6040.0  3.74914e-09
6045.0  3.77686e-09
6050.0  3.76411e-09
6055.0  3.73963e-09
6060.0  3.71952e-09
6065.0  3.71755e-09
6070.0  3.74425e-09
6075.0  3.72784e-09
6080.0  3.70317e-09
6085.0  3.68519e-09
6090.0  3.6533e-09
6095.0  3.64432e-09
6100.0  3.64436e-09
6105.0  3.63604e-09
6110.0  3.65024e-09
6115.0  3.6532e-09
6120.0  3.63419e-09
6125.0  3.61816e-09
6130.0  3.60941e-09
6135.0  3.57992e-09
6140.0  3.57985e-09
6145.0  3.59358e-09
6150.0  3.57436e-09
6155.0  3.56373e-09
6160.0  3.53804e-09
6165.0  3.53353e-09
6170.0  3.55833e-09
6175.0  3.58677e-09
6180.0  3.6205e-09
6185.0  3.62186e-09
6190.0  3.59567e-09
6195.0  3.61785e-09
6200.0  3.64294e-09
6205.0  3.66857e-09
6210.0  3.65687e-09
6215.0  3.6192e-09
6220.0  3.61046e-09
6225.0  3.61225e-09
6230.0  3.56977e-09
6235.0  3.55555e-09
6240.0  3.53216e-09
6245.0  3.49582e-09
6250.0  3.4836e-09
6255.0  3.48149e-09
6260.0  3.50258e-09
6265.0  3.54594e-09
6270.0  3.56729e-09
6275.0  3.55696e-09
6280.0  3.54052e-09
6285.0  3.55925e-09
6290.0  3.57459e-09
6295.0  3.54843e-09
6300.0  3.52857e-09
6305.0  3.54212e-09
6310.0  3.54143e-09
6315.0  3.5121e-09
6320.0  3.52699e-09
6325.0  3.57441e-09
6330.0  3.55896e-09
6335.0  3.52806e-09
6340.0  3.52219e-09
6345.0  3.52604e-09
6350.0  3.53724e-09
6355.0  3.53121e-09
6360.0  3.50986e-09
6365.0  3.51717e-09
6370.0  3.5481e-09
6375.0  3.56768e-09
6380.0  3.56194e-09
6385.0  3.55761e-09
6390.0  3.54263e-09
6395.0  3.52314e-09
6400.0  3.51116e-09
6405.0  3.50791e-09
6410.0  3.49806e-09
6415.0  3.48198e-09
6420.0  3.48128e-09
6425.0  3.49361e-09
6430.0  3.48384e-09
6435.0  3.49542e-09
6440.0  3.4982e-09
6445.0  3.48402e-09
6450.0  3.46453e-09
6455.0  3.46e-09
6460.0  3.45093e-09
6465.0  3.45088e-09
6470.0  3.46859e-09
6475.0  3.46271e-09
6480.0  3.44901e-09
6485.0  3.44174e-09
6490.0  3.40847e-09
6495.0  3.36138e-09
6500.0  3.39889e-09
6505.0  3.45431e-09
6510.0  3.47485e-09
6515.0  3.48065e-09
6520.0  3.50714e-09
6525.0  3.5132e-09
6530.0  3.50194e-09
6535.0  3.49138e-09
6540.0  3.48532e-09
6545.0  3.45783e-09
6550.0  3.41789e-09
6555.0  3.36378e-09
6560.0  3.27207e-09
6565.0  3.26308e-09
6570.0  3.34625e-09
6575.0  3.39311e-09
6580.0  3.45224e-09
6585.0  3.48989e-09
6590.0  3.49553e-09
6595.0  3.48822e-09
6600.0  3.49561e-09
6605.0  3.51062e-09
6610.0  3.51587e-09
6615.0  3.5227e-09
6620.0  3.51343e-09
6625.0  3.49414e-09
6630.0  3.46744e-09
6635.0  3.46659e-09
6640.0  3.46578e-09
6645.0  3.45063e-09
6650.0  3.45152e-09
6655.0  3.46711e-09
6660.0  3.45453e-09
6665.0  3.43853e-09
6670.0  3.46433e-09
6675.0  3.47753e-09
6680.0  3.48077e-09
6685.0  3.48779e-09
6690.0  3.49538e-09
6695.0  3.47014e-09
6700.0  3.45774e-09
6705.0  3.46632e-09
6710.0  3.46332e-09
6715.0  3.42563e-09
6720.0  3.42317e-09
6725.0  3.44331e-09
6730.0  3.43641e-09
6735.0  3.42932e-09
6740.0  3.42492e-09
6745.0  3.42344e-09
6750.0  3.41965e-09
6755.0  3.41283e-09
6760.0  3.43395e-09
6765.0  3.44184e-09
6770.0  3.43625e-09
6775.0  3.45274e-09
6780.0  3.46282e-09
6785.0  3.44478e-09
6790.0  3.44446e-09
6795.0  3.45061e-09
6800.0  3.44194e-09
6805.0  3.41707e-09
6810.0  3.42869e-09
6815.0  3.43916e-09
6820.0  3.44651e-09
6825.0  3.4697e-09
6830.0  3.4936e-09
6835.0  3.47034e-09
6840.0  3.46211e-09
6845.0  3.45889e-09
6850.0  3.45387e-09
6855.0  3.44929e-09
6860.0  3.44465e-09
6865.0  3.4381e-09
6870.0  3.43016e-09
6875.0  3.42407e-09
6880.0  3.4183e-09
6885.0  3.41265e-09
6890.0  3.40707e-09
6895.0  3.40208e-09
6900.0  3.3973e-09
6905.0  3.3924e-09
6910.0  3.38751e-09
6915.0  3.38448e-09
6920.0  3.3834e-09
6925.0  3.37881e-09
6930.0  3.37253e-09
6935.0  3.36671e-09
6940.0  3.36256e-09
6945.0  3.35843e-09
6950.0  3.35397e-09
6955.0  3.35139e-09
6960.0  3.34859e-09
6965.0  3.34621e-09
6970.0  3.33954e-09
6975.0  3.28081e-09
6980.0  3.23473e-09
6985.0  3.32371e-09
6990.0  3.3518e-09
6995.0  3.33265e-09
7000.0  3.28873e-09
7005.0  3.29298e-09
7010.0  3.29942e-09
7015.0  3.24625e-09
7020.0  3.25988e-09
7025.0  3.25711e-09
7030.0  3.30202e-09
7035.0  3.30937e-09
7040.0  3.35078e-09
7045.0  3.39607e-09
7050.0  3.37963e-09
7055.0  3.35901e-09
7060.0  3.36699e-09
7065.0  3.35114e-09
7070.0  3.35115e-09
7075.0  3.3857e-09
7080.0  3.36961e-09
7085.0  3.29251e-09
7090.0  3.27267e-09
7095.0  3.30103e-09
7100.0  3.3213e-09
7105.0  3.29607e-09
7110.0  3.30289e-09
7115.0  3.28284e-09
7120.0  3.2789e-09
7125.0  3.27202e-09
7130.0  3.26983e-09
7135.0  3.3273e-09
7140.0  3.31875e-09
7145.0  3.30006e-09
7150.0  3.27418e-09
7155.0  3.30633e-09
7160.0  3.29515e-09
7165.0  3.26474e-09
7170.0  3.25948e-09
7175.0  3.21818e-09
7180.0  3.15946e-09
7185.0  3.06635e-09
7190.0  3.03406e-09
7195.0  3.0849e-09
7200.0  3.13069e-09
7205.0  3.1379e-09
7210.0  3.19169e-09
7215.0  3.2309e-09
7220.0  3.24372e-09
7225.0  3.2345e-09
7230.0  3.24974e-09
7235.0  3.23519e-09
7240.0  3.21637e-09
7245.0  3.21488e-09
7250.0  3.20749e-09
7255.0  3.19419e-09
7260.0  3.15584e-09
7265.0  3.14429e-09
7270.0  3.18443e-09
7275.0  3.14689e-09
7280.0  3.11744e-09
7285.0  3.05661e-09
7290.0  3.01768e-09
7295.0  3.10199e-09
7300.0  3.14352e-09
7305.0  3.1246e-09
7310.0  3.09533e-09
7315.0  3.11848e-09
7320.0  3.12256e-09
7325.0  3.12177e-09
7330.0  3.12241e-09
7335.0  3.18446e-09
7340.0  3.2453e-09
7345.0  3.18569e-09
7350.0  3.12394e-09
7355.0  3.08649e-09
7360.0  3.10487e-09
7365.0  3.11015e-09
7370.0  3.1202e-09
7375.0  3.15915e-09
7380.0  3.15049e-09
7385.0  3.06477e-09
7390.0  3.04405e-09
7395.0  3.10577e-09
7400.0  3.11565e-09
7405.0  3.13237e-09
7410.0  3.09457e-09
7415.0  3.04636e-09
7420.0  3.02355e-09
7425.0  3.07816e-09
7430.0  3.11965e-09
7435.0  3.12723e-09
7440.0  3.10889e-09
7445.0  3.08918e-09
7450.0  3.12135e-09
7455.0  3.13663e-09
7460.0  3.09162e-09
7465.0  3.09539e-09
7470.0  3.1194e-09
7475.0  3.07526e-09
7480.0  3.07246e-09
7485.0  3.06681e-09
7490.0  3.03349e-09
7495.0  3.0041e-09
7500.0  3.04977e-09
7505.0  3.05311e-09
7510.0  3.04615e-09
7515.0  3.0745e-09
7520.0  3.08962e-09
7525.0  3.05976e-09
7530.0  3.06856e-09
7535.0  3.11193e-09
7540.0  3.10155e-09
7545.0  3.06591e-09
7550.0  3.04628e-09
7555.0  3.04195e-09
7560.0  3.03768e-09
7565.0  3.03511e-09
7570.0  3.03275e-09
7575.0  3.03031e-09
7580.0  3.02912e-09
7585.0  3.0283e-09
7590.0  3.02663e-09
7595.0  3.0254e-09
7600.0  3.02591e-09
7605.0  3.02589e-09
7610.0  3.0246e-09
7615.0  3.02275e-09
7620.0  3.02088e-09
7625.0  3.01903e-09
7630.0  3.01721e-09
7635.0  3.01543e-09
7640.0  3.0137e-09
7645.0  3.01203e-09
7650.0  3.01044e-09
7655.0  3.00892e-09
7660.0  3.00749e-09
7665.0  3.00611e-09
7670.0  3.00446e-09
7675.0  3.00201e-09
7680.0  3.00024e-09
7685.0  3.00075e-09
7690.0  3.00263e-09
7695.0  3.00157e-09
7700.0  2.99911e-09
7705.0  2.99629e-09
7710.0  2.99402e-09
7715.0  2.99251e-09
7720.0  2.99138e-09
7725.0  2.99137e-09
7730.0  3.00195e-09
7735.0  3.02199e-09
7740.0  3.0009e-09
7745.0  2.94186e-09
7750.0  2.91972e-09
7755.0  2.9946e-09
7760.0  3.0192e-09
7765.0  3.02504e-09
7770.0  3.00887e-09
7775.0  2.99206e-09
7780.0  2.97832e-09
7785.0  2.96555e-09
7790.0  2.95916e-09
7795.0  2.95065e-09
7800.0  2.97411e-09
7805.0  2.97875e-09
7810.0  2.94025e-09
7815.0  2.96541e-09
7820.0  2.98393e-09
7825.0  2.97827e-09
7830.0  2.92279e-09
7835.0  2.88561e-09
7840.0  2.93065e-09
7845.0  2.94575e-09
7850.0  2.93409e-09
7855.0  2.91696e-09
7860.0  2.94375e-09
7865.0  2.9404e-09
7870.0  2.92714e-09
7875.0  2.90155e-09
7880.0  2.89458e-09
7885.0  2.89511e-09
7890.0  2.88345e-09
7895.0  2.83547e-09
7900.0  2.83449e-09
7905.0  2.84308e-09
7910.0  2.82055e-09
7915.0  2.77807e-09
7920.0  2.78502e-09
7925.0  2.78395e-09
7930.0  2.77704e-09
7935.0  2.76362e-09
7940.0  2.74197e-09
7945.0  2.73107e-09
7950.0  2.76777e-09
7955.0  2.798e-09
7960.0  2.83624e-09
7965.0  2.83776e-09
7970.0  2.84805e-09
7975.0  2.8553e-09
7980.0  2.83394e-09
7985.0  2.84052e-09
7990.0  2.82906e-09
7995.0  2.79354e-09
8000.0  2.77198e-09
8005.0  2.81765e-09
8010.0  2.82023e-09
8015.0  2.83959e-09
8020.0  2.82577e-09
8025.0  2.77762e-09
8030.0  2.78413e-09
8035.0  2.84812e-09
8040.0  2.82967e-09
8045.0  2.77142e-09
8050.0  2.76204e-09
8055.0  2.81639e-09
8060.0  2.85234e-09
8065.0  2.79551e-09
8070.0  2.76379e-09
8075.0  2.7504e-09
8080.0  2.75395e-09
8085.0  2.73926e-09
8090.0  2.72599e-09
8095.0  2.69961e-09
8100.0  2.73082e-09
8105.0  2.74298e-09
8110.0  2.73167e-09
8115.0  2.70493e-09
8120.0  2.72346e-09
8125.0  2.7489e-09
8130.0  2.73146e-09
8135.0  2.71387e-09
8140.0  2.70938e-09
8145.0  2.69631e-09
8150.0  2.68812e-09
8155.0  2.69999e-09
8160.0  2.66422e-09
8165.0  2.6292e-09
8170.0  2.6709e-09
8175.0  2.67906e-09
8180.0  2.64109e-09
8185.0  2.61331e-09
8190.0  2.64434e-09
8195.0  2.63509e-09
8200.0  2.65378e-09
8205.0  2.70185e-09
8210.0  2.71384e-09
8215.0  2.72262e-09
8220.0  2.68802e-09
8225.0  2.63304e-09
8230.0  2.58177e-09
8235.0  2.65796e-09
8240.0  2.73383e-09
8245.0  2.77418e-09
8250.0  2.79488e-09
8255.0  2.76374e-09
8260.0  2.7919e-09
8265.0  2.81402e-09
8270.0  2.75429e-09
8275.0  2.70497e-09
8280.0  2.73125e-09
8285.0  2.73026e-09
8290.0  2.71329e-09
8295.0  2.69479e-09
8300.0  2.68777e-09
8305.0  2.67812e-09
8310.0  2.67192e-09
8315.0  2.69398e-09
8320.0  2.6644e-09
8325.0  2.65586e-09
8330.0  2.6477e-09
8335.0  2.65568e-09
8340.0  2.66583e-09
8345.0  2.69229e-09
8350.0  2.69942e-09
8355.0  2.71054e-09
8360.0  2.68814e-09
8365.0  2.67091e-09
8370.0  2.68649e-09
8375.0  2.70421e-09
8380.0  2.67804e-09
8385.0  2.63604e-09
8390.0  2.6559e-09
8395.0  2.70215e-09
8400.0  2.70085e-09
8405.0  2.69051e-09
8410.0  2.67561e-09
8415.0  2.65149e-09
8420.0  2.66504e-09
8425.0  2.65119e-09
8430.0  2.62952e-09
8435.0  2.60861e-09
8440.0  2.62244e-09
8445.0  2.64771e-09
8450.0  2.68745e-09
8455.0  2.71063e-09
8460.0  2.70209e-09
8465.0  2.64537e-09
8470.0  2.62768e-09
8475.0  2.65055e-09
8480.0  2.67292e-09
8485.0  2.68065e-09
8490.0  2.64673e-09
8495.0  2.47216e-09
8500.0  2.3569e-09
8505.0  2.5173e-09
8510.0  2.60165e-09
8515.0  2.5626e-09
8520.0  2.57214e-09
8525.0  2.59601e-09
8530.0  2.53858e-09
8535.0  2.39296e-09
8540.0  2.09544e-09
8545.0  2.07109e-09
8550.0  2.37473e-09
8555.0  2.54504e-09
8560.0  2.578e-09
8565.0  2.5978e-09
8570.0  2.60032e-09
8575.0  2.6007e-09
8580.0  2.60901e-09
8585.0  2.60143e-09
8590.0  2.59415e-09
8595.0  2.5981e-09
8600.0  2.59715e-09
8605.0  2.58208e-09
8610.0  2.55285e-09
8615.0  2.55885e-09
8620.0  2.57171e-09
8625.0  2.59518e-09
8630.0  2.61155e-09
8635.0  2.62039e-09
8640.0  2.61567e-09
8645.0  2.59008e-09
8650.0  2.52211e-09
8655.0  2.41255e-09
8660.0  2.18005e-09
8665.0  2.14982e-09
8670.0  2.38409e-09
8675.0  2.45363e-09
8680.0  2.51412e-09
8685.0  2.51275e-09
8690.0  2.49536e-09
8695.0  2.55902e-09
8700.0  2.5735e-09
8705.0  2.58968e-09
8710.0  2.58087e-09
8715.0  2.58516e-09
8720.0  2.60461e-09
8725.0  2.56739e-09
8730.0  2.55515e-09
8735.0  2.53225e-09
8740.0  2.51932e-09
8745.0  2.55127e-09
8750.0  2.55303e-09
8755.0  2.54966e-09
8760.0  2.56571e-09
8765.0  2.55554e-09
8770.0  2.54416e-09
8775.0  2.56763e-09
8780.0  2.5836e-09
8785.0  2.57191e-09
8790.0  2.54284e-09
8795.0  2.52332e-09
8800.0  2.53183e-09
8805.0  2.4572e-09
8810.0  2.46033e-09
8815.0  2.5418e-09
8820.0  2.54845e-09
8825.0  2.51956e-09
8830.0  2.54478e-09
8835.0  2.52632e-09
8840.0  2.53157e-09
8845.0  2.56923e-09
8850.0  2.56913e-09
8855.0  2.55003e-09
8860.0  2.52893e-09
8865.0  2.50939e-09
8870.0  2.52069e-09
8875.0  2.5366e-09
8880.0  2.51793e-09
8885.0  2.5376e-09
8890.0  2.54163e-09
8895.0  2.55036e-09
8900.0  2.55643e-09
8905.0  2.56111e-09
8910.0  2.54343e-09
8915.0  2.55169e-09
8920.0  2.5279e-09
8925.0  2.50782e-09
8930.0  2.51737e-09
8935.0  2.53516e-09
8940.0  2.51106e-09
8945.0  2.45995e-09
8950.0  2.47458e-09
8955.0  2.50059e-09
8960.0  2.49199e-09
8965.0  2.45183e-09
8970.0  2.44562e-09
8975.0  2.44175e-09
8980.0  2.4212e-09
8985.0  2.36432e-09
8990.0  2.32749e-09
8995.0  2.37353e-09
9000.0  2.36248e-09
9005.0  2.35752e-09
9010.0  2.34462e-09
9015.0  2.35098e-09
9020.0  2.39442e-09
9025.0  2.4302e-09
9030.0  2.49052e-09
9035.0  2.53089e-09
9040.0  2.55029e-09
9045.0  2.54358e-09
9050.0  2.51678e-09
9055.0  2.46997e-09
9060.0  2.42644e-09
9065.0  2.38037e-09
9070.0  2.32298e-09
9075.0  2.29869e-09
9080.0  2.28075e-09
9085.0  2.27543e-09
9090.0  2.28644e-09
9095.0  2.32819e-09
9100.0  2.35066e-09
9105.0  2.36188e-09
9110.0  2.36467e-09
9115.0  2.34464e-09
9120.0  2.32663e-09
9125.0  2.32336e-09
9130.0  2.30007e-09
9135.0  2.27133e-09
9140.0  2.25001e-09
9145.0  2.23358e-09
9150.0  2.21719e-09
9155.0  2.2028e-09
9160.0  2.21591e-09
9165.0  2.2039e-09
9170.0  2.15691e-09
9175.0  2.1461e-09
9180.0  2.17066e-09
9185.0  2.1823e-09
9190.0  2.17311e-09
9195.0  2.18014e-09
9200.0  2.18549e-09
9205.0  2.19231e-09
9210.0  2.1688e-09
9215.0  2.16621e-09
9220.0  2.19575e-09
9225.0  2.20145e-09
9230.0  2.19097e-09
9235.0  2.18867e-09
9240.0  2.18203e-09
9245.0  2.16988e-09
9250.0  2.1639e-09
9255.0  2.16684e-09
9260.0  2.18858e-09
9265.0  2.21665e-09
9270.0  2.25508e-09
9275.0  2.27001e-09
9280.0  2.2507e-09
9285.0  2.26421e-09
9290.0  2.24848e-09
9295.0  2.22163e-09
9300.0  2.19097e-09
9305.0  2.14155e-09
9310.0  2.09657e-09
9315.0  2.04077e-09
9320.0  2.04173e-09
9325.0  2.0615e-09
9330.0  2.10845e-09
9335.0  2.08557e-09
9340.0  2.06036e-09
9345.0  2.05934e-09
9350.0  2.08653e-09
9355.0  2.00926e-09
9360.0  2.05386e-09
9365.0  2.07109e-09
9370.0  2.071e-09
9375.0  2.11649e-09
9380.0  2.15841e-09
9385.0  2.24443e-09
9390.0  2.32979e-09
9395.0  2.37614e-09
9400.0  2.35369e-09
9405.0  2.28439e-09
9410.0  2.19716e-09
9415.0  2.16226e-09
9420.0  2.10483e-09
9425.0  2.01289e-09
9430.0  1.9672e-09
9435.0  1.98146e-09
9440.0  1.90404e-09
9445.0  1.97502e-09
9450.0  2.02239e-09
9455.0  2.01564e-09
9460.0  2.01842e-09
9465.0  2.09383e-09
9470.0  2.12559e-09
9475.0  2.09841e-09
9480.0  2.07097e-09
9485.0  2.15121e-09
9490.0  2.15982e-09
9495.0  2.10163e-09
9500.0  2.1048e-09
9505.0  2.2044e-09
9510.0  2.24924e-09
9515.0  2.17871e-09
9520.0  2.12959e-09
9525.0  2.15454e-09
9530.0  2.20793e-09
9535.0  2.19553e-09
9540.0  2.17239e-09
9545.0  2.11371e-09
9550.0  2.09169e-09
9555.0  2.0168e-09
9560.0  2.07417e-09
9565.0  2.04983e-09
9570.0  2.09659e-09
9575.0  2.13746e-09
9580.0  2.11601e-09
9585.0  2.07037e-09
9590.0  2.06438e-09
9595.0  2.07132e-09
9600.0  2.09295e-09
9605.0  2.097e-09
9610.0  2.1163e-09
9615.0  2.14511e-09
9620.0  2.09444e-09
9625.0  2.1022e-09
9630.0  2.09638e-09
9635.0  2.07257e-09
9640.0  2.08194e-09
9645.0  2.06137e-09
9650.0  2.06495e-09
9655.0  2.05412e-09
9660.0  2.04999e-09
9665.0  2.07667e-09
9670.0  2.09969e-09
9675.0  2.08182e-09
9680.0  2.06111e-09
9685.0  2.07e-09
9690.0  2.05956e-09
9695.0  2.05517e-09
9700.0  2.01768e-09
9705.0  2.03668e-09
9710.0  2.05107e-09
9715.0  2.05217e-09
9720.0  2.06506e-09
9725.0  2.08601e-09
9730.0  2.08131e-09
9735.0  2.0938e-09
9740.0  2.12027e-09
9745.0  2.11702e-09
9750.0  2.07135e-09
9755.0  2.0689e-09
9760.0  2.06057e-09
9765.0  2.04609e-09
9770.0  2.04786e-09
9775.0  2.0615e-09
9780.0  2.08811e-09
9785.0  2.06896e-09
9790.0  2.07486e-09
9795.0  2.10114e-09
9800.0  2.11477e-09
9805.0  2.07796e-09
9810.0  2.09691e-09
9815.0  2.0663e-09
9820.0  2.04685e-09
9825.0  2.06374e-09
9830.0  2.06379e-09
9835.0  2.068e-09
9840.0  2.0881e-09
9845.0  2.08453e-09
9850.0  2.10071e-09
9855.0  2.05149e-09
9860.0  2.04024e-09
9865.0  2.07416e-09
9870.0  2.07245e-09
9875.0  2.05579e-09
9880.0  2.06793e-09
9885.0  2.07365e-09
9890.0  2.07009e-09
9895.0  2.05456e-09
9900.0  2.09904e-09
9905.0  2.10908e-09
9910.0  2.13933e-09
9915.0  2.08566e-09
9920.0  2.0768e-09
9925.0  2.04132e-09
9930.0  2.03017e-09
9935.0  2.04671e-09
9940.0  1.99833e-09
9945.0  2.03286e-09
9950.0  2.0463e-09
9955.0  2.09499e-09
9960.0  2.05385e-09
9965.0  2.07511e-09
9970.0  2.05724e-09
9975.0  2.06369e-09
9980.0  2.02379e-09
9985.0  2.00621e-09
9990.0  2.02597e-09
9995.0  2.08672e-09
10000.0  2.11247e-09
10005.0  2.11253e-09
10010.0  2.10043e-09
10015.0  2.08436e-09
10020.0  2.07174e-09
10025.0  2.06745e-09
10030.0  2.06978e-09
10035.0  2.07452e-09
10040.0  2.0773e-09
10045.0  2.07512e-09
10050.0  2.0684e-09
10055.0  2.05889e-09
10060.0  2.04838e-09
10065.0  2.03758e-09
10070.0  2.02444e-09
10075.0  2.00583e-09
10080.0  1.97886e-09
10085.0  1.94381e-09
10090.0  1.90934e-09
10095.0  1.88729e-09
10100.0  1.88919e-09
10105.0  1.9201e-09
10110.0  1.96829e-09
10115.0  2.01555e-09
10120.0  2.04378e-09
10125.0  2.042e-09
10130.0  2.01784e-09
10135.0  1.98605e-09
10140.0  1.96163e-09
10145.0  1.95452e-09
10150.0  1.9616e-09
10155.0  1.97473e-09
10160.0  1.98554e-09
10165.0  1.98863e-09
10170.0  1.98632e-09
10175.0  1.98386e-09
10180.0  1.98655e-09
10185.0  1.99686e-09
10190.0  2.01006e-09
10195.0  2.01862e-09
10200.0  2.01509e-09
10205.0  1.99591e-09
10210.0  1.96746e-09
10215.0  1.94e-09
10220.0  1.92372e-09
10225.0  1.92468e-09
10230.0  1.93811e-09
10235.0  1.95506e-09
10240.0  1.96649e-09
10245.0  1.9663e-09
10250.0  1.95609e-09
10255.0  1.9404e-09
10260.0  1.92402e-09
10265.0  1.91099e-09
10270.0  1.90348e-09
10275.0  1.90294e-09
10280.0  1.91055e-09
10285.0  1.92567e-09
10290.0  1.94297e-09
10295.0  1.95528e-09
10300.0  1.95619e-09
10305.0  1.94624e-09
10310.0  1.9336e-09
10315.0  1.9225e-09
10320.0  1.91794e-09
10325.0  1.92299e-09
10330.0  1.93498e-09
10335.0  1.94898e-09
10340.0  1.96001e-09
10345.0  1.96464e-09
10350.0  1.96344e-09
10355.0  1.9585e-09
10360.0  1.95205e-09
10365.0  1.94581e-09
10370.0  1.94031e-09
10375.0  1.93555e-09
10380.0  1.93154e-09
10385.0  1.9284e-09
10390.0  1.92655e-09
10395.0  1.9266e-09
10400.0  1.92904e-09
10405.0  1.93372e-09
10410.0  1.93868e-09
10415.0  1.94129e-09
10420.0  1.93899e-09
10425.0  1.93059e-09
10430.0  1.91851e-09
10435.0  1.90659e-09
10440.0  1.89861e-09
10445.0  1.89668e-09
10450.0  1.8986e-09
10455.0  1.9005e-09
10460.0  1.89853e-09
10465.0  1.89051e-09
10470.0  1.8787e-09
10475.0  1.86707e-09
10480.0  1.85959e-09
10485.0  1.8587e-09
10490.0  1.86283e-09
10495.0  1.8689e-09
10500.0  1.87374e-09
10505.0  1.87512e-09
10510.0  1.87321e-09
10515.0  1.8691e-09
10520.0  1.86395e-09
10525.0  1.85884e-09
10530.0  1.8546e-09
10535.0  1.85195e-09
10540.0  1.85156e-09
10545.0  1.85375e-09
10550.0  1.85786e-09
10555.0  1.86288e-09
10560.0  1.86777e-09
10565.0  1.87155e-09
10570.0  1.87347e-09
10575.0  1.87285e-09
10580.0  1.86907e-09
10585.0  1.86206e-09
10590.0  1.85321e-09
10595.0  1.84448e-09
10600.0  1.83779e-09
10605.0  1.83444e-09
10610.0  1.83412e-09
10615.0  1.83584e-09
10620.0  1.8393e-09
10625.0  1.84582e-09
10630.0  1.84549e-09
10635.0  1.84391e-09
10640.0  1.84233e-09
10645.0  1.84076e-09
10650.0  1.83918e-09
10655.0  1.8376e-09
10660.0  1.83603e-09
10665.0  1.83445e-09
10670.0  1.83288e-09
10675.0  1.83131e-09
10680.0  1.82974e-09
10685.0  1.82817e-09
10690.0  1.8266e-09
10695.0  1.82504e-09
10700.0  1.82347e-09
10705.0  1.82191e-09
10710.0  1.82035e-09
10715.0  1.81879e-09
10720.0  1.81723e-09
10725.0  1.81567e-09
10730.0  1.81411e-09
10735.0  1.81256e-09
10740.0  1.811e-09
10745.0  1.80945e-09
10750.0  1.8079e-09
10755.0  1.80635e-09
10760.0  1.8048e-09
10765.0  1.80325e-09
10770.0  1.8017e-09
10775.0  1.80016e-09
10780.0  1.79862e-09
10785.0  1.79707e-09
10790.0  1.79553e-09
10795.0  1.79399e-09
10800.0  1.79245e-09
10805.0  1.79091e-09
10810.0  1.78938e-09
10815.0  1.78784e-09
10820.0  1.78631e-09
10825.0  1.78477e-09
10830.0  1.78324e-09
10835.0  1.78172e-09
10840.0  1.78018e-09
10845.0  1.77866e-09
10850.0  1.77713e-09
10855.0  1.7756e-09
10860.0  1.77409e-09
10865.0  1.77256e-09
10870.0  1.77104e-09
10875.0  1.76952e-09
10880.0  1.768e-09
10885.0  1.76649e-09
10890.0  1.76497e-09
10895.0  1.76346e-09
10900.0  1.76195e-09
10905.0  1.76043e-09
10910.0  1.75892e-09
10915.0  1.75741e-09
10920.0  1.75591e-09
10925.0  1.75439e-09
10930.0  1.75289e-09
10935.0  1.75139e-09
10940.0  1.74989e-09
10945.0  1.74838e-09
10950.0  1.74688e-09
10955.0  1.74538e-09
10960.0  1.74389e-09
10965.0  1.74239e-09
10970.0  1.7409e-09
10975.0  1.7394e-09
10980.0  1.73791e-09
10985.0  1.73642e-09
10990.0  1.73493e-09
10995.0  1.73344e-09
11000.0  1.73195e-09
11005.0  1.73047e-09
11010.0  1.72899e-09
11015.0  1.7275e-09
11020.0  1.72602e-09
11025.0  1.72454e-09
11030.0  1.72306e-09
11035.0  1.72158e-09
11040.0  1.72011e-09
11045.0  1.71863e-09
11050.0  1.71716e-09
11055.0  1.71569e-09
11060.0  1.71421e-09
11065.0  1.71274e-09
11070.0  1.71127e-09
11075.0  1.70981e-09
11080.0  1.70835e-09
11085.0  1.70688e-09
11090.0  1.70542e-09
11095.0  1.70395e-09
11100.0  1.70249e-09
11105.0  1.70103e-09
11110.0  1.69957e-09
11115.0  1.69812e-09
11120.0  1.69666e-09
11125.0  1.69521e-09
11130.0  1.69376e-09
11135.0  1.6923e-09
11140.0  1.69085e-09
11145.0  1.68941e-09
11150.0  1.68796e-09
11155.0  1.68651e-09
11160.0  1.68507e-09
11165.0  1.68362e-09
11170.0  1.68218e-09
11175.0  1.68074e-09
11180.0  1.6793e-09
11185.0  1.67787e-09
11190.0  1.67643e-09
11195.0  1.67499e-09
11200.0  1.67356e-09
11205.0  1.67212e-09
11210.0  1.67069e-09
11215.0  1.66926e-09
11220.0  1.66783e-09
11225.0  1.66641e-09
11230.0  1.66498e-09
11235.0  1.66356e-09
11240.0  1.66214e-09
11245.0  1.66071e-09
11250.0  1.65929e-09
11255.0  1.65787e-09
11260.0  1.65646e-09
11265.0  1.65504e-09
11270.0  1.65362e-09
11275.0  1.65221e-09
11280.0  1.6508e-09
11285.0  1.64938e-09
11290.0  1.64798e-09
11295.0  1.64657e-09
11300.0  1.64516e-09
11305.0  1.64375e-09
11310.0  1.64235e-09
11315.0  1.64095e-09
11320.0  1.63955e-09
11325.0  1.63815e-09
11330.0  1.63675e-09
11335.0  1.63535e-09
11340.0  1.63395e-09
11345.0  1.63256e-09
11350.0  1.63116e-09
11355.0  1.62977e-09
11360.0  1.62838e-09
11365.0  1.62699e-09
11370.0  1.6256e-09
11375.0  1.62422e-09
11380.0  1.62283e-09
11385.0  1.62145e-09
11390.0  1.62006e-09
11395.0  1.61868e-09
11400.0  1.6173e-09
11405.0  1.61592e-09
11410.0  1.61455e-09
11415.0  1.61317e-09
11420.0  1.6118e-09
11425.0  1.61042e-09
11430.0  1.60905e-09
11435.0  1.60768e-09
11440.0  1.60631e-09
11445.0  1.60494e-09
11450.0  1.60358e-09
11455.0  1.60221e-09
11460.0  1.60085e-09
11465.0  1.59949e-09
11470.0  1.59813e-09
11475.0  1.59677e-09
11480.0  1.59541e-09
11485.0  1.59405e-09
11490.0  1.5927e-09
11495.0  1.59135e-09
11500.0  1.58999e-09
11505.0  1.58864e-09
11510.0  1.58729e-09
11515.0  1.58594e-09
11520.0  1.58459e-09
11525.0  1.58325e-09
11530.0  1.5819e-09
11535.0  1.58056e-09
11540.0  1.57922e-09
11545.0  1.57788e-09
11550.0  1.57654e-09
11555.0  1.5752e-09
11560.0  1.57387e-09
11565.0  1.57253e-09
11570.0  1.5712e-09
11575.0  1.56987e-09
11580.0  1.56854e-09
11585.0  1.56721e-09
11590.0  1.56588e-09
11595.0  1.56455e-09
11600.0  1.56323e-09
11605.0  1.56191e-09
11610.0  1.56058e-09
11615.0  1.55926e-09
11620.0  1.55794e-09
11625.0  1.55663e-09
11630.0  1.55531e-09
11635.0  1.55399e-09
11640.0  1.55268e-09
11645.0  1.55137e-09
11650.0  1.55006e-09
11655.0  1.54875e-09
11660.0  1.54744e-09
11665.0  1.54613e-09
11670.0  1.54483e-09
11675.0  1.54352e-09
11680.0  1.54222e-09
11685.0  1.54092e-09
11690.0  1.53962e-09
11695.0  1.53832e-09
11700.0  1.53703e-09
11705.0  1.53573e-09
11710.0  1.53443e-09
11715.0  1.53314e-09
11720.0  1.53185e-09
11725.0  1.53056e-09
11730.0  1.52927e-09
11735.0  1.52798e-09
11740.0  1.5267e-09
11745.0  1.52541e-09
11750.0  1.52413e-09
11755.0  1.52285e-09
11760.0  1.52157e-09
11765.0  1.52029e-09
11770.0  1.51901e-09
11775.0  1.51774e-09
11780.0  1.51646e-09
11785.0  1.51519e-09
11790.0  1.51392e-09
11795.0  1.51265e-09
11800.0  1.51138e-09
11805.0  1.51011e-09
11810.0  1.50884e-09
11815.0  1.50758e-09
11820.0  1.50631e-09
11825.0  1.50506e-09
11830.0  1.5038e-09
11835.0  1.50254e-09
11840.0  1.50128e-09
11845.0  1.50003e-09
11850.0  1.49877e-09
11855.0  1.49752e-09
11860.0  1.49626e-09
11865.0  1.49501e-09
11870.0  1.49376e-09
11875.0  1.49252e-09
11880.0  1.49127e-09
11885.0  1.49002e-09
11890.0  1.48878e-09
11895.0  1.48754e-09
11900.0  1.4863e-09
11905.0  1.48506e-09
11910.0  1.48382e-09
11915.0  1.48259e-09
11920.0  1.48135e-09
11925.0  1.48012e-09
11930.0  1.47889e-09
11935.0  1.47766e-09
11940.0  1.47642e-09
11945.0  1.4752e-09
11950.0  1.47397e-09
11955.0  1.47275e-09
11960.0  1.47153e-09
11965.0  1.4703e-09
11970.0  1.46908e-09
11975.0  1.46786e-09
11980.0  1.46665e-09
11985.0  1.46543e-09
11990.0  1.46421e-09
11995.0  1.463e-09
12000.0  1.46179e-09
12005.0  1.46058e-09
12010.0  1.45937e-09
12015.0  1.45816e-09
12020.0  1.45696e-09
12025.0  1.45575e-09
12030.0  1.45455e-09
12035.0  1.45335e-09
12040.0  1.45215e-09
12045.0  1.45095e-09
12050.0  1.44975e-09
12055.0  1.44855e-09
12060.0  1.44736e-09
12065.0  1.44617e-09
12070.0  1.44498e-09
12075.0  1.44379e-09
12080.0  1.4426e-09
12085.0  1.44141e-09
12090.0  1.44022e-09
12095.0  1.43904e-09
12100.0  1.43786e-09
12105.0  1.43668e-09
12110.0  1.4355e-09
12115.0  1.43432e-09
12120.0  1.43314e-09
12125.0  1.43196e-09
12130.0  1.43079e-09
12135.0  1.42962e-09
12140.0  1.42845e-09
12145.0  1.42728e-09
12150.0  1.42611e-09
12155.0  1.42494e-09
12160.0  1.42378e-09
12165.0  1.42261e-09
12170.0  1.42145e-09
12175.0  1.42029e-09
12180.0  1.41913e-09
12185.0  1.41797e-09
12190.0  1.41682e-09
12195.0  1.41566e-09
12200.0  1.41451e-09
12205.0  1.41335e-09
12210.0  1.4122e-09
12215.0  1.41105e-09
12220.0  1.40991e-09
12225.0  1.40876e-09
12230.0  1.40762e-09
12235.0  1.40647e-09
12240.0  1.40533e-09
12245.0  1.40419e-09
12250.0  1.40305e-09
12255.0  1.40191e-09
12260.0  1.40077e-09
12265.0  1.39964e-09
12270.0  1.39851e-09
12275.0  1.39738e-09
12280.0  1.39624e-09
12285.0  1.39512e-09
12290.0  1.39399e-09
12295.0  1.39286e-09
12300.0  1.39174e-09
12305.0  1.39061e-09
12310.0  1.38949e-09
12315.0  1.38837e-09
12320.0  1.38725e-09
12325.0  1.38614e-09
12330.0  1.38502e-09
12335.0  1.38391e-09
12340.0  1.38279e-09
12345.0  1.38168e-09
12350.0  1.38057e-09
12355.0  1.37946e-09
12360.0  1.37835e-09
12365.0  1.37725e-09
12370.0  1.37614e-09
12375.0  1.37504e-09
12380.0  1.37394e-09
12385.0  1.37283e-09
12390.0  1.37174e-09
12395.0  1.37064e-09
12400.0  1.36955e-09
12405.0  1.36845e-09
12410.0  1.36735e-09
12415.0  1.36626e-09
12420.0  1.36517e-09
12425.0  1.36408e-09
12430.0  1.363e-09
12435.0  1.36191e-09
12440.0  1.36083e-09
12445.0  1.35974e-09
12450.0  1.35866e-09
12455.0  1.35758e-09
12460.0  1.3565e-09
12465.0  1.35542e-09
12470.0  1.35434e-09
12475.0  1.35327e-09
12480.0  1.35219e-09
12485.0  1.35112e-09
12490.0  1.35005e-09
12495.0  1.34898e-09
12500.0  1.34791e-09
12505.0  1.34685e-09
12510.0  1.34578e-09
12515.0  1.34472e-09
12520.0  1.34365e-09
12525.0  1.34259e-09
12530.0  1.34153e-09
12535.0  1.34047e-09
12540.0  1.33941e-09
12545.0  1.33836e-09
12550.0  1.3373e-09
12555.0  1.33625e-09
12560.0  1.3352e-09
12565.0  1.33415e-09
12570.0  1.3331e-09
12575.0  1.33205e-09
12580.0  1.331e-09
12585.0  1.32995e-09
12590.0  1.32891e-09
12595.0  1.32787e-09
12600.0  1.32682e-09
12605.0  1.32579e-09
12610.0  1.32474e-09
12615.0  1.32371e-09
12620.0  1.32267e-09
12625.0  1.32164e-09
12630.0  1.3206e-09
12635.0  1.31958e-09
12640.0  1.31854e-09
12645.0  1.31752e-09
12650.0  1.31648e-09
12655.0  1.31546e-09
12660.0  1.31443e-09
12665.0  1.31341e-09
12670.0  1.31238e-09
12675.0  1.31136e-09
12680.0  1.31034e-09
12685.0  1.30932e-09
12690.0  1.30831e-09
12695.0  1.30729e-09
12700.0  1.30627e-09
12705.0  1.30526e-09
12710.0  1.30425e-09
12715.0  1.30324e-09
12720.0  1.30223e-09
12725.0  1.30121e-09
12730.0  1.30021e-09
12735.0  1.29921e-09
12740.0  1.2982e-09
12745.0  1.29719e-09
12750.0  1.29619e-09
12755.0  1.2952e-09
12760.0  1.29419e-09
12765.0  1.2932e-09
12770.0  1.2922e-09
12775.0  1.2912e-09
12780.0  1.2902e-09
12785.0  1.28922e-09
12790.0  1.28822e-09
12795.0  1.28723e-09
12800.0  1.28624e-09
12805.0  1.28525e-09
12810.0  1.28427e-09
12815.0  1.28328e-09
12820.0  1.2823e-09
12825.0  1.28131e-09
12830.0  1.28033e-09
12835.0  1.27935e-09
12840.0  1.27837e-09
12845.0  1.27739e-09
12850.0  1.27642e-09
12855.0  1.27544e-09
12860.0  1.27447e-09
12865.0  1.27349e-09
12870.0  1.27252e-09
12875.0  1.27155e-09
12880.0  1.27058e-09
12885.0  1.26961e-09
12890.0  1.26864e-09
12895.0  1.26768e-09
12900.0  1.26671e-09
12905.0  1.26575e-09
12910.0  1.26479e-09
12915.0  1.26383e-09
12920.0  1.26287e-09
12925.0  1.26191e-09
12930.0  1.26095e-09
12935.0  1.26e-09
12940.0  1.25904e-09
12945.0  1.25809e-09
12950.0  1.25714e-09
12955.0  1.25619e-09
12960.0  1.25523e-09
12965.0  1.25429e-09
12970.0  1.25334e-09
12975.0  1.2524e-09
12980.0  1.25145e-09
12985.0  1.2505e-09
12990.0  1.24956e-09
12995.0  1.24862e-09
13000.0  1.24768e-09
13005.0  1.24674e-09
13010.0  1.2458e-09
13015.0  1.24487e-09
13020.0  1.24393e-09
13025.0  1.243e-09
13030.0  1.24206e-09
13035.0  1.24113e-09
13040.0  1.2402e-09
13045.0  1.23927e-09
13050.0  1.23834e-09
13055.0  1.23742e-09
13060.0  1.23649e-09
13065.0  1.23557e-09
13070.0  1.23464e-09
13075.0  1.23372e-09
13080.0  1.2328e-09
13085.0  1.23188e-09
13090.0  1.23096e-09
13095.0  1.23004e-09
13100.0  1.22913e-09
13105.0  1.22821e-09
13110.0  1.22729e-09
13115.0  1.22638e-09
13120.0  1.22547e-09
13125.0  1.22456e-09
13130.0  1.22365e-09
13135.0  1.22274e-09
13140.0  1.22184e-09
13145.0  1.22093e-09
13150.0  1.22002e-09
13155.0  1.21912e-09
13160.0  1.21822e-09
13165.0  1.21732e-09
13170.0  1.21641e-09
13175.0  1.21551e-09
13180.0  1.21462e-09
13185.0  1.21372e-09
13190.0  1.21282e-09
13195.0  1.21193e-09
13200.0  1.21103e-09
13205.0  1.21014e-09
13210.0  1.20925e-09
13215.0  1.20836e-09
13220.0  1.20747e-09
13225.0  1.20658e-09
13230.0  1.2057e-09
13235.0  1.20481e-09
13240.0  1.20393e-09
13245.0  1.20304e-09
13250.0  1.20216e-09
13255.0  1.20128e-09
13260.0  1.2004e-09
13265.0  1.19952e-09
13270.0  1.19864e-09
13275.0  1.19777e-09
13280.0  1.19689e-09
13285.0  1.19601e-09
13290.0  1.19514e-09
13295.0  1.19427e-09
13300.0  1.1934e-09
13305.0  1.19253e-09
13310.0  1.19166e-09
13315.0  1.19079e-09
13320.0  1.18992e-09
13325.0  1.18906e-09
13330.0  1.18819e-09
13335.0  1.18733e-09
13340.0  1.18647e-09
13345.0  1.1856e-09
13350.0  1.18475e-09
13355.0  1.18388e-09
13360.0  1.18302e-09
13365.0  1.18217e-09
13370.0  1.18131e-09
13375.0  1.18046e-09
13380.0  1.1796e-09
13385.0  1.17875e-09
13390.0  1.1779e-09
13395.0  1.17705e-09
13400.0  1.1762e-09
13405.0  1.17535e-09
13410.0  1.1745e-09
13415.0  1.17365e-09
13420.0  1.17281e-09
13425.0  1.17196e-09
13430.0  1.17112e-09
13435.0  1.17028e-09
13440.0  1.16944e-09
13445.0  1.16859e-09
13450.0  1.16776e-09
13455.0  1.16692e-09
13460.0  1.16608e-09
13465.0  1.16524e-09
13470.0  1.16441e-09
13475.0  1.16358e-09
13480.0  1.16274e-09
13485.0  1.16191e-09
13490.0  1.16108e-09
13495.0  1.16025e-09
13500.0  1.15942e-09
13505.0  1.15859e-09
13510.0  1.15777e-09
13515.0  1.15694e-09
13520.0  1.15611e-09
13525.0  1.15529e-09
13530.0  1.15447e-09
13535.0  1.15365e-09
13540.0  1.15283e-09
13545.0  1.15201e-09
13550.0  1.15119e-09
13555.0  1.15037e-09
13560.0  1.14955e-09
13565.0  1.14874e-09
13570.0  1.14792e-09
13575.0  1.14711e-09
13580.0  1.1463e-09
13585.0  1.14548e-09
13590.0  1.14467e-09
13595.0  1.14386e-09
13600.0  1.14306e-09
13605.0  1.14225e-09
13610.0  1.14144e-09
13615.0  1.14063e-09
13620.0  1.13983e-09
13625.0  1.13902e-09
13630.0  1.13822e-09
13635.0  1.13742e-09
13640.0  1.13662e-09
13645.0  1.13582e-09
13650.0  1.13502e-09
13655.0  1.13423e-09
13660.0  1.13343e-09
13665.0  1.13263e-09
13670.0  1.13184e-09
13675.0  1.13104e-09
13680.0  1.13025e-09
13685.0  1.12946e-09
13690.0  1.12867e-09
13695.0  1.12787e-09
13700.0  1.12709e-09
13705.0  1.1263e-09
13710.0  1.12551e-09
13715.0  1.12472e-09
13720.0  1.12394e-09
13725.0  1.12316e-09
13730.0  1.12237e-09
13735.0  1.12159e-09
13740.0  1.12081e-09
13745.0  1.12002e-09
13750.0  1.11925e-09
13755.0  1.11847e-09
13760.0  1.11769e-09
13765.0  1.11691e-09
13770.0  1.11614e-09
13775.0  1.11536e-09
13780.0  1.11459e-09
13785.0  1.11381e-09
13790.0  1.11304e-09
13795.0  1.11227e-09
13800.0  1.1115e-09
13805.0  1.11073e-09
13810.0  1.10996e-09
13815.0  1.1092e-09
13820.0  1.10843e-09
13825.0  1.10766e-09
13830.0  1.1069e-09
13835.0  1.10614e-09
13840.0  1.10537e-09
13845.0  1.10461e-09
13850.0  1.10385e-09
13855.0  1.10308e-09
13860.0  1.10233e-09
13865.0  1.10157e-09
13870.0  1.10081e-09
13875.0  1.10006e-09
13880.0  1.0993e-09
13885.0  1.09855e-09
13890.0  1.09779e-09
13895.0  1.09704e-09
13900.0  1.09628e-09
13905.0  1.09553e-09
13910.0  1.09478e-09
13915.0  1.09404e-09
13920.0  1.09329e-09
13925.0  1.09254e-09
13930.0  1.09179e-09
13935.0  1.09105e-09
13940.0  1.0903e-09
13945.0  1.08955e-09
13950.0  1.08881e-09
13955.0  1.08807e-09
13960.0  1.08733e-09
13965.0  1.08659e-09
13970.0  1.08584e-09
13975.0  1.0851e-09
13980.0  1.08437e-09
13985.0  1.08363e-09
13990.0  1.0829e-09
13995.0  1.08216e-09
14000.0  1.08143e-09
14005.0  1.08069e-09
14010.0  1.07996e-09
14015.0  1.07923e-09
14020.0  1.07849e-09
14025.0  1.07776e-09
14030.0  1.07703e-09
14035.0  1.07631e-09
14040.0  1.07558e-09
14045.0  1.07485e-09
14050.0  1.07413e-09
14055.0  1.0734e-09
14060.0  1.07267e-09
14065.0  1.07195e-09
14070.0  1.07123e-09
14075.0  1.07051e-09
14080.0  1.06978e-09
14085.0  1.06906e-09
14090.0  1.06834e-09
14095.0  1.06763e-09
14100.0  1.06691e-09
14105.0  1.06619e-09
14110.0  1.06547e-09
14115.0  1.06476e-09
14120.0  1.06404e-09
14125.0  1.06333e-09
14130.0  1.06262e-09
14135.0  1.06191e-09
14140.0  1.06119e-09
14145.0  1.06048e-09
14150.0  1.05977e-09
14155.0  1.05906e-09
14160.0  1.05836e-09
14165.0  1.05765e-09
14170.0  1.05694e-09
14175.0  1.05624e-09
14180.0  1.05553e-09
14185.0  1.05483e-09
14190.0  1.05412e-09
14195.0  1.05342e-09
14200.0  1.05272e-09
14205.0  1.05202e-09
14210.0  1.05132e-09
14215.0  1.05062e-09
14220.0  1.04992e-09
14225.0  1.04922e-09
14230.0  1.04853e-09
14235.0  1.04783e-09
14240.0  1.04713e-09
14245.0  1.04644e-09
14250.0  1.04574e-09
14255.0  1.04505e-09
14260.0  1.04436e-09
14265.0  1.04366e-09
14270.0  1.04297e-09
14275.0  1.04228e-09
14280.0  1.0416e-09
14285.0  1.04091e-09
14290.0  1.04022e-09
14295.0  1.03953e-09
14300.0  1.03885e-09
14305.0  1.03816e-09
14310.0  1.03748e-09
14315.0  1.03679e-09
14320.0  1.03611e-09
14325.0  1.03543e-09
14330.0  1.03474e-09
14335.0  1.03406e-09
14340.0  1.03338e-09
14345.0  1.0327e-09
14350.0  1.03202e-09
14355.0  1.03134e-09
14360.0  1.03067e-09
14365.0  1.02999e-09
14370.0  1.02931e-09
14375.0  1.02864e-09
14380.0  1.02796e-09
14385.0  1.02729e-09
14390.0  1.02662e-09
14395.0  1.02594e-09
14400.0  1.02527e-09
14405.0  1.0246e-09
14410.0  1.02393e-09
14415.0  1.02326e-09
14420.0  1.02259e-09
14425.0  1.02192e-09
14430.0  1.02126e-09
14435.0  1.02059e-09
14440.0  1.01993e-09
14445.0  1.01926e-09
14450.0  1.01859e-09
14455.0  1.01793e-09
14460.0  1.01727e-09
14465.0  1.01661e-09
14470.0  1.01594e-09
14475.0  1.01528e-09
14480.0  1.01462e-09
14485.0  1.01396e-09
14490.0  1.0133e-09
14495.0  1.01265e-09
14500.0  1.01199e-09
14505.0  1.01133e-09
14510.0  1.01067e-09
14515.0  1.01002e-09
14520.0  1.00937e-09
14525.0  1.00871e-09
14530.0  1.00806e-09
14535.0  1.0074e-09
14540.0  1.00675e-09
14545.0  1.0061e-09
14550.0  1.00545e-09
14555.0  1.0048e-09
14560.0  1.00415e-09
14565.0  1.0035e-09
14570.0  1.00285e-09
14575.0  1.0022e-09
14580.0  1.00156e-09
14585.0  1.00091e-09
14590.0  1.00027e-09
14595.0  9.99622e-10
14600.0  9.98978e-10
14605.0  9.98332e-10
14610.0  9.9769e-10
14615.0  9.9705e-10
14620.0  9.96407e-10
14625.0  9.95765e-10
14630.0  9.95126e-10
14635.0  9.94487e-10
14640.0  9.93848e-10
14645.0  9.93209e-10
14650.0  9.92572e-10
14655.0  9.91934e-10
14660.0  9.913e-10
14665.0  9.90663e-10
14670.0  9.90027e-10
14675.0  9.89391e-10
14680.0  9.88759e-10
14685.0  9.88124e-10
14690.0  9.8749e-10
14695.0  9.86857e-10
14700.0  9.86228e-10
14705.0  9.85598e-10
14710.0  9.84967e-10
14715.0  9.84339e-10
14720.0  9.83708e-10
14725.0  9.83078e-10
14730.0  9.82451e-10
14735.0  9.81825e-10
14740.0  9.81199e-10
14745.0  9.80572e-10
14750.0  9.79946e-10
14755.0  9.79322e-10
14760.0  9.78697e-10
14765.0  9.78073e-10
14770.0  9.77451e-10
14775.0  9.76828e-10
14780.0  9.76207e-10
14785.0  9.75585e-10
14790.0  9.74965e-10
14795.0  9.74342e-10
14800.0  9.73724e-10
14805.0  9.73104e-10
14810.0  9.72487e-10
14815.0  9.71868e-10
14820.0  9.71253e-10
14825.0  9.70635e-10
14830.0  9.7002e-10
14835.0  9.69404e-10
14840.0  9.68791e-10
14845.0  9.68174e-10
14850.0  9.67561e-10
14855.0  9.66947e-10
14860.0  9.66336e-10
14865.0  9.65722e-10
14870.0  9.65111e-10
14875.0  9.64502e-10
14880.0  9.63891e-10
14885.0  9.63281e-10
14890.0  9.62671e-10
14895.0  9.62061e-10
14900.0  9.61457e-10
14905.0  9.60846e-10
14910.0  9.60239e-10
14915.0  9.59635e-10
14920.0  9.59027e-10
14925.0  9.58422e-10
14930.0  9.57816e-10
14935.0  9.57214e-10
14940.0  9.56608e-10
14945.0  9.56004e-10
14950.0  9.55401e-10
14955.0  9.548e-10
14960.0  9.54199e-10
14965.0  9.53599e-10
14970.0  9.52997e-10
14975.0  9.52397e-10
14980.0  9.51797e-10
14985.0  9.51196e-10
14990.0  9.50598e-10
14995.0  9.50003e-10
15000.0  9.49404e-10
15005.0  9.48805e-10
15010.0  9.48211e-10
15015.0  9.47616e-10
15020.0  9.47017e-10
15025.0  9.46425e-10
15030.0  9.4583e-10
15035.0  9.45236e-10
15040.0  9.44642e-10
15045.0  9.44049e-10
15050.0  9.43458e-10
15055.0  9.42864e-10
15060.0  9.42272e-10
15065.0  9.41682e-10
15070.0  9.41093e-10
15075.0  9.40503e-10
15080.0  9.39913e-10
15085.0  9.39323e-10
15090.0  9.38734e-10
15095.0  9.38148e-10
15100.0  9.3756e-10
15105.0  9.36971e-10
15110.0  9.36384e-10
15115.0  9.358e-10
15120.0  9.35212e-10
15125.0  9.34628e-10
15130.0  9.34044e-10
15135.0  9.3346e-10
15140.0  9.32876e-10
15145.0  9.32293e-10
15150.0  9.31708e-10
15155.0  9.31127e-10
15160.0  9.30544e-10
15165.0  9.29964e-10
15170.0  9.29384e-10
15175.0  9.28803e-10
15180.0  9.28222e-10
15185.0  9.27643e-10
15190.0  9.27067e-10
15195.0  9.26486e-10
15200.0  9.25908e-10
15205.0  9.25329e-10
15210.0  9.24753e-10
15215.0  9.24174e-10
15220.0  9.23599e-10
15225.0  9.23022e-10
15230.0  9.22446e-10
15235.0  9.21872e-10
15240.0  9.21296e-10
15245.0  9.20721e-10
15250.0  9.2015e-10
15255.0  9.19577e-10
15260.0  9.19004e-10
15265.0  9.1843e-10
15270.0  9.17857e-10
15275.0  9.17286e-10
15280.0  9.16715e-10
15285.0  9.16142e-10
15290.0  9.15574e-10
15295.0  9.15005e-10
15300.0  9.14435e-10
15305.0  9.13864e-10
15310.0  9.13295e-10
15315.0  9.12726e-10
15320.0  9.12157e-10
15325.0  9.1159e-10
15330.0  9.11021e-10
15335.0  9.10457e-10
15340.0  9.09891e-10
15345.0  9.09325e-10
15350.0  9.08759e-10
15355.0  9.08193e-10
15360.0  9.07628e-10
15365.0  9.07064e-10
15370.0  9.06501e-10
15375.0  9.05935e-10
15380.0  9.05373e-10
15385.0  9.04809e-10
15390.0  9.04249e-10
15395.0  9.03687e-10
15400.0  9.03126e-10
15405.0  9.02563e-10
15410.0  9.02003e-10
15415.0  9.01442e-10
15420.0  9.00881e-10
15425.0  9.00323e-10
15430.0  8.99762e-10
15435.0  8.99202e-10
15440.0  8.98643e-10
15445.0  8.98085e-10
15450.0  8.97526e-10
15455.0  8.9697e-10
15460.0  8.96411e-10
15465.0  8.95856e-10
15470.0  8.953e-10
15475.0  8.94742e-10
15480.0  8.94186e-10
15485.0  8.93632e-10
15490.0  8.93077e-10
15495.0  8.92522e-10
15500.0  8.91967e-10
15505.0  8.91411e-10
15510.0  8.90858e-10
15515.0  8.90306e-10
15520.0  8.89752e-10
15525.0  8.892e-10
15530.0  8.88646e-10
15535.0  8.88096e-10
15540.0  8.87544e-10
15545.0  8.86989e-10
15550.0  8.86438e-10
15555.0  8.8589e-10
15560.0  8.8534e-10
15565.0  8.8479e-10
15570.0  8.8424e-10
15575.0  8.83689e-10
15580.0  8.8314e-10
15585.0  8.82591e-10
15590.0  8.82041e-10
15595.0  8.81495e-10
15600.0  8.80947e-10
15605.0  8.80401e-10
15610.0  8.79853e-10
15615.0  8.79306e-10
15620.0  8.78758e-10
15625.0  8.7821e-10
15630.0  8.77665e-10
15635.0  8.7712e-10
15640.0  8.76573e-10
15645.0  8.76029e-10
15650.0  8.75482e-10
15655.0  8.7494e-10
15660.0  8.74394e-10
15665.0  8.7385e-10
15670.0  8.73308e-10
15675.0  8.72765e-10
15680.0  8.72222e-10
15685.0  8.71679e-10
15690.0  8.71134e-10
15695.0  8.70594e-10
15700.0  8.70052e-10
15705.0  8.69509e-10
15710.0  8.68968e-10
15715.0  8.68426e-10
15720.0  8.67888e-10
15725.0  8.67343e-10
15730.0  8.66804e-10
15735.0  8.66263e-10
15740.0  8.65723e-10
15745.0  8.65184e-10
15750.0  8.64643e-10
15755.0  8.64107e-10
15760.0  8.63567e-10
15765.0  8.63028e-10
15770.0  8.6249e-10
15775.0  8.61951e-10
15780.0  8.61415e-10
15785.0  8.60876e-10
15790.0  8.6034e-10
15795.0  8.59804e-10
15800.0  8.59266e-10
15805.0  8.58728e-10
15810.0  8.58191e-10
15815.0  8.57657e-10
15820.0  8.57122e-10
15825.0  8.56584e-10
15830.0  8.56047e-10
15835.0  8.55512e-10
15840.0  8.54979e-10
15845.0  8.54443e-10
15850.0  8.53908e-10
15855.0  8.53374e-10
15860.0  8.52843e-10
15865.0  8.52308e-10
15870.0  8.51774e-10
15875.0  8.51241e-10
15880.0  8.50706e-10
15885.0  8.50172e-10
15890.0  8.4964e-10
15895.0  8.49107e-10
15900.0  8.48575e-10
15905.0  8.48045e-10
15910.0  8.47513e-10
15915.0  8.46981e-10
15920.0  8.46448e-10
15925.0  8.45918e-10
15930.0  8.45386e-10
15935.0  8.44853e-10
15940.0  8.44325e-10
15945.0  8.43794e-10
15950.0  8.43264e-10
15955.0  8.42733e-10
15960.0  8.42202e-10
15965.0  8.41674e-10
15970.0  8.41144e-10
15975.0  8.40614e-10
15980.0  8.40085e-10
15985.0  8.39556e-10
15990.0  8.39029e-10
15995.0  8.38499e-10
16000.0  8.37969e-10
16005.0  8.37441e-10
16010.0  8.36913e-10
16015.0  8.36384e-10
16020.0  8.35857e-10
16025.0  8.3533e-10
16030.0  8.34802e-10
16035.0  8.34275e-10
16040.0  8.33746e-10
16045.0  8.33221e-10
16050.0  8.32693e-10
16055.0  8.32168e-10
16060.0  8.31642e-10
16065.0  8.31113e-10
16070.0  8.30588e-10
16075.0  8.30063e-10
16080.0  8.29537e-10
16085.0  8.29009e-10
16090.0  8.28483e-10
16095.0  8.27957e-10
16100.0  8.27432e-10
16105.0  8.26908e-10
16110.0  8.26383e-10
16115.0  8.25857e-10
16120.0  8.25332e-10
16125.0  8.24809e-10
16130.0  8.24284e-10
16135.0  8.23761e-10
16140.0  8.23234e-10
16145.0  8.2271e-10
16150.0  8.22187e-10
16155.0  8.21661e-10
16160.0  8.21137e-10
16165.0  8.20616e-10
16170.0  8.20091e-10
16175.0  8.19567e-10
16180.0  8.19045e-10
16185.0  8.18523e-10
16190.0  8.17998e-10
16195.0  8.17475e-10
16200.0  8.16952e-10
16205.0  8.16429e-10
16210.0  8.15907e-10
16215.0  8.15385e-10
16220.0  8.14861e-10
16225.0  8.1434e-10
16230.0  8.13817e-10
16235.0  8.13296e-10
16240.0  8.12774e-10
16245.0  8.12251e-10
16250.0  8.11727e-10
16255.0  8.11206e-10
16260.0  8.10685e-10
16265.0  8.10161e-10
16270.0  8.09641e-10
16275.0  8.09119e-10
16280.0  8.08598e-10
16285.0  8.08077e-10
16290.0  8.07555e-10
16295.0  8.07033e-10
16300.0  8.06515e-10
16305.0  8.05993e-10
16310.0  8.05472e-10
16315.0  8.0495e-10
16320.0  8.04429e-10
16325.0  8.03908e-10
16330.0  8.03389e-10
16335.0  8.02868e-10
16340.0  8.02345e-10
16345.0  8.01825e-10
16350.0  8.01306e-10
16355.0  8.00784e-10
16360.0  8.00264e-10
16365.0  7.99744e-10
16370.0  7.99224e-10
16375.0  7.98704e-10
16380.0  7.98184e-10
16385.0  7.97664e-10
16390.0  7.97146e-10
16395.0  7.96624e-10
16400.0  7.96105e-10
16405.0  7.95585e-10
16410.0  7.95066e-10
16415.0  7.94544e-10
16420.0  7.94027e-10
16425.0  7.93506e-10
16430.0  7.92986e-10
16435.0  7.92465e-10
16440.0  7.91948e-10
16445.0  7.91429e-10
16450.0  7.90908e-10
16455.0  7.90391e-10
16460.0  7.89872e-10
16465.0  7.89351e-10
16470.0  7.88834e-10
16475.0  7.88315e-10
16480.0  7.87798e-10
16485.0  7.87279e-10
16490.0  7.86758e-10
16495.0  7.86241e-10
16500.0  7.85723e-10
16505.0  7.85205e-10
16510.0  7.84687e-10
16515.0  7.84169e-10
16520.0  7.83651e-10
16525.0  7.83133e-10
16530.0  7.82614e-10
16535.0  7.82097e-10
16540.0  7.8158e-10
16545.0  7.81061e-10
16550.0  7.80544e-10
16555.0  7.80025e-10
16560.0  7.79509e-10
16565.0  7.7899e-10
16570.0  7.78472e-10
16575.0  7.77954e-10
16580.0  7.77436e-10
16585.0  7.76919e-10
16590.0  7.76404e-10
16595.0  7.75886e-10
16600.0  7.75369e-10
16605.0  7.74852e-10
16610.0  7.74336e-10
16615.0  7.73818e-10
16620.0  7.73302e-10
16625.0  7.72786e-10
16630.0  7.72269e-10
16635.0  7.71753e-10
16640.0  7.71236e-10
16645.0  7.70717e-10
16650.0  7.70203e-10
16655.0  7.69687e-10
16660.0  7.69171e-10
16665.0  7.68655e-10
16670.0  7.68139e-10
16675.0  7.67622e-10
16680.0  7.67108e-10
16685.0  7.66593e-10
16690.0  7.66076e-10
16695.0  7.65562e-10
16700.0  7.65043e-10
16705.0  7.64529e-10
16710.0  7.64014e-10
16715.0  7.63501e-10
16720.0  7.62983e-10
16725.0  7.62468e-10
16730.0  7.61955e-10
16735.0  7.6144e-10
16740.0  7.60925e-10
16745.0  7.60409e-10
16750.0  7.59894e-10
16755.0  7.5938e-10
16760.0  7.58866e-10
16765.0  7.5835e-10
16770.0  7.57837e-10
16775.0  7.57323e-10
16780.0  7.56808e-10
16785.0  7.56294e-10
16790.0  7.5578e-10
16795.0  7.55266e-10
16800.0  7.54752e-10
16805.0  7.54237e-10
16810.0  7.53728e-10
16815.0  7.53214e-10
16820.0  7.52698e-10
16825.0  7.52184e-10
16830.0  7.5167e-10
16835.0  7.51158e-10
16840.0  7.50645e-10
16845.0  7.50132e-10
16850.0  7.4962e-10
16855.0  7.49107e-10
16860.0  7.48593e-10
16865.0  7.4808e-10
16870.0  7.47569e-10
16875.0  7.47058e-10
16880.0  7.46543e-10
16885.0  7.46032e-10
16890.0  7.45518e-10
16895.0  7.45006e-10
16900.0  7.44493e-10
16905.0  7.43982e-10
16910.0  7.43469e-10
16915.0  7.42958e-10
16920.0  7.42447e-10
16925.0  7.41934e-10
16930.0  7.41422e-10
16935.0  7.40912e-10
16940.0  7.40401e-10
16945.0  7.39887e-10
16950.0  7.39376e-10
16955.0  7.38867e-10
16960.0  7.38355e-10
16965.0  7.37845e-10
16970.0  7.37334e-10
16975.0  7.36825e-10
16980.0  7.36313e-10
16985.0  7.35801e-10
16990.0  7.35289e-10
16995.0  7.34778e-10
17000.0  7.34271e-10
17005.0  7.33761e-10
17010.0  7.33251e-10
17015.0  7.3274e-10
17020.0  7.32228e-10
17025.0  7.31719e-10
17030.0  7.31209e-10
17035.0  7.30701e-10
17040.0  7.3019e-10
17045.0  7.29681e-10
17050.0  7.2917e-10
17055.0  7.28663e-10
17060.0  7.28152e-10
17065.0  7.27641e-10
17070.0  7.27134e-10
17075.0  7.26626e-10
17080.0  7.26116e-10
17085.0  7.25607e-10
17090.0  7.251e-10
17095.0  7.24591e-10
17100.0  7.24082e-10
17105.0  7.23572e-10
17110.0  7.23064e-10
17115.0  7.22554e-10
17120.0  7.22047e-10
17125.0  7.21541e-10
17130.0  7.2103e-10
17135.0  7.20524e-10
17140.0  7.20016e-10
17145.0  7.19509e-10
17150.0  7.19002e-10
17155.0  7.18492e-10
17160.0  7.17984e-10
17165.0  7.17479e-10
17170.0  7.16971e-10
17175.0  7.16465e-10
17180.0  7.15958e-10
17185.0  7.15451e-10
17190.0  7.14944e-10
17195.0  7.14437e-10
17200.0  7.1393e-10
17205.0  7.13425e-10
17210.0  7.12916e-10
17215.0  7.12411e-10
17220.0  7.11907e-10
17225.0  7.114e-10
17230.0  7.10893e-10
17235.0  7.10385e-10
17240.0  7.09881e-10
17245.0  7.09376e-10
17250.0  7.0887e-10
17255.0  7.08365e-10
17260.0  7.07858e-10
17265.0  7.07352e-10
17270.0  7.06849e-10
17275.0  7.06342e-10
17280.0  7.05838e-10
17285.0  7.05331e-10
17290.0  7.04828e-10
17295.0  7.04322e-10
17300.0  7.03819e-10
17305.0  7.03315e-10
17310.0  7.02809e-10
17315.0  7.02306e-10
17320.0  7.01802e-10
17325.0  7.01298e-10
17330.0  7.00793e-10
17335.0  7.00288e-10
17340.0  6.99786e-10
17345.0  6.99282e-10
17350.0  6.9878e-10
17355.0  6.98277e-10
17360.0  6.97774e-10
17365.0  6.9727e-10
17370.0  6.96766e-10
17375.0  6.96264e-10
17380.0  6.95761e-10
17385.0  6.95258e-10
17390.0  6.94753e-10
17395.0  6.94251e-10
17400.0  6.93747e-10
17405.0  6.93246e-10
17410.0  6.92744e-10
17415.0  6.92241e-10
17420.0  6.9174e-10
17425.0  6.91236e-10
17430.0  6.90734e-10
17435.0  6.90233e-10
17440.0  6.89732e-10
17445.0  6.8923e-10
17450.0  6.8873e-10
17455.0  6.88227e-10
17460.0  6.87727e-10
17465.0  6.87225e-10
17470.0  6.86725e-10
17475.0  6.86221e-10
17480.0  6.85722e-10
17485.0  6.85221e-10
17490.0  6.84721e-10
17495.0  6.8422e-10
17500.0  6.83721e-10
17505.0  6.8322e-10
17510.0  6.82718e-10
17515.0  6.82218e-10
17520.0  6.81718e-10
17525.0  6.81218e-10
17530.0  6.80718e-10
17535.0  6.8022e-10
17540.0  6.7972e-10
17545.0  6.79221e-10
17550.0  6.78721e-10
17555.0  6.78221e-10
17560.0  6.77723e-10
17565.0  6.77222e-10
17570.0  6.76726e-10
17575.0  6.76227e-10
17580.0  6.75727e-10
17585.0  6.75229e-10
17590.0  6.74732e-10
17595.0  6.74233e-10
17600.0  6.73734e-10
17605.0  6.73237e-10
17610.0  6.72737e-10
17615.0  6.72242e-10
17620.0  6.71743e-10
17625.0  6.71247e-10
17630.0  6.70747e-10
17635.0  6.70252e-10
17640.0  6.69752e-10
17645.0  6.69256e-10
17650.0  6.68759e-10
17655.0  6.68261e-10
17660.0  6.67765e-10
17665.0  6.67268e-10
17670.0  6.66772e-10
17675.0  6.66274e-10
17680.0  6.65778e-10
17685.0  6.65281e-10
17690.0  6.64785e-10
17695.0  6.6429e-10
17700.0  6.63794e-10
17705.0  6.63298e-10
17710.0  6.62802e-10
17715.0  6.62306e-10
17720.0  6.61811e-10
17725.0  6.61319e-10
17730.0  6.60823e-10
17735.0  6.60326e-10
17740.0  6.59831e-10
17745.0  6.59335e-10
17750.0  6.58842e-10
17755.0  6.58347e-10
17760.0  6.57855e-10
17765.0  6.57359e-10
17770.0  6.56864e-10
17775.0  6.5637e-10
17780.0  6.55875e-10
17785.0  6.55383e-10
17790.0  6.54888e-10
17795.0  6.54396e-10
17800.0  6.53903e-10
17805.0  6.53408e-10
17810.0  6.52915e-10
17815.0  6.52423e-10
17820.0  6.5193e-10
17825.0  6.51435e-10
17830.0  6.50944e-10
17835.0  6.5045e-10
17840.0  6.49958e-10
17845.0  6.49467e-10
17850.0  6.48975e-10
17855.0  6.48482e-10
17860.0  6.47989e-10
17865.0  6.47498e-10
17870.0  6.47005e-10
17875.0  6.46513e-10
17880.0  6.46022e-10
17885.0  6.45533e-10
17890.0  6.4504e-10
17895.0  6.44547e-10
17900.0  6.44056e-10
17905.0  6.43566e-10
17910.0  6.43076e-10
17915.0  6.42586e-10
17920.0  6.42094e-10
17925.0  6.41603e-10
17930.0  6.41113e-10
17935.0  6.40624e-10
17940.0  6.40133e-10
17945.0  6.39644e-10
17950.0  6.39153e-10
17955.0  6.38664e-10
17960.0  6.38175e-10
17965.0  6.37686e-10
17970.0  6.37195e-10
17975.0  6.36706e-10
17980.0  6.36218e-10
17985.0  6.35728e-10
17990.0  6.3524e-10
17995.0  6.34752e-10
18000.0  6.34264e-10
18005.0  6.33774e-10
18010.0  6.33286e-10
18015.0  6.32797e-10
18020.0  6.3231e-10
18025.0  6.31821e-10
18030.0  6.31333e-10
18035.0  6.30847e-10
18040.0  6.3036e-10
18045.0  6.29872e-10
18050.0  6.29387e-10
18055.0  6.28897e-10
18060.0  6.2841e-10
18065.0  6.27924e-10
18070.0  6.27435e-10
18075.0  6.26951e-10
18080.0  6.26464e-10
18085.0  6.25978e-10
18090.0  6.25492e-10
18095.0  6.25005e-10
18100.0  6.24519e-10
18105.0  6.24034e-10
18110.0  6.2355e-10
18115.0  6.23062e-10
18120.0  6.22577e-10
18125.0  6.22091e-10
18130.0  6.21607e-10
18135.0  6.21123e-10
18140.0  6.20636e-10
18145.0  6.20152e-10
18150.0  6.19666e-10
18155.0  6.19182e-10
18160.0  6.18699e-10
18165.0  6.18217e-10
18170.0  6.17731e-10
18175.0  6.17247e-10
18180.0  6.16762e-10
18185.0  6.16281e-10
18190.0  6.15796e-10
18195.0  6.15312e-10
18200.0  6.1483e-10
18205.0  6.14345e-10
18210.0  6.13864e-10
18215.0  6.1338e-10
18220.0  6.12897e-10
18225.0  6.12413e-10
18230.0  6.11932e-10
18235.0  6.11451e-10
18240.0  6.10968e-10
18245.0  6.10486e-10
18250.0  6.10004e-10
18255.0  6.09522e-10
18260.0  6.09042e-10
18265.0  6.0856e-10
18270.0  6.0808e-10
18275.0  6.07599e-10
18280.0  6.07118e-10
18285.0  6.06635e-10
18290.0  6.06154e-10
18295.0  6.05674e-10
18300.0  6.05193e-10
18305.0  6.04715e-10
18310.0  6.04232e-10
18315.0  6.03752e-10
18320.0  6.03272e-10
18325.0  6.02792e-10
18330.0  6.02312e-10
18335.0  6.01835e-10
18340.0  6.01354e-10
18345.0  6.00876e-10
18350.0  6.00396e-10
18355.0  5.99917e-10
18360.0  5.99439e-10
18365.0  5.9896e-10
18370.0  5.98482e-10
18375.0  5.98003e-10
18380.0  5.97524e-10
18385.0  5.97046e-10
18390.0  5.96568e-10
18395.0  5.96091e-10
18400.0  5.95613e-10
18405.0  5.95136e-10
18410.0  5.94659e-10
18415.0  5.94181e-10
18420.0  5.93702e-10
18425.0  5.93225e-10
18430.0  5.92751e-10
18435.0  5.92274e-10
18440.0  5.91797e-10
18445.0  5.9132e-10
18450.0  5.90845e-10
18455.0  5.90368e-10
18460.0  5.89893e-10
18465.0  5.89418e-10
18470.0  5.88942e-10
18475.0  5.88465e-10
18480.0  5.87991e-10
18485.0  5.87514e-10
18490.0  5.8704e-10
18495.0  5.86566e-10
18500.0  5.8609e-10
18505.0  5.85615e-10
18510.0  5.85141e-10
18515.0  5.84668e-10
18520.0  5.84193e-10
18525.0  5.83719e-10
18530.0  5.83247e-10
18535.0  5.82772e-10
18540.0  5.82298e-10
18545.0  5.81825e-10
18550.0  5.81351e-10
18555.0  5.80877e-10
18560.0  5.80407e-10
18565.0  5.79933e-10
18570.0  5.79459e-10
18575.0  5.78989e-10
18580.0  5.78516e-10
18585.0  5.78042e-10
18590.0  5.77571e-10
18595.0  5.77098e-10
18600.0  5.76627e-10
18605.0  5.76157e-10
18610.0  5.75684e-10
18615.0  5.75213e-10
18620.0  5.74742e-10
18625.0  5.7427e-10
18630.0  5.73799e-10
18635.0  5.7333e-10
18640.0  5.72859e-10
18645.0  5.72388e-10
18650.0  5.71918e-10
18655.0  5.71448e-10
18660.0  5.70979e-10
18665.0  5.70508e-10
18670.0  5.70037e-10
18675.0  5.69568e-10
18680.0  5.69101e-10
18685.0  5.68632e-10
18690.0  5.68163e-10
18695.0  5.67694e-10
18700.0  5.67224e-10
18705.0  5.66755e-10
18710.0  5.66287e-10
18715.0  5.65818e-10
18720.0  5.65352e-10
18725.0  5.64885e-10
18730.0  5.64415e-10
18735.0  5.63948e-10
18740.0  5.63481e-10
18745.0  5.63013e-10
18750.0  5.62545e-10
18755.0  5.62079e-10
18760.0  5.61613e-10
18765.0  5.61146e-10
18770.0  5.60679e-10
18775.0  5.60212e-10
18780.0  5.59746e-10
18785.0  5.5928e-10
18790.0  5.58814e-10
18795.0  5.5835e-10
18800.0  5.57885e-10
18805.0  5.57417e-10
18810.0  5.56952e-10
18815.0  5.56488e-10
18820.0  5.56023e-10
18825.0  5.55559e-10
18830.0  5.55093e-10
18835.0  5.54629e-10
18840.0  5.54165e-10
18845.0  5.53701e-10
18850.0  5.53238e-10
18855.0  5.52772e-10
18860.0  5.52308e-10
18865.0  5.51846e-10
18870.0  5.51383e-10
18875.0  5.50921e-10
18880.0  5.50457e-10
18885.0  5.49995e-10
18890.0  5.49532e-10
18895.0  5.49069e-10
18900.0  5.48606e-10
18905.0  5.48143e-10
18910.0  5.47681e-10
18915.0  5.47222e-10
18920.0  5.46759e-10
18925.0  5.46296e-10
18930.0  5.45836e-10
18935.0  5.45375e-10
18940.0  5.44914e-10
18945.0  5.44453e-10
18950.0  5.43993e-10
18955.0  5.43531e-10
18960.0  5.43071e-10
18965.0  5.42612e-10
18970.0  5.4215e-10
18975.0  5.4169e-10
18980.0  5.4123e-10
18985.0  5.40772e-10
18990.0  5.40313e-10
18995.0  5.39853e-10
19000.0  5.39394e-10
19005.0  5.38936e-10
19010.0  5.38476e-10
19015.0  5.38017e-10
19020.0  5.3756e-10
19025.0  5.37102e-10
19030.0  5.36643e-10
19035.0  5.36184e-10
19040.0  5.35729e-10
19045.0  5.35269e-10
19050.0  5.34814e-10
19055.0  5.34355e-10
19060.0  5.33899e-10
19065.0  5.33441e-10
19070.0  5.32985e-10
19075.0  5.3253e-10
19080.0  5.32074e-10
19085.0  5.31616e-10
19090.0  5.3116e-10
19095.0  5.30704e-10
19100.0  5.30248e-10
19105.0  5.29793e-10
19110.0  5.29337e-10
19115.0  5.28883e-10
19120.0  5.28427e-10
19125.0  5.27972e-10
19130.0  5.2752e-10
19135.0  5.27064e-10
19140.0  5.26609e-10
19145.0  5.26156e-10
19150.0  5.25702e-10
19155.0  5.25246e-10
19160.0  5.24794e-10
19165.0  5.24342e-10
19170.0  5.23887e-10
19175.0  5.23435e-10
19180.0  5.22981e-10
19185.0  5.22528e-10
19190.0  5.22076e-10
19195.0  5.21624e-10
19200.0  5.21173e-10
19205.0  5.20721e-10
19210.0  5.2027e-10
19215.0  5.19817e-10
19220.0  5.19365e-10
19225.0  5.18914e-10
19230.0  5.18463e-10
19235.0  5.1801e-10
19240.0  5.1756e-10
19245.0  5.1711e-10
19250.0  5.16659e-10
19255.0  5.1621e-10
19260.0  5.15759e-10
19265.0  5.15307e-10
19270.0  5.14858e-10
19275.0  5.1441e-10
19280.0  5.13959e-10
19285.0  5.13511e-10
19290.0  5.13063e-10
19295.0  5.12613e-10
19300.0  5.12163e-10
19305.0  5.11715e-10
19310.0  5.11267e-10
19315.0  5.10818e-10
19320.0  5.1037e-10
19325.0  5.09923e-10
19330.0  5.09474e-10
19335.0  5.0903e-10
19340.0  5.08581e-10
19345.0  5.08133e-10
19350.0  5.07687e-10
19355.0  5.07241e-10
19360.0  5.06794e-10
19365.0  5.06349e-10
19370.0  5.05901e-10
19375.0  5.05456e-10
19380.0  5.05009e-10
19385.0  5.04563e-10
19390.0  5.04119e-10
19395.0  5.03674e-10
19400.0  5.03227e-10
19405.0  5.02782e-10
19410.0  5.02339e-10
19415.0  5.01894e-10
19420.0  5.01449e-10
19425.0  5.01004e-10
19430.0  5.0056e-10
19435.0  5.00116e-10
19440.0  4.99675e-10
19445.0  4.99231e-10
19450.0  4.98787e-10
19455.0  4.98345e-10
19460.0  4.97901e-10
19465.0  4.97458e-10
19470.0  4.97015e-10
19475.0  4.96575e-10
19480.0  4.96131e-10
19485.0  4.9569e-10
19490.0  4.95248e-10
19495.0  4.94805e-10
19500.0  4.94363e-10
19505.0  4.93922e-10
19510.0  4.93482e-10
19515.0  4.93042e-10
19520.0  4.926e-10
19525.0  4.9216e-10
19530.0  4.91719e-10
19535.0  4.91279e-10
19540.0  4.90841e-10
19545.0  4.90401e-10
19550.0  4.8996e-10
19555.0  4.89521e-10
19560.0  4.89082e-10
19565.0  4.88643e-10
19570.0  4.88204e-10
19575.0  4.87767e-10
19580.0  4.87327e-10
19585.0  4.86889e-10
19590.0  4.86451e-10
19595.0  4.86012e-10
19600.0  4.85575e-10
19605.0  4.85137e-10
19610.0  4.847e-10
19615.0  4.84263e-10
19620.0  4.83826e-10
19625.0  4.83389e-10
19630.0  4.82953e-10
19635.0  4.82518e-10
19640.0  4.82081e-10
19645.0  4.81644e-10
19650.0  4.81208e-10
19655.0  4.80774e-10
19660.0  4.80337e-10
19665.0  4.79903e-10
19670.0  4.79467e-10
19675.0  4.79032e-10
19680.0  4.78599e-10
19685.0  4.78162e-10
19690.0  4.77729e-10
19695.0  4.77295e-10
19700.0  4.76862e-10
19705.0  4.76429e-10
19710.0  4.75995e-10
19715.0  4.75561e-10
19720.0  4.75128e-10
19725.0  4.74695e-10
19730.0  4.74262e-10
19735.0  4.73832e-10
19740.0  4.73399e-10
19745.0  4.72965e-10
19750.0  4.72535e-10
19755.0  4.72103e-10
19760.0  4.71671e-10
19765.0  4.71239e-10
19770.0  4.7081e-10
19775.0  4.70379e-10
19780.0  4.69947e-10
19785.0  4.69516e-10
19790.0  4.69086e-10
19795.0  4.68657e-10
19800.0  4.68227e-10
19805.0  4.67797e-10
19810.0  4.67367e-10
19815.0  4.66937e-10
19820.0  4.66508e-10
19825.0  4.66079e-10
19830.0  4.65652e-10
19835.0  4.65222e-10
19840.0  4.64793e-10
19845.0  4.64366e-10
19850.0  4.63937e-10
19855.0  4.6351e-10
19860.0  4.63082e-10
19865.0  4.62655e-10
19870.0  4.62228e-10
19875.0  4.61799e-10
19880.0  4.61374e-10
19885.0  4.60948e-10
19890.0  4.60521e-10
19895.0  4.60095e-10
19900.0  4.59669e-10
19905.0  4.59243e-10
19910.0  4.58817e-10
19915.0  4.58391e-10
19920.0  4.57968e-10
19925.0  4.57542e-10
19930.0  4.57117e-10
19935.0  4.56693e-10
19940.0  4.56268e-10
19945.0  4.55845e-10
19950.0  4.55419e-10
19955.0  4.54998e-10
19960.0  4.54574e-10
19965.0  4.54148e-10
19970.0  4.53726e-10
19975.0  4.53304e-10
19980.0  4.52881e-10
19985.0  4.52459e-10
19990.0  4.52037e-10
19995.0  4.51614e-10
20000.0  4.51191e-10
20005.0  4.5077e-10
20010.0  4.5035e-10
20015.0  4.49929e-10
20020.0  4.49507e-10
20025.0  4.49087e-10
20030.0  4.48665e-10
20035.0  4.48245e-10
20040.0  4.47824e-10
20045.0  4.47405e-10
20050.0  4.46985e-10
20055.0  4.46564e-10
20060.0  4.46145e-10
20065.0  4.45726e-10
20070.0  4.45308e-10
20075.0  4.4489e-10
20080.0  4.4447e-10
20085.0  4.44051e-10
20090.0  4.43632e-10
20095.0  4.43214e-10
20100.0  4.42798e-10
20105.0  4.4238e-10
20110.0  4.41962e-10
20115.0  4.41546e-10
20120.0  4.41128e-10
20125.0  4.40712e-10
20130.0  4.40294e-10
20135.0  4.39879e-10
20140.0  4.39463e-10
20145.0  4.39045e-10
20150.0  4.3863e-10
20155.0  4.38215e-10
20160.0  4.378e-10
20165.0  4.37385e-10
20170.0  4.3697e-10
20175.0  4.36555e-10
20180.0  4.3614e-10
20185.0  4.35728e-10
20190.0  4.35313e-10
20195.0  4.34899e-10
20200.0  4.34487e-10
20205.0  4.34072e-10
20210.0  4.3366e-10
20215.0  4.33246e-10
20220.0  4.32834e-10
20225.0  4.32423e-10
20230.0  4.32008e-10
20235.0  4.31596e-10
20240.0  4.31185e-10
20245.0  4.30773e-10
20250.0  4.30362e-10
20255.0  4.29951e-10
20260.0  4.2954e-10
20265.0  4.29129e-10
20270.0  4.2872e-10
20275.0  4.28309e-10
20280.0  4.27898e-10
20285.0  4.27489e-10
20290.0  4.2708e-10
20295.0  4.2667e-10
20300.0  4.2626e-10
20305.0  4.25851e-10
20310.0  4.25441e-10
20315.0  4.25032e-10
20320.0  4.24625e-10
20325.0  4.24217e-10
20330.0  4.23809e-10
20335.0  4.23402e-10
20340.0  4.22995e-10
20345.0  4.22586e-10
20350.0  4.22179e-10
20355.0  4.21772e-10
20360.0  4.21367e-10
20365.0  4.2096e-10
20370.0  4.20552e-10
20375.0  4.20147e-10
20380.0  4.1974e-10
20385.0  4.19336e-10
20390.0  4.18931e-10
20395.0  4.18525e-10
20400.0  4.1812e-10
20405.0  4.17716e-10
20410.0  4.17312e-10
20415.0  4.16908e-10
20420.0  4.16504e-10
20425.0  4.161e-10
20430.0  4.15696e-10
20435.0  4.15292e-10
20440.0  4.14889e-10
20445.0  4.14487e-10
20450.0  4.14083e-10
20455.0  4.1368e-10
20460.0  4.13279e-10
20465.0  4.12876e-10
20470.0  4.12475e-10
20475.0  4.12073e-10
20480.0  4.11672e-10
20485.0  4.1127e-10
20490.0  4.1087e-10
20495.0  4.1047e-10
20500.0  4.10069e-10
20505.0  4.09669e-10
20510.0  4.09268e-10
20515.0  4.08868e-10
20520.0  4.08468e-10
20525.0  4.08071e-10
20530.0  4.07671e-10
20535.0  4.0727e-10
20540.0  4.06874e-10
20545.0  4.06474e-10
20550.0  4.06077e-10
20555.0  4.05679e-10
20560.0  4.0528e-10
20565.0  4.04882e-10
20570.0  4.04486e-10
20575.0  4.04089e-10
20580.0  4.03692e-10
20585.0  4.03296e-10
20590.0  4.02899e-10
20595.0  4.02503e-10
20600.0  4.02107e-10
20605.0  4.01709e-10
20610.0  4.01316e-10
20615.0  4.00919e-10
20620.0  4.00524e-10
20625.0  4.0013e-10
20630.0  3.99736e-10
20635.0  3.99341e-10
20640.0  3.98948e-10
20645.0  3.98553e-10
20650.0  3.98157e-10
20655.0  3.97765e-10
20660.0  3.97372e-10
20665.0  3.96978e-10
20670.0  3.96586e-10
20675.0  3.96196e-10
20680.0  3.95803e-10
20685.0  3.9541e-10
20690.0  3.95018e-10
20695.0  3.94628e-10
20700.0  3.94235e-10
20705.0  3.93845e-10
20710.0  3.93453e-10
20715.0  3.93063e-10
20720.0  3.92674e-10
20725.0  3.92281e-10
20730.0  3.91891e-10
20735.0  3.91502e-10
20740.0  3.91113e-10
20745.0  3.90723e-10
20750.0  3.90334e-10
20755.0  3.89944e-10
20760.0  3.89556e-10
20765.0  3.8917e-10
20770.0  3.8878e-10
20775.0  3.88391e-10
20780.0  3.88005e-10
20785.0  3.87617e-10
20790.0  3.87231e-10
20795.0  3.86845e-10
20800.0  3.86456e-10
20805.0  3.8607e-10
20810.0  3.85684e-10
20815.0  3.85299e-10
20820.0  3.84913e-10
20825.0  3.84527e-10
20830.0  3.84142e-10
20835.0  3.83756e-10
20840.0  3.83371e-10
20845.0  3.82988e-10
20850.0  3.82603e-10
20855.0  3.8222e-10
20860.0  3.81835e-10
20865.0  3.81453e-10
20870.0  3.81067e-10
20875.0  3.80686e-10
20880.0  3.80303e-10
20885.0  3.79918e-10
20890.0  3.79535e-10
20895.0  3.79154e-10
20900.0  3.78772e-10
20905.0  3.7839e-10
20910.0  3.78011e-10
20915.0  3.7763e-10
20920.0  3.77248e-10
20925.0  3.76866e-10
20930.0  3.76486e-10
20935.0  3.76105e-10
20940.0  3.75726e-10
20945.0  3.75345e-10
20950.0  3.74967e-10
20955.0  3.74588e-10
20960.0  3.7421e-10
20965.0  3.73828e-10
20970.0  3.73449e-10
20975.0  3.73071e-10
20980.0  3.72692e-10
20985.0  3.72315e-10
20990.0  3.71939e-10
20995.0  3.71561e-10
21000.0  3.71184e-10
21005.0  3.70808e-10
21010.0  3.70431e-10
21015.0  3.70055e-10
21020.0  3.69678e-10
21025.0  3.69303e-10
21030.0  3.68928e-10
21035.0  3.6855e-10
21040.0  3.68175e-10
21045.0  3.678e-10
21050.0  3.67426e-10
21055.0  3.67051e-10
21060.0  3.66677e-10
21065.0  3.66305e-10
21070.0  3.65931e-10
21075.0  3.65557e-10
21080.0  3.65182e-10
21085.0  3.6481e-10
21090.0  3.64437e-10
21095.0  3.64065e-10
21100.0  3.63693e-10
21105.0  3.6332e-10
21110.0  3.62949e-10
21115.0  3.62577e-10
21120.0  3.62207e-10
21125.0  3.61835e-10
21130.0  3.61465e-10
21135.0  3.61094e-10
21140.0  3.60722e-10
21145.0  3.60355e-10
21150.0  3.59984e-10
21155.0  3.59614e-10
21160.0  3.59246e-10
21165.0  3.58875e-10
21170.0  3.58508e-10
21175.0  3.5814e-10
21180.0  3.57769e-10
21185.0  3.57403e-10
21190.0  3.57035e-10
21195.0  3.56668e-10
21200.0  3.56301e-10
21205.0  3.55933e-10
21210.0  3.55565e-10
21215.0  3.55198e-10
21220.0  3.54834e-10
21225.0  3.54468e-10
21230.0  3.54104e-10
21235.0  3.53737e-10
21240.0  3.53373e-10
21245.0  3.53006e-10
21250.0  3.52642e-10
21255.0  3.52278e-10
21260.0  3.51912e-10
21265.0  3.51547e-10
21270.0  3.51184e-10
21275.0  3.50821e-10
21280.0  3.5046e-10
21285.0  3.50097e-10
21290.0  3.49733e-10
21295.0  3.4937e-10
21300.0  3.49008e-10
21305.0  3.48646e-10
21310.0  3.48286e-10
21315.0  3.47923e-10
21320.0  3.47562e-10
21325.0  3.47202e-10
21330.0  3.46839e-10
21335.0  3.46479e-10
21340.0  3.46119e-10
21345.0  3.45759e-10
21350.0  3.45399e-10
21355.0  3.45039e-10
21360.0  3.44682e-10
21365.0  3.44322e-10
21370.0  3.43963e-10
21375.0  3.43606e-10
21380.0  3.43247e-10
21385.0  3.4289e-10
21390.0  3.42531e-10
21395.0  3.42174e-10
21400.0  3.41818e-10
21405.0  3.41462e-10
21410.0  3.41106e-10
21415.0  3.40749e-10
21420.0  3.40393e-10
21425.0  3.40037e-10
21430.0  3.3968e-10
21435.0  3.39324e-10
21440.0  3.3897e-10
21445.0  3.38616e-10
21450.0  3.38262e-10
21455.0  3.37907e-10
21460.0  3.37554e-10
21465.0  3.372e-10
21470.0  3.36845e-10
21475.0  3.36492e-10
21480.0  3.3614e-10
21485.0  3.35787e-10
21490.0  3.35434e-10
21495.0  3.35081e-10
21500.0  3.3473e-10
21505.0  3.34379e-10
21510.0  3.34027e-10
21515.0  3.33676e-10
21520.0  3.33326e-10
21525.0  3.32977e-10
21530.0  3.32625e-10
21535.0  3.32276e-10
21540.0  3.31927e-10
21545.0  3.31575e-10
21550.0  3.31225e-10
21555.0  3.30876e-10
21560.0  3.30528e-10
21565.0  3.30181e-10
21570.0  3.29833e-10
21575.0  3.29484e-10
21580.0  3.29136e-10
21585.0  3.28789e-10
21590.0  3.28441e-10
21595.0  3.28096e-10
21600.0  3.27748e-10
21605.0  3.27401e-10
21610.0  3.27056e-10
21615.0  3.26711e-10
21620.0  3.26365e-10
21625.0  3.2602e-10
21630.0  3.25675e-10
21635.0  3.2533e-10
21640.0  3.24984e-10
21645.0  3.24639e-10
21650.0  3.24297e-10
21655.0  3.23953e-10
21660.0  3.23611e-10
21665.0  3.23266e-10
21670.0  3.22925e-10
21675.0  3.22583e-10
21680.0  3.2224e-10
21685.0  3.21896e-10
21690.0  3.21554e-10
21695.0  3.21213e-10
21700.0  3.20871e-10
21705.0  3.20533e-10
21710.0  3.20191e-10
21715.0  3.19851e-10
21720.0  3.19511e-10
21725.0  3.19171e-10
21730.0  3.18832e-10
21735.0  3.18492e-10
21740.0  3.18153e-10
21745.0  3.17815e-10
21750.0  3.17474e-10
21755.0  3.17136e-10
21760.0  3.16797e-10
21765.0  3.1646e-10
21770.0  3.16125e-10
21775.0  3.15787e-10
21780.0  3.1545e-10
21785.0  3.15112e-10
21790.0  3.14777e-10
21795.0  3.1444e-10
21800.0  3.14104e-10
21805.0  3.13768e-10
21810.0  3.13433e-10
21815.0  3.13099e-10
21820.0  3.12765e-10
21825.0  3.1243e-10
21830.0  3.12096e-10
21835.0  3.11762e-10
21840.0  3.11428e-10
21845.0  3.11094e-10
21850.0  3.10763e-10
21855.0  3.10429e-10
21860.0  3.10098e-10
21865.0  3.09764e-10
21870.0  3.09432e-10
21875.0  3.091e-10
21880.0  3.08769e-10
21885.0  3.08438e-10
21890.0  3.08107e-10
21895.0  3.07777e-10
21900.0  3.07446e-10
21905.0  3.07115e-10
21910.0  3.06786e-10
21915.0  3.06457e-10
21920.0  3.06127e-10
21925.0  3.05797e-10
21930.0  3.0547e-10
21935.0  3.05143e-10
21940.0  3.04813e-10
21945.0  3.04486e-10
21950.0  3.04159e-10
21955.0  3.03832e-10
21960.0  3.03505e-10
21965.0  3.03178e-10
21970.0  3.02851e-10
21975.0  3.02524e-10
21980.0  3.02198e-10
21985.0  3.01874e-10
21990.0  3.01548e-10
21995.0  3.01224e-10
22000.0  3.00897e-10
22005.0  3.00574e-10
22010.0  3.0025e-10
22015.0  2.99924e-10
22020.0  2.996e-10
22025.0  2.99278e-10
22030.0  2.98954e-10
22035.0  2.98631e-10
22040.0  2.98308e-10
22045.0  2.97988e-10
22050.0  2.97665e-10
22055.0  2.97343e-10
22060.0  2.97022e-10
22065.0  2.967e-10
22070.0  2.9638e-10
22075.0  2.96059e-10
22080.0  2.95737e-10
22085.0  2.95417e-10
22090.0  2.95098e-10
22095.0  2.94778e-10
22100.0  2.94459e-10
22105.0  2.9414e-10
22110.0  2.93823e-10
22115.0  2.93504e-10
22120.0  2.93185e-10
22125.0  2.92868e-10
22130.0  2.92549e-10
22135.0  2.92232e-10
22140.0  2.91913e-10
22145.0  2.91597e-10
22150.0  2.91281e-10
22155.0  2.90965e-10
22160.0  2.9065e-10
22165.0  2.90333e-10
22170.0  2.90018e-10
22175.0  2.89702e-10
22180.0  2.89387e-10
22185.0  2.89073e-10
22190.0  2.88758e-10
22195.0  2.88443e-10
22200.0  2.8813e-10
22205.0  2.87815e-10
22210.0  2.87502e-10
22215.0  2.87189e-10
22220.0  2.86878e-10
22225.0  2.86565e-10
22230.0  2.86254e-10
22235.0  2.85941e-10
22240.0  2.85628e-10
22245.0  2.85317e-10
22250.0  2.85005e-10
22255.0  2.84695e-10
22260.0  2.84384e-10
22265.0  2.84072e-10
22270.0  2.83763e-10
22275.0  2.83454e-10
22280.0  2.83143e-10
22285.0  2.82833e-10
22290.0  2.82525e-10
22295.0  2.82217e-10
22300.0  2.81908e-10
22305.0  2.81599e-10
22310.0  2.81291e-10
22315.0  2.80982e-10
22320.0  2.80677e-10
22325.0  2.80369e-10
22330.0  2.80061e-10
22335.0  2.79755e-10
22340.0  2.79448e-10
22345.0  2.79142e-10
22350.0  2.78837e-10
22355.0  2.78533e-10
22360.0  2.78227e-10
22365.0  2.7792e-10
22370.0  2.77615e-10
22375.0  2.77313e-10
22380.0  2.77008e-10
22385.0  2.76703e-10
22390.0  2.76399e-10
22395.0  2.76097e-10
22400.0  2.75793e-10
22405.0  2.75491e-10
22410.0  2.75186e-10
22415.0  2.74885e-10
22420.0  2.74584e-10
22425.0  2.7428e-10
22430.0  2.73978e-10
22435.0  2.73677e-10
22440.0  2.73376e-10
22445.0  2.73075e-10
22450.0  2.72774e-10
22455.0  2.72475e-10
22460.0  2.72175e-10
22465.0  2.71874e-10
22470.0  2.71575e-10
22475.0  2.71276e-10
22480.0  2.70977e-10
22485.0  2.70679e-10
22490.0  2.70379e-10
22495.0  2.70081e-10
22500.0  2.69783e-10
22505.0  2.69486e-10
22510.0  2.69188e-10
22515.0  2.68891e-10
22520.0  2.68594e-10
22525.0  2.68299e-10
22530.0  2.68002e-10
22535.0  2.67705e-10
22540.0  2.6741e-10
22545.0  2.67114e-10
22550.0  2.66819e-10
22555.0  2.66525e-10
22560.0  2.66229e-10
22565.0  2.65935e-10
22570.0  2.6564e-10
22575.0  2.65347e-10
22580.0  2.65053e-10
22585.0  2.64759e-10
22590.0  2.64465e-10
22595.0  2.64172e-10
22600.0  2.63881e-10
22605.0  2.63588e-10
22610.0  2.63297e-10
22615.0  2.63004e-10
22620.0  2.62712e-10
22625.0  2.6242e-10
22630.0  2.62129e-10
22635.0  2.61839e-10
22640.0  2.61549e-10
22645.0  2.61259e-10
22650.0  2.60969e-10
22655.0  2.60678e-10
22660.0  2.60388e-10
22665.0  2.60099e-10
22670.0  2.59811e-10
22675.0  2.59521e-10
22680.0  2.59231e-10
22685.0  2.58944e-10
22690.0  2.58655e-10
22695.0  2.58368e-10
22700.0  2.58081e-10
22705.0  2.57795e-10
22710.0  2.57508e-10
22715.0  2.57219e-10
22720.0  2.56932e-10
22725.0  2.56649e-10
22730.0  2.56362e-10
22735.0  2.56076e-10
22740.0  2.5579e-10
22745.0  2.55506e-10
22750.0  2.5522e-10
22755.0  2.54934e-10
22760.0  2.54651e-10
22765.0  2.54368e-10
22770.0  2.54082e-10
22775.0  2.53798e-10
22780.0  2.53516e-10
22785.0  2.53233e-10
22790.0  2.5295e-10
22795.0  2.52667e-10
22800.0  2.52385e-10
22805.0  2.52103e-10
22810.0  2.51822e-10
22815.0  2.5154e-10
22820.0  2.51257e-10
22825.0  2.50977e-10
22830.0  2.50696e-10
22835.0  2.50416e-10
22840.0  2.50136e-10
22845.0  2.49855e-10
22850.0  2.49575e-10
22855.0  2.49296e-10
22860.0  2.49016e-10
22865.0  2.48737e-10
22870.0  2.48458e-10
22875.0  2.4818e-10
22880.0  2.47903e-10
22885.0  2.47625e-10
22890.0  2.47346e-10
22895.0  2.4707e-10
22900.0  2.46791e-10
22905.0  2.46516e-10
22910.0  2.46239e-10
22915.0  2.45961e-10
22920.0  2.45685e-10
22925.0  2.4541e-10
22930.0  2.45134e-10
22935.0  2.44858e-10
22940.0  2.44584e-10
22945.0  2.44308e-10
22950.0  2.44033e-10
22955.0  2.4376e-10
22960.0  2.43485e-10
22965.0  2.4321e-10
22970.0  2.42937e-10
22975.0  2.42662e-10
22980.0  2.4239e-10
22985.0  2.42118e-10
22990.0  2.41846e-10
22995.0  2.41572e-10
23000.0  2.413e-10
23005.0  2.41028e-10
23010.0  2.40756e-10
23015.0  2.40485e-10
23020.0  2.40215e-10
23025.0  2.39944e-10
23030.0  2.39673e-10
23035.0  2.39401e-10
23040.0  2.39132e-10
23045.0  2.38862e-10
23050.0  2.38593e-10
23055.0  2.38324e-10
23060.0  2.38053e-10
23065.0  2.37784e-10
23070.0  2.37516e-10
23075.0  2.37248e-10
23080.0  2.3698e-10
23085.0  2.36712e-10
23090.0  2.36444e-10
23095.0  2.36176e-10
23100.0  2.35911e-10
23105.0  2.35643e-10
23110.0  2.35376e-10
23115.0  2.3511e-10
23120.0  2.34843e-10
23125.0  2.34578e-10
23130.0  2.34313e-10
23135.0  2.34046e-10
23140.0  2.33781e-10
23145.0  2.33516e-10
23150.0  2.33252e-10
23155.0  2.32988e-10
23160.0  2.32723e-10
23165.0  2.32459e-10
23170.0  2.32195e-10
23175.0  2.31933e-10
23180.0  2.3167e-10
23185.0  2.31408e-10
23190.0  2.31145e-10
23195.0  2.30882e-10
23200.0  2.30619e-10
23205.0  2.30358e-10
23210.0  2.30097e-10
23215.0  2.29836e-10
23220.0  2.29572e-10
23225.0  2.29311e-10
23230.0  2.2905e-10
23235.0  2.2879e-10
23240.0  2.28532e-10
23245.0  2.28272e-10
23250.0  2.28011e-10
23255.0  2.27754e-10
23260.0  2.27493e-10
23265.0  2.27232e-10
23270.0  2.26975e-10
23275.0  2.26717e-10
23280.0  2.26458e-10
23285.0  2.262e-10
23290.0  2.25943e-10
23295.0  2.25686e-10
23300.0  2.25429e-10
23305.0  2.25171e-10
23310.0  2.24915e-10
23315.0  2.24657e-10
23320.0  2.24401e-10
23325.0  2.24146e-10
23330.0  2.2389e-10
23335.0  2.23633e-10
23340.0  2.23379e-10
23345.0  2.23125e-10
23350.0  2.22869e-10
23355.0  2.22615e-10
23360.0  2.22361e-10
23365.0  2.22105e-10
23370.0  2.21851e-10
23375.0  2.21598e-10
23380.0  2.21345e-10
23385.0  2.21091e-10
23390.0  2.20841e-10
23395.0  2.20588e-10
23400.0  2.20334e-10
23405.0  2.20081e-10
23410.0  2.19831e-10
23415.0  2.19578e-10
23420.0  2.19328e-10
23425.0  2.19077e-10
23430.0  2.18825e-10
23435.0  2.18575e-10
23440.0  2.18325e-10
23445.0  2.18075e-10
23450.0  2.17825e-10
23455.0  2.17576e-10
23460.0  2.17326e-10
23465.0  2.17076e-10
23470.0  2.16827e-10
23475.0  2.1658e-10
23480.0  2.16331e-10
23485.0  2.16081e-10
23490.0  2.15834e-10
23495.0  2.15586e-10
23500.0  2.15339e-10
23505.0  2.15092e-10
23510.0  2.14844e-10
23515.0  2.14597e-10
23520.0  2.14351e-10
23525.0  2.14105e-10
23530.0  2.13859e-10
23535.0  2.13613e-10
23540.0  2.13367e-10
23545.0  2.13121e-10
23550.0  2.12878e-10
23555.0  2.12632e-10
23560.0  2.12386e-10
23565.0  2.12143e-10
23570.0  2.11898e-10
23575.0  2.11655e-10
23580.0  2.11413e-10
23585.0  2.11167e-10
23590.0  2.10924e-10
23595.0  2.10681e-10
23600.0  2.10439e-10
23605.0  2.10197e-10
23610.0  2.09954e-10
23615.0  2.09712e-10
23620.0  2.0947e-10
23625.0  2.09231e-10
23630.0  2.08988e-10
23635.0  2.08747e-10
23640.0  2.08507e-10
23645.0  2.08266e-10
23650.0  2.08026e-10
23655.0  2.07787e-10
23660.0  2.07545e-10
23665.0  2.07306e-10
23670.0  2.07067e-10
23675.0  2.06829e-10
23680.0  2.0659e-10
23685.0  2.06351e-10
23690.0  2.06113e-10
23695.0  2.05874e-10
23700.0  2.05635e-10
23705.0  2.05397e-10
23710.0  2.05161e-10
23715.0  2.04923e-10
23720.0  2.04687e-10
23725.0  2.04449e-10
23730.0  2.04214e-10
23735.0  2.03978e-10
23740.0  2.0374e-10
23745.0  2.03505e-10
23750.0  2.03269e-10
23755.0  2.03035e-10
23760.0  2.02799e-10
23765.0  2.02564e-10
23770.0  2.02329e-10
23775.0  2.02094e-10
23780.0  2.0186e-10
23785.0  2.01627e-10
23790.0  2.01393e-10
23795.0  2.01161e-10
23800.0  2.00927e-10
23805.0  2.00695e-10
23810.0  2.0046e-10
23815.0  2.00228e-10
23820.0  1.99997e-10
23825.0  1.99765e-10
23830.0  1.99531e-10
23835.0  1.99299e-10
23840.0  1.99068e-10
23845.0  1.98839e-10
23850.0  1.98609e-10
23855.0  1.98377e-10
23860.0  1.98146e-10
23865.0  1.97915e-10
23870.0  1.97686e-10
23875.0  1.97456e-10
23880.0  1.97227e-10
23885.0  1.96997e-10
23890.0  1.96769e-10
23895.0  1.96541e-10
23900.0  1.96313e-10
23905.0  1.96082e-10
23910.0  1.95854e-10
23915.0  1.95626e-10
23920.0  1.95399e-10
23925.0  1.95171e-10
23930.0  1.94946e-10
23935.0  1.94719e-10
23940.0  1.94491e-10
23945.0  1.94264e-10
23950.0  1.94039e-10
23955.0  1.93812e-10
23960.0  1.93587e-10
23965.0  1.9336e-10
23970.0  1.93136e-10
23975.0  1.92912e-10
23980.0  1.92687e-10
23985.0  1.92461e-10
23990.0  1.92236e-10
23995.0  1.92012e-10
24000.0  1.91788e-10
24005.0  1.91564e-10
24010.0  1.91343e-10
24015.0  1.9112e-10
24020.0  1.90896e-10
24025.0  1.90675e-10
24030.0  1.90451e-10
24035.0  1.90227e-10
24040.0  1.90007e-10
24045.0  1.89786e-10
24050.0  1.89563e-10
24055.0  1.89342e-10
24060.0  1.89121e-10
24065.0  1.88901e-10
24070.0  1.88677e-10
24075.0  1.88457e-10
24080.0  1.88237e-10
24085.0  1.88019e-10
24090.0  1.87799e-10
24095.0  1.87578e-10
24100.0  1.87359e-10
24105.0  1.87141e-10
24110.0  1.86921e-10
24115.0  1.86701e-10
24120.0  1.86484e-10
24125.0  1.86267e-10
24130.0  1.86048e-10
24135.0  1.85831e-10
24140.0  1.85613e-10
24145.0  1.85397e-10
24150.0  1.8518e-10
24155.0  1.84961e-10
24160.0  1.84746e-10
24165.0  1.8453e-10
24170.0  1.84314e-10
24175.0  1.84097e-10
24180.0  1.8388e-10
24185.0  1.83666e-10
24190.0  1.8345e-10
24195.0  1.83234e-10
24200.0  1.83021e-10
24205.0  1.82807e-10
24210.0  1.82591e-10
24215.0  1.82378e-10
24220.0  1.82165e-10
24225.0  1.81952e-10
24230.0  1.81736e-10
24235.0  1.81522e-10
24240.0  1.81309e-10
24245.0  1.81096e-10
24250.0  1.80886e-10
24255.0  1.80674e-10
24260.0  1.80461e-10
24265.0  1.80248e-10
24270.0  1.80037e-10
24275.0  1.79825e-10
24280.0  1.79615e-10
24285.0  1.79403e-10
24290.0  1.79193e-10
24295.0  1.78984e-10
24300.0  1.78771e-10
24305.0  1.78561e-10
24310.0  1.78352e-10
24315.0  1.78143e-10
24320.0  1.77934e-10
24325.0  1.77724e-10
24330.0  1.77515e-10
24335.0  1.77306e-10
24340.0  1.77096e-10
24345.0  1.7689e-10
24350.0  1.76681e-10
24355.0  1.76472e-10
24360.0  1.76266e-10
24365.0  1.7606e-10
24370.0  1.75851e-10
24375.0  1.75645e-10
24380.0  1.75436e-10
24385.0  1.7523e-10
24390.0  1.75025e-10
24395.0  1.74819e-10
24400.0  1.74613e-10
24405.0  1.74407e-10
24410.0  1.74202e-10
24415.0  1.73996e-10
24420.0  1.73791e-10
24425.0  1.73588e-10
24430.0  1.73383e-10
24435.0  1.73177e-10
24440.0  1.72974e-10
24445.0  1.7277e-10
24450.0  1.72567e-10
24455.0  1.72362e-10
24460.0  1.72159e-10
24465.0  1.71958e-10
24470.0  1.71755e-10
24475.0  1.71553e-10
24480.0  1.71348e-10
24485.0  1.71146e-10
24490.0  1.70944e-10
24495.0  1.70745e-10
24500.0  1.70544e-10
24505.0  1.70341e-10
24510.0  1.7014e-10
24515.0  1.69941e-10
24520.0  1.69739e-10
24525.0  1.69538e-10
24530.0  1.69338e-10
24535.0  1.6914e-10
24540.0  1.68939e-10
24545.0  1.6874e-10
24550.0  1.68541e-10
24555.0  1.6834e-10
24560.0  1.68141e-10
24565.0  1.67943e-10
24570.0  1.67744e-10
24575.0  1.67546e-10
24580.0  1.67348e-10
24585.0  1.67153e-10
24590.0  1.66955e-10
24595.0  1.66756e-10
24600.0  1.66559e-10
24605.0  1.66363e-10
24610.0  1.66166e-10
24615.0  1.6597e-10
24620.0  1.65772e-10
24625.0  1.65578e-10
24630.0  1.65383e-10
24635.0  1.65188e-10
24640.0  1.64991e-10
24645.0  1.64795e-10
24650.0  1.64601e-10
24655.0  1.64406e-10
24660.0  1.64211e-10
24665.0  1.64017e-10
24670.0  1.63822e-10
24675.0  1.63631e-10
24680.0  1.63436e-10
24685.0  1.63242e-10
24690.0  1.6305e-10
24695.0  1.62856e-10
24700.0  1.62664e-10
24705.0  1.62471e-10
24710.0  1.62279e-10
24715.0  1.62088e-10
24720.0  1.61894e-10
24725.0  1.61703e-10
24730.0  1.61512e-10
24735.0  1.6132e-10
24740.0  1.61129e-10
24745.0  1.60939e-10
24750.0  1.60747e-10
24755.0  1.60557e-10
24760.0  1.60369e-10
24765.0  1.60178e-10
24770.0  1.59988e-10
24775.0  1.598e-10
24780.0  1.59609e-10
24785.0  1.59421e-10
24790.0  1.59231e-10
24795.0  1.59043e-10
24800.0  1.58853e-10
24805.0  1.58665e-10
24810.0  1.58478e-10
24815.0  1.5829e-10
24820.0  1.58103e-10
24825.0  1.57916e-10
24830.0  1.57728e-10
24835.0  1.57541e-10
24840.0  1.57354e-10
24845.0  1.57167e-10
24850.0  1.56982e-10
24855.0  1.56796e-10
24860.0  1.56609e-10
24865.0  1.56424e-10
24870.0  1.56238e-10
24875.0  1.56053e-10
24880.0  1.55867e-10
24885.0  1.55683e-10
24890.0  1.55499e-10
24895.0  1.55315e-10
24900.0  1.55128e-10
24905.0  1.54944e-10
24910.0  1.54761e-10
24915.0  1.54577e-10
24920.0  1.54393e-10
24925.0  1.5421e-10
24930.0  1.54029e-10
24935.0  1.53846e-10
24940.0  1.53663e-10
24945.0  1.53482e-10
24950.0  1.53299e-10
24955.0  1.53115e-10
24960.0  1.52935e-10
24965.0  1.52755e-10
24970.0  1.52572e-10
24975.0  1.52392e-10
24980.0  1.52211e-10
24985.0  1.52029e-10
24990.0  1.51848e-10
24995.0  1.32728e-10
25000.0  1.89547e-11
