# Extracted from file: pickles_uk_101.fits
#SIMPLETrueFits standard
#BITPIX16Bits per pixel
#NAXIS0Number of axes
#EXTENDTrueFile may contain extensions
#DATE2007-01-11T21:02:25Date FITS file was generated
#IRAF-TLM16:02:41 (11/01/2007)Time of last modification
#COMMENT  FITS (Flexible Image Transport System) format is defined in 'Astronomy
#COMMENT  and Astrophysics', volume 376, page 359; bibcode: 2001A&A...376..359H
#ORIGINSTScI-STSDAS/TABLESTables version 2002-02-22
#FILENAMEpickles_uk_101.fitsname of file
#NEXTEND1number of extensions in file
#COMMENT1spectral type: M6III
#COMMENT2metallicity: solar
#COMMENT3original filename: ukm6iii.dat
#HISTORY  File created by F.R.Boffi.
#HISTORY  SEDs from Pickles UVKLIB Library (1998, PASP 110, 863).
#HISTORY  Wavelength is in Angstrom.
#HISTORY  Fluxes are tabulated in units of erg/s/cm^2/A
#HISTORY  and were calculated by normalizing the original fluxes
#HISTORY  in the Pickles V band to a 0 magnitude in vegamag.
#HISTORY  In the vegamag system, Vega has magnitude zero in all passbands.
#HISTORY  Please refer to the SYNPHOT manual for further information.
#
#
#
#
#
#
#
#
#
#
#
#
#
#  
#Columns WAVELENGTH FLUX
#Units  angstroms flam
1150.0  0.0
1155.0  0.0
1160.0  0.0
1165.0  0.0
1170.0  0.0
1175.0  0.0
1180.0  0.0
1185.0  0.0
1190.0  0.0
1195.0  0.0
1200.0  0.0
1205.0  0.0
1210.0  0.0
1215.0  0.0
1220.0  0.0
1225.0  0.0
1230.0  0.0
1235.0  0.0
1240.0  0.0
1245.0  0.0
1250.0  0.0
1255.0  0.0
1260.0  0.0
1265.0  0.0
1270.0  0.0
1275.0  0.0
1280.0  0.0
1285.0  0.0
1290.0  0.0
1295.0  0.0
1300.0  0.0
1305.0  0.0
1310.0  0.0
1315.0  0.0
1320.0  0.0
1325.0  0.0
1330.0  0.0
1335.0  0.0
1340.0  0.0
1345.0  0.0
1350.0  0.0
1355.0  0.0
1360.0  0.0
1365.0  0.0
1370.0  0.0
1375.0  0.0
1380.0  0.0
1385.0  0.0
1390.0  0.0
1395.0  0.0
1400.0  0.0
1405.0  0.0
1410.0  0.0
1415.0  0.0
1420.0  0.0
1425.0  0.0
1430.0  0.0
1435.0  0.0
1440.0  0.0
1445.0  0.0
1450.0  0.0
1455.0  0.0
1460.0  0.0
1465.0  0.0
1470.0  0.0
1475.0  0.0
1480.0  0.0
1485.0  0.0
1490.0  0.0
1495.0  0.0
1500.0  0.0
1505.0  0.0
1510.0  0.0
1515.0  0.0
1520.0  0.0
1525.0  0.0
1530.0  0.0
1535.0  0.0
1540.0  0.0
1545.0  0.0
1550.0  0.0
1555.0  0.0
1560.0  0.0
1565.0  0.0
1570.0  0.0
1575.0  0.0
1580.0  0.0
1585.0  0.0
1590.0  0.0
1595.0  0.0
1600.0  0.0
1605.0  0.0
1610.0  0.0
1615.0  0.0
1620.0  0.0
1625.0  0.0
1630.0  0.0
1635.0  0.0
1640.0  0.0
1645.0  0.0
1650.0  0.0
1655.0  0.0
1660.0  0.0
1665.0  0.0
1670.0  0.0
1675.0  0.0
1680.0  0.0
1685.0  0.0
1690.0  0.0
1695.0  0.0
1700.0  0.0
1705.0  0.0
1710.0  0.0
1715.0  0.0
1720.0  0.0
1725.0  0.0
1730.0  0.0
1735.0  0.0
1740.0  0.0
1745.0  0.0
1750.0  0.0
1755.0  0.0
1760.0  0.0
1765.0  0.0
1770.0  0.0
1775.0  0.0
1780.0  0.0
1785.0  0.0
1790.0  0.0
1795.0  0.0
1800.0  0.0
1805.0  0.0
1810.0  0.0
1815.0  0.0
1820.0  0.0
1825.0  0.0
1830.0  0.0
1835.0  0.0
1840.0  0.0
1845.0  0.0
1850.0  0.0
1855.0  0.0
1860.0  0.0
1865.0  0.0
1870.0  0.0
1875.0  0.0
1880.0  0.0
1885.0  0.0
1890.0  0.0
1895.0  0.0
1900.0  0.0
1905.0  0.0
1910.0  0.0
1915.0  0.0
1920.0  0.0
1925.0  0.0
1930.0  0.0
1935.0  0.0
1940.0  0.0
1945.0  0.0
1950.0  0.0
1955.0  0.0
1960.0  0.0
1965.0  0.0
1970.0  0.0
1975.0  0.0
1980.0  0.0
1985.0  0.0
1990.0  0.0
1995.0  0.0
2000.0  0.0
2005.0  0.0
2010.0  0.0
2015.0  0.0
2020.0  0.0
2025.0  0.0
2030.0  0.0
2035.0  0.0
2040.0  0.0
2045.0  0.0
2050.0  0.0
2055.0  0.0
2060.0  4.62143e-16
2065.0  3.22828e-15
2070.0  3.68819e-15
2075.0  4.15033e-15
2080.0  7.3786e-15
2085.0  1.06047e-14
2090.0  1.15267e-14
2095.0  1.42929e-14
2100.0  1.52149e-14
2105.0  1.7981e-14
2110.0  1.89031e-14
2115.0  2.21313e-14
2120.0  2.53574e-14
2125.0  2.58173e-14
2130.0  2.62795e-14
2135.0  2.90456e-14
2140.0  2.95056e-14
2145.0  2.95055e-14
2150.0  2.95055e-14
2155.0  2.90434e-14
2160.0  2.62773e-14
2165.0  2.58174e-14
2170.0  2.53553e-14
2175.0  2.25891e-14
2180.0  2.21292e-14
2185.0  2.21291e-14
2190.0  2.25912e-14
2195.0  2.58195e-14
2200.0  2.95076e-14
2205.0  3.36579e-14
2210.0  4.05743e-14
2215.0  4.84128e-14
2220.0  5.94794e-14
2225.0  7.37721e-14
2230.0  8.89869e-14
2235.0  1.0743e-13
2240.0  1.29561e-13
2245.0  1.55381e-13
2250.0  1.84426e-13
2255.0  2.14393e-13
2260.0  2.47589e-13
2265.0  2.83549e-13
2270.0  3.17665e-13
2275.0  3.53625e-13
2280.0  3.86816e-13
2285.0  4.16782e-13
2290.0  4.45825e-13
2295.0  4.71641e-13
2300.0  4.93768e-13
2305.0  5.11745e-13
2310.0  5.22806e-13
2315.0  5.26489e-13
2320.0  5.22797e-13
2325.0  5.11267e-13
2330.0  4.89594e-13
2335.0  4.59623e-13
2340.0  4.19046e-13
2345.0  3.67406e-13
2350.0  3.05162e-13
2355.0  2.35083e-13
2360.0  1.59013e-13
2365.0  8.57134e-14
2370.0  2.44119e-14
2375.0  2.30027e-15
2380.0  0.0
2385.0  0.0
2390.0  0.0
2395.0  1.01637e-14
2400.0  8.81122e-14
2405.0  2.24142e-13
2410.0  4.10881e-13
2415.0  6.26634e-13
2420.0  7.76401e-13
2425.0  7.40321e-13
2430.0  5.17663e-13
2435.0  5.95371e-13
2440.0  1.10753e-12
2445.0  1.01912e-12
2450.0  4.86642e-13
2455.0  3.27314e-13
2460.0  3.44373e-13
2465.0  2.58119e-13
2470.0  1.57167e-13
2475.0  9.30989e-14
2480.0  4.37778e-14
2485.0  2.16691e-14
2490.0  5.30501e-14
2495.0  1.44813e-13
2500.0  2.44845e-13
2505.0  3.0799e-13
2510.0  3.44388e-13
2515.0  2.99607e-13
2520.0  1.41942e-13
2525.0  1.42983e-13
2530.0  3.55993e-13
2535.0  3.90881e-13
2540.0  1.37738e-13
2545.0  1.97652e-13
2550.0  1.51528e-12
2555.0  3.12398e-12
2560.0  3.60203e-12
2565.0  3.4894e-12
2570.0  3.28789e-12
2575.0  3.05432e-12
2580.0  3.63068e-12
2585.0  5.10217e-12
2590.0  5.24198e-12
2595.0  4.19457e-12
2600.0  4.40737e-12
2605.0  5.81933e-12
2610.0  7.25293e-12
2615.0  7.99658e-12
2620.0  7.80124e-12
2625.0  7.69918e-12
2630.0  1.03024e-11
2635.0  1.39714e-11
2640.0  1.37563e-11
2645.0  9.78325e-12
2650.0  6.97094e-12
2655.0  1.07769e-11
2660.0  1.45393e-11
2665.0  1.05832e-11
2670.0  6.69213e-12
2675.0  8.62083e-12
2680.0  1.38789e-11
2685.0  1.63654e-11
2690.0  1.4143e-11
2695.0  1.22804e-11
2700.0  1.24197e-11
2705.0  1.2259e-11
2710.0  9.73281e-12
2715.0  5.44666e-12
2720.0  2.97783e-12
2725.0  3.74901e-12
2730.0  5.97037e-12
2735.0  5.70815e-12
2740.0  3.70849e-12
2745.0  4.17194e-12
2750.0  5.31035e-12
2755.0  3.6832e-12
2760.0  4.169e-12
2765.0  4.95896e-12
2770.0  5.09352e-12
2775.0  5.68896e-12
2780.0  6.45577e-12
2785.0  5.66387e-12
2790.0  3.41185e-12
2795.0  1.2821e-12
2800.0  1.62723e-12
2805.0  3.98134e-12
2810.0  5.04431e-12
2815.0  5.41265e-12
2820.0  5.91812e-12
2825.0  5.00145e-12
2830.0  3.29155e-12
2835.0  2.31215e-12
2840.0  1.53207e-12
2845.0  6.66797e-13
2850.0  2.18422e-13
2855.0  1.66015e-13
2860.0  4.3079e-13
2865.0  1.00575e-12
2870.0  1.51691e-12
2875.0  1.72159e-12
2880.0  2.3125e-12
2885.0  3.93949e-12
2890.0  6.55784e-12
2895.0  1.01375e-11
2900.0  1.78518e-11
2905.0  1.61995e-11
2910.0  1.74691e-11
2915.0  2.94345e-11
2920.0  3.21882e-11
2925.0  1.96892e-11
2930.0  1.79025e-11
2935.0  2.48862e-11
2940.0  2.55533e-11
2945.0  2.55372e-11
2950.0  2.84963e-11
2955.0  2.13609e-11
2960.0  1.79261e-11
2965.0  1.29172e-11
2970.0  1.32316e-11
2975.0  1.42356e-11
2980.0  9.95473e-12
2985.0  1.09313e-11
2990.0  1.65454e-11
2995.0  1.50985e-11
3000.0  1.19429e-11
3005.0  1.34877e-11
3010.0  1.49536e-11
3015.0  1.24759e-11
3020.0  8.64143e-12
3025.0  1.38476e-11
3030.0  2.49771e-11
3035.0  2.62153e-11
3040.0  2.08851e-11
3045.0  1.75745e-11
3050.0  1.79556e-11
3055.0  2.22122e-11
3060.0  2.8335e-11
3065.0  3.05343e-11
3070.0  3.11961e-11
3075.0  3.77896e-11
3080.0  4.42301e-11
3085.0  4.30388e-11
3090.0  3.66251e-11
3095.0  3.702e-11
3100.0  5.28684e-11
3105.0  7.03247e-11
3110.0  8.55685e-11
3115.0  1.1381e-10
3120.0  1.31501e-10
3125.0  1.15798e-10
3130.0  1.03731e-10
3135.0  1.01198e-10
3140.0  8.50501e-11
3145.0  9.28503e-11
3150.0  1.22832e-10
3155.0  1.01587e-10
3160.0  8.77534e-11
3165.0  1.30253e-10
3170.0  1.91884e-10
3175.0  2.10513e-10
3180.0  1.68758e-10
3185.0  1.19248e-10
3190.0  1.02431e-10
3195.0  9.80292e-11
3200.0  1.22878e-10
3205.0  1.77247e-10
3210.0  1.84742e-10
3215.0  1.19945e-10
3220.0  7.82163e-11
3225.0  9.5861e-11
3230.0  1.26675e-10
3235.0  1.1536e-10
3240.0  1.19749e-10
3245.0  2.22343e-10
3250.0  2.82116e-10
3255.0  2.27635e-10
3260.0  2.12244e-10
3265.0  2.37762e-10
3270.0  2.28038e-10
3275.0  2.37495e-10
3280.0  2.81647e-10
3285.0  3.12826e-10
3290.0  3.51913e-10
3295.0  3.93699e-10
3300.0  3.58565e-10
3305.0  2.54975e-10
3310.0  1.69255e-10
3315.0  1.36844e-10
3320.0  1.64186e-10
3325.0  2.3375e-10
3330.0  2.63606e-10
3335.0  2.04341e-10
3340.0  1.57705e-10
3345.0  1.85985e-10
3350.0  2.44173e-10
3355.0  2.37563e-10
3360.0  1.4704e-10
3365.0  7.91972e-11
3370.0  1.0938e-10
3375.0  2.21299e-10
3380.0  2.94551e-10
3385.0  2.79657e-10
3390.0  2.33524e-10
3395.0  2.25217e-10
3400.0  2.62806e-10
3405.0  2.76274e-10
3410.0  2.50813e-10
3415.0  2.41001e-10
3420.0  3.17465e-10
3425.0  4.40827e-10
3430.0  4.42455e-10
3435.0  3.21915e-10
3440.0  2.08332e-10
3445.0  2.12846e-10
3450.0  2.98862e-10
3455.0  3.40385e-10
3460.0  3.75804e-10
3465.0  4.08593e-10
3470.0  3.26799e-10
3475.0  2.51351e-10
3480.0  3.26245e-10
3485.0  3.88038e-10
3490.0  3.58631e-10
3495.0  3.30336e-10
3500.0  3.55581e-10
3505.0  4.06129e-10
3510.0  3.88271e-10
3515.0  3.00903e-10
3520.0  2.20278e-10
3525.0  3.04317e-10
3530.0  5.63103e-10
3535.0  7.62252e-10
3540.0  8.50326e-10
3545.0  8.63362e-10
3550.0  7.98876e-10
3555.0  7.07729e-10
3560.0  6.17375e-10
3565.0  4.75747e-10
3570.0  2.88961e-10
3575.0  1.49355e-10
3580.0  1.32011e-10
3585.0  2.01451e-10
3590.0  2.01117e-10
3595.0  1.695e-10
3600.0  2.45982e-10
3605.0  3.19881e-10
3610.0  3.33171e-10
3615.0  4.12893e-10
3620.0  5.10246e-10
3625.0  5.02001e-10
3630.0  4.42234e-10
3635.0  4.64809e-10
3640.0  6.23395e-10
3645.0  6.89823e-10
3650.0  6.84825e-10
3655.0  9.61756e-10
3660.0  1.1835e-09
3665.0  9.63444e-10
3670.0  8.44794e-10
3675.0  8.84967e-10
3680.0  6.06692e-10
3685.0  4.41229e-10
3690.0  7.68227e-10
3695.0  1.18869e-09
3700.0  1.28524e-09
3705.0  9.01743e-10
3710.0  5.58137e-10
3715.0  5.49288e-10
3720.0  5.69386e-10
3725.0  4.81366e-10
3730.0  3.62042e-10
3735.0  3.59897e-10
3740.0  4.24931e-10
3745.0  3.79563e-10
3750.0  3.93715e-10
3755.0  5.44627e-10
3760.0  6.08996e-10
3765.0  7.08615e-10
3770.0  1.09055e-09
3775.0  1.6356e-09
3780.0  1.88391e-09
3785.0  1.45747e-09
3790.0  9.56376e-10
3795.0  9.10602e-10
3800.0  1.06523e-09
3805.0  1.14272e-09
3810.0  1.02289e-09
3815.0  7.49712e-10
3820.0  4.78163e-10
3825.0  3.88144e-10
3830.0  4.54321e-10
3835.0  5.95658e-10
3840.0  8.78199e-10
3845.0  1.1221e-09
3850.0  9.99436e-10
3855.0  7.38923e-10
3860.0  6.44353e-10
3865.0  6.91181e-10
3870.0  7.79135e-10
3875.0  7.86648e-10
3880.0  6.03277e-10
3885.0  5.00951e-10
3890.0  8.83822e-10
3895.0  1.21011e-09
3900.0  1.02963e-09
3905.0  9.56233e-10
3910.0  1.13436e-09
3915.0  1.07279e-09
3920.0  7.70547e-10
3925.0  4.6364e-10
3930.0  2.76584e-10
3935.0  2.27016e-10
3940.0  3.10308e-10
3945.0  5.8687e-10
3950.0  8.33611e-10
3955.0  6.82999e-10
3960.0  3.81839e-10
3965.0  2.84863e-10
3970.0  4.31424e-10
3975.0  7.63214e-10
3980.0  1.12157e-09
3985.0  1.28473e-09
3990.0  1.33461e-09
3995.0  1.60509e-09
4000.0  1.89689e-09
4005.0  1.89849e-09
4010.0  1.9107e-09
4015.0  2.11062e-09
4020.0  2.26993e-09
4025.0  2.03276e-09
4030.0  1.56125e-09
4035.0  1.66627e-09
4040.0  2.17932e-09
4045.0  2.4286e-09
4050.0  2.32279e-09
4055.0  1.98508e-09
4060.0  1.71397e-09
4065.0  1.93077e-09
4070.0  2.3974e-09
4075.0  2.20718e-09
4080.0  1.98886e-09
4085.0  2.64405e-09
4090.0  3.16703e-09
4095.0  2.86286e-09
4100.0  2.40385e-09
4105.0  2.28049e-09
4110.0  2.406e-09
4115.0  2.36249e-09
4120.0  2.29572e-09
4125.0  2.63103e-09
4130.0  2.6671e-09
4135.0  2.06765e-09
4140.0  1.65638e-09
4145.0  1.785e-09
4150.0  2.25338e-09
4155.0  2.71217e-09
4160.0  2.73423e-09
4165.0  2.12549e-09
4170.0  1.59136e-09
4175.0  1.68016e-09
4180.0  2.06401e-09
4185.0  2.31797e-09
4190.0  2.25191e-09
4195.0  1.96122e-09
4200.0  1.68981e-09
4205.0  1.65101e-09
4210.0  1.59619e-09
4215.0  1.22671e-09
4220.0  7.85644e-10
4225.0  5.46935e-10
4230.0  6.51567e-10
4235.0  1.02593e-09
4240.0  1.46242e-09
4245.0  1.74577e-09
4250.0  1.7239e-09
4255.0  1.5122e-09
4260.0  1.57455e-09
4265.0  1.76039e-09
4270.0  1.55136e-09
4275.0  1.40477e-09
4280.0  1.6677e-09
4285.0  1.88341e-09
4290.0  1.84662e-09
4295.0  1.7049e-09
4300.0  1.70102e-09
4305.0  1.87553e-09
4310.0  2.00739e-09
4315.0  1.90921e-09
4320.0  1.6592e-09
4325.0  1.72805e-09
4330.0  2.08252e-09
4335.0  2.22051e-09
4340.0  2.23967e-09
4345.0  2.32494e-09
4350.0  2.27984e-09
4355.0  2.26922e-09
4360.0  2.49306e-09
4365.0  2.60153e-09
4370.0  2.50884e-09
4375.0  2.43638e-09
4380.0  2.17673e-09
4385.0  1.83894e-09
4390.0  2.05777e-09
4395.0  2.20768e-09
4400.0  1.58486e-09
4405.0  1.25066e-09
4410.0  1.89698e-09
4415.0  2.88279e-09
4420.0  3.09351e-09
4425.0  2.1183e-09
4430.0  1.25513e-09
4435.0  1.18644e-09
4440.0  1.54606e-09
4445.0  1.97295e-09
4450.0  2.16257e-09
4455.0  1.88375e-09
4460.0  1.3614e-09
4465.0  1.07152e-09
4470.0  1.32459e-09
4475.0  1.98592e-09
4480.0  2.51721e-09
4485.0  2.69915e-09
4490.0  2.56588e-09
4495.0  2.16958e-09
4500.0  1.77075e-09
4505.0  1.67708e-09
4510.0  1.68462e-09
4515.0  1.56562e-09
4520.0  1.47127e-09
4525.0  1.31927e-09
4530.0  1.08663e-09
4535.0  1.8064e-09
4540.0  3.11165e-09
4545.0  2.63647e-09
4550.0  1.39873e-09
4555.0  1.49451e-09
4560.0  1.81064e-09
4565.0  1.81152e-09
4570.0  2.21032e-09
4575.0  2.4031e-09
4580.0  1.83926e-09
4585.0  1.14112e-09
4590.0  1.05945e-09
4595.0  1.63134e-09
4600.0  1.8326e-09
4605.0  1.46996e-09
4610.0  1.35345e-09
4615.0  1.71493e-09
4620.0  2.17627e-09
4625.0  2.0173e-09
4630.0  1.32134e-09
4635.0  8.5178e-10
4640.0  8.75156e-10
4645.0  1.14546e-09
4650.0  1.22362e-09
4655.0  1.64999e-09
4660.0  2.65859e-09
4665.0  2.61383e-09
4670.0  1.67622e-09
4675.0  1.64424e-09
4680.0  1.94297e-09
4685.0  1.95736e-09
4690.0  2.47468e-09
4695.0  3.04158e-09
4700.0  2.78236e-09
4705.0  2.17576e-09
4710.0  1.65378e-09
4715.0  1.25978e-09
4720.0  1.27298e-09
4725.0  1.594e-09
4730.0  1.60047e-09
4735.0  1.77638e-09
4740.0  2.9555e-09
4745.0  4.63895e-09
4750.0  5.43717e-09
4755.0  4.08178e-09
4760.0  1.8685e-09
4765.0  8.78448e-10
4770.0  7.58615e-10
4775.0  9.25878e-10
4780.0  1.38075e-09
4785.0  1.83766e-09
4790.0  2.03793e-09
4795.0  2.01886e-09
4800.0  1.77038e-09
4805.0  1.24869e-09
4810.0  7.61241e-10
4815.0  8.95038e-10
4820.0  2.10562e-09
4825.0  3.10375e-09
4830.0  2.25801e-09
4835.0  1.52127e-09
4840.0  2.12509e-09
4845.0  2.20739e-09
4850.0  1.52733e-09
4855.0  1.35616e-09
4860.0  2.47466e-09
4865.0  3.60359e-09
4870.0  2.93948e-09
4875.0  2.75088e-09
4880.0  4.17086e-09
4885.0  4.41456e-09
4890.0  3.36573e-09
4895.0  2.76955e-09
4900.0  2.97277e-09
4905.0  3.35811e-09
4910.0  3.25158e-09
4915.0  3.16665e-09
4920.0  3.62e-09
4925.0  4.31731e-09
4930.0  4.84059e-09
4935.0  4.80085e-09
4940.0  4.01797e-09
4945.0  3.43433e-09
4950.0  3.94435e-09
4955.0  3.3944e-09
4960.0  1.43905e-09
4965.0  9.22097e-10
4970.0  1.73239e-09
4975.0  2.32445e-09
4980.0  2.86413e-09
4985.0  3.40295e-09
4990.0  3.20029e-09
4995.0  2.34416e-09
5000.0  1.52149e-09
5005.0  1.13921e-09
5010.0  1.11493e-09
5015.0  1.20025e-09
5020.0  1.80522e-09
5025.0  2.8193e-09
5030.0  2.88881e-09
5035.0  2.04098e-09
5040.0  1.61663e-09
5045.0  1.6336e-09
5050.0  1.88686e-09
5055.0  2.81258e-09
5060.0  4.03313e-09
5065.0  4.58921e-09
5070.0  3.96083e-09
5075.0  2.91242e-09
5080.0  2.90201e-09
5085.0  3.64793e-09
5090.0  4.27789e-09
5095.0  4.50079e-09
5100.0  4.51469e-09
5105.0  4.84041e-09
5110.0  5.91342e-09
5115.0  6.76394e-09
5120.0  5.84039e-09
5125.0  4.6471e-09
5130.0  4.75868e-09
5135.0  5.34039e-09
5140.0  5.44366e-09
5145.0  4.86243e-09
5150.0  4.17811e-09
5155.0  4.45935e-09
5160.0  6.11882e-09
5165.0  6.30232e-09
5170.0  3.37241e-09
5175.0  1.17608e-09
5180.0  1.03619e-09
5185.0  1.27134e-09
5190.0  2.10279e-09
5195.0  3.30337e-09
5200.0  2.96458e-09
5205.0  2.24738e-09
5210.0  3.68462e-09
5215.0  4.66163e-09
5220.0  3.47051e-09
5225.0  2.94883e-09
5230.0  3.71629e-09
5235.0  4.29074e-09
5240.0  3.93141e-09
5245.0  3.08833e-09
5250.0  3.03815e-09
5255.0  4.10674e-09
5260.0  5.2493e-09
5265.0  4.70546e-09
5270.0  3.64056e-09
5275.0  4.45379e-09
5280.0  4.9482e-09
5285.0  4.00845e-09
5290.0  4.27512e-09
5295.0  5.8785e-09
5300.0  6.98031e-09
5305.0  6.44975e-09
5310.0  4.59629e-09
5315.0  3.08838e-09
5320.0  3.50397e-09
5325.0  5.05196e-09
5330.0  4.60007e-09
5335.0  3.03452e-09
5340.0  2.73504e-09
5345.0  2.88132e-09
5350.0  3.13999e-09
5355.0  4.06723e-09
5360.0  4.41757e-09
5365.0  3.55857e-09
5370.0  2.74209e-09
5375.0  2.73735e-09
5380.0  3.49869e-09
5385.0  4.55562e-09
5390.0  5.27826e-09
5395.0  5.10099e-09
5400.0  4.49749e-09
5405.0  4.26813e-09
5410.0  4.59102e-09
5415.0  4.90168e-09
5420.0  4.41765e-09
5425.0  3.94506e-09
5430.0  4.38677e-09
5435.0  5.39063e-09
5440.0  5.92441e-09
5445.0  4.98112e-09
5450.0  3.22111e-09
5455.0  2.00083e-09
5460.0  1.8545e-09
5465.0  2.26412e-09
5470.0  2.60473e-09
5475.0  3.03809e-09
5480.0  3.54978e-09
5485.0  3.82802e-09
5490.0  3.99891e-09
5495.0  3.9952e-09
5500.0  3.14911e-09
5505.0  2.29269e-09
5510.0  3.02016e-09
5515.0  4.41205e-09
5520.0  4.94633e-09
5525.0  4.24501e-09
5530.0  3.47491e-09
5535.0  4.07399e-09
5540.0  5.12632e-09
5545.0  5.26491e-09
5550.0  4.33857e-09
5555.0  3.25123e-09
5560.0  2.86324e-09
5565.0  2.90831e-09
5570.0  3.17541e-09
5575.0  3.70055e-09
5580.0  3.9142e-09
5585.0  3.56856e-09
5590.0  3.2723e-09
5595.0  3.05939e-09
5600.0  2.70849e-09
5605.0  2.37101e-09
5610.0  2.1795e-09
5615.0  2.1602e-09
5620.0  2.21565e-09
5625.0  2.25384e-09
5630.0  2.20736e-09
5635.0  2.06095e-09
5640.0  2.01597e-09
5645.0  2.59993e-09
5650.0  3.42285e-09
5655.0  3.46094e-09
5660.0  2.9085e-09
5665.0  2.46411e-09
5670.0  2.46774e-09
5675.0  2.70153e-09
5680.0  2.75704e-09
5685.0  3.04376e-09
5690.0  3.62599e-09
5695.0  3.63306e-09
5700.0  3.14829e-09
5705.0  3.0225e-09
5710.0  3.1473e-09
5715.0  3.18532e-09
5720.0  3.2893e-09
5725.0  3.54564e-09
5730.0  3.79638e-09
5735.0  3.79687e-09
5740.0  3.65365e-09
5745.0  3.90689e-09
5750.0  4.36221e-09
5755.0  4.30476e-09
5760.0  3.77416e-09
5765.0  3.27079e-09
5770.0  3.12749e-09
5775.0  3.1716e-09
5780.0  3.17167e-09
5785.0  3.29731e-09
5790.0  3.60647e-09
5795.0  3.93385e-09
5800.0  4.13803e-09
5805.0  4.11974e-09
5810.0  3.81583e-09
5815.0  3.37037e-09
5820.0  3.12499e-09
5825.0  3.38318e-09
5830.0  3.7713e-09
5835.0  3.56303e-09
5840.0  3.18309e-09
5845.0  3.16145e-09
5850.0  3.21565e-09
5855.0  3.02215e-09
5860.0  2.51011e-09
5865.0  2.17547e-09
5870.0  2.15054e-09
5875.0  2.05712e-09
5880.0  2.01257e-09
5885.0  2.0008e-09
5890.0  1.97372e-09
5895.0  1.95347e-09
5900.0  1.89058e-09
5905.0  1.80294e-09
5910.0  1.71463e-09
5915.0  1.75411e-09
5920.0  1.81107e-09
5925.0  1.77437e-09
5930.0  1.84882e-09
5935.0  2.03845e-09
5940.0  2.15143e-09
5945.0  2.14522e-09
5950.0  2.10678e-09
5955.0  2.10676e-09
5960.0  2.15493e-09
5965.0  2.24428e-09
5970.0  2.28876e-09
5975.0  2.3505e-09
5980.0  2.61772e-09
5985.0  2.863e-09
5990.0  2.96909e-09
5995.0  2.85535e-09
6000.0  2.73941e-09
6005.0  2.71731e-09
6010.0  2.82919e-09
6015.0  3.00879e-09
6020.0  3.0926e-09
6025.0  3.01055e-09
6030.0  3.06128e-09
6035.0  3.15496e-09
6040.0  3.405e-09
6045.0  3.68799e-09
6050.0  3.87182e-09
6055.0  3.86695e-09
6060.0  3.81562e-09
6065.0  3.85936e-09
6070.0  4.16267e-09
6075.0  4.25191e-09
6080.0  4.10896e-09
6085.0  4.15018e-09
6090.0  4.37598e-09
6095.0  4.42926e-09
6100.0  4.54856e-09
6105.0  4.7255e-09
6110.0  4.64117e-09
6115.0  4.57037e-09
6120.0  4.87989e-09
6125.0  5.03183e-09
6130.0  4.91635e-09
6135.0  5.07817e-09
6140.0  5.39754e-09
6145.0  5.06888e-09
6150.0  4.35403e-09
6155.0  3.75363e-09
6160.0  3.10119e-09
6165.0  2.52384e-09
6170.0  2.29795e-09
6175.0  2.21962e-09
6180.0  2.11386e-09
6185.0  1.95949e-09
6190.0  1.94204e-09
6195.0  2.16484e-09
6200.0  2.36854e-09
6205.0  2.35482e-09
6210.0  2.23113e-09
6215.0  2.06992e-09
6220.0  1.9812e-09
6225.0  1.88065e-09
6230.0  1.86712e-09
6235.0  2.00272e-09
6240.0  2.18996e-09
6245.0  2.29584e-09
6250.0  2.37727e-09
6255.0  2.3828e-09
6260.0  2.47327e-09
6265.0  2.6754e-09
6270.0  2.79435e-09
6275.0  2.78343e-09
6280.0  2.83524e-09
6285.0  3.01005e-09
6290.0  3.12554e-09
6295.0  3.16861e-09
6300.0  3.35579e-09
6305.0  3.67428e-09
6310.0  3.94306e-09
6315.0  4.02403e-09
6320.0  3.95755e-09
6325.0  3.91273e-09
6330.0  4.10991e-09
6335.0  4.35167e-09
6340.0  4.38509e-09
6345.0  4.32771e-09
6350.0  4.36133e-09
6355.0  4.48981e-09
6360.0  4.51225e-09
6365.0  4.39952e-09
6370.0  4.90372e-09
6375.0  5.709e-09
6380.0  5.76875e-09
6385.0  5.45502e-09
6390.0  5.34552e-09
6395.0  5.39372e-09
6400.0  5.67629e-09
6405.0  6.38443e-09
6410.0  6.79049e-09
6415.0  6.31787e-09
6420.0  5.49251e-09
6425.0  5.13576e-09
6430.0  5.59632e-09
6435.0  6.36637e-09
6440.0  6.88573e-09
6445.0  6.98156e-09
6450.0  6.95763e-09
6455.0  7.12213e-09
6460.0  6.9894e-09
6465.0  6.89521e-09
6470.0  7.64042e-09
6475.0  8.30912e-09
6480.0  7.9118e-09
6485.0  7.22616e-09
6490.0  6.97783e-09
6495.0  7.15471e-09
6500.0  7.58963e-09
6505.0  8.10324e-09
6510.0  8.50012e-09
6515.0  8.30838e-09
6520.0  7.79094e-09
6525.0  8.73927e-09
6530.0  1.06527e-08
6535.0  1.11274e-08
6540.0  1.00341e-08
6545.0  8.53055e-09
6550.0  7.93253e-09
6555.0  7.92777e-09
6560.0  6.99592e-09
6565.0  6.03863e-09
6570.0  6.11738e-09
6575.0  6.28388e-09
6580.0  6.22923e-09
6585.0  6.24363e-09
6590.0  6.00141e-09
6595.0  5.55175e-09
6600.0  5.44998e-09
6605.0  5.76573e-09
6610.0  6.08651e-09
6615.0  5.89319e-09
6620.0  5.43529e-09
6625.0  5.20165e-09
6630.0  5.09063e-09
6635.0  5.02585e-09
6640.0  5.13008e-09
6645.0  5.01137e-09
6650.0  4.45481e-09
6655.0  4.10108e-09
6660.0  4.08825e-09
6665.0  4.08079e-09
6670.0  4.16942e-09
6675.0  4.26752e-09
6680.0  4.03814e-09
6685.0  3.79306e-09
6690.0  3.89215e-09
6695.0  4.05582e-09
6700.0  4.07283e-09
6705.0  4.08096e-09
6710.0  4.1289e-09
6715.0  3.9568e-09
6720.0  3.7193e-09
6725.0  3.71295e-09
6730.0  3.8555e-09
6735.0  3.96373e-09
6740.0  4.11571e-09
6745.0  4.28421e-09
6750.0  4.2059e-09
6755.0  4.11752e-09
6760.0  4.3789e-09
6765.0  4.91711e-09
6770.0  5.34378e-09
6775.0  5.38444e-09
6780.0  4.9426e-09
6785.0  4.38766e-09
6790.0  4.27378e-09
6795.0  4.51204e-09
6800.0  4.63742e-09
6805.0  4.85245e-09
6810.0  5.36777e-09
6815.0  5.81104e-09
6820.0  5.95608e-09
6825.0  5.82913e-09
6830.0  5.74708e-09
6835.0  5.87418e-09
6840.0  6.13841e-09
6845.0  6.26863e-09
6850.0  6.26542e-09
6855.0  6.46713e-09
6860.0  6.79692e-09
6865.0  6.95607e-09
6870.0  7.5452e-09
6875.0  8.68642e-09
6880.0  8.80254e-09
6885.0  7.95989e-09
6890.0  7.86559e-09
6895.0  8.50154e-09
6900.0  9.02895e-09
6905.0  8.9962e-09
6910.0  8.7065e-09
6915.0  8.85849e-09
6920.0  9.34066e-09
6925.0  9.82893e-09
6930.0  1.04865e-08
6935.0  1.11951e-08
6940.0  1.14889e-08
6945.0  1.13632e-08
6950.0  1.12827e-08
6955.0  1.18542e-08
6960.0  1.28281e-08
6965.0  1.30423e-08
6970.0  1.29585e-08
6975.0  1.33791e-08
6980.0  1.36074e-08
6985.0  1.32282e-08
6990.0  1.29645e-08
6995.0  1.33378e-08
7000.0  1.38534e-08
7005.0  1.38921e-08
7010.0  1.44138e-08
7015.0  1.55745e-08
7020.0  1.60564e-08
7025.0  1.58168e-08
7030.0  1.55721e-08
7035.0  1.51598e-08
7040.0  1.48193e-08
7045.0  1.52096e-08
7050.0  1.49279e-08
7055.0  1.21982e-08
7060.0  8.27402e-09
7065.0  6.1072e-09
7070.0  6.6901e-09
7075.0  8.01442e-09
7080.0  8.4363e-09
7085.0  7.50925e-09
7090.0  6.07784e-09
7095.0  5.66989e-09
7100.0  6.09492e-09
7105.0  6.81104e-09
7110.0  7.60158e-09
7115.0  8.01926e-09
7120.0  7.59169e-09
7125.0  6.17492e-09
7130.0  4.61459e-09
7135.0  4.12835e-09
7140.0  4.19261e-09
7145.0  4.13241e-09
7150.0  4.87572e-09
7155.0  6.60035e-09
7160.0  7.04305e-09
7165.0  5.97002e-09
7170.0  5.4709e-09
7175.0  6.00703e-09
7180.0  6.69568e-09
7185.0  6.82799e-09
7190.0  6.54358e-09
7195.0  6.35937e-09
7200.0  6.50013e-09
7205.0  6.71418e-09
7210.0  6.55126e-09
7215.0  6.71399e-09
7220.0  7.4059e-09
7225.0  7.71418e-09
7230.0  7.79752e-09
7235.0  8.33956e-09
7240.0  9.28681e-09
7245.0  1.00033e-08
7250.0  1.01098e-08
7255.0  9.78456e-09
7260.0  9.63233e-09
7265.0  9.84291e-09
7270.0  1.02775e-08
7275.0  1.06593e-08
7280.0  1.10041e-08
7285.0  1.13434e-08
7290.0  1.16394e-08
7295.0  1.20187e-08
7300.0  1.26252e-08
7305.0  1.32842e-08
7310.0  1.40979e-08
7315.0  1.50186e-08
7320.0  1.59763e-08
7325.0  1.69369e-08
7330.0  1.77395e-08
7335.0  1.83155e-08
7340.0  1.86917e-08
7345.0  1.84782e-08
7350.0  1.81444e-08
7355.0  1.7933e-08
7360.0  1.79777e-08
7365.0  1.83657e-08
7370.0  1.91084e-08
7375.0  1.99727e-08
7380.0  2.09814e-08
7385.0  2.19908e-08
7390.0  2.28113e-08
7395.0  2.33884e-08
7400.0  2.38645e-08
7405.0  2.4367e-08
7410.0  2.48724e-08
7415.0  2.54587e-08
7420.0  2.59347e-08
7425.0  2.62827e-08
7430.0  2.65709e-08
7435.0  2.62845e-08
7440.0  2.57615e-08
7445.0  2.54841e-08
7450.0  2.56247e-08
7455.0  2.60915e-08
7460.0  2.66907e-08
7465.0  2.74943e-08
7470.0  2.80553e-08
7475.0  2.82399e-08
7480.0  2.83919e-08
7485.0  2.85213e-08
7490.0  2.87516e-08
7495.0  2.91802e-08
7500.0  2.99085e-08
7505.0  3.04436e-08
7510.0  3.04545e-08
7515.0  2.99872e-08
7520.0  2.92279e-08
7525.0  2.84071e-08
7530.0  2.78384e-08
7535.0  2.77235e-08
7540.0  2.80292e-08
7545.0  2.86449e-08
7550.0  2.92336e-08
7555.0  2.95981e-08
7560.0  2.98391e-08
7565.0  2.98749e-08
7570.0  2.9519e-08
7575.0  2.8634e-08
7580.0  2.71944e-08
7585.0  2.5405e-08
7590.0  2.36645e-08
7595.0  2.23678e-08
7600.0  2.16193e-08
7605.0  2.12425e-08
7610.0  2.08724e-08
7615.0  2.01556e-08
7620.0  1.90055e-08
7625.0  1.75927e-08
7630.0  1.62027e-08
7635.0  1.50821e-08
7640.0  1.43476e-08
7645.0  1.39946e-08
7650.0  1.39792e-08
7655.0  1.42894e-08
7660.0  1.48417e-08
7665.0  1.54389e-08
7670.0  1.5866e-08
7675.0  1.58966e-08
7680.0  1.54384e-08
7685.0  1.46591e-08
7690.0  1.37817e-08
7695.0  1.3028e-08
7700.0  1.25619e-08
7705.0  1.23808e-08
7710.0  1.24379e-08
7715.0  1.26745e-08
7720.0  1.30151e-08
7725.0  1.34856e-08
7730.0  1.40796e-08
7735.0  1.47801e-08
7740.0  1.54038e-08
7745.0  1.56887e-08
7750.0  1.57377e-08
7755.0  1.57336e-08
7760.0  1.54431e-08
7765.0  1.47667e-08
7770.0  1.38933e-08
7775.0  1.30784e-08
7780.0  1.26269e-08
7785.0  1.27214e-08
7790.0  1.35548e-08
7795.0  1.48532e-08
7800.0  1.61935e-08
7805.0  1.72106e-08
7810.0  1.77059e-08
7815.0  1.77251e-08
7820.0  1.71872e-08
7825.0  1.61707e-08
7830.0  1.5086e-08
7835.0  1.43653e-08
7840.0  1.40671e-08
7845.0  1.40947e-08
7850.0  1.44757e-08
7855.0  1.51476e-08
7860.0  1.59106e-08
7865.0  1.64613e-08
7870.0  1.69355e-08
7875.0  1.74692e-08
7880.0  1.78936e-08
7885.0  1.80421e-08
7890.0  1.78628e-08
7895.0  1.72355e-08
7900.0  1.63954e-08
7905.0  1.58254e-08
7910.0  1.55546e-08
7915.0  1.57796e-08
7920.0  1.65809e-08
7925.0  1.77043e-08
7930.0  1.8819e-08
7935.0  1.94615e-08
7940.0  1.9433e-08
7945.0  1.90801e-08
7950.0  1.88575e-08
7955.0  1.89117e-08
7960.0  1.92516e-08
7965.0  1.98961e-08
7970.0  2.06708e-08
7975.0  2.10702e-08
7980.0  2.09476e-08
7985.0  2.06248e-08
7990.0  2.02853e-08
7995.0  2.02035e-08
8000.0  2.04848e-08
8005.0  2.11125e-08
8010.0  2.19069e-08
8015.0  2.2569e-08
8020.0  2.28729e-08
8025.0  2.28934e-08
8030.0  2.30542e-08
8035.0  2.36156e-08
8040.0  2.43159e-08
8045.0  2.50612e-08
8050.0  2.60829e-08
8055.0  2.73898e-08
8060.0  2.85168e-08
8065.0  2.9201e-08
8070.0  2.95927e-08
8075.0  3.00491e-08
8080.0  3.06134e-08
8085.0  3.10916e-08
8090.0  3.13945e-08
8095.0  3.15759e-08
8100.0  3.21385e-08
8105.0  3.25194e-08
8110.0  3.28621e-08
8115.0  3.30989e-08
8120.0  3.3546e-08
8125.0  3.43732e-08
8130.0  3.52266e-08
8135.0  3.58721e-08
8140.0  3.65442e-08
8145.0  3.71519e-08
8150.0  3.78657e-08
8155.0  3.86553e-08
8160.0  3.9281e-08
8165.0  3.99283e-08
8170.0  4.09071e-08
8175.0  4.20696e-08
8180.0  4.30086e-08
8185.0  4.34294e-08
8190.0  4.33456e-08
8195.0  4.2503e-08
8200.0  4.07733e-08
8205.0  3.8694e-08
8210.0  3.68898e-08
8215.0  3.56386e-08
8220.0  3.47608e-08
8225.0  3.39351e-08
8230.0  3.32277e-08
8235.0  3.30771e-08
8240.0  3.33484e-08
8245.0  3.37305e-08
8250.0  3.41768e-08
8255.0  3.44283e-08
8260.0  3.52427e-08
8265.0  3.64309e-08
8270.0  3.69712e-08
8275.0  3.6145e-08
8280.0  3.42956e-08
8285.0  3.20069e-08
8290.0  2.97458e-08
8295.0  2.79965e-08
8300.0  2.71883e-08
8305.0  2.7419e-08
8310.0  2.86916e-08
8315.0  3.06069e-08
8320.0  3.22992e-08
8325.0  3.30836e-08
8330.0  3.28643e-08
8335.0  3.19262e-08
8340.0  3.09089e-08
8345.0  3.04516e-08
8350.0  3.05189e-08
8355.0  3.10156e-08
8360.0  3.15883e-08
8365.0  3.17611e-08
8370.0  3.1384e-08
8375.0  3.03956e-08
8380.0  2.91351e-08
8385.0  2.80387e-08
8390.0  2.7453e-08
8395.0  2.77616e-08
8400.0  2.8551e-08
8405.0  2.9417e-08
8410.0  3.01531e-08
8415.0  3.03634e-08
8420.0  2.99826e-08
8425.0  2.90843e-08
8430.0  2.77948e-08
8435.0  2.58907e-08
8440.0  2.41592e-08
8445.0  2.27516e-08
8450.0  2.15123e-08
8455.0  2.06257e-08
8460.0  2.02556e-08
8465.0  2.03139e-08
8470.0  2.05795e-08
8475.0  2.09695e-08
8480.0  2.12173e-08
8485.0  2.11538e-08
8490.0  2.07265e-08
8495.0  1.99377e-08
8500.0  1.93631e-08
8505.0  1.94695e-08
8510.0  2.0055e-08
8515.0  2.1017e-08
8520.0  2.2193e-08
8525.0  2.3415e-08
8530.0  2.41996e-08
8535.0  2.43475e-08
8540.0  2.39922e-08
8545.0  2.37391e-08
8550.0  2.39941e-08
8555.0  2.45685e-08
8560.0  2.5304e-08
8565.0  2.60237e-08
8570.0  2.66164e-08
8575.0  2.70483e-08
8580.0  2.72538e-08
8585.0  2.7193e-08
8590.0  2.70462e-08
8595.0  2.6879e-08
8600.0  2.69686e-08
8605.0  2.73684e-08
8610.0  2.80388e-08
8615.0  2.88341e-08
8620.0  2.96112e-08
8625.0  3.01796e-08
8630.0  3.05557e-08
8635.0  3.08518e-08
8640.0  3.09751e-08
8645.0  3.10495e-08
8650.0  3.11819e-08
8655.0  3.13212e-08
8660.0  3.10989e-08
8665.0  3.07995e-08
8670.0  3.06417e-08
8675.0  3.06323e-08
8680.0  3.10761e-08
8685.0  3.19732e-08
8690.0  3.34429e-08
8695.0  3.52484e-08
8700.0  3.60138e-08
8705.0  3.61503e-08
8710.0  3.63252e-08
8715.0  3.66994e-08
8720.0  3.76622e-08
8725.0  3.88444e-08
8730.0  3.97508e-08
8735.0  4.00753e-08
8740.0  3.99536e-08
8745.0  3.95555e-08
8750.0  3.89606e-08
8755.0  3.8466e-08
8760.0  3.81298e-08
8765.0  3.81463e-08
8770.0  3.88174e-08
8775.0  3.98928e-08
8780.0  4.08946e-08
8785.0  4.1613e-08
8790.0  4.12642e-08
8795.0  4.03246e-08
8800.0  3.94238e-08
8805.0  3.89727e-08
8810.0  3.9009e-08
8815.0  3.94786e-08
8820.0  3.98407e-08
8825.0  4.02016e-08
8830.0  4.10598e-08
8835.0  4.23431e-08
8840.0  4.3905e-08
8845.0  4.53266e-08
8850.0  4.55521e-08
8855.0  4.37504e-08
8860.0  3.96216e-08
8865.0  3.48552e-08
8870.0  3.15734e-08
8875.0  3.03343e-08
8880.0  3.12312e-08
8885.0  3.33443e-08
8890.0  3.56634e-08
8895.0  3.75764e-08
8900.0  3.85836e-08
8905.0  3.8544e-08
8910.0  3.70511e-08
8915.0  3.45739e-08
8920.0  3.19553e-08
8925.0  3.00763e-08
8930.0  2.934e-08
8935.0  2.94166e-08
8940.0  2.99023e-08
8945.0  3.08266e-08
8950.0  3.1782e-08
8955.0  3.28807e-08
8960.0  3.40088e-08
8965.0  3.47974e-08
8970.0  3.54783e-08
8975.0  3.61247e-08
8980.0  3.691e-08
8985.0  3.76262e-08
8990.0  3.80113e-08
8995.0  3.82434e-08
9000.0  3.79539e-08
9005.0  3.71811e-08
9010.0  3.67195e-08
9015.0  3.69859e-08
9020.0  3.82028e-08
9025.0  4.01741e-08
9030.0  4.21036e-08
9035.0  4.33242e-08
9040.0  4.33518e-08
9045.0  4.28533e-08
9050.0  4.24875e-08
9055.0  4.27638e-08
9060.0  4.36003e-08
9065.0  4.4471e-08
9070.0  4.48937e-08
9075.0  4.47926e-08
9080.0  4.44945e-08
9085.0  4.40068e-08
9090.0  4.39571e-08
9095.0  4.47795e-08
9100.0  4.56607e-08
9105.0  4.62216e-08
9110.0  4.62965e-08
9115.0  4.60814e-08
9120.0  4.55955e-08
9125.0  4.5516e-08
9130.0  4.54949e-08
9135.0  4.55529e-08
9140.0  4.58561e-08
9145.0  4.62376e-08
9150.0  4.63452e-08
9155.0  4.61949e-08
9160.0  4.62078e-08
9165.0  4.62998e-08
9170.0  4.61774e-08
9175.0  4.60469e-08
9180.0  4.63077e-08
9185.0  4.66523e-08
9190.0  4.67868e-08
9195.0  4.66685e-08
9200.0  4.64093e-08
9205.0  4.60184e-08
9210.0  4.53537e-08
9215.0  4.47307e-08
9220.0  4.41514e-08
9225.0  4.36476e-08
9230.0  4.29944e-08
9235.0  4.23529e-08
9240.0  4.19534e-08
9245.0  4.16877e-08
9250.0  4.16093e-08
9255.0  4.17883e-08
9260.0  4.20353e-08
9265.0  4.23069e-08
9270.0  4.24554e-08
9275.0  4.20765e-08
9280.0  4.13919e-08
9285.0  4.08998e-08
9290.0  4.04163e-08
9295.0  4.00193e-08
9300.0  3.96774e-08
9305.0  3.96706e-08
9310.0  3.98618e-08
9315.0  3.98496e-08
9320.0  3.94502e-08
9325.0  3.96529e-08
9330.0  3.97665e-08
9335.0  3.95433e-08
9340.0  3.90212e-08
9345.0  3.82144e-08
9350.0  3.77509e-08
9355.0  3.72973e-08
9360.0  3.7176e-08
9365.0  3.82639e-08
9370.0  3.91266e-08
9375.0  4.0471e-08
9380.0  4.18149e-08
9385.0  4.28941e-08
9390.0  4.38515e-08
9395.0  4.44838e-08
9400.0  4.42149e-08
9405.0  4.34738e-08
9410.0  4.25457e-08
9415.0  4.15471e-08
9420.0  4.05964e-08
9425.0  3.96799e-08
9430.0  3.8907e-08
9435.0  3.8936e-08
9440.0  3.87839e-08
9445.0  3.90729e-08
9450.0  4.03439e-08
9455.0  4.12744e-08
9460.0  4.1871e-08
9465.0  4.29048e-08
9470.0  4.39939e-08
9475.0  4.44508e-08
9480.0  4.46318e-08
9485.0  4.48905e-08
9490.0  4.54045e-08
9495.0  4.51725e-08
9500.0  4.47858e-08
9505.0  4.53808e-08
9510.0  4.64537e-08
9515.0  4.69834e-08
9520.0  4.71134e-08
9525.0  4.7477e-08
9530.0  4.8069e-08
9535.0  4.838e-08
9540.0  4.82494e-08
9545.0  4.78236e-08
9550.0  4.76602e-08
9555.0  4.72765e-08
9560.0  4.67852e-08
9565.0  4.60312e-08
9570.0  4.52863e-08
9575.0  4.50473e-08
9580.0  4.46133e-08
9585.0  4.4429e-08
9590.0  4.43406e-08
9595.0  4.47412e-08
9600.0  4.57512e-08
9605.0  4.68829e-08
9610.0  4.8023e-08
9615.0  4.90501e-08
9620.0  4.9752e-08
9625.0  5.01042e-08
9630.0  5.00864e-08
9635.0  4.95975e-08
9640.0  4.8747e-08
9645.0  4.83763e-08
9650.0  4.81075e-08
9655.0  4.80085e-08
9660.0  4.7938e-08
9665.0  4.7794e-08
9670.0  4.78138e-08
9675.0  4.80168e-08
9680.0  4.83142e-08
9685.0  4.85311e-08
9690.0  4.85782e-08
9695.0  4.87209e-08
9700.0  4.88888e-08
9705.0  4.87575e-08
9710.0  4.90664e-08
9715.0  4.9021e-08
9720.0  4.89423e-08
9725.0  4.89792e-08
9730.0  4.85574e-08
9735.0  4.78271e-08
9740.0  4.71396e-08
9745.0  4.6436e-08
9750.0  4.57523e-08
9755.0  4.509e-08
9760.0  4.47331e-08
9765.0  4.44609e-08
9770.0  4.43706e-08
9775.0  4.46098e-08
9780.0  4.51609e-08
9785.0  4.58672e-08
9790.0  4.69519e-08
9795.0  4.82144e-08
9800.0  4.90312e-08
9805.0  4.88327e-08
9810.0  4.82704e-08
9815.0  4.74669e-08
9820.0  4.65755e-08
9825.0  4.58245e-08
9830.0  4.53786e-08
9835.0  4.54311e-08
9840.0  4.6098e-08
9845.0  4.69929e-08
9850.0  4.80096e-08
9855.0  4.90413e-08
9860.0  4.97397e-08
9865.0  5.04255e-08
9870.0  5.03411e-08
9875.0  5.00302e-08
9880.0  4.9918e-08
9885.0  4.97154e-08
9890.0  4.93171e-08
9895.0  4.85356e-08
9900.0  4.80545e-08
9905.0  4.80921e-08
9910.0  4.84617e-08
9915.0  4.89106e-08
9920.0  4.95438e-08
9925.0  4.99965e-08
9930.0  5.03996e-08
9935.0  5.05268e-08
9940.0  5.03893e-08
9945.0  4.99426e-08
9950.0  4.9368e-08
9955.0  4.88289e-08
9960.0  4.82625e-08
9965.0  4.76894e-08
9970.0  4.71561e-08
9975.0  4.67114e-08
9980.0  4.64043e-08
9985.0  4.62888e-08
9990.0  4.64285e-08
9995.0  4.66901e-08
10000.0  4.6415e-08
10005.0  4.79007e-08
10010.0  4.97356e-08
10015.0  5.14092e-08
10020.0  5.26897e-08
10025.0  5.33612e-08
10030.0  5.33338e-08
10035.0  5.2742e-08
10040.0  5.17821e-08
10045.0  5.0655e-08
10050.0  4.95617e-08
10055.0  4.87006e-08
10060.0  4.82307e-08
10065.0  4.8158e-08
10070.0  4.83936e-08
10075.0  4.88363e-08
10080.0  4.93845e-08
10085.0  4.99369e-08
10090.0  5.03973e-08
10095.0  5.07106e-08
10100.0  5.08951e-08
10105.0  5.09895e-08
10110.0  5.10336e-08
10115.0  5.10675e-08
10120.0  5.11311e-08
10125.0  5.12575e-08
10130.0  5.14504e-08
10135.0  5.16901e-08
10140.0  5.19531e-08
10145.0  5.22156e-08
10150.0  5.24544e-08
10155.0  5.26465e-08
10160.0  5.27749e-08
10165.0  5.28388e-08
10170.0  5.28425e-08
10175.0  5.2792e-08
10180.0  5.26923e-08
10185.0  5.25493e-08
10190.0  5.23727e-08
10195.0  5.21942e-08
10200.0  5.2065e-08
10205.0  5.20397e-08
10210.0  5.21729e-08
10215.0  5.25066e-08
10220.0  5.30149e-08
10225.0  5.36036e-08
10230.0  5.4167e-08
10235.0  5.45989e-08
10240.0  5.48102e-08
10245.0  5.47895e-08
10250.0  5.45865e-08
10255.0  5.42602e-08
10260.0  5.38693e-08
10265.0  5.34644e-08
10270.0  5.30626e-08
10275.0  5.26576e-08
10280.0  5.22401e-08
10285.0  5.18022e-08
10290.0  5.13561e-08
10295.0  5.09746e-08
10300.0  5.07587e-08
10305.0  5.08127e-08
10310.0  5.12328e-08
10315.0  5.20412e-08
10320.0  5.30743e-08
10325.0  5.41005e-08
10330.0  5.48813e-08
10335.0  5.5193e-08
10340.0  5.49383e-08
10345.0  5.42946e-08
10350.0  5.35273e-08
10355.0  5.29103e-08
10360.0  5.26985e-08
10365.0  5.2996e-08
10370.0  5.36239e-08
10375.0  5.4322e-08
10380.0  5.48247e-08
10385.0  5.48866e-08
10390.0  5.44238e-08
10395.0  5.3627e-08
10400.0  5.27595e-08
10405.0  5.20896e-08
10410.0  5.18655e-08
10415.0  5.21837e-08
10420.0  5.28937e-08
10425.0  5.37832e-08
10430.0  5.4635e-08
10435.0  5.52449e-08
10440.0  5.55089e-08
10445.0  5.5493e-08
10450.0  5.53082e-08
10455.0  5.50685e-08
10460.0  5.48828e-08
10465.0  5.4819e-08
10470.0  5.48703e-08
10475.0  5.50104e-08
10480.0  5.52111e-08
10485.0  5.54438e-08
10490.0  5.56786e-08
10495.0  5.58821e-08
10500.0  5.60197e-08
10505.0  5.60572e-08
10510.0  5.59629e-08
10515.0  5.57299e-08
10520.0  5.54082e-08
10525.0  5.50666e-08
10530.0  5.47754e-08
10535.0  5.46028e-08
10540.0  5.45893e-08
10545.0  5.47008e-08
10550.0  5.48729e-08
10555.0  5.50385e-08
10560.0  5.5132e-08
10565.0  5.51059e-08
10570.0  5.49775e-08
10575.0  5.47989e-08
10580.0  5.4626e-08
10585.0  5.45141e-08
10590.0  5.45074e-08
10595.0  5.46026e-08
10600.0  5.47642e-08
10605.0  5.49517e-08
10610.0  5.51257e-08
10615.0  5.52499e-08
10620.0  5.53124e-08
10625.0  5.53242e-08
10630.0  5.53007e-08
10635.0  5.52575e-08
10640.0  5.52094e-08
10645.0  5.51659e-08
10650.0  5.51301e-08
10655.0  5.5103e-08
10660.0  5.50857e-08
10665.0  5.50794e-08
10670.0  5.50879e-08
10675.0  5.51194e-08
10680.0  5.51842e-08
10685.0  5.52927e-08
10690.0  5.54545e-08
10695.0  5.56737e-08
10700.0  5.59357e-08
10705.0  5.62159e-08
10710.0  5.64885e-08
10715.0  5.67282e-08
10720.0  5.69118e-08
10725.0  5.70298e-08
10730.0  5.70847e-08
10735.0  5.70806e-08
10740.0  5.70223e-08
10745.0  5.69145e-08
10750.0  5.67628e-08
10755.0  5.65753e-08
10760.0  5.63599e-08
10765.0  5.6125e-08
10770.0  5.58792e-08
10775.0  5.56358e-08
10780.0  5.54221e-08
10785.0  5.52714e-08
10790.0  5.52177e-08
10795.0  5.52946e-08
10800.0  5.55265e-08
10805.0  5.58897e-08
10810.0  5.63164e-08
10815.0  5.67317e-08
10820.0  5.70606e-08
10825.0  5.72321e-08
10830.0  5.72099e-08
10835.0  5.70222e-08
10840.0  5.67162e-08
10845.0  5.63401e-08
10850.0  5.59422e-08
10855.0  5.55678e-08
10860.0  5.52512e-08
10865.0  5.50209e-08
10870.0  5.49039e-08
10875.0  5.49276e-08
10880.0  5.5113e-08
10885.0  5.54404e-08
10890.0  5.58353e-08
10895.0  5.62112e-08
10900.0  5.6481e-08
10905.0  5.65598e-08
10910.0  5.63918e-08
10915.0  5.60188e-08
10920.0  5.55315e-08
10925.0  5.50271e-08
10930.0  5.46021e-08
10935.0  5.43425e-08
10940.0  5.42659e-08
10945.0  5.43072e-08
10950.0  5.43843e-08
10955.0  5.44144e-08
10960.0  5.43169e-08
10965.0  5.40427e-08
10970.0  5.36476e-08
10975.0  5.32407e-08
10980.0  5.29374e-08
10985.0  5.2853e-08
10990.0  5.30888e-08
10995.0  5.36466e-08
11000.0  5.43812e-08
11005.0  5.51131e-08
11010.0  5.56607e-08
11015.0  5.5845e-08
11020.0  5.553e-08
11025.0  5.47643e-08
11030.0  5.37213e-08
11035.0  5.25914e-08
11040.0  5.15659e-08
11045.0  5.08277e-08
11050.0  5.04856e-08
11055.0  5.04812e-08
11060.0  5.06998e-08
11065.0  5.10211e-08
11070.0  5.13254e-08
11075.0  5.15041e-08
11080.0  5.15241e-08
11085.0  5.14527e-08
11090.0  5.13801e-08
11095.0  5.13969e-08
11100.0  5.15933e-08
11105.0  5.20376e-08
11110.0  5.26969e-08
11115.0  5.34594e-08
11120.0  5.42003e-08
11125.0  5.47955e-08
11130.0  5.5123e-08
11135.0  5.50987e-08
11140.0  5.47628e-08
11145.0  5.42189e-08
11150.0  5.35785e-08
11155.0  5.29524e-08
11160.0  5.24487e-08
11165.0  5.2141e-08
11170.0  5.20191e-08
11175.0  5.20418e-08
11180.0  5.21646e-08
11185.0  5.23436e-08
11190.0  5.25365e-08
11195.0  5.27201e-08
11200.0  5.29026e-08
11205.0  5.31003e-08
11210.0  5.33302e-08
11215.0  5.36093e-08
11220.0  5.39503e-08
11225.0  5.43384e-08
11230.0  5.47234e-08
11235.0  5.50476e-08
11240.0  5.52531e-08
11245.0  5.52823e-08
11250.0  5.50886e-08
11255.0  5.46884e-08
11260.0  5.41648e-08
11265.0  5.36126e-08
11270.0  5.31276e-08
11275.0  5.28046e-08
11280.0  5.2724e-08
11285.0  5.2889e-08
11290.0  5.32329e-08
11295.0  5.36773e-08
11300.0  5.41435e-08
11305.0  5.45531e-08
11310.0  5.48377e-08
11315.0  5.49786e-08
11320.0  5.50002e-08
11325.0  5.49337e-08
11330.0  5.48106e-08
11335.0  5.46623e-08
11340.0  5.45144e-08
11345.0  5.43662e-08
11350.0  5.41954e-08
11355.0  5.39755e-08
11360.0  5.36807e-08
11365.0  5.32852e-08
11370.0  5.27733e-08
11375.0  5.21802e-08
11380.0  5.15847e-08
11385.0  5.10729e-08
11390.0  5.07308e-08
11395.0  5.06441e-08
11400.0  5.08822e-08
11405.0  5.14252e-08
11410.0  5.21684e-08
11415.0  5.29932e-08
11420.0  5.37797e-08
11425.0  5.44091e-08
11430.0  5.47767e-08
11435.0  5.48623e-08
11440.0  5.47337e-08
11445.0  5.44756e-08
11450.0  5.41726e-08
11455.0  5.39096e-08
11460.0  5.37648e-08
11465.0  5.37694e-08
11470.0  5.38898e-08
11475.0  5.40765e-08
11480.0  5.428e-08
11485.0  5.44503e-08
11490.0  5.45403e-08
11495.0  5.45255e-08
11500.0  5.44235e-08
11505.0  5.42643e-08
11510.0  5.4078e-08
11515.0  5.38957e-08
11520.0  5.37472e-08
11525.0  5.36551e-08
11530.0  5.36231e-08
11535.0  5.36488e-08
11540.0  5.37284e-08
11545.0  5.38588e-08
11550.0  5.4036e-08
11555.0  5.42495e-08
11560.0  5.44648e-08
11565.0  5.46338e-08
11570.0  5.47069e-08
11575.0  5.46345e-08
11580.0  5.43676e-08
11585.0  5.38716e-08
11590.0  5.31838e-08
11595.0  5.24e-08
11600.0  5.16255e-08
11605.0  5.09655e-08
11610.0  5.05252e-08
11615.0  5.04007e-08
11620.0  5.06192e-08
11625.0  5.11022e-08
11630.0  5.17448e-08
11635.0  5.2441e-08
11640.0  5.3084e-08
11645.0  5.35713e-08
11650.0  5.38344e-08
11655.0  5.38946e-08
11660.0  5.38077e-08
11665.0  5.36327e-08
11670.0  5.34294e-08
11675.0  5.32564e-08
11680.0  5.31649e-08
11685.0  5.31689e-08
11690.0  5.32521e-08
11695.0  5.3393e-08
11700.0  5.357e-08
11705.0  5.37617e-08
11710.0  5.39463e-08
11715.0  5.41026e-08
11720.0  5.42077e-08
11725.0  5.42399e-08
11730.0  5.41766e-08
11735.0  5.39956e-08
11740.0  5.36758e-08
11745.0  5.3209e-08
11750.0  5.26376e-08
11755.0  5.20305e-08
11760.0  5.14609e-08
11765.0  5.10015e-08
11770.0  5.0725e-08
11775.0  5.0696e-08
11780.0  5.09251e-08
11785.0  5.1359e-08
11790.0  5.19307e-08
11795.0  5.25731e-08
11800.0  5.32183e-08
11805.0  5.38002e-08
11810.0  5.4264e-08
11815.0  5.45989e-08
11820.0  5.48188e-08
11825.0  5.49407e-08
11830.0  5.49811e-08
11835.0  5.49571e-08
11840.0  5.48848e-08
11845.0  5.47791e-08
11850.0  5.46516e-08
11855.0  5.45135e-08
11860.0  5.43764e-08
11865.0  5.4251e-08
11870.0  5.41488e-08
11875.0  5.40793e-08
11880.0  5.40463e-08
11885.0  5.40501e-08
11890.0  5.40908e-08
11895.0  5.41683e-08
11900.0  5.42825e-08
11905.0  5.44316e-08
11910.0  5.46016e-08
11915.0  5.4754e-08
11920.0  5.48442e-08
11925.0  5.48265e-08
11930.0  5.46553e-08
11935.0  5.42858e-08
11940.0  5.36854e-08
11945.0  5.28871e-08
11950.0  5.1983e-08
11955.0  5.10752e-08
11960.0  5.02663e-08
11965.0  4.96588e-08
11970.0  4.93522e-08
11975.0  4.94133e-08
11980.0  4.98027e-08
11985.0  5.04296e-08
11990.0  5.11974e-08
11995.0  5.20092e-08
12000.0  5.27682e-08
12005.0  5.33822e-08
12010.0  5.37958e-08
12015.0  5.40266e-08
12020.0  5.41142e-08
12025.0  5.40993e-08
12030.0  5.40232e-08
12035.0  5.39264e-08
12040.0  5.38439e-08
12045.0  5.37871e-08
12050.0  5.37513e-08
12055.0  5.37305e-08
12060.0  5.37185e-08
12065.0  5.37088e-08
12070.0  5.36959e-08
12075.0  5.36787e-08
12080.0  5.36616e-08
12085.0  5.36503e-08
12090.0  5.365e-08
12095.0  5.36668e-08
12100.0  5.37057e-08
12105.0  5.3768e-08
12110.0  5.38455e-08
12115.0  5.3926e-08
12120.0  5.3997e-08
12125.0  5.40462e-08
12130.0  5.40607e-08
12135.0  5.40307e-08
12140.0  5.3957e-08
12145.0  5.38497e-08
12150.0  5.37199e-08
12155.0  5.35794e-08
12160.0  5.34394e-08
12165.0  5.33111e-08
12170.0  5.3202e-08
12175.0  5.31141e-08
12180.0  5.30471e-08
12185.0  5.30013e-08
12190.0  5.29763e-08
12195.0  5.29724e-08
12200.0  5.2989e-08
12205.0  5.30249e-08
12210.0  5.3078e-08
12215.0  5.31465e-08
12220.0  5.32282e-08
12225.0  5.3321e-08
12230.0  5.34229e-08
12235.0  5.35297e-08
12240.0  5.36345e-08
12245.0  5.37297e-08
12250.0  5.38073e-08
12255.0  5.38594e-08
12260.0  5.38786e-08
12265.0  5.38591e-08
12270.0  5.38038e-08
12275.0  5.37221e-08
12280.0  5.36232e-08
12285.0  5.35165e-08
12290.0  5.34119e-08
12295.0  5.33186e-08
12300.0  5.32426e-08
12305.0  5.31836e-08
12310.0  5.31395e-08
12315.0  5.31078e-08
12320.0  5.30863e-08
12325.0  5.30728e-08
12330.0  5.3065e-08
12335.0  5.30632e-08
12340.0  5.30704e-08
12345.0  5.3089e-08
12350.0  5.31223e-08
12355.0  5.31727e-08
12360.0  5.32431e-08
12365.0  5.33312e-08
12370.0  5.34207e-08
12375.0  5.34886e-08
12380.0  5.35113e-08
12385.0  5.34649e-08
12390.0  5.33259e-08
12395.0  5.30734e-08
12400.0  5.2709e-08
12405.0  5.22727e-08
12410.0  5.18142e-08
12415.0  5.13842e-08
12420.0  5.10332e-08
12425.0  5.08118e-08
12430.0  5.07621e-08
12435.0  5.08813e-08
12440.0  5.11219e-08
12445.0  5.1428e-08
12450.0  5.17433e-08
12455.0  5.2012e-08
12460.0  5.21788e-08
12465.0  5.22008e-08
12470.0  5.20862e-08
12475.0  5.1876e-08
12480.0  5.1616e-08
12485.0  5.13516e-08
12490.0  5.11287e-08
12495.0  5.09912e-08
12500.0  5.0968e-08
12505.0  5.10439e-08
12510.0  5.11853e-08
12515.0  5.13564e-08
12520.0  5.15218e-08
12525.0  5.16457e-08
12530.0  5.16943e-08
12535.0  5.16463e-08
12540.0  5.15057e-08
12545.0  5.12845e-08
12550.0  5.09951e-08
12555.0  5.06499e-08
12560.0  5.02611e-08
12565.0  4.98423e-08
12570.0  4.94125e-08
12575.0  4.9001e-08
12580.0  4.86389e-08
12585.0  4.83577e-08
12590.0  4.81891e-08
12595.0  4.81641e-08
12600.0  4.83101e-08
12605.0  4.86258e-08
12610.0  4.90744e-08
12615.0  4.96111e-08
12620.0  5.01911e-08
12625.0  5.07692e-08
12630.0  5.13008e-08
12635.0  5.17438e-08
12640.0  5.20758e-08
12645.0  5.22956e-08
12650.0  5.2407e-08
12655.0  5.24136e-08
12660.0  5.23193e-08
12665.0  5.21279e-08
12670.0  5.18456e-08
12675.0  5.14938e-08
12680.0  5.11105e-08
12685.0  5.07365e-08
12690.0  5.04131e-08
12695.0  5.01813e-08
12700.0  5.00824e-08
12705.0  5.015e-08
12710.0  5.03787e-08
12715.0  5.07174e-08
12720.0  5.11069e-08
12725.0  5.14883e-08
12730.0  5.18017e-08
12735.0  5.19881e-08
12740.0  5.19954e-08
12745.0  5.18171e-08
12750.0  5.15023e-08
12755.0  5.11112e-08
12760.0  5.07048e-08
12765.0  5.03439e-08
12770.0  5.00893e-08
12775.0  4.99955e-08
12780.0  5.00743e-08
12785.0  5.02768e-08
12790.0  5.05408e-08
12795.0  5.08032e-08
12800.0  5.10007e-08
12805.0  5.10703e-08
12810.0  5.09537e-08
12815.0  5.06339e-08
12820.0  5.01665e-08
12825.0  4.96269e-08
12830.0  4.90923e-08
12835.0  4.864e-08
12840.0  4.83466e-08
12845.0  4.82863e-08
12850.0  4.84994e-08
12855.0  4.89394e-08
12860.0  4.95266e-08
12865.0  5.01779e-08
12870.0  5.08105e-08
12875.0  5.13411e-08
12880.0  5.16882e-08
12885.0  5.17915e-08
12890.0  5.16654e-08
12895.0  5.13673e-08
12900.0  5.09601e-08
12905.0  5.05063e-08
12910.0  5.00686e-08
12915.0  4.97092e-08
12920.0  4.94821e-08
12925.0  4.93996e-08
12930.0  4.9438e-08
12935.0  4.95674e-08
12940.0  4.97583e-08
12945.0  4.99806e-08
12950.0  5.02046e-08
12955.0  5.04021e-08
12960.0  5.05576e-08
12965.0  5.06758e-08
12970.0  5.07669e-08
12975.0  5.08408e-08
12980.0  5.09081e-08
12985.0  5.09789e-08
12990.0  5.10634e-08
12995.0  5.11676e-08
13000.0  5.12871e-08
13005.0  5.14119e-08
13010.0  5.15321e-08
13015.0  5.16375e-08
13020.0  5.17177e-08
13025.0  5.17629e-08
13030.0  5.17649e-08
13035.0  5.1726e-08
13040.0  5.1657e-08
13045.0  5.15702e-08
13050.0  5.14785e-08
13055.0  5.13937e-08
13060.0  5.13287e-08
13065.0  5.12953e-08
13070.0  5.12997e-08
13075.0  5.13375e-08
13080.0  5.1401e-08
13085.0  5.14816e-08
13090.0  5.15715e-08
13095.0  5.16622e-08
13100.0  5.17457e-08
13105.0  5.18148e-08
13110.0  5.18667e-08
13115.0  5.19014e-08
13120.0  5.19199e-08
13125.0  5.19229e-08
13130.0  5.19108e-08
13135.0  5.18846e-08
13140.0  5.18458e-08
13145.0  5.17994e-08
13150.0  5.17514e-08
13155.0  5.17087e-08
13160.0  5.16781e-08
13165.0  5.16662e-08
13170.0  5.16783e-08
13175.0  5.17132e-08
13180.0  5.17626e-08
13185.0  5.18159e-08
13190.0  5.18631e-08
13195.0  5.1894e-08
13200.0  5.18991e-08
13205.0  5.18741e-08
13210.0  5.18261e-08
13215.0  5.17658e-08
13220.0  5.17047e-08
13225.0  5.16534e-08
13230.0  5.16236e-08
13235.0  5.16236e-08
13240.0  5.16528e-08
13245.0  5.17025e-08
13250.0  5.17628e-08
13255.0  5.18237e-08
13260.0  5.18755e-08
13265.0  5.19085e-08
13270.0  5.19176e-08
13275.0  5.19049e-08
13280.0  5.18743e-08
13285.0  5.18298e-08
13290.0  5.17758e-08
13295.0  5.17161e-08
13300.0  5.16556e-08
13305.0  5.15999e-08
13310.0  5.15554e-08
13315.0  5.15285e-08
13320.0  5.15254e-08
13325.0  5.1553e-08
13330.0  5.16163e-08
13335.0  5.17108e-08
13340.0  5.18167e-08
13345.0  5.19099e-08
13350.0  5.19662e-08
13355.0  5.19615e-08
13360.0  5.18719e-08
13365.0  5.16823e-08
13370.0  5.14105e-08
13375.0  5.1096e-08
13380.0  5.07817e-08
13385.0  5.05099e-08
13390.0  5.03234e-08
13395.0  5.02624e-08
13400.0  5.0345e-08
13405.0  5.05437e-08
13410.0  5.08179e-08
13415.0  5.11246e-08
13420.0  5.14219e-08
13425.0  5.16673e-08
13430.0  5.18243e-08
13435.0  5.18836e-08
13440.0  5.18617e-08
13445.0  5.17791e-08
13450.0  5.16564e-08
13455.0  5.15145e-08
13460.0  5.13735e-08
13465.0  5.12498e-08
13470.0  5.11474e-08
13475.0  5.10647e-08
13480.0  5.09994e-08
13485.0  5.09493e-08
13490.0  5.09117e-08
13495.0  5.08848e-08
13500.0  5.08666e-08
13505.0  5.0856e-08
13510.0  5.08526e-08
13515.0  5.08553e-08
13520.0  5.08636e-08
13525.0  5.08767e-08
13530.0  5.08939e-08
13535.0  5.0917e-08
13540.0  5.0949e-08
13545.0  5.09936e-08
13550.0  5.10544e-08
13555.0  5.11349e-08
13560.0  5.12381e-08
13565.0  5.13618e-08
13570.0  5.14826e-08
13575.0  5.15643e-08
13580.0  5.15699e-08
13585.0  5.1462e-08
13590.0  5.12029e-08
13595.0  5.07582e-08
13600.0  5.012e-08
13605.0  4.93506e-08
13610.0  4.85394e-08
13615.0  4.77784e-08
13620.0  4.71596e-08
13625.0  4.67749e-08
13630.0  4.67094e-08
13635.0  4.69926e-08
13640.0  4.7555e-08
13645.0  4.83e-08
13650.0  4.91288e-08
13655.0  4.99425e-08
13660.0  5.06427e-08
13665.0  5.11389e-08
13670.0  5.13966e-08
13675.0  5.14552e-08
13680.0  5.13711e-08
13685.0  5.1201e-08
13690.0  5.10016e-08
13695.0  5.08301e-08
13700.0  5.0736e-08
13705.0  5.07315e-08
13710.0  5.07879e-08
13715.0  5.08695e-08
13720.0  5.094e-08
13725.0  5.09634e-08
13730.0  5.09037e-08
13735.0  5.07323e-08
13740.0  5.04583e-08
13745.0  5.0122e-08
13750.0  4.97697e-08
13755.0  4.94474e-08
13760.0  4.92014e-08
13765.0  4.90772e-08
13770.0  4.9111e-08
13775.0  4.92947e-08
13780.0  4.95851e-08
13785.0  4.99338e-08
13790.0  5.02919e-08
13795.0  5.0611e-08
13800.0  5.08432e-08
13805.0  5.09506e-08
13810.0  5.09412e-08
13815.0  5.08548e-08
13820.0  5.07364e-08
13825.0  5.06306e-08
13830.0  5.05825e-08
13835.0  5.0636e-08
13840.0  5.08222e-08
13845.0  5.11133e-08
13850.0  5.14364e-08
13855.0  5.17126e-08
13860.0  5.18629e-08
13865.0  5.18081e-08
13870.0  5.147e-08
13875.0  5.07896e-08
13880.0  4.98072e-08
13885.0  4.86473e-08
13890.0  4.74493e-08
13895.0  4.63526e-08
13900.0  4.54963e-08
13905.0  4.50192e-08
13910.0  4.50381e-08
13915.0  4.5549e-08
13920.0  4.6427e-08
13925.0  4.75251e-08
13930.0  4.86963e-08
13935.0  4.9793e-08
13940.0  5.0668e-08
13945.0  5.11875e-08
13950.0  5.1305e-08
13955.0  5.10847e-08
13960.0  5.06141e-08
13965.0  4.99825e-08
13970.0  4.92789e-08
13975.0  4.8592e-08
13980.0  4.80075e-08
13985.0  4.7582e-08
13990.0  4.73209e-08
13995.0  4.72159e-08
14000.0  4.72571e-08
14005.0  4.74349e-08
14010.0  4.77401e-08
14015.0  4.81612e-08
14020.0  4.8674e-08
14025.0  4.9218e-08
14030.0  4.97195e-08
14035.0  5.01031e-08
14040.0  5.02937e-08
14045.0  5.02161e-08
14050.0  4.97972e-08
14055.0  4.89947e-08
14060.0  4.78774e-08
14065.0  4.65765e-08
14070.0  4.52308e-08
14075.0  4.39792e-08
14080.0  4.29607e-08
14085.0  4.23136e-08
14090.0  4.21568e-08
14095.0  4.25007e-08
14100.0  4.3248e-08
14105.0  4.42813e-08
14110.0  4.54833e-08
14115.0  4.6736e-08
14120.0  4.79218e-08
14125.0  4.89284e-08
14130.0  4.96837e-08
14135.0  5.01893e-08
14140.0  5.04665e-08
14145.0  5.05381e-08
14150.0  5.04267e-08
14155.0  5.01557e-08
14160.0  4.97475e-08
14165.0  4.92273e-08
14170.0  4.86265e-08
14175.0  4.79795e-08
14180.0  4.73212e-08
14185.0  4.66867e-08
14190.0  4.61111e-08
14195.0  4.56288e-08
14200.0  4.52697e-08
14205.0  4.50341e-08
14210.0  4.48935e-08
14215.0  4.4814e-08
14220.0  4.47615e-08
14225.0  4.4702e-08
14230.0  4.46016e-08
14235.0  4.44274e-08
14240.0  4.41613e-08
14245.0  4.38301e-08
14250.0  4.34808e-08
14255.0  4.31635e-08
14260.0  4.29279e-08
14265.0  4.28238e-08
14270.0  4.29009e-08
14275.0  4.32072e-08
14280.0  4.37684e-08
14285.0  4.4542e-08
14290.0  4.54543e-08
14295.0  4.64276e-08
14300.0  4.73845e-08
14305.0  4.82477e-08
14310.0  4.89395e-08
14315.0  4.93846e-08
14320.0  4.95318e-08
14325.0  4.94042e-08
14330.0  4.90595e-08
14335.0  4.85587e-08
14340.0  4.79637e-08
14345.0  4.73356e-08
14350.0  4.67359e-08
14355.0  4.62254e-08
14360.0  4.5852e-08
14365.0  4.56193e-08
14370.0  4.55059e-08
14375.0  4.54871e-08
14380.0  4.55384e-08
14385.0  4.5635e-08
14390.0  4.57524e-08
14395.0  4.5866e-08
14400.0  4.5956e-08
14405.0  4.60203e-08
14410.0  4.60688e-08
14415.0  4.61138e-08
14420.0  4.6167e-08
14425.0  4.62404e-08
14430.0  4.6346e-08
14435.0  4.64957e-08
14440.0  4.66985e-08
14445.0  4.69486e-08
14450.0  4.72266e-08
14455.0  4.75101e-08
14460.0  4.77771e-08
14465.0  4.80053e-08
14470.0  4.81723e-08
14475.0  4.82561e-08
14480.0  4.82373e-08
14485.0  4.81173e-08
14490.0  4.79258e-08
14495.0  4.76987e-08
14500.0  4.74728e-08
14505.0  4.72848e-08
14510.0  4.71712e-08
14515.0  4.71686e-08
14520.0  4.73114e-08
14525.0  4.76126e-08
14530.0  4.80345e-08
14535.0  4.85216e-08
14540.0  4.90171e-08
14545.0  4.94636e-08
14550.0  4.9804e-08
14555.0  4.99813e-08
14560.0  4.99397e-08
14565.0  4.96397e-08
14570.0  4.91027e-08
14575.0  4.83838e-08
14580.0  4.75423e-08
14585.0  4.66377e-08
14590.0  4.57292e-08
14595.0  4.48761e-08
14600.0  4.41379e-08
14605.0  4.35677e-08
14610.0  4.31834e-08
14615.0  4.29646e-08
14620.0  4.2883e-08
14625.0  4.29102e-08
14630.0  4.30176e-08
14635.0  4.3177e-08
14640.0  4.33599e-08
14645.0  4.35388e-08
14650.0  4.36969e-08
14655.0  4.38425e-08
14660.0  4.39924e-08
14665.0  4.41645e-08
14670.0  4.43762e-08
14675.0  4.46455e-08
14680.0  4.499e-08
14685.0  4.54271e-08
14690.0  4.59678e-08
14695.0  4.65942e-08
14700.0  4.72664e-08
14705.0  4.79415e-08
14710.0  4.85763e-08
14715.0  4.91281e-08
14720.0  4.95536e-08
14725.0  4.98098e-08
14730.0  4.98565e-08
14735.0  4.9679e-08
14740.0  4.93136e-08
14745.0  4.8813e-08
14750.0  4.82312e-08
14755.0  4.76224e-08
14760.0  4.70406e-08
14765.0  4.65395e-08
14770.0  4.6173e-08
14775.0  4.59864e-08
14780.0  4.59838e-08
14785.0  4.61366e-08
14790.0  4.641e-08
14795.0  4.67696e-08
14800.0  4.71808e-08
14805.0  4.7609e-08
14810.0  4.80196e-08
14815.0  4.8379e-08
14820.0  4.86596e-08
14825.0  4.8851e-08
14830.0  4.89482e-08
14835.0  4.89472e-08
14840.0  4.88439e-08
14845.0  4.86343e-08
14850.0  4.83139e-08
14855.0  4.78792e-08
14860.0  4.73289e-08
14865.0  4.66824e-08
14870.0  4.59832e-08
14875.0  4.52798e-08
14880.0  4.46212e-08
14885.0  4.4056e-08
14890.0  4.36331e-08
14895.0  4.34011e-08
14900.0  4.34082e-08
14905.0  4.36898e-08
14910.0  4.4228e-08
14915.0  4.49689e-08
14920.0  4.58533e-08
14925.0  4.68221e-08
14930.0  4.78163e-08
14935.0  4.87766e-08
14940.0  4.96437e-08
14945.0  5.03604e-08
14950.0  5.08847e-08
14955.0  5.12154e-08
14960.0  5.13675e-08
14965.0  5.1357e-08
14970.0  5.12002e-08
14975.0  5.09134e-08
14980.0  5.05126e-08
14985.0  5.00144e-08
14990.0  4.94355e-08
14995.0  4.87985e-08
15000.0  4.81363e-08
15005.0  4.74845e-08
15010.0  4.68789e-08
15015.0  4.6355e-08
15020.0  4.59487e-08
15025.0  4.56956e-08
15030.0  4.56317e-08
15035.0  4.57883e-08
15040.0  4.61667e-08
15045.0  4.67269e-08
15050.0  4.74189e-08
15055.0  4.81925e-08
15060.0  4.89972e-08
15065.0  4.97828e-08
15070.0  5.04987e-08
15075.0  5.1095e-08
15080.0  5.15264e-08
15085.0  5.178e-08
15090.0  5.18775e-08
15095.0  5.18471e-08
15100.0  5.17176e-08
15105.0  5.15175e-08
15110.0  5.12756e-08
15115.0  5.10206e-08
15120.0  5.07808e-08
15125.0  5.05827e-08
15130.0  5.04399e-08
15135.0  5.0354e-08
15140.0  5.0325e-08
15145.0  5.03521e-08
15150.0  5.04353e-08
15155.0  5.05738e-08
15160.0  5.07676e-08
15165.0  5.10157e-08
15170.0  5.13165e-08
15175.0  5.16582e-08
15180.0  5.20207e-08
15185.0  5.23822e-08
15190.0  5.27208e-08
15195.0  5.30146e-08
15200.0  5.32418e-08
15205.0  5.33805e-08
15210.0  5.34092e-08
15215.0  5.33097e-08
15220.0  5.30858e-08
15225.0  5.27651e-08
15230.0  5.23802e-08
15235.0  5.19639e-08
15240.0  5.15485e-08
15245.0  5.11667e-08
15250.0  5.0851e-08
15255.0  5.06342e-08
15260.0  5.05446e-08
15265.0  5.05829e-08
15270.0  5.07154e-08
15275.0  5.09007e-08
15280.0  5.10971e-08
15285.0  5.12629e-08
15290.0  5.13565e-08
15295.0  5.13362e-08
15300.0  5.11602e-08
15305.0  5.07912e-08
15310.0  5.02239e-08
15315.0  4.95116e-08
15320.0  4.87234e-08
15325.0  4.79299e-08
15330.0  4.7201e-08
15335.0  4.66076e-08
15340.0  4.62195e-08
15345.0  4.61075e-08
15350.0  4.63382e-08
15355.0  4.69425e-08
15360.0  4.78577e-08
15365.0  4.89852e-08
15370.0  5.02232e-08
15375.0  5.14695e-08
15380.0  5.26216e-08
15385.0  5.35779e-08
15390.0  5.42361e-08
15395.0  5.44957e-08
15400.0  5.42831e-08
15405.0  5.36342e-08
15410.0  5.26554e-08
15415.0  5.14627e-08
15420.0  5.0172e-08
15425.0  4.88998e-08
15430.0  4.77622e-08
15435.0  4.68754e-08
15440.0  4.63548e-08
15445.0  4.63025e-08
15450.0  4.673e-08
15455.0  4.75399e-08
15460.0  4.86123e-08
15465.0  4.98262e-08
15470.0  5.10609e-08
15475.0  5.21955e-08
15480.0  5.31088e-08
15485.0  5.36803e-08
15490.0  5.37941e-08
15495.0  5.33852e-08
15500.0  5.25217e-08
15505.0  5.13226e-08
15510.0  4.99115e-08
15515.0  4.84126e-08
15520.0  4.69499e-08
15525.0  4.56472e-08
15530.0  4.46288e-08
15535.0  4.40173e-08
15540.0  4.39154e-08
15545.0  4.43256e-08
15550.0  4.51678e-08
15555.0  4.63489e-08
15560.0  4.77759e-08
15565.0  4.93551e-08
15570.0  5.09934e-08
15575.0  5.25975e-08
15580.0  5.40741e-08
15585.0  5.5332e-08
15590.0  5.63007e-08
15595.0  5.69562e-08
15600.0  5.72902e-08
15605.0  5.72956e-08
15610.0  5.69656e-08
15615.0  5.62932e-08
15620.0  5.52713e-08
15625.0  5.38968e-08
15630.0  5.22057e-08
15635.0  5.03444e-08
15640.0  4.85066e-08
15645.0  4.68909e-08
15650.0  4.56937e-08
15655.0  4.50765e-08
15660.0  4.50399e-08
15665.0  4.54647e-08
15670.0  4.62135e-08
15675.0  4.71491e-08
15680.0  4.81413e-08
15685.0  4.91087e-08
15690.0  5.00349e-08
15695.0  5.09179e-08
15700.0  5.17563e-08
15705.0  5.25481e-08
15710.0  5.32853e-08
15715.0  5.39468e-08
15720.0  5.45061e-08
15725.0  5.49369e-08
15730.0  5.52122e-08
15735.0  5.52944e-08
15740.0  5.51093e-08
15745.0  5.45624e-08
15750.0  5.35557e-08
15755.0  5.19934e-08
15760.0  4.9816e-08
15765.0  4.71769e-08
15770.0  4.44535e-08
15775.0  4.2064e-08
15780.0  4.04286e-08
15785.0  3.99415e-08
15790.0  4.07732e-08
15795.0  4.26339e-08
15800.0  4.50913e-08
15805.0  4.77003e-08
15810.0  5.00215e-08
15815.0  5.16918e-08
15820.0  5.26607e-08
15825.0  5.30808e-08
15830.0  5.31321e-08
15835.0  5.2994e-08
15840.0  5.28352e-08
15845.0  5.27474e-08
15850.0  5.27196e-08
15855.0  5.27178e-08
15860.0  5.27071e-08
15865.0  5.26542e-08
15870.0  5.25403e-08
15875.0  5.23868e-08
15880.0  5.22319e-08
15885.0  5.21149e-08
15890.0  5.20753e-08
15895.0  5.21508e-08
15900.0  5.23712e-08
15905.0  5.27589e-08
15910.0  5.33346e-08
15915.0  5.41195e-08
15920.0  5.51267e-08
15925.0  5.63002e-08
15930.0  5.74429e-08
15935.0  5.83135e-08
15940.0  5.86665e-08
15945.0  5.82615e-08
15950.0  5.69326e-08
15955.0  5.48556e-08
15960.0  5.2463e-08
15965.0  5.02246e-08
15970.0  4.86108e-08
15975.0  4.80604e-08
15980.0  4.87481e-08
15985.0  5.03551e-08
15990.0  5.24215e-08
15995.0  5.44758e-08
16000.0  5.60531e-08
16005.0  5.6776e-08
16010.0  5.66267e-08
16015.0  5.58197e-08
16020.0  5.46016e-08
16025.0  5.32191e-08
16030.0  5.19091e-08
16035.0  5.0831e-08
16040.0  5.00062e-08
16045.0  4.94175e-08
16050.0  4.90453e-08
16055.0  4.88699e-08
16060.0  4.88727e-08
16065.0  4.90383e-08
16070.0  4.93541e-08
16075.0  4.9808e-08
16080.0  5.03883e-08
16085.0  5.10803e-08
16090.0  5.18507e-08
16095.0  5.26236e-08
16100.0  5.331e-08
16105.0  5.38196e-08
16110.0  5.40629e-08
16115.0  5.39677e-08
16120.0  5.35554e-08
16125.0  5.29316e-08
16130.0  5.22157e-08
16135.0  5.1528e-08
16140.0  5.09836e-08
16145.0  5.06533e-08
16150.0  5.04888e-08
16155.0  5.03973e-08
16160.0  5.02814e-08
16165.0  5.00436e-08
16170.0  4.95979e-08
16175.0  4.89339e-08
16180.0  4.81356e-08
16185.0  4.73081e-08
16190.0  4.65574e-08
16195.0  4.59886e-08
16200.0  4.56943e-08
16205.0  4.57148e-08
16210.0  4.60552e-08
16215.0  4.67151e-08
16220.0  4.76943e-08
16225.0  4.89874e-08
16230.0  5.05432e-08
16235.0  5.22115e-08
16240.0  5.381e-08
16245.0  5.51537e-08
16250.0  5.60581e-08
16255.0  5.63625e-08
16260.0  5.6056e-08
16265.0  5.531e-08
16270.0  5.43334e-08
16275.0  5.33365e-08
16280.0  5.25268e-08
16285.0  5.20699e-08
16290.0  5.19663e-08
16295.0  5.21146e-08
16300.0  5.23999e-08
16305.0  5.27072e-08
16310.0  5.29249e-08
16315.0  5.29713e-08
16320.0  5.28367e-08
16325.0  5.25365e-08
16330.0  5.20883e-08
16335.0  5.15101e-08
16340.0  5.08248e-08
16345.0  5.00893e-08
16350.0  4.94088e-08
16355.0  4.88995e-08
16360.0  4.86779e-08
16365.0  4.88596e-08
16370.0  4.9529e-08
16375.0  5.06087e-08
16380.0  5.18745e-08
16385.0  5.3077e-08
16390.0  5.39669e-08
16395.0  5.42986e-08
16400.0  5.38876e-08
16405.0  5.27684e-08
16410.0  5.1099e-08
16415.0  4.90527e-08
16420.0  4.68024e-08
16425.0  4.45223e-08
16430.0  4.23884e-08
16435.0  4.05855e-08
16440.0  3.93004e-08
16445.0  3.87208e-08
16450.0  3.90337e-08
16455.0  4.04029e-08
16460.0  4.28074e-08
16465.0  4.59125e-08
16470.0  4.93006e-08
16475.0  5.25483e-08
16480.0  5.52329e-08
16485.0  5.69736e-08
16490.0  5.76552e-08
16495.0  5.74844e-08
16500.0  5.6734e-08
16505.0  5.56795e-08
16510.0  5.45956e-08
16515.0  5.37283e-08
16520.0  5.31793e-08
16525.0  5.29256e-08
16530.0  5.29238e-08
16535.0  5.31302e-08
16540.0  5.35008e-08
16545.0  5.39872e-08
16550.0  5.45245e-08
16555.0  5.50351e-08
16560.0  5.54411e-08
16565.0  5.56636e-08
16570.0  5.56252e-08
16575.0  5.52688e-08
16580.0  5.46122e-08
16585.0  5.37178e-08
16590.0  5.26537e-08
16595.0  5.14877e-08
16600.0  5.02861e-08
16605.0  4.90977e-08
16610.0  4.79153e-08
16615.0  4.67061e-08
16620.0  4.54348e-08
16625.0  4.40656e-08
16630.0  4.25681e-08
16635.0  4.09638e-08
16640.0  3.94154e-08
16645.0  3.81421e-08
16650.0  3.73697e-08
16655.0  3.73233e-08
16660.0  3.82151e-08
16665.0  4.01231e-08
16670.0  4.27773e-08
16675.0  4.5774e-08
16680.0  4.86959e-08
16685.0  5.11261e-08
16690.0  5.26653e-08
16695.0  5.309e-08
16700.0  5.26126e-08
16705.0  5.16057e-08
16710.0  5.0458e-08
16715.0  4.95575e-08
16720.0  4.92746e-08
16725.0  4.98107e-08
16730.0  5.09654e-08
16735.0  5.23972e-08
16740.0  5.37513e-08
16745.0  5.46731e-08
16750.0  5.48223e-08
16755.0  5.40074e-08
16760.0  5.24219e-08
16765.0  5.04076e-08
16770.0  4.83212e-08
16775.0  4.6519e-08
16780.0  4.53458e-08
16785.0  4.50247e-08
16790.0  4.54649e-08
16795.0  4.64539e-08
16800.0  4.77676e-08
16805.0  4.91815e-08
16810.0  5.04756e-08
16815.0  5.14742e-08
16820.0  5.2134e-08
16825.0  5.24707e-08
16830.0  5.25057e-08
16835.0  5.22603e-08
16840.0  5.1758e-08
16845.0  5.10372e-08
16850.0  5.01886e-08
16855.0  4.933e-08
16860.0  4.85824e-08
16865.0  4.80663e-08
16870.0  4.79005e-08
16875.0  4.81688e-08
16880.0  4.88142e-08
16885.0  4.96881e-08
16890.0  5.06296e-08
16895.0  5.14776e-08
16900.0  5.20727e-08
16905.0  5.22862e-08
16910.0  5.21345e-08
16915.0  5.17479e-08
16920.0  5.12743e-08
16925.0  5.08619e-08
16930.0  5.06582e-08
16935.0  5.07893e-08
16940.0  5.12583e-08
16945.0  5.19387e-08
16950.0  5.26804e-08
16955.0  5.33324e-08
16960.0  5.37437e-08
16965.0  5.37749e-08
16970.0  5.33723e-08
16975.0  5.26064e-08
16980.0  5.15775e-08
16985.0  5.03878e-08
16990.0  4.91393e-08
16995.0  4.79313e-08
17000.0  4.68366e-08
17005.0  4.58716e-08
17010.0  4.50345e-08
17015.0  4.43214e-08
17020.0  4.37291e-08
17025.0  4.32542e-08
17030.0  4.28975e-08
17035.0  4.26729e-08
17040.0  4.26005e-08
17045.0  4.27008e-08
17050.0  4.29949e-08
17055.0  4.35027e-08
17060.0  4.42308e-08
17065.0  4.51229e-08
17070.0  4.60728e-08
17075.0  4.69667e-08
17080.0  4.76905e-08
17085.0  4.8131e-08
17090.0  4.81899e-08
17095.0  4.78666e-08
17100.0  4.72797e-08
17105.0  4.65717e-08
17110.0  4.58859e-08
17115.0  4.53663e-08
17120.0  4.51483e-08
17125.0  4.5299e-08
17130.0  4.57506e-08
17135.0  4.63956e-08
17140.0  4.71228e-08
17145.0  4.78214e-08
17150.0  4.83819e-08
17155.0  4.87141e-08
17160.0  4.87986e-08
17165.0  4.86558e-08
17170.0  4.83108e-08
17175.0  4.77887e-08
17180.0  4.71149e-08
17185.0  4.63186e-08
17190.0  4.54528e-08
17195.0  4.45984e-08
17200.0  4.38417e-08
17205.0  4.32694e-08
17210.0  4.29676e-08
17215.0  4.3017e-08
17220.0  4.34484e-08
17225.0  4.42047e-08
17230.0  4.5205e-08
17235.0  4.63659e-08
17240.0  4.76046e-08
17245.0  4.88377e-08
17250.0  4.99808e-08
17255.0  5.09444e-08
17260.0  5.16354e-08
17265.0  5.19611e-08
17270.0  5.18285e-08
17275.0  5.1145e-08
17280.0  4.98384e-08
17285.0  4.79648e-08
17290.0  4.5736e-08
17295.0  4.33955e-08
17300.0  4.11883e-08
17305.0  3.93598e-08
17310.0  3.81465e-08
17315.0  3.76991e-08
17320.0  3.79455e-08
17325.0  3.87276e-08
17330.0  3.98788e-08
17335.0  4.12326e-08
17340.0  4.26227e-08
17345.0  4.38948e-08
17350.0  4.49673e-08
17355.0  4.58431e-08
17360.0  4.65417e-08
17365.0  4.70832e-08
17370.0  4.74879e-08
17375.0  4.77761e-08
17380.0  4.79657e-08
17385.0  4.80709e-08
17390.0  4.81038e-08
17395.0  4.80768e-08
17400.0  4.80014e-08
17405.0  4.78899e-08
17410.0  4.77547e-08
17415.0  4.7608e-08
17420.0  4.74629e-08
17425.0  4.73325e-08
17430.0  4.72299e-08
17435.0  4.71682e-08
17440.0  4.71594e-08
17445.0  4.72068e-08
17450.0  4.72899e-08
17455.0  4.7379e-08
17460.0  4.74435e-08
17465.0  4.74532e-08
17470.0  4.73774e-08
17475.0  4.71895e-08
17480.0  4.68846e-08
17485.0  4.64835e-08
17490.0  4.60118e-08
17495.0  4.54957e-08
17500.0  4.49611e-08
17505.0  4.44338e-08
17510.0  4.39392e-08
17515.0  4.35009e-08
17520.0  4.31418e-08
17525.0  4.28845e-08
17530.0  4.27517e-08
17535.0  4.2766e-08
17540.0  4.29465e-08
17545.0  4.32873e-08
17550.0  4.37431e-08
17555.0  4.42592e-08
17560.0  4.47802e-08
17565.0  4.52508e-08
17570.0  4.56158e-08
17575.0  4.5829e-08
17580.0  4.58822e-08
17585.0  4.57958e-08
17590.0  4.55946e-08
17595.0  4.53033e-08
17600.0  4.49467e-08
17605.0  4.45495e-08
17610.0  4.41344e-08
17615.0  4.37189e-08
17620.0  4.33192e-08
17625.0  4.29513e-08
17630.0  4.26311e-08
17635.0  4.23742e-08
17640.0  4.21954e-08
17645.0  4.21004e-08
17650.0  4.2083e-08
17655.0  4.21343e-08
17660.0  4.22454e-08
17665.0  4.24073e-08
17670.0  4.2611e-08
17675.0  4.28458e-08
17680.0  4.30933e-08
17685.0  4.33297e-08
17690.0  4.35309e-08
17695.0  4.36723e-08
17700.0  4.37293e-08
17705.0  4.36786e-08
17710.0  4.35083e-08
17715.0  4.32409e-08
17720.0  4.29135e-08
17725.0  4.25653e-08
17730.0  4.22353e-08
17735.0  4.19624e-08
17740.0  4.17833e-08
17745.0  4.17145e-08
17750.0  4.17367e-08
17755.0  4.1821e-08
17760.0  4.19381e-08
17765.0  4.20578e-08
17770.0  4.21509e-08
17775.0  4.21914e-08
17780.0  4.21758e-08
17785.0  4.21268e-08
17790.0  4.2072e-08
17795.0  4.20394e-08
17800.0  4.20569e-08
17805.0  4.21523e-08
17810.0  4.2346e-08
17815.0  4.26247e-08
17820.0  4.29474e-08
17825.0  4.32679e-08
17830.0  4.35404e-08
17835.0  4.37191e-08
17840.0  4.37593e-08
17845.0  4.36316e-08
17850.0  4.33626e-08
17855.0  4.30099e-08
17860.0  4.26355e-08
17865.0  4.23011e-08
17870.0  4.20683e-08
17875.0  4.19964e-08
17880.0  4.21165e-08
17885.0  4.23796e-08
17890.0  4.27036e-08
17895.0  4.30029e-08
17900.0  4.31913e-08
17905.0  4.31832e-08
17910.0  4.28981e-08
17915.0  4.23055e-08
17920.0  4.14947e-08
17925.0  4.05964e-08
17930.0  3.97454e-08
17935.0  3.90767e-08
17940.0  3.8725e-08
17945.0  3.88144e-08
17950.0  3.9382e-08
17955.0  4.03013e-08
17960.0  4.13991e-08
17965.0  4.24986e-08
17970.0  4.34227e-08
17975.0  4.39948e-08
17980.0  4.40517e-08
17985.0  4.35349e-08
17990.0  4.25651e-08
17995.0  4.13098e-08
18000.0  3.99403e-08
18005.0  3.86274e-08
18010.0  3.75421e-08
18015.0  3.68423e-08
18020.0  3.65927e-08
18025.0  3.67207e-08
18030.0  3.71214e-08
18035.0  3.76881e-08
18040.0  3.83137e-08
18045.0  3.88917e-08
18050.0  3.93226e-08
18055.0  3.95589e-08
18060.0  3.96304e-08
18065.0  3.95847e-08
18070.0  3.94705e-08
18075.0  3.93368e-08
18080.0  3.92321e-08
18085.0  3.92021e-08
18090.0  3.92685e-08
18095.0  3.94178e-08
18100.0  3.96285e-08
18105.0  3.98787e-08
18110.0  4.01464e-08
18115.0  4.04094e-08
18120.0  4.06468e-08
18125.0  4.08455e-08
18130.0  4.10053e-08
18135.0  4.11292e-08
18140.0  4.12205e-08
18145.0  4.12826e-08
18150.0  4.13185e-08
18155.0  4.13317e-08
18160.0  4.13257e-08
18165.0  4.13048e-08
18170.0  4.12734e-08
18175.0  4.12361e-08
18180.0  4.11971e-08
18185.0  4.11611e-08
18190.0  4.11319e-08
18195.0  4.11091e-08
18200.0  4.10834e-08
18205.0  4.1042e-08
18210.0  4.09722e-08
18215.0  4.0861e-08
18220.0  4.06957e-08
18225.0  4.04642e-08
18230.0  4.01618e-08
18235.0  3.98043e-08
18240.0  3.94156e-08
18245.0  3.90206e-08
18250.0  3.86443e-08
18255.0  3.83111e-08
18260.0  3.80459e-08
18265.0  3.78671e-08
18270.0  3.77737e-08
18275.0  3.77529e-08
18280.0  3.77909e-08
18285.0  3.78735e-08
18290.0  3.79868e-08
18295.0  3.81169e-08
18300.0  3.82508e-08
18305.0  3.83816e-08
18310.0  3.85061e-08
18315.0  3.86217e-08
18320.0  3.8726e-08
18325.0  3.88165e-08
18330.0  3.88908e-08
18335.0  3.89462e-08
18340.0  3.8979e-08
18345.0  3.89843e-08
18350.0  3.89568e-08
18355.0  3.88915e-08
18360.0  3.8783e-08
18365.0  3.86262e-08
18370.0  3.84167e-08
18375.0  3.81576e-08
18380.0  3.78644e-08
18385.0  3.75562e-08
18390.0  3.72527e-08
18395.0  3.69734e-08
18400.0  3.67378e-08
18405.0  3.65646e-08
18410.0  3.64676e-08
18415.0  3.64454e-08
18420.0  3.64902e-08
18425.0  3.65931e-08
18430.0  3.6746e-08
18435.0  3.694e-08
18440.0  3.71665e-08
18445.0  3.74164e-08
18450.0  3.76761e-08
18455.0  3.79296e-08
18460.0  3.81602e-08
18465.0  3.83514e-08
18470.0  3.84865e-08
18475.0  3.85489e-08
18480.0  3.85246e-08
18485.0  3.84155e-08
18490.0  3.82444e-08
18495.0  3.80396e-08
18500.0  3.78289e-08
18505.0  3.76407e-08
18510.0  3.75031e-08
18515.0  3.7443e-08
18520.0  3.74748e-08
18525.0  3.75791e-08
18530.0  3.77223e-08
18535.0  3.78698e-08
18540.0  3.79871e-08
18545.0  3.80393e-08
18550.0  3.79922e-08
18555.0  3.78186e-08
18560.0  3.75262e-08
18565.0  3.71495e-08
18570.0  3.67272e-08
18575.0  3.62983e-08
18580.0  3.59014e-08
18585.0  3.55754e-08
18590.0  3.53568e-08
18595.0  3.52634e-08
18600.0  3.52799e-08
18605.0  3.53819e-08
18610.0  3.55443e-08
18615.0  3.57421e-08
18620.0  3.595e-08
18625.0  3.61433e-08
18630.0  3.63006e-08
18635.0  3.64166e-08
18640.0  3.64964e-08
18645.0  3.65466e-08
18650.0  3.65741e-08
18655.0  3.65852e-08
18660.0  3.65869e-08
18665.0  3.65857e-08
18670.0  3.65878e-08
18675.0  3.65964e-08
18680.0  3.66094e-08
18685.0  3.6624e-08
18690.0  3.66368e-08
18695.0  3.66446e-08
18700.0  3.66446e-08
18705.0  3.66332e-08
18710.0  3.66074e-08
18715.0  3.6565e-08
18720.0  3.65068e-08
18725.0  3.64355e-08
18730.0  3.63545e-08
18735.0  3.62671e-08
18740.0  3.61764e-08
18745.0  3.60859e-08
18750.0  3.59986e-08
18755.0  3.59177e-08
18760.0  3.58446e-08
18765.0  3.57771e-08
18770.0  3.57113e-08
18775.0  3.56433e-08
18780.0  3.55694e-08
18785.0  3.54857e-08
18790.0  3.53883e-08
18795.0  3.52734e-08
18800.0  3.5138e-08
18805.0  3.49858e-08
18810.0  3.48276e-08
18815.0  3.46758e-08
18820.0  3.45432e-08
18825.0  3.44423e-08
18830.0  3.43856e-08
18835.0  3.43858e-08
18840.0  3.44552e-08
18845.0  3.46024e-08
18850.0  3.48197e-08
18855.0  3.50873e-08
18860.0  3.5384e-08
18865.0  3.56884e-08
18870.0  3.59791e-08
18875.0  3.62348e-08
18880.0  3.64343e-08
18885.0  3.65566e-08
18890.0  3.65874e-08
18895.0  3.653e-08
18900.0  3.63965e-08
18905.0  3.61994e-08
18910.0  3.59514e-08
18915.0  3.56654e-08
18920.0  3.53537e-08
18925.0  3.50291e-08
18930.0  3.47041e-08
18935.0  3.439e-08
18940.0  3.40951e-08
18945.0  3.38267e-08
18950.0  3.3592e-08
18955.0  3.33984e-08
18960.0  3.32534e-08
18965.0  3.3164e-08
18970.0  3.31375e-08
18975.0  3.31802e-08
18980.0  3.32903e-08
18985.0  3.34542e-08
18990.0  3.36555e-08
18995.0  3.38779e-08
19000.0  3.41047e-08
19005.0  3.43196e-08
19010.0  3.4506e-08
19015.0  3.46475e-08
19020.0  3.47295e-08
19025.0  3.47477e-08
19030.0  3.47099e-08
19035.0  3.46258e-08
19040.0  3.45051e-08
19045.0  3.4358e-08
19050.0  3.41938e-08
19055.0  3.4023e-08
19060.0  3.38552e-08
19065.0  3.36995e-08
19070.0  3.35621e-08
19075.0  3.34465e-08
19080.0  3.33552e-08
19085.0  3.3291e-08
19090.0  3.32565e-08
19095.0  3.32546e-08
19100.0  3.32879e-08
19105.0  3.3359e-08
19110.0  3.34697e-08
19115.0  3.3617e-08
19120.0  3.37937e-08
19125.0  3.39918e-08
19130.0  3.42033e-08
19135.0  3.442e-08
19140.0  3.4634e-08
19145.0  3.48372e-08
19150.0  3.50217e-08
19155.0  3.51798e-08
19160.0  3.53064e-08
19165.0  3.53982e-08
19170.0  3.54523e-08
19175.0  3.54657e-08
19180.0  3.54356e-08
19185.0  3.53593e-08
19190.0  3.52337e-08
19195.0  3.50561e-08
19200.0  3.48248e-08
19205.0  3.45451e-08
19210.0  3.42281e-08
19215.0  3.38863e-08
19220.0  3.35323e-08
19225.0  3.31784e-08
19230.0  3.28372e-08
19235.0  3.25211e-08
19240.0  3.22428e-08
19245.0  3.20132e-08
19250.0  3.18362e-08
19255.0  3.1707e-08
19260.0  3.16189e-08
19265.0  3.15652e-08
19270.0  3.15392e-08
19275.0  3.15344e-08
19280.0  3.15439e-08
19285.0  3.15612e-08
19290.0  3.15799e-08
19295.0  3.15966e-08
19300.0  3.16117e-08
19305.0  3.16265e-08
19310.0  3.16424e-08
19315.0  3.16608e-08
19320.0  3.16831e-08
19325.0  3.17105e-08
19330.0  3.17446e-08
19335.0  3.17865e-08
19340.0  3.18362e-08
19345.0  3.18912e-08
19350.0  3.19483e-08
19355.0  3.20043e-08
19360.0  3.2056e-08
19365.0  3.21e-08
19370.0  3.21332e-08
19375.0  3.21522e-08
19380.0  3.21538e-08
19385.0  3.21358e-08
19390.0  3.20987e-08
19395.0  3.20441e-08
19400.0  3.19739e-08
19405.0  3.18901e-08
19410.0  3.17942e-08
19415.0  3.16885e-08
19420.0  3.15746e-08
19425.0  3.14544e-08
19430.0  3.13297e-08
19435.0  3.12012e-08
19440.0  3.10696e-08
19445.0  3.09352e-08
19450.0  3.07982e-08
19455.0  3.0659e-08
19460.0  3.0518e-08
19465.0  3.03756e-08
19470.0  3.02321e-08
19475.0  3.00881e-08
19480.0  2.99468e-08
19485.0  2.98144e-08
19490.0  2.96979e-08
19495.0  2.9604e-08
19500.0  2.95398e-08
19505.0  2.95121e-08
19510.0  2.9528e-08
19515.0  2.95943e-08
19520.0  2.97176e-08
19525.0  2.98994e-08
19530.0  3.01294e-08
19535.0  3.03929e-08
19540.0  3.06747e-08
19545.0  3.09599e-08
19550.0  3.12331e-08
19555.0  3.14792e-08
19560.0  3.16831e-08
19565.0  3.18297e-08
19570.0  3.19067e-08
19575.0  3.19138e-08
19580.0  3.18612e-08
19585.0  3.17607e-08
19590.0  3.16239e-08
19595.0  3.14625e-08
19600.0  3.12884e-08
19605.0  3.11134e-08
19610.0  3.09492e-08
19615.0  3.08068e-08
19620.0  3.06939e-08
19625.0  3.06106e-08
19630.0  3.05552e-08
19635.0  3.05261e-08
19640.0  3.05213e-08
19645.0  3.05392e-08
19650.0  3.05779e-08
19655.0  3.06357e-08
19660.0  3.07106e-08
19665.0  3.08001e-08
19670.0  3.08976e-08
19675.0  3.09944e-08
19680.0  3.10815e-08
19685.0  3.11494e-08
19690.0  3.11894e-08
19695.0  3.11922e-08
19700.0  3.11486e-08
19705.0  3.10499e-08
19710.0  3.08876e-08
19715.0  3.06629e-08
19720.0  3.03926e-08
19725.0  3.00978e-08
19730.0  2.98002e-08
19735.0  2.95212e-08
19740.0  2.92824e-08
19745.0  2.91052e-08
19750.0  2.90114e-08
19755.0  2.90221e-08
19760.0  2.91534e-08
19765.0  2.93965e-08
19770.0  2.9722e-08
19775.0  3.00971e-08
19780.0  3.0489e-08
19785.0  3.0865e-08
19790.0  3.11922e-08
19795.0  3.14379e-08
19800.0  3.15691e-08
19805.0  3.15545e-08
19810.0  3.13751e-08
19815.0  3.10452e-08
19820.0  3.05914e-08
19825.0  3.00418e-08
19830.0  2.94247e-08
19835.0  2.8768e-08
19840.0  2.80997e-08
19845.0  2.74481e-08
19850.0  2.68411e-08
19855.0  2.63055e-08
19860.0  2.58589e-08
19865.0  2.55054e-08
19870.0  2.52458e-08
19875.0  2.50807e-08
19880.0  2.5011e-08
19885.0  2.50371e-08
19890.0  2.51598e-08
19895.0  2.53798e-08
19900.0  2.56975e-08
19905.0  2.61112e-08
19910.0  2.66071e-08
19915.0  2.7162e-08
19920.0  2.77509e-08
19925.0  2.83488e-08
19930.0  2.89308e-08
19935.0  2.9472e-08
19940.0  2.99474e-08
19945.0  3.03321e-08
19950.0  3.06017e-08
19955.0  3.07388e-08
19960.0  3.07509e-08
19965.0  3.06584e-08
19970.0  3.04836e-08
19975.0  3.02485e-08
19980.0  2.99754e-08
19985.0  2.96865e-08
19990.0  2.94038e-08
19995.0  2.91495e-08
20000.0  2.89451e-08
20005.0  2.88056e-08
20010.0  2.87287e-08
20015.0  2.87055e-08
20020.0  2.87268e-08
20025.0  2.87829e-08
20030.0  2.88643e-08
20035.0  2.89618e-08
20040.0  2.90656e-08
20045.0  2.91665e-08
20050.0  2.92552e-08
20055.0  2.9326e-08
20060.0  2.93794e-08
20065.0  2.94172e-08
20070.0  2.94424e-08
20075.0  2.94571e-08
20080.0  2.94639e-08
20085.0  2.94652e-08
20090.0  2.94634e-08
20095.0  2.9461e-08
20100.0  2.94603e-08
20105.0  2.9462e-08
20110.0  2.94652e-08
20115.0  2.94676e-08
20120.0  2.94675e-08
20125.0  2.9463e-08
20130.0  2.94523e-08
20135.0  2.94332e-08
20140.0  2.94042e-08
20145.0  2.9363e-08
20150.0  2.93082e-08
20155.0  2.92394e-08
20160.0  2.91586e-08
20165.0  2.9069e-08
20170.0  2.89735e-08
20175.0  2.88752e-08
20180.0  2.87771e-08
20185.0  2.86823e-08
20190.0  2.85936e-08
20195.0  2.85143e-08
20200.0  2.84471e-08
20205.0  2.83941e-08
20210.0  2.83546e-08
20215.0  2.8327e-08
20220.0  2.83098e-08
20225.0  2.83014e-08
20230.0  2.83e-08
20235.0  2.83042e-08
20240.0  2.83122e-08
20245.0  2.83226e-08
20250.0  2.83335e-08
20255.0  2.83438e-08
20260.0  2.83531e-08
20265.0  2.83613e-08
20270.0  2.83687e-08
20275.0  2.83753e-08
20280.0  2.83813e-08
20285.0  2.83868e-08
20290.0  2.83919e-08
20295.0  2.83968e-08
20300.0  2.84016e-08
20305.0  2.8406e-08
20310.0  2.84088e-08
20315.0  2.84073e-08
20320.0  2.83991e-08
20325.0  2.83815e-08
20330.0  2.83521e-08
20335.0  2.83081e-08
20340.0  2.8247e-08
20345.0  2.81663e-08
20350.0  2.80632e-08
20355.0  2.79357e-08
20360.0  2.77846e-08
20365.0  2.76145e-08
20370.0  2.74312e-08
20375.0  2.72404e-08
20380.0  2.70479e-08
20385.0  2.68595e-08
20390.0  2.66807e-08
20395.0  2.65177e-08
20400.0  2.63759e-08
20405.0  2.6261e-08
20410.0  2.61767e-08
20415.0  2.61224e-08
20420.0  2.60954e-08
20425.0  2.60928e-08
20430.0  2.61119e-08
20435.0  2.615e-08
20440.0  2.62042e-08
20445.0  2.62718e-08
20450.0  2.635e-08
20455.0  2.64361e-08
20460.0  2.65271e-08
20465.0  2.66201e-08
20470.0  2.67116e-08
20475.0  2.67986e-08
20480.0  2.68775e-08
20485.0  2.69452e-08
20490.0  2.69982e-08
20495.0  2.70332e-08
20500.0  2.7047e-08
20505.0  2.70363e-08
20510.0  2.6998e-08
20515.0  2.69318e-08
20520.0  2.68426e-08
20525.0  2.67369e-08
20530.0  2.66213e-08
20535.0  2.65025e-08
20540.0  2.63869e-08
20545.0  2.62813e-08
20550.0  2.61921e-08
20555.0  2.61261e-08
20560.0  2.60896e-08
20565.0  2.60882e-08
20570.0  2.61215e-08
20575.0  2.61846e-08
20580.0  2.62718e-08
20585.0  2.63779e-08
20590.0  2.64972e-08
20595.0  2.66243e-08
20600.0  2.67535e-08
20605.0  2.68793e-08
20610.0  2.69963e-08
20615.0  2.7099e-08
20620.0  2.71835e-08
20625.0  2.72485e-08
20630.0  2.7294e-08
20635.0  2.73199e-08
20640.0  2.7326e-08
20645.0  2.73124e-08
20650.0  2.72788e-08
20655.0  2.72254e-08
20660.0  2.71518e-08
20665.0  2.70582e-08
20670.0  2.69447e-08
20675.0  2.68135e-08
20680.0  2.66692e-08
20685.0  2.65164e-08
20690.0  2.63597e-08
20695.0  2.62041e-08
20700.0  2.60542e-08
20705.0  2.59147e-08
20710.0  2.57905e-08
20715.0  2.56863e-08
20720.0  2.56066e-08
20725.0  2.55548e-08
20730.0  2.55289e-08
20735.0  2.55238e-08
20740.0  2.55345e-08
20745.0  2.55558e-08
20750.0  2.55822e-08
20755.0  2.56087e-08
20760.0  2.56299e-08
20765.0  2.56406e-08
20770.0  2.56356e-08
20775.0  2.56099e-08
20780.0  2.55612e-08
20785.0  2.54928e-08
20790.0  2.541e-08
20795.0  2.53181e-08
20800.0  2.52224e-08
20805.0  2.51285e-08
20810.0  2.50414e-08
20815.0  2.49666e-08
20820.0  2.49096e-08
20825.0  2.48756e-08
20830.0  2.48695e-08
20835.0  2.48928e-08
20840.0  2.49424e-08
20845.0  2.50142e-08
20850.0  2.51039e-08
20855.0  2.52071e-08
20860.0  2.53198e-08
20865.0  2.54377e-08
20870.0  2.55563e-08
20875.0  2.56718e-08
20880.0  2.57796e-08
20885.0  2.58759e-08
20890.0  2.59588e-08
20895.0  2.60285e-08
20900.0  2.60852e-08
20905.0  2.61295e-08
20910.0  2.61617e-08
20915.0  2.61824e-08
20920.0  2.61917e-08
20925.0  2.61904e-08
20930.0  2.61787e-08
20935.0  2.61571e-08
20940.0  2.61261e-08
20945.0  2.60866e-08
20950.0  2.60399e-08
20955.0  2.59873e-08
20960.0  2.59301e-08
20965.0  2.58696e-08
20970.0  2.58072e-08
20975.0  2.5744e-08
20980.0  2.56815e-08
20985.0  2.56209e-08
20990.0  2.55637e-08
20995.0  2.55108e-08
21000.0  2.54628e-08
21005.0  2.54199e-08
21010.0  2.53817e-08
21015.0  2.53484e-08
21020.0  2.53197e-08
21025.0  2.52958e-08
21030.0  2.52765e-08
21035.0  2.52617e-08
21040.0  2.52515e-08
21045.0  2.52455e-08
21050.0  2.52439e-08
21055.0  2.52456e-08
21060.0  2.52494e-08
21065.0  2.5254e-08
21070.0  2.5258e-08
21075.0  2.52602e-08
21080.0  2.52591e-08
21085.0  2.52536e-08
21090.0  2.52421e-08
21095.0  2.52235e-08
21100.0  2.51963e-08
21105.0  2.51596e-08
21110.0  2.51139e-08
21115.0  2.5061e-08
21120.0  2.50027e-08
21125.0  2.49412e-08
21130.0  2.48785e-08
21135.0  2.48165e-08
21140.0  2.47573e-08
21145.0  2.47028e-08
21150.0  2.46551e-08
21155.0  2.46162e-08
21160.0  2.45877e-08
21165.0  2.45702e-08
21170.0  2.45627e-08
21175.0  2.4564e-08
21180.0  2.45728e-08
21185.0  2.4588e-08
21190.0  2.46084e-08
21195.0  2.46328e-08
21200.0  2.466e-08
21205.0  2.46889e-08
21210.0  2.47181e-08
21215.0  2.47464e-08
21220.0  2.47727e-08
21225.0  2.47956e-08
21230.0  2.48136e-08
21235.0  2.48253e-08
21240.0  2.48294e-08
21245.0  2.48245e-08
21250.0  2.48091e-08
21255.0  2.47818e-08
21260.0  2.47414e-08
21265.0  2.46863e-08
21270.0  2.46153e-08
21275.0  2.45284e-08
21280.0  2.44285e-08
21285.0  2.4319e-08
21290.0  2.42036e-08
21295.0  2.40861e-08
21300.0  2.39702e-08
21305.0  2.38595e-08
21310.0  2.37578e-08
21315.0  2.36686e-08
21320.0  2.35959e-08
21325.0  2.35432e-08
21330.0  2.35132e-08
21335.0  2.35055e-08
21340.0  2.35175e-08
21345.0  2.35463e-08
21350.0  2.35888e-08
21355.0  2.36422e-08
21360.0  2.37035e-08
21365.0  2.37697e-08
21370.0  2.38379e-08
21375.0  2.39053e-08
21380.0  2.39688e-08
21385.0  2.40258e-08
21390.0  2.40748e-08
21395.0  2.4116e-08
21400.0  2.415e-08
21405.0  2.41771e-08
21410.0  2.4198e-08
21415.0  2.42131e-08
21420.0  2.42229e-08
21425.0  2.42279e-08
21430.0  2.42286e-08
21435.0  2.42255e-08
21440.0  2.42191e-08
21445.0  2.42095e-08
21450.0  2.41967e-08
21455.0  2.41799e-08
21460.0  2.41585e-08
21465.0  2.41322e-08
21470.0  2.41002e-08
21475.0  2.40621e-08
21480.0  2.40172e-08
21485.0  2.3965e-08
21490.0  2.3905e-08
21495.0  2.38365e-08
21500.0  2.37594e-08
21505.0  2.36749e-08
21510.0  2.35857e-08
21515.0  2.34948e-08
21520.0  2.34052e-08
21525.0  2.33198e-08
21530.0  2.32417e-08
21535.0  2.31738e-08
21540.0  2.31191e-08
21545.0  2.30806e-08
21550.0  2.30614e-08
21555.0  2.30641e-08
21560.0  2.30902e-08
21565.0  2.31365e-08
21570.0  2.31984e-08
21575.0  2.32708e-08
21580.0  2.33491e-08
21585.0  2.34282e-08
21590.0  2.35031e-08
21595.0  2.35691e-08
21600.0  2.36213e-08
21605.0  2.36547e-08
21610.0  2.36643e-08
21615.0  2.36459e-08
21620.0  2.35993e-08
21625.0  2.35289e-08
21630.0  2.34404e-08
21635.0  2.33396e-08
21640.0  2.32323e-08
21645.0  2.31241e-08
21650.0  2.30207e-08
21655.0  2.29279e-08
21660.0  2.28515e-08
21665.0  2.27971e-08
21670.0  2.27704e-08
21675.0  2.27757e-08
21680.0  2.28109e-08
21685.0  2.28702e-08
21690.0  2.2947e-08
21695.0  2.30345e-08
21700.0  2.31263e-08
21705.0  2.32157e-08
21710.0  2.32962e-08
21715.0  2.3361e-08
21720.0  2.34038e-08
21725.0  2.34177e-08
21730.0  2.33967e-08
21735.0  2.33369e-08
21740.0  2.32427e-08
21745.0  2.3121e-08
21750.0  2.29793e-08
21755.0  2.28249e-08
21760.0  2.26653e-08
21765.0  2.25081e-08
21770.0  2.23604e-08
21775.0  2.22299e-08
21780.0  2.21239e-08
21785.0  2.20498e-08
21790.0  2.20145e-08
21795.0  2.20205e-08
21800.0  2.2062e-08
21805.0  2.21308e-08
21810.0  2.22185e-08
21815.0  2.23168e-08
21820.0  2.24174e-08
21825.0  2.25119e-08
21830.0  2.25918e-08
21835.0  2.26489e-08
21840.0  2.26748e-08
21845.0  2.26611e-08
21850.0  2.26008e-08
21855.0  2.24937e-08
21860.0  2.23492e-08
21865.0  2.21785e-08
21870.0  2.19931e-08
21875.0  2.18042e-08
21880.0  2.16232e-08
21885.0  2.14616e-08
21890.0  2.13305e-08
21895.0  2.12414e-08
21900.0  2.1204e-08
21905.0  2.1219e-08
21910.0  2.12776e-08
21915.0  2.13691e-08
21920.0  2.1483e-08
21925.0  2.16085e-08
21930.0  2.1735e-08
21935.0  2.18519e-08
21940.0  2.19485e-08
21945.0  2.20155e-08
21950.0  2.20506e-08
21955.0  2.20591e-08
21960.0  2.20475e-08
21965.0  2.20227e-08
21970.0  2.19913e-08
21975.0  2.19598e-08
21980.0  2.19351e-08
21985.0  2.19237e-08
21990.0  2.19316e-08
21995.0  2.196e-08
22000.0  2.20055e-08
22005.0  2.20637e-08
22010.0  2.21304e-08
22015.0  2.22011e-08
22020.0  2.22715e-08
22025.0  2.23371e-08
22030.0  2.23937e-08
22035.0  2.24373e-08
22040.0  2.24666e-08
22045.0  2.24835e-08
22050.0  2.24905e-08
22055.0  2.24897e-08
22060.0  2.24838e-08
22065.0  2.24753e-08
22070.0  2.24665e-08
22075.0  2.24599e-08
22080.0  2.24576e-08
22085.0  2.24594e-08
22090.0  2.24621e-08
22095.0  2.24617e-08
22100.0  2.24545e-08
22105.0  2.24363e-08
22110.0  2.24033e-08
22115.0  2.23516e-08
22120.0  2.22771e-08
22125.0  2.21765e-08
22130.0  2.20492e-08
22135.0  2.19005e-08
22140.0  2.17367e-08
22145.0  2.15645e-08
22150.0  2.13904e-08
22155.0  2.1221e-08
22160.0  2.10628e-08
22165.0  2.09225e-08
22170.0  2.08064e-08
22175.0  2.0719e-08
22180.0  2.06597e-08
22185.0  2.06265e-08
22190.0  2.06174e-08
22195.0  2.06299e-08
22200.0  2.0662e-08
22205.0  2.07114e-08
22210.0  2.07759e-08
22215.0  2.08532e-08
22220.0  2.0941e-08
22225.0  2.10358e-08
22230.0  2.11342e-08
22235.0  2.12322e-08
22240.0  2.13262e-08
22245.0  2.14124e-08
22250.0  2.1487e-08
22255.0  2.15464e-08
22260.0  2.15868e-08
22265.0  2.16051e-08
22270.0  2.16017e-08
22275.0  2.15791e-08
22280.0  2.15403e-08
22285.0  2.14884e-08
22290.0  2.14266e-08
22295.0  2.13578e-08
22300.0  2.12852e-08
22305.0  2.12117e-08
22310.0  2.11403e-08
22315.0  2.10722e-08
22320.0  2.10065e-08
22325.0  2.09422e-08
22330.0  2.08778e-08
22335.0  2.08123e-08
22340.0  2.07443e-08
22345.0  2.06726e-08
22350.0  2.05959e-08
22355.0  2.0513e-08
22360.0  2.04241e-08
22365.0  2.03322e-08
22370.0  2.02411e-08
22375.0  2.0155e-08
22380.0  2.00779e-08
22385.0  2.00139e-08
22390.0  1.99671e-08
22395.0  1.99415e-08
22400.0  1.99411e-08
22405.0  1.99689e-08
22410.0  2.00234e-08
22415.0  2.01002e-08
22420.0  2.01944e-08
22425.0  2.03011e-08
22430.0  2.04153e-08
22435.0  2.05323e-08
22440.0  2.06471e-08
22445.0  2.07549e-08
22450.0  2.08509e-08
22455.0  2.09324e-08
22460.0  2.0999e-08
22465.0  2.10512e-08
22470.0  2.10892e-08
22475.0  2.11136e-08
22480.0  2.11246e-08
22485.0  2.11227e-08
22490.0  2.11083e-08
22495.0  2.10817e-08
22500.0  2.10435e-08
22505.0  2.0995e-08
22510.0  2.09377e-08
22515.0  2.0873e-08
22520.0  2.08026e-08
22525.0  2.07279e-08
22530.0  2.06505e-08
22535.0  2.05719e-08
22540.0  2.04936e-08
22545.0  2.04172e-08
22550.0  2.03442e-08
22555.0  2.02759e-08
22560.0  2.02137e-08
22565.0  2.0159e-08
22570.0  2.01132e-08
22575.0  2.00776e-08
22580.0  2.00535e-08
22585.0  2.00425e-08
22590.0  2.00458e-08
22595.0  2.00638e-08
22600.0  2.0094e-08
22605.0  2.01325e-08
22610.0  2.01752e-08
22615.0  2.02179e-08
22620.0  2.02565e-08
22625.0  2.02869e-08
22630.0  2.0305e-08
22635.0  2.03066e-08
22640.0  2.02881e-08
22645.0  2.02498e-08
22650.0  2.0196e-08
22655.0  2.01323e-08
22660.0  2.0064e-08
22665.0  1.99968e-08
22670.0  1.99359e-08
22675.0  1.98869e-08
22680.0  1.98552e-08
22685.0  1.98463e-08
22690.0  1.98636e-08
22695.0  1.99045e-08
22700.0  1.99628e-08
22705.0  2.00315e-08
22710.0  2.0104e-08
22715.0  2.01738e-08
22720.0  2.02339e-08
22725.0  2.02777e-08
22730.0  2.02985e-08
22735.0  2.02899e-08
22740.0  2.02488e-08
22745.0  2.01792e-08
22750.0  2.00872e-08
22755.0  1.99794e-08
22760.0  1.98622e-08
22765.0  1.97417e-08
22770.0  1.96248e-08
22775.0  1.95175e-08
22780.0  1.94265e-08
22785.0  1.93576e-08
22790.0  1.93143e-08
22795.0  1.92963e-08
22800.0  1.93033e-08
22805.0  1.93344e-08
22810.0  1.93892e-08
22815.0  1.94668e-08
22820.0  1.95666e-08
22825.0  1.96879e-08
22830.0  1.983e-08
22835.0  1.99901e-08
22840.0  2.01574e-08
22845.0  2.03159e-08
22850.0  2.04488e-08
22855.0  2.05395e-08
22860.0  2.05711e-08
22865.0  2.0527e-08
22870.0  2.03905e-08
22875.0  2.01448e-08
22880.0  1.97741e-08
22885.0  1.92728e-08
22890.0  1.86639e-08
22895.0  1.79829e-08
22900.0  1.72661e-08
22905.0  1.65503e-08
22910.0  1.58717e-08
22915.0  1.52671e-08
22920.0  1.47729e-08
22925.0  1.44257e-08
22930.0  1.42595e-08
22935.0  1.42879e-08
22940.0  1.44863e-08
22945.0  1.48191e-08
22950.0  1.525e-08
22955.0  1.57425e-08
22960.0  1.62601e-08
22965.0  1.67665e-08
22970.0  1.72253e-08
22975.0  1.76e-08
22980.0  1.78571e-08
22985.0  1.79825e-08
22990.0  1.79899e-08
22995.0  1.78987e-08
23000.0  1.77293e-08
23005.0  1.75014e-08
23010.0  1.72352e-08
23015.0  1.69508e-08
23020.0  1.66682e-08
23025.0  1.64074e-08
23030.0  1.61867e-08
23035.0  1.60139e-08
23040.0  1.5885e-08
23045.0  1.57942e-08
23050.0  1.57353e-08
23055.0  1.57023e-08
23060.0  1.5689e-08
23065.0  1.56894e-08
23070.0  1.56974e-08
23075.0  1.5707e-08
23080.0  1.5713e-08
23085.0  1.5716e-08
23090.0  1.57219e-08
23095.0  1.57378e-08
23100.0  1.57707e-08
23105.0  1.58275e-08
23110.0  1.59155e-08
23115.0  1.60415e-08
23120.0  1.62126e-08
23125.0  1.64358e-08
23130.0  1.67154e-08
23135.0  1.70428e-08
23140.0  1.73977e-08
23145.0  1.77574e-08
23150.0  1.80994e-08
23155.0  1.84011e-08
23160.0  1.86402e-08
23165.0  1.87939e-08
23170.0  1.88398e-08
23175.0  1.87554e-08
23180.0  1.85224e-08
23185.0  1.81436e-08
23190.0  1.76423e-08
23195.0  1.70454e-08
23200.0  1.63798e-08
23205.0  1.56724e-08
23210.0  1.49501e-08
23215.0  1.42399e-08
23220.0  1.35686e-08
23225.0  1.29633e-08
23230.0  1.24482e-08
23235.0  1.20341e-08
23240.0  1.17173e-08
23245.0  1.14912e-08
23250.0  1.13495e-08
23255.0  1.12855e-08
23260.0  1.12927e-08
23265.0  1.13646e-08
23270.0  1.14946e-08
23275.0  1.16763e-08
23280.0  1.19031e-08
23285.0  1.21688e-08
23290.0  1.24678e-08
23295.0  1.27941e-08
23300.0  1.31422e-08
23305.0  1.35063e-08
23310.0  1.38807e-08
23315.0  1.42597e-08
23320.0  1.46376e-08
23325.0  1.50087e-08
23330.0  1.53671e-08
23335.0  1.57061e-08
23340.0  1.60175e-08
23345.0  1.62924e-08
23350.0  1.6522e-08
23355.0  1.66978e-08
23360.0  1.68109e-08
23365.0  1.68525e-08
23370.0  1.68138e-08
23375.0  1.66863e-08
23380.0  1.64617e-08
23385.0  1.61395e-08
23390.0  1.57357e-08
23395.0  1.52725e-08
23400.0  1.47729e-08
23405.0  1.42596e-08
23410.0  1.37553e-08
23415.0  1.32829e-08
23420.0  1.28652e-08
23425.0  1.2525e-08
23430.0  1.22845e-08
23435.0  1.21602e-08
23440.0  1.21465e-08
23445.0  1.22255e-08
23450.0  1.2378e-08
23455.0  1.25846e-08
23460.0  1.28259e-08
23465.0  1.30827e-08
23470.0  1.33354e-08
23475.0  1.3565e-08
23480.0  1.37519e-08
23485.0  1.38792e-08
23490.0  1.39419e-08
23495.0  1.3946e-08
23500.0  1.38999e-08
23505.0  1.38119e-08
23510.0  1.36902e-08
23515.0  1.35431e-08
23520.0  1.33789e-08
23525.0  1.3206e-08
23530.0  1.30325e-08
23535.0  1.28664e-08
23540.0  1.27135e-08
23545.0  1.25756e-08
23550.0  1.24533e-08
23555.0  1.23473e-08
23560.0  1.22583e-08
23565.0  1.21869e-08
23570.0  1.21338e-08
23575.0  1.20997e-08
23580.0  1.20852e-08
23585.0  1.20909e-08
23590.0  1.21168e-08
23595.0  1.21602e-08
23600.0  1.22173e-08
23605.0  1.22842e-08
23610.0  1.23567e-08
23615.0  1.24309e-08
23620.0  1.25029e-08
23625.0  1.25685e-08
23630.0  1.26237e-08
23635.0  1.26646e-08
23640.0  1.26877e-08
23645.0  1.26928e-08
23650.0  1.26834e-08
23655.0  1.26638e-08
23660.0  1.26379e-08
23665.0  1.26102e-08
23670.0  1.25846e-08
23675.0  1.25655e-08
23680.0  1.2557e-08
23685.0  1.25634e-08
23690.0  1.25886e-08
23695.0  1.26352e-08
23700.0  1.27021e-08
23705.0  1.27866e-08
23710.0  1.28862e-08
23715.0  1.29978e-08
23720.0  1.31189e-08
23725.0  1.32467e-08
23730.0  1.33784e-08
23735.0  1.35113e-08
23740.0  1.36426e-08
23745.0  1.37692e-08
23750.0  1.38864e-08
23755.0  1.39872e-08
23760.0  1.40644e-08
23765.0  1.41108e-08
23770.0  1.41191e-08
23775.0  1.40822e-08
23780.0  1.39928e-08
23785.0  1.38436e-08
23790.0  1.36274e-08
23795.0  1.33374e-08
23800.0  1.29711e-08
23805.0  1.254e-08
23810.0  1.20617e-08
23815.0  1.15547e-08
23820.0  1.10374e-08
23825.0  1.05283e-08
23830.0  1.00459e-08
23835.0  9.60846e-09
23840.0  9.23456e-09
23845.0  8.94259e-09
23850.0  8.74933e-09
23855.0  8.66022e-09
23860.0  8.66472e-09
23865.0  8.74875e-09
23870.0  8.89792e-09
23875.0  9.09795e-09
23880.0  9.33445e-09
23885.0  9.5931e-09
23890.0  9.85958e-09
23895.0  1.01195e-08
23900.0  1.03588e-08
23905.0  1.05656e-08
23910.0  1.0739e-08
23915.0  1.08858e-08
23920.0  1.10139e-08
23925.0  1.11313e-08
23930.0  1.12458e-08
23935.0  1.13653e-08
23940.0  1.14978e-08
23945.0  1.16512e-08
23950.0  1.18334e-08
23955.0  1.20519e-08
23960.0  1.23103e-08
23965.0  1.26019e-08
23970.0  1.29154e-08
23975.0  1.32393e-08
23980.0  1.3562e-08
23985.0  1.38719e-08
23990.0  1.41575e-08
23995.0  1.44072e-08
24000.0  1.46094e-08
24005.0  1.47525e-08
24010.0  1.48257e-08
24015.0  1.48245e-08
24020.0  1.47536e-08
24025.0  1.46206e-08
24030.0  1.44332e-08
24035.0  1.41991e-08
24040.0  1.39259e-08
24045.0  1.36213e-08
24050.0  1.32929e-08
24055.0  1.29484e-08
24060.0  1.25955e-08
24065.0  1.22415e-08
24070.0  1.18922e-08
24075.0  1.15515e-08
24080.0  1.12232e-08
24085.0  1.09106e-08
24090.0  1.06174e-08
24095.0  1.03473e-08
24100.0  1.01038e-08
24105.0  9.89045e-09
24110.0  9.71087e-09
24115.0  9.56865e-09
24120.0  9.46643e-09
24125.0  9.40262e-09
24130.0  9.37212e-09
24135.0  9.36931e-09
24140.0  9.38847e-09
24145.0  9.42401e-09
24150.0  9.47019e-09
24155.0  9.52138e-09
24160.0  9.57191e-09
24165.0  9.61612e-09
24170.0  9.64846e-09
24175.0  9.66504e-09
24180.0  9.66877e-09
24185.0  9.66707e-09
24190.0  9.66781e-09
24195.0  9.679e-09
24200.0  9.70858e-09
24205.0  9.7645e-09
24210.0  9.85477e-09
24215.0  9.98725e-09
24220.0  1.017e-08
24225.0  1.04107e-08
24230.0  1.07132e-08
24235.0  1.10681e-08
24240.0  1.14583e-08
24245.0  1.18658e-08
24250.0  1.22726e-08
24255.0  1.26607e-08
24260.0  1.3012e-08
24265.0  1.33086e-08
24270.0  1.35323e-08
24275.0  1.36654e-08
24280.0  1.36899e-08
24285.0  1.35942e-08
24290.0  1.33863e-08
24295.0  1.30861e-08
24300.0  1.27147e-08
24305.0  1.22931e-08
24310.0  1.18426e-08
24315.0  1.13843e-08
24320.0  1.09393e-08
24325.0  1.05287e-08
24330.0  1.01738e-08
24335.0  9.89521e-09
24340.0  9.70908e-09
24345.0  9.61354e-09
24350.0  9.59617e-09
24355.0  9.64322e-09
24360.0  9.74091e-09
24365.0  9.87548e-09
24370.0  1.00332e-08
24375.0  1.02002e-08
24380.0  1.03628e-08
24385.0  1.05072e-08
24390.0  1.06198e-08
24395.0  1.06896e-08
24400.0  1.07164e-08
24405.0  1.07075e-08
24410.0  1.06712e-08
24415.0  1.06157e-08
24420.0  1.05495e-08
24425.0  1.04808e-08
24430.0  1.04179e-08
24435.0  1.03691e-08
24440.0  1.03427e-08
24445.0  1.0347e-08
24450.0  1.0389e-08
24455.0  1.04672e-08
24460.0  1.05727e-08
24465.0  1.06949e-08
24470.0  1.08231e-08
24475.0  1.09467e-08
24480.0  1.10552e-08
24485.0  1.11378e-08
24490.0  1.1184e-08
24495.0  1.11832e-08
24500.0  1.11247e-08
24505.0  1.09993e-08
24510.0  1.08069e-08
24515.0  1.0561e-08
24520.0  1.02785e-08
24525.0  9.97625e-09
24530.0  9.67135e-09
24535.0  9.38071e-09
24540.0  9.12136e-09
24545.0  8.91022e-09
24550.0  8.76435e-09
24555.0  8.70063e-09
24560.0  8.73508e-09
24565.0  8.87415e-09
24570.0  9.10399e-09
24575.0  9.40431e-09
24580.0  9.75399e-09
24585.0  1.01322e-08
24590.0  1.05178e-08
24595.0  1.08899e-08
24600.0  1.12275e-08
24605.0  1.15097e-08
24610.0  1.17154e-08
24615.0  1.18241e-08
24620.0  1.18214e-08
24625.0  1.17127e-08
24630.0  1.15136e-08
24635.0  1.12409e-08
24640.0  1.09115e-08
24645.0  1.05423e-08
24650.0  1.01501e-08
24655.0  9.75167e-09
24660.0  9.36394e-09
24665.0  9.00375e-09
24670.0  8.68789e-09
24675.0  8.43162e-09
24680.0  8.24179e-09
24685.0  8.11607e-09
24690.0  8.05056e-09
24695.0  8.0413e-09
24700.0  8.08435e-09
24705.0  8.17568e-09
24710.0  8.31136e-09
24715.0  8.48738e-09
24720.0  8.69983e-09
24725.0  8.94467e-09
24730.0  9.21783e-09
24735.0  9.51427e-09
24740.0  9.82658e-09
24745.0  1.01466e-08
24750.0  1.04662e-08
24755.0  1.0777e-08
24760.0  1.1071e-08
24765.0  1.13398e-08
24770.0  1.15753e-08
24775.0  1.17693e-08
24780.0  1.19135e-08
24785.0  1.19998e-08
24790.0  1.2022e-08
24795.0  1.19824e-08
24800.0  1.18904e-08
24805.0  1.17562e-08
24810.0  1.15902e-08
24815.0  1.14027e-08
24820.0  1.1204e-08
24825.0  1.10044e-08
24830.0  1.08142e-08
24835.0  1.06439e-08
24840.0  1.05037e-08
24845.0  1.04033e-08
24850.0  1.0348e-08
24855.0  1.0333e-08
24860.0  1.03508e-08
24865.0  1.03936e-08
24870.0  1.04536e-08
24875.0  1.05228e-08
24880.0  1.05935e-08
24885.0  1.06577e-08
24890.0  1.07078e-08
24895.0  1.07357e-08
24900.0  1.07339e-08
24905.0  1.06955e-08
24910.0  1.06199e-08
24915.0  1.05115e-08
24920.0  1.03753e-08
24925.0  1.02165e-08
24930.0  1.00404e-08
24935.0  9.85211e-09
24940.0  9.65681e-09
24945.0  9.4597e-09
24950.0  9.26596e-09
24955.0  9.08078e-09
24960.0  8.90925e-09
24965.0  8.75593e-09
24970.0  8.62361e-09
24975.0  8.51452e-09
24980.0  8.43069e-09
24985.0  8.37429e-09
24990.0  8.34736e-09
24995.0  8.35204e-09
25000.0  6.28448e-09
