# Extracted from file: pickles_uk_62.fits
#SIMPLETrueFits standard
#BITPIX16Bits per pixel
#NAXIS0Number of axes
#EXTENDTrueFile may contain extensions
#DATE2007-01-11T21:02:22Date FITS file was generated
#IRAF-TLM16:02:38 (11/01/2007)Time of last modification
#COMMENT  FITS (Flexible Image Transport System) format is defined in 'Astronomy
#COMMENT  and Astrophysics', volume 376, page 359; bibcode: 2001A&A...376..359H
#ORIGINSTScI-STSDAS/TABLESTables version 2002-02-22
#FILENAMEpickles_uk_62.fitsname of file
#NEXTEND1number of extensions in file
#COMMENT1spectral type: B3III
#COMMENT2metallicity: solar
#COMMENT3original filename: ukb3iii.dat
#HISTORY  File created by F.R.Boffi.
#HISTORY  SEDs from Pickles UVKLIB Library (1998, PASP 110, 863).
#HISTORY  Wavelength is in Angstrom.
#HISTORY  Fluxes are tabulated in units of erg/s/cm^2/A
#HISTORY  and were calculated by normalizing the original fluxes
#HISTORY  in the Pickles V band to a 0 magnitude in vegamag.
#HISTORY  In the vegamag system, Vega has magnitude zero in all passbands.
#HISTORY  Please refer to the SYNPHOT manual for further information.
#
#
#
#
#
#
#
#
#
#
#
#
#
#  
#Columns WAVELENGTH FLUX
#Units  angstroms flam
1150.0  1.03308e-07
1155.0  1.07597e-07
1160.0  8.56816e-08
1165.0  8.0989e-08
1170.0  7.12573e-08
1175.0  5.99567e-08
1180.0  6.62496e-08
1185.0  7.25351e-08
1190.0  6.34726e-08
1195.0  5.29167e-08
1200.0  4.19888e-08
1205.0  2.533e-08
1210.0  1.78202e-08
1215.0  1.79501e-08
1220.0  3.24237e-08
1225.0  4.95719e-08
1230.0  6.02603e-08
1235.0  6.97217e-08
1240.0  7.69035e-08
1245.0  7.51151e-08
1250.0  7.15876e-08
1255.0  7.16748e-08
1260.0  6.77746e-08
1265.0  6.8484e-08
1270.0  7.37258e-08
1275.0  7.33939e-08
1280.0  7.32733e-08
1285.0  7.07894e-08
1290.0  6.39788e-08
1295.0  5.42344e-08
1300.0  4.92834e-08
1305.0  5.37345e-08
1310.0  6.36935e-08
1315.0  7.08287e-08
1320.0  7.0686e-08
1325.0  6.51422e-08
1330.0  5.90755e-08
1335.0  5.56209e-08
1340.0  6.16981e-08
1345.0  6.51048e-08
1350.0  6.60733e-08
1355.0  6.56165e-08
1360.0  6.35852e-08
1365.0  6.04594e-08
1370.0  5.9405e-08
1375.0  5.738e-08
1380.0  5.54576e-08
1385.0  5.33187e-08
1390.0  4.77202e-08
1395.0  4.46906e-08
1400.0  4.6984e-08
1405.0  5.03172e-08
1410.0  5.21511e-08
1415.0  5.12583e-08
1420.0  5.09834e-08
1425.0  5.2238e-08
1430.0  5.29585e-08
1435.0  5.34667e-08
1440.0  5.54063e-08
1445.0  5.60043e-08
1450.0  5.59645e-08
1455.0  5.53912e-08
1460.0  5.53896e-08
1465.0  5.36485e-08
1470.0  5.25849e-08
1475.0  5.25766e-08
1480.0  5.29453e-08
1485.0  5.28565e-08
1490.0  5.34494e-08
1495.0  5.06858e-08
1500.0  4.78387e-08
1505.0  4.68195e-08
1510.0  4.57014e-08
1515.0  4.44712e-08
1520.0  4.52404e-08
1525.0  4.38231e-08
1530.0  4.06988e-08
1535.0  3.93075e-08
1540.0  3.85727e-08
1545.0  3.52499e-08
1550.0  3.60569e-08
1555.0  4.07096e-08
1560.0  4.20694e-08
1565.0  4.19317e-08
1570.0  4.16407e-08
1575.0  4.22077e-08
1580.0  4.24346e-08
1585.0  4.32912e-08
1590.0  4.31332e-08
1595.0  4.1445e-08
1600.0  4.04831e-08
1605.0  3.98896e-08
1610.0  3.95668e-08
1615.0  4.10621e-08
1620.0  4.24311e-08
1625.0  4.24471e-08
1630.0  4.12982e-08
1635.0  4.08511e-08
1640.0  4.08203e-08
1645.0  4.10831e-08
1650.0  4.07805e-08
1655.0  3.92597e-08
1660.0  3.92001e-08
1665.0  4.00039e-08
1670.0  3.97208e-08
1675.0  3.94949e-08
1680.0  4.0101e-08
1685.0  4.03694e-08
1690.0  3.98043e-08
1695.0  3.9284e-08
1700.0  3.86149e-08
1705.0  3.73233e-08
1710.0  3.61136e-08
1715.0  3.48182e-08
1720.0  3.3429e-08
1725.0  3.41221e-08
1730.0  3.61603e-08
1735.0  3.7154e-08
1740.0  3.64812e-08
1745.0  3.5713e-08
1750.0  3.58691e-08
1755.0  3.69166e-08
1760.0  3.68574e-08
1765.0  3.65133e-08
1770.0  3.55446e-08
1775.0  3.46275e-08
1780.0  3.54618e-08
1785.0  3.49226e-08
1790.0  3.29097e-08
1795.0  3.49701e-08
1800.0  3.73571e-08
1805.0  3.68831e-08
1810.0  3.55852e-08
1815.0  3.46613e-08
1820.0  3.45208e-08
1825.0  3.48944e-08
1830.0  3.47715e-08
1835.0  3.37955e-08
1840.0  3.18719e-08
1845.0  2.97985e-08
1850.0  2.87423e-08
1855.0  2.88348e-08
1860.0  2.93983e-08
1865.0  3.00784e-08
1870.0  3.12817e-08
1875.0  3.15931e-08
1880.0  2.98681e-08
1885.0  2.72484e-08
1890.0  2.57343e-08
1895.0  2.59638e-08
1900.0  2.71969e-08
1905.0  2.73981e-08
1910.0  2.67385e-08
1915.0  2.57622e-08
1920.0  2.50698e-08
1925.0  2.4265e-08
1930.0  2.49606e-08
1935.0  2.64184e-08
1940.0  2.69729e-08
1945.0  2.68108e-08
1950.0  2.56863e-08
1955.0  2.50159e-08
1960.0  2.41148e-08
1965.0  2.38154e-08
1970.0  2.5115e-08
1975.0  2.73754e-08
1980.0  2.78424e-08
1985.0  2.72596e-08
1990.0  2.58565e-08
1995.0  2.44258e-08
2000.0  2.37986e-08
2005.0  2.45583e-08
2010.0  2.51942e-08
2015.0  2.63551e-08
2020.0  2.72812e-08
2025.0  2.7885e-08
2030.0  2.75272e-08
2035.0  2.67129e-08
2040.0  2.57682e-08
2045.0  2.50303e-08
2050.0  2.62797e-08
2055.0  2.65392e-08
2060.0  2.54191e-08
2065.0  2.4436e-08
2070.0  2.51645e-08
2075.0  2.55563e-08
2080.0  2.59568e-08
2085.0  2.61558e-08
2090.0  2.58588e-08
2095.0  2.51773e-08
2100.0  2.41408e-08
2105.0  2.34667e-08
2110.0  2.38639e-08
2115.0  2.52826e-08
2120.0  2.53465e-08
2125.0  2.53048e-08
2130.0  2.63728e-08
2135.0  2.62468e-08
2140.0  2.4938e-08
2145.0  2.3855e-08
2150.0  2.32233e-08
2155.0  2.39991e-08
2160.0  2.50306e-08
2165.0  2.45886e-08
2170.0  2.38089e-08
2175.0  2.33491e-08
2180.0  2.32111e-08
2185.0  2.31199e-08
2190.0  2.31948e-08
2195.0  2.36836e-08
2200.0  2.39661e-08
2205.0  2.36415e-08
2210.0  2.27855e-08
2215.0  2.23979e-08
2220.0  2.22422e-08
2225.0  2.15154e-08
2230.0  2.08822e-08
2235.0  2.07917e-08
2240.0  2.12191e-08
2245.0  2.13143e-08
2250.0  2.13707e-08
2255.0  2.12677e-08
2260.0  2.07187e-08
2265.0  2.05146e-08
2270.0  2.12721e-08
2275.0  2.1761e-08
2280.0  2.19852e-08
2285.0  2.18938e-08
2290.0  2.20182e-08
2295.0  2.11799e-08
2300.0  2.02315e-08
2305.0  2.02575e-08
2310.0  2.12159e-08
2315.0  2.17022e-08
2320.0  2.10042e-08
2325.0  2.03941e-08
2330.0  2.00612e-08
2335.0  2.02163e-08
2340.0  1.97962e-08
2345.0  1.92482e-08
2350.0  1.93502e-08
2355.0  1.98777e-08
2360.0  2.04051e-08
2365.0  2.0517e-08
2370.0  2.01266e-08
2375.0  1.96746e-08
2380.0  1.932e-08
2385.0  1.93093e-08
2390.0  1.87718e-08
2395.0  1.84639e-08
2400.0  1.87019e-08
2405.0  1.91604e-08
2410.0  1.89851e-08
2415.0  1.8972e-08
2420.0  1.90155e-08
2425.0  1.90993e-08
2430.0  1.9649e-08
2435.0  1.94426e-08
2440.0  1.89955e-08
2445.0  1.89618e-08
2450.0  1.91152e-08
2455.0  1.9562e-08
2460.0  1.98343e-08
2465.0  1.97313e-08
2470.0  1.90022e-08
2475.0  1.84142e-08
2480.0  1.85624e-08
2485.0  1.88096e-08
2490.0  1.87729e-08
2495.0  1.84574e-08
2500.0  1.85892e-08
2505.0  1.86285e-08
2510.0  1.8553e-08
2515.0  1.83713e-08
2520.0  1.8395e-08
2525.0  1.84065e-08
2530.0  1.85508e-08
2535.0  1.849e-08
2540.0  1.79088e-08
2545.0  1.74706e-08
2550.0  1.75276e-08
2555.0  1.76718e-08
2560.0  1.80109e-08
2565.0  1.79044e-08
2570.0  1.78129e-08
2575.0  1.78248e-08
2580.0  1.60829e-08
2585.0  1.55932e-08
2590.0  1.7032e-08
2595.0  1.76428e-08
2600.0  1.77811e-08
2605.0  1.74883e-08
2610.0  1.75596e-08
2615.0  1.78366e-08
2620.0  1.78844e-08
2625.0  1.78973e-08
2630.0  1.74727e-08
2635.0  1.76838e-08
2640.0  1.80924e-08
2645.0  1.80877e-08
2650.0  1.80047e-08
2655.0  1.81883e-08
2660.0  1.8039e-08
2665.0  1.75956e-08
2670.0  1.7295e-08
2675.0  1.72191e-08
2680.0  1.74069e-08
2685.0  1.76266e-08
2690.0  1.74987e-08
2695.0  1.67287e-08
2700.0  1.62832e-08
2705.0  1.66612e-08
2710.0  1.66722e-08
2715.0  1.63304e-08
2720.0  1.63055e-08
2725.0  1.62222e-08
2730.0  1.63082e-08
2735.0  1.66217e-08
2740.0  1.63232e-08
2745.0  1.58601e-08
2750.0  1.584e-08
2755.0  1.57604e-08
2760.0  1.60237e-08
2765.0  1.67918e-08
2770.0  1.64537e-08
2775.0  1.5875e-08
2780.0  1.58686e-08
2785.0  1.56979e-08
2790.0  1.53505e-08
2795.0  1.53848e-08
2800.0  1.48811e-08
2805.0  1.46821e-08
2810.0  1.51663e-08
2815.0  1.56799e-08
2820.0  1.57785e-08
2825.0  1.54026e-08
2830.0  1.49494e-08
2835.0  1.46085e-08
2840.0  1.44941e-08
2845.0  1.46002e-08
2850.0  1.47165e-08
2855.0  1.45596e-08
2860.0  1.46173e-08
2865.0  1.47265e-08
2870.0  1.4831e-08
2875.0  1.48975e-08
2880.0  1.47731e-08
2885.0  1.46296e-08
2890.0  1.46694e-08
2895.0  1.50003e-08
2900.0  1.51109e-08
2905.0  1.47756e-08
2910.0  1.45958e-08
2915.0  1.46116e-08
2920.0  1.44351e-08
2925.0  1.43577e-08
2930.0  1.45491e-08
2935.0  1.46434e-08
2940.0  1.44751e-08
2945.0  1.43809e-08
2950.0  1.40529e-08
2955.0  1.3949e-08
2960.0  1.39607e-08
2965.0  1.39439e-08
2970.0  1.41977e-08
2975.0  1.43982e-08
2980.0  1.43367e-08
2985.0  1.39752e-08
2990.0  1.3565e-08
2995.0  1.33856e-08
3000.0  1.33549e-08
3005.0  1.32802e-08
3010.0  1.33395e-08
3015.0  1.32649e-08
3020.0  1.3349e-08
3025.0  1.32766e-08
3030.0  1.30599e-08
3035.0  1.31129e-08
3040.0  1.31374e-08
3045.0  1.29304e-08
3050.0  1.27346e-08
3055.0  1.30058e-08
3060.0  1.2914e-08
3065.0  1.26653e-08
3070.0  1.27132e-08
3075.0  1.2816e-08
3080.0  1.2908e-08
3085.0  1.30335e-08
3090.0  1.30109e-08
3095.0  1.28619e-08
3100.0  1.27107e-08
3105.0  1.26227e-08
3110.0  1.27021e-08
3115.0  1.27245e-08
3120.0  1.25761e-08
3125.0  1.26723e-08
3130.0  1.26662e-08
3135.0  1.26011e-08
3140.0  1.2847e-08
3145.0  1.29203e-08
3150.0  1.29744e-08
3155.0  1.30779e-08
3160.0  1.23773e-08
3165.0  1.2254e-08
3170.0  1.22701e-08
3175.0  1.23748e-08
3180.0  1.22682e-08
3185.0  1.22519e-08
3190.0  1.24343e-08
3195.0  1.23607e-08
3200.0  1.21761e-08
3205.0  1.22486e-08
3210.0  1.23598e-08
3215.0  1.22109e-08
3220.0  1.19286e-08
3225.0  1.17524e-08
3230.0  1.17703e-08
3235.0  1.19441e-08
3240.0  1.20735e-08
3245.0  1.19916e-08
3250.0  1.1775e-08
3255.0  1.15741e-08
3260.0  1.14825e-08
3265.0  1.14981e-08
3270.0  1.144e-08
3275.0  1.11867e-08
3280.0  1.09414e-08
3285.0  1.09275e-08
3290.0  1.10922e-08
3295.0  1.12818e-08
3300.0  1.13659e-08
3305.0  1.12888e-08
3310.0  1.11566e-08
3315.0  1.10829e-08
3320.0  1.10442e-08
3325.0  1.09953e-08
3330.0  1.09719e-08
3335.0  1.10143e-08
3340.0  1.10892e-08
3345.0  1.11406e-08
3350.0  1.11283e-08
3355.0  1.1027e-08
3360.0  1.08364e-08
3365.0  1.05971e-08
3370.0  1.043e-08
3375.0  1.04154e-08
3380.0  1.04504e-08
3385.0  1.04132e-08
3390.0  1.03165e-08
3395.0  1.02281e-08
3400.0  1.0217e-08
3405.0  1.02966e-08
3410.0  1.03437e-08
3415.0  1.02584e-08
3420.0  1.01343e-08
3425.0  1.00762e-08
3430.0  1.00269e-08
3435.0  9.92646e-09
3440.0  9.87015e-09
3445.0  9.94303e-09
3450.0  1.00471e-08
3455.0  1.00716e-08
3460.0  1.00557e-08
3465.0  1.00554e-08
3470.0  1.00188e-08
3475.0  9.89005e-09
3480.0  9.71811e-09
3485.0  9.59412e-09
3490.0  9.60674e-09
3495.0  9.76789e-09
3500.0  9.89923e-09
3505.0  9.82226e-09
3510.0  9.53536e-09
3515.0  9.48154e-09
3520.0  9.5603e-09
3525.0  9.56529e-09
3530.0  9.44724e-09
3535.0  9.40272e-09
3540.0  9.37392e-09
3545.0  9.31453e-09
3550.0  9.2792e-09
3555.0  9.23733e-09
3560.0  9.17768e-09
3565.0  9.15449e-09
3570.0  9.21894e-09
3575.0  9.08655e-09
3580.0  8.92977e-09
3585.0  8.9046e-09
3590.0  8.94742e-09
3595.0  8.92586e-09
3600.0  8.92713e-09
3605.0  8.92463e-09
3610.0  8.85418e-09
3615.0  8.79165e-09
3620.0  8.80747e-09
3625.0  8.71666e-09
3630.0  8.7066e-09
3635.0  8.72407e-09
3640.0  8.7956e-09
3645.0  8.7573e-09
3650.0  8.7548e-09
3655.0  8.81542e-09
3660.0  8.75657e-09
3665.0  8.64181e-09
3670.0  8.66559e-09
3675.0  8.701e-09
3680.0  8.50984e-09
3685.0  8.39482e-09
3690.0  8.44726e-09
3695.0  8.42446e-09
3700.0  8.22675e-09
3705.0  8.26094e-09
3710.0  8.44568e-09
3715.0  8.55926e-09
3720.0  8.52046e-09
3725.0  8.73943e-09
3730.0  8.73663e-09
3735.0  8.52964e-09
3740.0  9.22523e-09
3745.0  9.14461e-09
3750.0  8.49993e-09
3755.0  9.11415e-09
3760.0  9.66805e-09
3765.0  9.0996e-09
3770.0  8.31276e-09
3775.0  9.13756e-09
3780.0  1.01318e-08
3785.0  1.01465e-08
3790.0  9.627e-09
3795.0  8.5852e-09
3800.0  8.59666e-09
3805.0  9.67256e-09
3810.0  1.04079e-08
3815.0  1.01666e-08
3820.0  9.8333e-09
3825.0  9.87961e-09
3830.0  9.11021e-09
3835.0  8.27467e-09
3840.0  9.1567e-09
3845.0  1.02141e-08
3850.0  1.06129e-08
3855.0  1.06219e-08
3860.0  1.05804e-08
3865.0  1.03518e-08
3870.0  1.01311e-08
3875.0  1.00082e-08
3880.0  9.56025e-09
3885.0  8.50812e-09
3890.0  8.19295e-09
3895.0  9.39805e-09
3900.0  1.02771e-08
3905.0  1.05024e-08
3910.0  1.05205e-08
3915.0  1.04116e-08
3920.0  1.00548e-08
3925.0  9.88208e-09
3930.0  9.76618e-09
3935.0  9.97752e-09
3940.0  1.03956e-08
3945.0  1.03986e-08
3950.0  1.02681e-08
3955.0  1.0077e-08
3960.0  9.33547e-09
3965.0  8.01983e-09
3970.0  7.54193e-09
3975.0  8.6727e-09
3980.0  9.60097e-09
3985.0  1.00365e-08
3990.0  1.01172e-08
3995.0  9.96298e-09
4000.0  9.80471e-09
4005.0  9.55483e-09
4010.0  9.44782e-09
4015.0  9.63524e-09
4020.0  9.38963e-09
4025.0  9.00334e-09
4030.0  9.25492e-09
4035.0  9.52987e-09
4040.0  9.53748e-09
4045.0  9.56081e-09
4050.0  9.58633e-09
4055.0  9.56441e-09
4060.0  9.47224e-09
4065.0  9.34168e-09
4070.0  9.13698e-09
4075.0  9.07889e-09
4080.0  9.19318e-09
4085.0  9.09791e-09
4090.0  8.76952e-09
4095.0  8.02063e-09
4100.0  7.10983e-09
4105.0  7.52348e-09
4110.0  8.41814e-09
4115.0  8.725e-09
4120.0  8.76872e-09
4125.0  8.86394e-09
4130.0  8.88105e-09
4135.0  8.88565e-09
4140.0  8.65719e-09
4145.0  8.62216e-09
4150.0  8.9311e-09
4155.0  9.02062e-09
4160.0  8.88924e-09
4165.0  8.84903e-09
4170.0  8.85168e-09
4175.0  8.89498e-09
4180.0  8.88495e-09
4185.0  8.81805e-09
4190.0  8.88043e-09
4195.0  8.94347e-09
4200.0  8.87188e-09
4205.0  8.82616e-09
4210.0  8.84062e-09
4215.0  8.81236e-09
4220.0  8.78129e-09
4225.0  8.77924e-09
4230.0  8.6432e-09
4235.0  8.58778e-09
4240.0  8.59321e-09
4245.0  8.56866e-09
4250.0  8.49852e-09
4255.0  8.43425e-09
4260.0  8.3506e-09
4265.0  8.20423e-09
4270.0  8.16133e-09
4275.0  8.21686e-09
4280.0  8.27855e-09
4285.0  8.284e-09
4290.0  8.27275e-09
4295.0  8.22517e-09
4300.0  8.22816e-09
4305.0  8.20628e-09
4310.0  8.15839e-09
4315.0  8.07235e-09
4320.0  7.99546e-09
4325.0  7.97456e-09
4330.0  7.67555e-09
4335.0  6.91205e-09
4340.0  6.15277e-09
4345.0  6.5375e-09
4350.0  7.26151e-09
4355.0  7.70827e-09
4360.0  7.83762e-09
4365.0  7.86693e-09
4370.0  7.83941e-09
4375.0  7.77777e-09
4380.0  7.6814e-09
4385.0  7.43066e-09
4390.0  7.41213e-09
4395.0  7.66411e-09
4400.0  7.70546e-09
4405.0  7.62938e-09
4410.0  7.53256e-09
4415.0  7.32857e-09
4420.0  7.21962e-09
4425.0  7.16923e-09
4430.0  7.05242e-09
4435.0  7.04394e-09
4440.0  7.24527e-09
4445.0  7.38958e-09
4450.0  7.37506e-09
4455.0  7.32357e-09
4460.0  7.27619e-09
4465.0  7.05048e-09
4470.0  6.65643e-09
4475.0  6.80233e-09
4480.0  6.98329e-09
4485.0  7.10539e-09
4490.0  7.15613e-09
4495.0  7.11628e-09
4500.0  7.09894e-09
4505.0  7.14156e-09
4510.0  7.12621e-09
4515.0  7.09694e-09
4520.0  7.07031e-09
4525.0  7.03307e-09
4530.0  6.9699e-09
4535.0  7.00006e-09
4540.0  6.9524e-09
4545.0  6.84565e-09
4550.0  6.77002e-09
4555.0  6.79886e-09
4560.0  6.82478e-09
4565.0  6.7044e-09
4570.0  6.64071e-09
4575.0  6.66295e-09
4580.0  6.70611e-09
4585.0  6.65097e-09
4590.0  6.59808e-09
4595.0  6.59035e-09
4600.0  6.63357e-09
4605.0  6.59445e-09
4610.0  6.53494e-09
4615.0  6.53303e-09
4620.0  6.5667e-09
4625.0  6.56531e-09
4630.0  6.49363e-09
4635.0  6.42761e-09
4640.0  6.36414e-09
4645.0  6.36894e-09
4650.0  6.35757e-09
4655.0  6.40935e-09
4660.0  6.38637e-09
4665.0  6.37889e-09
4670.0  6.38857e-09
4675.0  6.31799e-09
4680.0  6.35629e-09
4685.0  6.40096e-09
4690.0  6.33477e-09
4695.0  6.25553e-09
4700.0  6.2077e-09
4705.0  6.16641e-09
4710.0  6.0189e-09
4715.0  5.91654e-09
4720.0  5.96144e-09
4725.0  6.00499e-09
4730.0  6.07066e-09
4735.0  6.05257e-09
4740.0  6.04113e-09
4745.0  5.99679e-09
4750.0  5.93038e-09
4755.0  5.84499e-09
4760.0  5.79321e-09
4765.0  5.81123e-09
4770.0  5.8091e-09
4775.0  5.76431e-09
4780.0  5.79436e-09
4785.0  5.80472e-09
4790.0  5.79788e-09
4795.0  5.79253e-09
4800.0  5.72408e-09
4805.0  5.6899e-09
4810.0  5.65975e-09
4815.0  5.58212e-09
4820.0  5.57044e-09
4825.0  5.60414e-09
4830.0  5.5911e-09
4835.0  5.58964e-09
4840.0  5.54832e-09
4845.0  5.4775e-09
4850.0  5.28442e-09
4855.0  4.80152e-09
4860.0  4.3753e-09
4865.0  4.64179e-09
4870.0  5.03459e-09
4875.0  5.13354e-09
4880.0  5.14816e-09
4885.0  5.1737e-09
4890.0  5.25138e-09
4895.0  5.30065e-09
4900.0  5.30754e-09
4905.0  5.28048e-09
4910.0  5.24212e-09
4915.0  5.11775e-09
4920.0  4.93085e-09
4925.0  5.00545e-09
4930.0  5.23406e-09
4935.0  5.29885e-09
4940.0  5.27809e-09
4945.0  5.25035e-09
4950.0  5.25098e-09
4955.0  5.25546e-09
4960.0  5.22421e-09
4965.0  5.1549e-09
4970.0  5.07772e-09
4975.0  5.07718e-09
4980.0  5.09516e-09
4985.0  5.10002e-09
4990.0  5.07238e-09
4995.0  5.04195e-09
5000.0  4.97107e-09
5005.0  4.8934e-09
5010.0  4.78296e-09
5015.0  4.66788e-09
5020.0  4.82577e-09
5025.0  4.85292e-09
5030.0  4.8188e-09
5035.0  4.80473e-09
5040.0  4.81836e-09
5045.0  4.79963e-09
5050.0  4.79461e-09
5055.0  4.81063e-09
5060.0  4.78169e-09
5065.0  4.77196e-09
5070.0  4.77754e-09
5075.0  4.78894e-09
5080.0  4.75759e-09
5085.0  4.72099e-09
5090.0  4.71056e-09
5095.0  4.6739e-09
5100.0  4.61266e-09
5105.0  4.60698e-09
5110.0  4.62924e-09
5115.0  4.62594e-09
5120.0  4.58175e-09
5125.0  4.56748e-09
5130.0  4.54896e-09
5135.0  4.55348e-09
5140.0  4.5606e-09
5145.0  4.53383e-09
5150.0  4.4885e-09
5155.0  4.43589e-09
5160.0  4.46904e-09
5165.0  4.48858e-09
5170.0  4.48303e-09
5175.0  4.49636e-09
5180.0  4.47332e-09
5185.0  4.43303e-09
5190.0  4.40603e-09
5195.0  4.38946e-09
5200.0  4.34421e-09
5205.0  4.30587e-09
5210.0  4.32392e-09
5215.0  4.34682e-09
5220.0  4.35357e-09
5225.0  4.31083e-09
5230.0  4.25706e-09
5235.0  4.26456e-09
5240.0  4.24875e-09
5245.0  4.23002e-09
5250.0  4.22215e-09
5255.0  4.21879e-09
5260.0  4.20212e-09
5265.0  4.14829e-09
5270.0  4.12487e-09
5275.0  4.11853e-09
5280.0  4.1229e-09
5285.0  4.11454e-09
5290.0  4.09481e-09
5295.0  4.10852e-09
5300.0  4.11197e-09
5305.0  4.08408e-09
5310.0  4.03275e-09
5315.0  4.0183e-09
5320.0  4.02092e-09
5325.0  4.01637e-09
5330.0  3.97857e-09
5335.0  3.96115e-09
5340.0  3.95369e-09
5345.0  3.96088e-09
5350.0  3.96605e-09
5355.0  3.97293e-09
5360.0  3.94217e-09
5365.0  3.90648e-09
5370.0  3.9199e-09
5375.0  3.91095e-09
5380.0  3.87434e-09
5385.0  3.86386e-09
5390.0  3.88284e-09
5395.0  3.85323e-09
5400.0  3.82035e-09
5405.0  3.80416e-09
5410.0  3.79726e-09
5415.0  3.79439e-09
5420.0  3.77949e-09
5425.0  3.76824e-09
5430.0  3.74788e-09
5435.0  3.72043e-09
5440.0  3.69953e-09
5445.0  3.63359e-09
5450.0  3.59493e-09
5455.0  3.587e-09
5460.0  3.61336e-09
5465.0  3.63991e-09
5470.0  3.63673e-09
5475.0  3.63431e-09
5480.0  3.59432e-09
5485.0  3.54984e-09
5490.0  3.52147e-09
5495.0  3.5351e-09
5500.0  3.58319e-09
5505.0  3.55952e-09
5510.0  3.52231e-09
5515.0  3.536e-09
5520.0  3.51963e-09
5525.0  3.47553e-09
5530.0  3.4484e-09
5535.0  3.4346e-09
5540.0  3.43036e-09
5545.0  3.45089e-09
5550.0  3.47457e-09
5555.0  3.46067e-09
5560.0  3.43513e-09
5565.0  3.41991e-09
5570.0  3.41307e-09
5575.0  3.40768e-09
5580.0  3.40788e-09
5585.0  3.4108e-09
5590.0  3.41884e-09
5595.0  3.39711e-09
5600.0  3.3579e-09
5605.0  3.30945e-09
5610.0  3.29695e-09
5615.0  3.30673e-09
5620.0  3.30495e-09
5625.0  3.30169e-09
5630.0  3.29942e-09
5635.0  3.26759e-09
5640.0  3.23875e-09
5645.0  3.22373e-09
5650.0  3.21126e-09
5655.0  3.20622e-09
5660.0  3.17179e-09
5665.0  3.14452e-09
5670.0  3.15576e-09
5675.0  3.14569e-09
5680.0  3.13532e-09
5685.0  3.14316e-09
5690.0  3.12165e-09
5695.0  3.07403e-09
5700.0  3.05634e-09
5705.0  3.06366e-09
5710.0  3.07381e-09
5715.0  3.08177e-09
5720.0  3.04484e-09
5725.0  3.01738e-09
5730.0  3.0111e-09
5735.0  2.99009e-09
5740.0  2.95935e-09
5745.0  2.97165e-09
5750.0  3.00657e-09
5755.0  2.9989e-09
5760.0  2.98163e-09
5765.0  2.96534e-09
5770.0  2.92231e-09
5775.0  2.86979e-09
5780.0  2.80466e-09
5785.0  2.84146e-09
5790.0  2.85803e-09
5795.0  2.84513e-09
5800.0  2.84432e-09
5805.0  2.83226e-09
5810.0  2.82706e-09
5815.0  2.84448e-09
5820.0  2.85412e-09
5825.0  2.83285e-09
5830.0  2.80493e-09
5835.0  2.81073e-09
5840.0  2.80981e-09
5845.0  2.77628e-09
5850.0  2.75896e-09
5855.0  2.77544e-09
5860.0  2.79766e-09
5865.0  2.76556e-09
5870.0  2.67118e-09
5875.0  2.5672e-09
5880.0  2.62265e-09
5885.0  2.52881e-09
5890.0  2.34512e-09
5895.0  2.41181e-09
5900.0  2.58203e-09
5905.0  2.69083e-09
5910.0  2.69811e-09
5915.0  2.67146e-09
5920.0  2.62778e-09
5925.0  2.63028e-09
5930.0  2.62729e-09
5935.0  2.61413e-09
5940.0  2.57022e-09
5945.0  2.55098e-09
5950.0  2.54701e-09
5955.0  2.5814e-09
5960.0  2.61122e-09
5965.0  2.56786e-09
5970.0  2.52986e-09
5975.0  2.53962e-09
5980.0  2.54389e-09
5985.0  2.53479e-09
5990.0  2.51757e-09
5995.0  2.50749e-09
6000.0  2.5079e-09
6005.0  2.51079e-09
6010.0  2.48997e-09
6015.0  2.47195e-09
6020.0  2.45501e-09
6025.0  2.44529e-09
6030.0  2.41871e-09
6035.0  2.40871e-09
6040.0  2.42407e-09
6045.0  2.44689e-09
6050.0  2.4697e-09
6055.0  2.47622e-09
6060.0  2.46962e-09
6065.0  2.47631e-09
6070.0  2.48185e-09
6075.0  2.46609e-09
6080.0  2.44234e-09
6085.0  2.43348e-09
6090.0  2.42247e-09
6095.0  2.39745e-09
6100.0  2.39726e-09
6105.0  2.42085e-09
6110.0  2.4194e-09
6115.0  2.42456e-09
6120.0  2.42145e-09
6125.0  2.40512e-09
6130.0  2.37252e-09
6135.0  2.34772e-09
6140.0  2.33433e-09
6145.0  2.32527e-09
6150.0  2.33327e-09
6155.0  2.33915e-09
6160.0  2.33233e-09
6165.0  2.29835e-09
6170.0  2.26044e-09
6175.0  2.24205e-09
6180.0  2.25091e-09
6185.0  2.26976e-09
6190.0  2.27951e-09
6195.0  2.28325e-09
6200.0  2.27454e-09
6205.0  2.27046e-09
6210.0  2.28004e-09
6215.0  2.27107e-09
6220.0  2.25467e-09
6225.0  2.25275e-09
6230.0  2.24703e-09
6235.0  2.23042e-09
6240.0  2.23096e-09
6245.0  2.24007e-09
6250.0  2.23399e-09
6255.0  2.22827e-09
6260.0  2.19845e-09
6265.0  2.15397e-09
6270.0  2.11424e-09
6275.0  2.06112e-09
6280.0  1.97477e-09
6285.0  1.98719e-09
6290.0  2.08219e-09
6295.0  2.11499e-09
6300.0  2.11171e-09
6305.0  2.10881e-09
6310.0  2.11102e-09
6315.0  2.11306e-09
6320.0  2.0971e-09
6325.0  2.09747e-09
6330.0  2.11088e-09
6335.0  2.09924e-09
6340.0  2.08626e-09
6345.0  2.06088e-09
6350.0  2.06413e-09
6355.0  2.07718e-09
6360.0  2.08315e-09
6365.0  2.08086e-09
6370.0  2.06839e-09
6375.0  2.05783e-09
6380.0  2.05041e-09
6385.0  2.05879e-09
6390.0  2.05673e-09
6395.0  2.0481e-09
6400.0  2.03876e-09
6405.0  2.03006e-09
6410.0  2.02586e-09
6415.0  2.01074e-09
6420.0  2.00332e-09
6425.0  1.99304e-09
6430.0  1.99444e-09
6435.0  2.0018e-09
6440.0  2.0034e-09
6445.0  1.99291e-09
6450.0  1.97286e-09
6455.0  1.96185e-09
6460.0  1.96536e-09
6465.0  1.96317e-09
6470.0  1.95885e-09
6475.0  1.95762e-09
6480.0  1.95191e-09
6485.0  1.93908e-09
6490.0  1.93709e-09
6495.0  1.94214e-09
6500.0  1.95213e-09
6505.0  1.93513e-09
6510.0  1.93975e-09
6515.0  1.94681e-09
6520.0  1.94054e-09
6525.0  1.93566e-09
6530.0  1.91283e-09
6535.0  1.90788e-09
6540.0  1.92068e-09
6545.0  1.9184e-09
6550.0  1.89243e-09
6555.0  1.81256e-09
6560.0  1.68461e-09
6565.0  1.70133e-09
6570.0  1.7883e-09
6575.0  1.78993e-09
6580.0  1.77097e-09
6585.0  1.82359e-09
6590.0  1.86194e-09
6595.0  1.86088e-09
6600.0  1.8656e-09
6605.0  1.8561e-09
6610.0  1.82917e-09
6615.0  1.8292e-09
6620.0  1.84154e-09
6625.0  1.84118e-09
6630.0  1.8375e-09
6635.0  1.82973e-09
6640.0  1.81989e-09
6645.0  1.8095e-09
6650.0  1.81814e-09
6655.0  1.82517e-09
6660.0  1.82839e-09
6665.0  1.82379e-09
6670.0  1.79202e-09
6675.0  1.71639e-09
6680.0  1.71079e-09
6685.0  1.77585e-09
6690.0  1.78415e-09
6695.0  1.77969e-09
6700.0  1.77348e-09
6705.0  1.7806e-09
6710.0  1.78082e-09
6715.0  1.76819e-09
6720.0  1.75613e-09
6725.0  1.75042e-09
6730.0  1.74747e-09
6735.0  1.74757e-09
6740.0  1.74066e-09
6745.0  1.74333e-09
6750.0  1.74352e-09
6755.0  1.73666e-09
6760.0  1.73401e-09
6765.0  1.73142e-09
6770.0  1.72677e-09
6775.0  1.71751e-09
6780.0  1.70464e-09
6785.0  1.70028e-09
6790.0  1.70747e-09
6795.0  1.71097e-09
6800.0  1.71193e-09
6805.0  1.70962e-09
6810.0  1.69826e-09
6815.0  1.69152e-09
6820.0  1.68757e-09
6825.0  1.68551e-09
6830.0  1.6881e-09
6835.0  1.68128e-09
6840.0  1.67574e-09
6845.0  1.67174e-09
6850.0  1.66786e-09
6855.0  1.66425e-09
6860.0  1.6609e-09
6865.0  1.65774e-09
6870.0  1.65443e-09
6875.0  1.65094e-09
6880.0  1.64758e-09
6885.0  1.64412e-09
6890.0  1.64059e-09
6895.0  1.63693e-09
6900.0  1.63306e-09
6905.0  1.62915e-09
6910.0  1.62522e-09
6915.0  1.62123e-09
6920.0  1.61738e-09
6925.0  1.61395e-09
6930.0  1.61084e-09
6935.0  1.60739e-09
6940.0  1.60382e-09
6945.0  1.60042e-09
6950.0  1.59676e-09
6955.0  1.59316e-09
6960.0  1.58963e-09
6965.0  1.58618e-09
6970.0  1.58429e-09
6975.0  1.59097e-09
6980.0  1.58195e-09
6985.0  1.56771e-09
6990.0  1.55884e-09
6995.0  1.56024e-09
7000.0  1.55534e-09
7005.0  1.54906e-09
7010.0  1.54589e-09
7015.0  1.54312e-09
7020.0  1.54138e-09
7025.0  1.537e-09
7030.0  1.5364e-09
7035.0  1.536e-09
7040.0  1.5313e-09
7045.0  1.53378e-09
7050.0  1.52748e-09
7055.0  1.51742e-09
7060.0  1.4926e-09
7065.0  1.45513e-09
7070.0  1.48715e-09
7075.0  1.50722e-09
7080.0  1.50985e-09
7085.0  1.51203e-09
7090.0  1.51459e-09
7095.0  1.50647e-09
7100.0  1.50038e-09
7105.0  1.50193e-09
7110.0  1.5018e-09
7115.0  1.49439e-09
7120.0  1.49607e-09
7125.0  1.50081e-09
7130.0  1.50224e-09
7135.0  1.49561e-09
7140.0  1.48423e-09
7145.0  1.4805e-09
7150.0  1.47974e-09
7155.0  1.48601e-09
7160.0  1.47236e-09
7165.0  1.43732e-09
7170.0  1.40398e-09
7175.0  1.38093e-09
7180.0  1.36493e-09
7185.0  1.3418e-09
7190.0  1.3526e-09
7195.0  1.35856e-09
7200.0  1.35421e-09
7205.0  1.37203e-09
7210.0  1.41575e-09
7215.0  1.43976e-09
7220.0  1.44558e-09
7225.0  1.42757e-09
7230.0  1.38884e-09
7235.0  1.36253e-09
7240.0  1.36097e-09
7245.0  1.37432e-09
7250.0  1.37811e-09
7255.0  1.37036e-09
7260.0  1.36905e-09
7265.0  1.35354e-09
7270.0  1.34022e-09
7275.0  1.31114e-09
7280.0  1.31281e-09
7285.0  1.33916e-09
7290.0  1.3264e-09
7295.0  1.32458e-09
7300.0  1.31774e-09
7305.0  1.31977e-09
7310.0  1.32949e-09
7315.0  1.3316e-09
7320.0  1.33814e-09
7325.0  1.34079e-09
7330.0  1.33068e-09
7335.0  1.32503e-09
7340.0  1.3344e-09
7345.0  1.33188e-09
7350.0  1.31324e-09
7355.0  1.30765e-09
7360.0  1.30732e-09
7365.0  1.2996e-09
7370.0  1.29449e-09
7375.0  1.28831e-09
7380.0  1.27819e-09
7385.0  1.27286e-09
7390.0  1.27793e-09
7395.0  1.27221e-09
7400.0  1.26898e-09
7405.0  1.27875e-09
7410.0  1.26594e-09
7415.0  1.25374e-09
7420.0  1.25569e-09
7425.0  1.27684e-09
7430.0  1.27888e-09
7435.0  1.27773e-09
7440.0  1.27868e-09
7445.0  1.27102e-09
7450.0  1.26863e-09
7455.0  1.26939e-09
7460.0  1.2747e-09
7465.0  1.26513e-09
7470.0  1.25474e-09
7475.0  1.25687e-09
7480.0  1.25314e-09
7485.0  1.24949e-09
7490.0  1.24677e-09
7495.0  1.24505e-09
7500.0  1.24331e-09
7505.0  1.23845e-09
7510.0  1.24121e-09
7515.0  1.23828e-09
7520.0  1.23899e-09
7525.0  1.23678e-09
7530.0  1.23127e-09
7535.0  1.22588e-09
7540.0  1.22009e-09
7545.0  1.22043e-09
7550.0  1.21843e-09
7555.0  1.21595e-09
7560.0  1.21342e-09
7565.0  1.21086e-09
7570.0  1.20825e-09
7575.0  1.20579e-09
7580.0  1.2033e-09
7585.0  1.20092e-09
7590.0  1.19852e-09
7595.0  1.19598e-09
7600.0  1.19335e-09
7605.0  1.19062e-09
7610.0  1.18801e-09
7615.0  1.18543e-09
7620.0  1.18287e-09
7625.0  1.18033e-09
7630.0  1.1778e-09
7635.0  1.17529e-09
7640.0  1.17279e-09
7645.0  1.17029e-09
7650.0  1.16781e-09
7655.0  1.16532e-09
7660.0  1.16285e-09
7665.0  1.16038e-09
7670.0  1.15783e-09
7675.0  1.15521e-09
7680.0  1.15258e-09
7685.0  1.15e-09
7690.0  1.14737e-09
7695.0  1.14482e-09
7700.0  1.14224e-09
7705.0  1.13948e-09
7710.0  1.13665e-09
7715.0  1.13413e-09
7720.0  1.13136e-09
7725.0  1.12878e-09
7730.0  1.1291e-09
7735.0  1.12742e-09
7740.0  1.12587e-09
7745.0  1.12199e-09
7750.0  1.12082e-09
7755.0  1.11602e-09
7760.0  1.11535e-09
7765.0  1.11702e-09
7770.0  1.11399e-09
7775.0  1.10567e-09
7780.0  1.10701e-09
7785.0  1.10457e-09
7790.0  1.09729e-09
7795.0  1.09215e-09
7800.0  1.09175e-09
7805.0  1.09693e-09
7810.0  1.09004e-09
7815.0  1.08185e-09
7820.0  1.08294e-09
7825.0  1.08216e-09
7830.0  1.08191e-09
7835.0  1.07977e-09
7840.0  1.07523e-09
7845.0  1.06921e-09
7850.0  1.07202e-09
7855.0  1.07321e-09
7860.0  1.06508e-09
7865.0  1.06352e-09
7870.0  1.06668e-09
7875.0  1.06708e-09
7880.0  1.05942e-09
7885.0  1.05134e-09
7890.0  1.05426e-09
7895.0  1.05107e-09
7900.0  1.05048e-09
7905.0  1.04584e-09
7910.0  1.03462e-09
7915.0  1.03624e-09
7920.0  1.04139e-09
7925.0  1.03991e-09
7930.0  1.03075e-09
7935.0  1.03251e-09
7940.0  1.03079e-09
7945.0  1.02452e-09
7950.0  1.02042e-09
7955.0  1.01846e-09
7960.0  1.01876e-09
7965.0  1.01579e-09
7970.0  1.01371e-09
7975.0  1.01405e-09
7980.0  1.00876e-09
7985.0  1.00911e-09
7990.0  1.0136e-09
7995.0  1.00699e-09
8000.0  1.00146e-09
8005.0  9.99368e-10
8010.0  1.00119e-09
8015.0  9.94427e-10
8020.0  9.92443e-10
8025.0  9.905e-10
8030.0  9.90971e-10
8035.0  9.88684e-10
8040.0  9.79084e-10
8045.0  9.86916e-10
8050.0  9.86448e-10
8055.0  9.8907e-10
8060.0  9.87252e-10
8065.0  9.80604e-10
8070.0  9.74952e-10
8075.0  9.7657e-10
8080.0  9.78464e-10
8085.0  9.72016e-10
8090.0  9.70149e-10
8095.0  9.74925e-10
8100.0  9.7377e-10
8105.0  9.74036e-10
8110.0  9.70479e-10
8115.0  9.69309e-10
8120.0  9.69614e-10
8125.0  9.63092e-10
8130.0  9.51304e-10
8135.0  9.3683e-10
8140.0  9.37666e-10
8145.0  9.32922e-10
8150.0  9.18097e-10
8155.0  9.08539e-10
8160.0  8.93533e-10
8165.0  8.91095e-10
8170.0  9.09932e-10
8175.0  9.1178e-10
8180.0  9.07348e-10
8185.0  9.2449e-10
8190.0  9.19331e-10
8195.0  9.17804e-10
8200.0  9.2698e-10
8205.0  9.45894e-10
8210.0  9.50197e-10
8215.0  9.39368e-10
8220.0  9.1011e-10
8225.0  8.6552e-10
8230.0  8.41616e-10
8235.0  8.88661e-10
8240.0  9.1333e-10
8245.0  9.17862e-10
8250.0  9.20959e-10
8255.0  9.06163e-10
8260.0  8.9752e-10
8265.0  9.00123e-10
8270.0  8.96967e-10
8275.0  8.81074e-10
8280.0  8.78048e-10
8285.0  8.83207e-10
8290.0  8.80494e-10
8295.0  8.8195e-10
8300.0  8.8398e-10
8305.0  8.71593e-10
8310.0  8.64207e-10
8315.0  8.68311e-10
8320.0  8.70808e-10
8325.0  8.65866e-10
8330.0  8.68876e-10
8335.0  8.67124e-10
8340.0  8.75417e-10
8345.0  8.7018e-10
8350.0  8.65137e-10
8355.0  8.61626e-10
8360.0  8.5924e-10
8365.0  8.58911e-10
8370.0  8.58927e-10
8375.0  8.51689e-10
8380.0  8.49242e-10
8385.0  8.60654e-10
8390.0  8.62248e-10
8395.0  8.46621e-10
8400.0  8.41677e-10
8405.0  8.41851e-10
8410.0  8.40137e-10
8415.0  8.39094e-10
8420.0  8.3527e-10
8425.0  8.34058e-10
8430.0  8.35348e-10
8435.0  8.34415e-10
8440.0  8.35169e-10
8445.0  8.36835e-10
8450.0  8.31383e-10
8455.0  8.30513e-10
8460.0  8.26807e-10
8465.0  8.13958e-10
8470.0  8.12106e-10
8475.0  8.12039e-10
8480.0  8.10798e-10
8485.0  8.0791e-10
8490.0  8.05737e-10
8495.0  8.03045e-10
8500.0  7.98993e-10
8505.0  8.00502e-10
8510.0  8.02478e-10
8515.0  8.00715e-10
8520.0  8.03167e-10
8525.0  8.03086e-10
8530.0  7.92046e-10
8535.0  7.90345e-10
8540.0  7.92116e-10
8545.0  7.83662e-10
8550.0  7.88848e-10
8555.0  7.94323e-10
8560.0  7.94849e-10
8565.0  7.97955e-10
8570.0  7.9566e-10
8575.0  7.9179e-10
8580.0  7.83428e-10
8585.0  7.7404e-10
8590.0  7.70241e-10
8595.0  7.61226e-10
8600.0  7.60427e-10
8605.0  7.75413e-10
8610.0  7.83096e-10
8615.0  7.89711e-10
8620.0  7.9559e-10
8625.0  8.00143e-10
8630.0  8.05328e-10
8635.0  7.99447e-10
8640.0  7.93223e-10
8645.0  7.8315e-10
8650.0  7.7224e-10
8655.0  7.63754e-10
8660.0  7.45219e-10
8665.0  7.34675e-10
8670.0  7.48479e-10
8675.0  7.60848e-10
8680.0  7.70881e-10
8685.0  7.78772e-10
8690.0  7.87913e-10
8695.0  7.88623e-10
8700.0  7.93435e-10
8705.0  7.91027e-10
8710.0  7.83714e-10
8715.0  7.89092e-10
8720.0  7.86748e-10
8725.0  7.77589e-10
8730.0  7.61482e-10
8735.0  7.52592e-10
8740.0  7.45548e-10
8745.0  7.29528e-10
8750.0  7.1602e-10
8755.0  7.2421e-10
8760.0  7.38121e-10
8765.0  7.45406e-10
8770.0  7.45911e-10
8775.0  7.42239e-10
8780.0  7.44488e-10
8785.0  7.6087e-10
8790.0  7.61004e-10
8795.0  7.60548e-10
8800.0  7.60825e-10
8805.0  7.66291e-10
8810.0  7.60378e-10
8815.0  7.41062e-10
8820.0  7.34366e-10
8825.0  7.39969e-10
8830.0  7.37985e-10
8835.0  7.31131e-10
8840.0  7.17746e-10
8845.0  7.04295e-10
8850.0  6.971e-10
8855.0  6.90899e-10
8860.0  6.7424e-10
8865.0  6.67104e-10
8870.0  6.93309e-10
8875.0  7.03885e-10
8880.0  7.12398e-10
8885.0  7.16835e-10
8890.0  7.31569e-10
8895.0  7.38096e-10
8900.0  7.39939e-10
8905.0  7.41339e-10
8910.0  7.411e-10
8915.0  7.42264e-10
8920.0  7.46285e-10
8925.0  7.40293e-10
8930.0  7.26398e-10
8935.0  7.23169e-10
8940.0  7.29215e-10
8945.0  7.31353e-10
8950.0  7.26845e-10
8955.0  7.2221e-10
8960.0  7.18582e-10
8965.0  7.10042e-10
8970.0  7.07628e-10
8975.0  7.04172e-10
8980.0  6.91712e-10
8985.0  6.71681e-10
8990.0  6.42942e-10
8995.0  6.40069e-10
9000.0  6.32625e-10
9005.0  6.33718e-10
9010.0  6.40421e-10
9015.0  6.25238e-10
9020.0  6.42958e-10
9025.0  6.57146e-10
9030.0  6.84472e-10
9035.0  7.13268e-10
9040.0  7.21819e-10
9045.0  7.23232e-10
9050.0  7.22107e-10
9055.0  7.1097e-10
9060.0  6.8932e-10
9065.0  6.68465e-10
9070.0  6.60253e-10
9075.0  6.81117e-10
9080.0  6.70778e-10
9085.0  6.74378e-10
9090.0  6.73861e-10
9095.0  6.65352e-10
9100.0  6.69366e-10
9105.0  6.75922e-10
9110.0  6.89071e-10
9115.0  6.87737e-10
9120.0  6.82765e-10
9125.0  6.83303e-10
9130.0  6.58501e-10
9135.0  6.48313e-10
9140.0  6.67364e-10
9145.0  6.79066e-10
9150.0  6.54024e-10
9155.0  6.28979e-10
9160.0  6.54114e-10
9165.0  6.62669e-10
9170.0  6.5027e-10
9175.0  6.39548e-10
9180.0  6.49099e-10
9185.0  6.52616e-10
9190.0  6.56298e-10
9195.0  6.49485e-10
9200.0  6.53113e-10
9205.0  6.49849e-10
9210.0  6.33588e-10
9215.0  6.25387e-10
9220.0  6.25036e-10
9225.0  6.16564e-10
9230.0  6.00819e-10
9235.0  6.14946e-10
9240.0  6.27372e-10
9245.0  6.40851e-10
9250.0  6.60703e-10
9255.0  6.61726e-10
9260.0  6.5011e-10
9265.0  6.64525e-10
9270.0  6.75612e-10
9275.0  6.6843e-10
9280.0  6.54164e-10
9285.0  6.43581e-10
9290.0  6.63776e-10
9295.0  6.51067e-10
9300.0  6.30708e-10
9305.0  6.00255e-10
9310.0  5.99754e-10
9315.0  5.96033e-10
9320.0  6.01237e-10
9325.0  5.92668e-10
9330.0  5.86679e-10
9335.0  5.71976e-10
9340.0  5.53815e-10
9345.0  5.4662e-10
9350.0  5.60679e-10
9355.0  5.43436e-10
9360.0  5.60348e-10
9365.0  5.72259e-10
9370.0  5.64477e-10
9375.0  5.81521e-10
9380.0  5.92078e-10
9385.0  6.30757e-10
9390.0  6.69274e-10
9395.0  6.73516e-10
9400.0  6.49418e-10
9405.0  6.49724e-10
9410.0  6.24901e-10
9415.0  6.02242e-10
9420.0  5.86213e-10
9425.0  5.63959e-10
9430.0  5.64101e-10
9435.0  5.74097e-10
9440.0  5.53899e-10
9445.0  5.63891e-10
9450.0  5.81194e-10
9455.0  5.55092e-10
9460.0  5.38994e-10
9465.0  5.42822e-10
9470.0  5.44402e-10
9475.0  5.62713e-10
9480.0  5.49376e-10
9485.0  5.56138e-10
9490.0  5.69334e-10
9495.0  5.48746e-10
9500.0  5.43263e-10
9505.0  5.68636e-10
9510.0  5.64588e-10
9515.0  5.30145e-10
9520.0  5.01374e-10
9525.0  4.92663e-10
9530.0  4.9484e-10
9535.0  5.14456e-10
9540.0  5.17926e-10
9545.0  5.1351e-10
9550.0  5.05751e-10
9555.0  4.92469e-10
9560.0  5.0304e-10
9565.0  5.10227e-10
9570.0  5.37769e-10
9575.0  5.59871e-10
9580.0  5.56854e-10
9585.0  5.49505e-10
9590.0  5.37999e-10
9595.0  5.37914e-10
9600.0  5.38944e-10
9605.0  5.37796e-10
9610.0  5.43483e-10
9615.0  5.43093e-10
9620.0  5.33437e-10
9625.0  5.32031e-10
9630.0  5.5631e-10
9635.0  5.64524e-10
9640.0  5.59821e-10
9645.0  5.53136e-10
9650.0  5.48911e-10
9655.0  5.42629e-10
9660.0  5.28803e-10
9665.0  5.2989e-10
9670.0  5.42417e-10
9675.0  5.49982e-10
9680.0  5.52265e-10
9685.0  5.46692e-10
9690.0  5.41266e-10
9695.0  5.44317e-10
9700.0  5.42116e-10
9705.0  5.40703e-10
9710.0  5.40778e-10
9715.0  5.3959e-10
9720.0  5.30642e-10
9725.0  5.20988e-10
9730.0  5.16703e-10
9735.0  5.11719e-10
9740.0  5.10877e-10
9745.0  5.05422e-10
9750.0  5.12156e-10
9755.0  5.28853e-10
9760.0  5.37027e-10
9765.0  5.42303e-10
9770.0  5.45911e-10
9775.0  5.33671e-10
9780.0  5.23219e-10
9785.0  5.14919e-10
9790.0  5.12019e-10
9795.0  4.94426e-10
9800.0  5.05415e-10
9805.0  4.99858e-10
9810.0  5.01229e-10
9815.0  4.89943e-10
9820.0  4.92313e-10
9825.0  5.01468e-10
9830.0  5.11182e-10
9835.0  5.13853e-10
9840.0  5.16252e-10
9845.0  5.16249e-10
9850.0  5.15038e-10
9855.0  5.13994e-10
9860.0  5.03975e-10
9865.0  4.87803e-10
9870.0  4.83255e-10
9875.0  4.85369e-10
9880.0  4.89479e-10
9885.0  4.84581e-10
9890.0  4.96617e-10
9895.0  5.14174e-10
9900.0  5.07924e-10
9905.0  5.01381e-10
9910.0  4.99136e-10
9915.0  4.90407e-10
9920.0  4.84196e-10
9925.0  4.8104e-10
9930.0  4.70642e-10
9935.0  4.72973e-10
9940.0  4.98223e-10
9945.0  5.00025e-10
9950.0  4.89645e-10
9955.0  4.82591e-10
9960.0  4.844e-10
9965.0  4.88663e-10
9970.0  4.79e-10
9975.0  4.62189e-10
9980.0  4.8065e-10
9985.0  4.73408e-10
9990.0  4.73854e-10
9995.0  4.72477e-10
10000.0  4.69445e-10
10005.0  4.67376e-10
10010.0  4.63627e-10
10015.0  4.57617e-10
10020.0  4.4932e-10
10025.0  4.39308e-10
10030.0  4.29673e-10
10035.0  4.2309e-10
10040.0  4.22145e-10
10045.0  4.2786e-10
10050.0  4.37202e-10
10055.0  4.45577e-10
10060.0  4.4845e-10
10065.0  4.43411e-10
10070.0  4.33565e-10
10075.0  4.24147e-10
10080.0  4.20375e-10
10085.0  4.25258e-10
10090.0  4.36035e-10
10095.0  4.47731e-10
10100.0  4.55332e-10
10105.0  4.55639e-10
10110.0  4.50171e-10
10115.0  4.42272e-10
10120.0  4.35351e-10
10125.0  4.31747e-10
10130.0  4.30994e-10
10135.0  4.31548e-10
10140.0  4.31809e-10
10145.0  4.30685e-10
10150.0  4.28396e-10
10155.0  4.2567e-10
10160.0  4.23275e-10
10165.0  4.21875e-10
10170.0  4.21892e-10
10175.0  4.23646e-10
10180.0  4.27396e-10
10185.0  4.32917e-10
10190.0  4.3871e-10
10195.0  4.42801e-10
10200.0  4.4324e-10
10205.0  4.38919e-10
10210.0  4.30914e-10
10215.0  4.21141e-10
10220.0  4.11546e-10
10225.0  4.03593e-10
10230.0  3.97483e-10
10235.0  3.92928e-10
10240.0  3.89614e-10
10245.0  3.87416e-10
10250.0  3.867e-10
10255.0  3.88032e-10
10260.0  3.91916e-10
10265.0  3.98156e-10
10270.0  4.04719e-10
10275.0  4.08868e-10
10280.0  4.07944e-10
10285.0  4.00855e-10
10290.0  3.90551e-10
10295.0  3.81545e-10
10300.0  3.80342e-10
10305.0  3.96874e-10
10310.0  4.04515e-10
10315.0  4.10649e-10
10320.0  4.15548e-10
10325.0  4.17715e-10
10330.0  4.1729e-10
10335.0  4.1506e-10
10340.0  4.11851e-10
10345.0  4.08323e-10
10350.0  4.04709e-10
10355.0  4.01063e-10
10360.0  3.97453e-10
10365.0  3.94132e-10
10370.0  3.91854e-10
10375.0  3.91561e-10
10380.0  3.94141e-10
10385.0  3.99722e-10
10390.0  4.06445e-10
10395.0  4.11695e-10
10400.0  4.12911e-10
10405.0  4.08915e-10
10410.0  4.02094e-10
10415.0  3.96223e-10
10420.0  3.9502e-10
10425.0  4.00375e-10
10430.0  4.09418e-10
10435.0  4.17448e-10
10440.0  4.19796e-10
10445.0  4.1391e-10
10450.0  4.02763e-10
10455.0  3.91451e-10
10460.0  3.8506e-10
10465.0  3.86556e-10
10470.0  3.9335e-10
10475.0  4.00727e-10
10480.0  4.03948e-10
10485.0  4.0018e-10
10490.0  3.91521e-10
10495.0  3.81975e-10
10500.0  3.75587e-10
10505.0  3.74916e-10
10510.0  3.7867e-10
10515.0  3.84075e-10
10520.0  3.88297e-10
10525.0  3.89421e-10
10530.0  3.87922e-10
10535.0  3.85186e-10
10540.0  3.82649e-10
10545.0  3.81275e-10
10550.0  3.80805e-10
10555.0  3.80509e-10
10560.0  3.79644e-10
10565.0  3.77781e-10
10570.0  3.75319e-10
10575.0  3.72967e-10
10580.0  3.71436e-10
10585.0  3.71098e-10
10590.0  3.71452e-10
10595.0  3.71662e-10
10600.0  3.70886e-10
10605.0  3.68555e-10
10610.0  3.6484e-10
10615.0  3.60178e-10
10620.0  3.57757e-10
10625.0  3.69386e-10
10630.0  3.70867e-10
10635.0  3.70209e-10
10640.0  3.69551e-10
10645.0  3.68894e-10
10650.0  3.68239e-10
10655.0  3.67582e-10
10660.0  3.66928e-10
10665.0  3.66274e-10
10670.0  3.65619e-10
10675.0  3.64965e-10
10680.0  3.64314e-10
10685.0  3.6366e-10
10690.0  3.6301e-10
10695.0  3.62362e-10
10700.0  3.61711e-10
10705.0  3.61063e-10
10710.0  3.60414e-10
10715.0  3.59766e-10
10720.0  3.59119e-10
10725.0  3.58474e-10
10730.0  3.57827e-10
10735.0  3.57184e-10
10740.0  3.5654e-10
10745.0  3.55899e-10
10750.0  3.55255e-10
10755.0  3.54614e-10
10760.0  3.53971e-10
10765.0  3.53331e-10
10770.0  3.52693e-10
10775.0  3.52053e-10
10780.0  3.51416e-10
10785.0  3.50779e-10
10790.0  3.50142e-10
10795.0  3.49506e-10
10800.0  3.4887e-10
10805.0  3.48235e-10
10810.0  3.47601e-10
10815.0  3.46968e-10
10820.0  3.46337e-10
10825.0  3.45704e-10
10830.0  3.45073e-10
10835.0  3.44443e-10
10840.0  3.43814e-10
10845.0  3.43186e-10
10850.0  3.42557e-10
10855.0  3.4193e-10
10860.0  3.41303e-10
10865.0  3.40677e-10
10870.0  3.40053e-10
10875.0  3.39427e-10
10880.0  3.38803e-10
10885.0  3.3818e-10
10890.0  3.3756e-10
10895.0  3.36938e-10
10900.0  3.36318e-10
10905.0  3.35698e-10
10910.0  3.35077e-10
10915.0  3.34459e-10
10920.0  3.33842e-10
10925.0  3.33226e-10
10930.0  3.32609e-10
10935.0  3.31992e-10
10940.0  3.31377e-10
10945.0  3.30763e-10
10950.0  3.30151e-10
10955.0  3.29538e-10
10960.0  3.28925e-10
10965.0  3.28315e-10
10970.0  3.27703e-10
10975.0  3.27094e-10
10980.0  3.26487e-10
10985.0  3.25878e-10
10990.0  3.25269e-10
10995.0  3.24662e-10
11000.0  3.24057e-10
11005.0  3.23453e-10
11010.0  3.22848e-10
11015.0  3.22245e-10
11020.0  3.21643e-10
11025.0  3.2104e-10
11030.0  3.20437e-10
11035.0  3.19838e-10
11040.0  3.19236e-10
11045.0  3.18636e-10
11050.0  3.18038e-10
11055.0  3.17442e-10
11060.0  3.16845e-10
11065.0  3.16248e-10
11070.0  3.15654e-10
11075.0  3.15059e-10
11080.0  3.14464e-10
11085.0  3.13871e-10
11090.0  3.13279e-10
11095.0  3.12686e-10
11100.0  3.12097e-10
11105.0  3.11505e-10
11110.0  3.10917e-10
11115.0  3.10328e-10
11120.0  3.0974e-10
11125.0  3.09154e-10
11130.0  3.08568e-10
11135.0  3.07983e-10
11140.0  3.07398e-10
11145.0  3.06813e-10
11150.0  3.06231e-10
11155.0  3.05649e-10
11160.0  3.05066e-10
11165.0  3.04485e-10
11170.0  3.03906e-10
11175.0  3.03324e-10
11180.0  3.02746e-10
11185.0  3.02168e-10
11190.0  3.01592e-10
11195.0  3.01017e-10
11200.0  3.00439e-10
11205.0  2.99864e-10
11210.0  2.99292e-10
11215.0  2.98718e-10
11220.0  2.98146e-10
11225.0  2.97574e-10
11230.0  2.97003e-10
11235.0  2.96434e-10
11240.0  2.95863e-10
11245.0  2.95295e-10
11250.0  2.94727e-10
11255.0  2.94162e-10
11260.0  2.93594e-10
11265.0  2.93029e-10
11270.0  2.92465e-10
11275.0  2.91903e-10
11280.0  2.91339e-10
11285.0  2.90777e-10
11290.0  2.90216e-10
11295.0  2.89655e-10
11300.0  2.89094e-10
11305.0  2.88536e-10
11310.0  2.87978e-10
11315.0  2.8742e-10
11320.0  2.86863e-10
11325.0  2.86308e-10
11330.0  2.85753e-10
11335.0  2.85199e-10
11340.0  2.84645e-10
11345.0  2.84091e-10
11350.0  2.8354e-10
11355.0  2.82989e-10
11360.0  2.82439e-10
11365.0  2.8189e-10
11370.0  2.8134e-10
11375.0  2.80792e-10
11380.0  2.80244e-10
11385.0  2.79698e-10
11390.0  2.79153e-10
11395.0  2.78609e-10
11400.0  2.78064e-10
11405.0  2.77521e-10
11410.0  2.76979e-10
11415.0  2.76436e-10
11420.0  2.75896e-10
11425.0  2.75358e-10
11430.0  2.74818e-10
11435.0  2.74281e-10
11440.0  2.73744e-10
11445.0  2.73206e-10
11450.0  2.7267e-10
11455.0  2.72136e-10
11460.0  2.71602e-10
11465.0  2.71068e-10
11470.0  2.70534e-10
11475.0  2.70002e-10
11480.0  2.69471e-10
11485.0  2.68941e-10
11490.0  2.68413e-10
11495.0  2.67884e-10
11500.0  2.67356e-10
11505.0  2.6683e-10
11510.0  2.66303e-10
11515.0  2.65776e-10
11520.0  2.65253e-10
11525.0  2.64729e-10
11530.0  2.64206e-10
11535.0  2.63686e-10
11540.0  2.63163e-10
11545.0  2.62643e-10
11550.0  2.62123e-10
11555.0  2.61606e-10
11560.0  2.61087e-10
11565.0  2.6057e-10
11570.0  2.60053e-10
11575.0  2.59538e-10
11580.0  2.59024e-10
11585.0  2.5851e-10
11590.0  2.57998e-10
11595.0  2.57485e-10
11600.0  2.56974e-10
11605.0  2.56462e-10
11610.0  2.55953e-10
11615.0  2.55445e-10
11620.0  2.54937e-10
11625.0  2.54431e-10
11630.0  2.53924e-10
11635.0  2.53418e-10
11640.0  2.52916e-10
11645.0  2.52409e-10
11650.0  2.51907e-10
11655.0  2.51405e-10
11660.0  2.50904e-10
11665.0  2.50405e-10
11670.0  2.49904e-10
11675.0  2.49406e-10
11680.0  2.48908e-10
11685.0  2.48412e-10
11690.0  2.47916e-10
11695.0  2.4742e-10
11700.0  2.46925e-10
11705.0  2.46432e-10
11710.0  2.4594e-10
11715.0  2.45447e-10
11720.0  2.44955e-10
11725.0  2.44466e-10
11730.0  2.43977e-10
11735.0  2.43488e-10
11740.0  2.42999e-10
11745.0  2.42513e-10
11750.0  2.42028e-10
11755.0  2.41543e-10
11760.0  2.41058e-10
11765.0  2.40575e-10
11770.0  2.40093e-10
11775.0  2.39611e-10
11780.0  2.39129e-10
11785.0  2.38649e-10
11790.0  2.38169e-10
11795.0  2.3769e-10
11800.0  2.37214e-10
11805.0  2.36736e-10
11810.0  2.36261e-10
11815.0  2.35786e-10
11820.0  2.35314e-10
11825.0  2.34839e-10
11830.0  2.34367e-10
11835.0  2.33895e-10
11840.0  2.33426e-10
11845.0  2.32955e-10
11850.0  2.32487e-10
11855.0  2.32019e-10
11860.0  2.31551e-10
11865.0  2.31086e-10
11870.0  2.3062e-10
11875.0  2.30156e-10
11880.0  2.29691e-10
11885.0  2.2923e-10
11890.0  2.28768e-10
11895.0  2.28307e-10
11900.0  2.27846e-10
11905.0  2.27388e-10
11910.0  2.2693e-10
11915.0  2.26472e-10
11920.0  2.26014e-10
11925.0  2.25559e-10
11930.0  2.25104e-10
11935.0  2.2465e-10
11940.0  2.24196e-10
11945.0  2.23744e-10
11950.0  2.23294e-10
11955.0  2.22843e-10
11960.0  2.22394e-10
11965.0  2.21944e-10
11970.0  2.21496e-10
11975.0  2.21049e-10
11980.0  2.20604e-10
11985.0  2.2016e-10
11990.0  2.19716e-10
11995.0  2.19271e-10
12000.0  2.18828e-10
12005.0  2.18387e-10
12010.0  2.17946e-10
12015.0  2.17506e-10
12020.0  2.17068e-10
12025.0  2.16631e-10
12030.0  2.16194e-10
12035.0  2.15756e-10
12040.0  2.15319e-10
12045.0  2.14885e-10
12050.0  2.14451e-10
12055.0  2.1402e-10
12060.0  2.13587e-10
12065.0  2.13156e-10
12070.0  2.12727e-10
12075.0  2.12299e-10
12080.0  2.11869e-10
12085.0  2.11442e-10
12090.0  2.11015e-10
12095.0  2.10591e-10
12100.0  2.10165e-10
12105.0  2.09741e-10
12110.0  2.09318e-10
12115.0  2.08897e-10
12120.0  2.08477e-10
12125.0  2.08057e-10
12130.0  2.07637e-10
12135.0  2.07217e-10
12140.0  2.068e-10
12145.0  2.06384e-10
12150.0  2.05967e-10
12155.0  2.05554e-10
12160.0  2.05141e-10
12165.0  2.04728e-10
12170.0  2.04315e-10
12175.0  2.03904e-10
12180.0  2.03495e-10
12185.0  2.03085e-10
12190.0  2.02676e-10
12195.0  2.02269e-10
12200.0  2.01863e-10
12205.0  2.01457e-10
12210.0  2.01053e-10
12215.0  2.00648e-10
12220.0  2.00245e-10
12225.0  1.99845e-10
12230.0  1.99443e-10
12235.0  1.99043e-10
12240.0  1.98644e-10
12245.0  1.98247e-10
12250.0  1.97848e-10
12255.0  1.97452e-10
12260.0  1.97056e-10
12265.0  1.9666e-10
12270.0  1.96268e-10
12275.0  1.95875e-10
12280.0  1.95483e-10
12285.0  1.95093e-10
12290.0  1.94701e-10
12295.0  1.94312e-10
12300.0  1.93926e-10
12305.0  1.93537e-10
12310.0  1.93151e-10
12315.0  1.92765e-10
12320.0  1.9238e-10
12325.0  1.91997e-10
12330.0  1.91613e-10
12335.0  1.9123e-10
12340.0  1.90851e-10
12345.0  1.9047e-10
12350.0  1.9009e-10
12355.0  1.89711e-10
12360.0  1.89334e-10
12365.0  1.88957e-10
12370.0  1.88582e-10
12375.0  1.88207e-10
12380.0  1.87832e-10
12385.0  1.8746e-10
12390.0  1.87088e-10
12395.0  1.86716e-10
12400.0  1.86344e-10
12405.0  1.85976e-10
12410.0  1.85607e-10
12415.0  1.85239e-10
12420.0  1.84871e-10
12425.0  1.84505e-10
12430.0  1.84141e-10
12435.0  1.83776e-10
12440.0  1.83411e-10
12445.0  1.83049e-10
12450.0  1.82687e-10
12455.0  1.82326e-10
12460.0  1.81965e-10
12465.0  1.81606e-10
12470.0  1.81248e-10
12475.0  1.8089e-10
12480.0  1.80533e-10
12485.0  1.80177e-10
12490.0  1.79823e-10
12495.0  1.79468e-10
12500.0  1.79114e-10
12505.0  1.78762e-10
12510.0  1.78411e-10
12515.0  1.7806e-10
12520.0  1.77709e-10
12525.0  1.7736e-10
12530.0  1.7701e-10
12535.0  1.76665e-10
12540.0  1.76317e-10
12545.0  1.7597e-10
12550.0  1.75625e-10
12555.0  1.75281e-10
12560.0  1.7494e-10
12565.0  1.74596e-10
12570.0  1.74255e-10
12575.0  1.73914e-10
12580.0  1.73574e-10
12585.0  1.73236e-10
12590.0  1.72899e-10
12595.0  1.72561e-10
12600.0  1.72223e-10
12605.0  1.71887e-10
12610.0  1.71552e-10
12615.0  1.71218e-10
12620.0  1.70884e-10
12625.0  1.70553e-10
12630.0  1.7022e-10
12635.0  1.69889e-10
12640.0  1.69559e-10
12645.0  1.69231e-10
12650.0  1.68901e-10
12655.0  1.68574e-10
12660.0  1.68247e-10
12665.0  1.67922e-10
12670.0  1.67596e-10
12675.0  1.67272e-10
12680.0  1.66949e-10
12685.0  1.66625e-10
12690.0  1.66304e-10
12695.0  1.65984e-10
12700.0  1.65664e-10
12705.0  1.65344e-10
12710.0  1.65024e-10
12715.0  1.64707e-10
12720.0  1.6439e-10
12725.0  1.64073e-10
12730.0  1.63757e-10
12735.0  1.63443e-10
12740.0  1.6313e-10
12745.0  1.62816e-10
12750.0  1.62503e-10
12755.0  1.62193e-10
12760.0  1.61883e-10
12765.0  1.61573e-10
12770.0  1.61264e-10
12775.0  1.60954e-10
12780.0  1.60647e-10
12785.0  1.60341e-10
12790.0  1.60034e-10
12795.0  1.59728e-10
12800.0  1.59425e-10
12805.0  1.59122e-10
12810.0  1.58819e-10
12815.0  1.58516e-10
12820.0  1.58216e-10
12825.0  1.57914e-10
12830.0  1.57614e-10
12835.0  1.57314e-10
12840.0  1.57018e-10
12845.0  1.56719e-10
12850.0  1.56422e-10
12855.0  1.56127e-10
12860.0  1.55833e-10
12865.0  1.55538e-10
12870.0  1.55245e-10
12875.0  1.54952e-10
12880.0  1.54659e-10
12885.0  1.54367e-10
12890.0  1.54078e-10
12895.0  1.53788e-10
12900.0  1.53499e-10
12905.0  1.5321e-10
12910.0  1.52924e-10
12915.0  1.52635e-10
12920.0  1.52349e-10
12925.0  1.52064e-10
12930.0  1.5178e-10
12935.0  1.51496e-10
12940.0  1.51213e-10
12945.0  1.50931e-10
12950.0  1.50651e-10
12955.0  1.5037e-10
12960.0  1.5009e-10
12965.0  1.49811e-10
12970.0  1.49533e-10
12975.0  1.49254e-10
12980.0  1.48978e-10
12985.0  1.487e-10
12990.0  1.48424e-10
12995.0  1.48151e-10
13000.0  1.47877e-10
13005.0  1.47604e-10
13010.0  1.47329e-10
13015.0  1.47057e-10
13020.0  1.46788e-10
13025.0  1.46517e-10
13030.0  1.46247e-10
13035.0  1.45979e-10
13040.0  1.45711e-10
13045.0  1.45442e-10
13050.0  1.45177e-10
13055.0  1.44909e-10
13060.0  1.44643e-10
13065.0  1.44381e-10
13070.0  1.44116e-10
13075.0  1.43852e-10
13080.0  1.43589e-10
13085.0  1.43328e-10
13090.0  1.43066e-10
13095.0  1.42808e-10
13100.0  1.42547e-10
13105.0  1.42288e-10
13110.0  1.4203e-10
13115.0  1.41772e-10
13120.0  1.41517e-10
13125.0  1.41261e-10
13130.0  1.41004e-10
13135.0  1.40749e-10
13140.0  1.40497e-10
13145.0  1.40243e-10
13150.0  1.39991e-10
13155.0  1.3974e-10
13160.0  1.39489e-10
13165.0  1.39238e-10
13170.0  1.38989e-10
13175.0  1.38738e-10
13180.0  1.3849e-10
13185.0  1.38242e-10
13190.0  1.37995e-10
13195.0  1.3775e-10
13200.0  1.37505e-10
13205.0  1.37261e-10
13210.0  1.37017e-10
13215.0  1.36772e-10
13220.0  1.36528e-10
13225.0  1.36286e-10
13230.0  1.36045e-10
13235.0  1.35804e-10
13240.0  1.35564e-10
13245.0  1.35325e-10
13250.0  1.35085e-10
13255.0  1.34847e-10
13260.0  1.3461e-10
13265.0  1.34375e-10
13270.0  1.34138e-10
13275.0  1.33904e-10
13280.0  1.33669e-10
13285.0  1.33435e-10
13290.0  1.33202e-10
13295.0  1.32968e-10
13300.0  1.32736e-10
13305.0  1.32506e-10
13310.0  1.32275e-10
13315.0  1.32044e-10
13320.0  1.31814e-10
13325.0  1.31587e-10
13330.0  1.31359e-10
13335.0  1.31132e-10
13340.0  1.30905e-10
13345.0  1.30678e-10
13350.0  1.30454e-10
13355.0  1.3023e-10
13360.0  1.30006e-10
13365.0  1.29782e-10
13370.0  1.29558e-10
13375.0  1.29335e-10
13380.0  1.29114e-10
13385.0  1.28894e-10
13390.0  1.28673e-10
13395.0  1.28454e-10
13400.0  1.28236e-10
13405.0  1.28016e-10
13410.0  1.27799e-10
13415.0  1.27582e-10
13420.0  1.27365e-10
13425.0  1.27151e-10
13430.0  1.26935e-10
13435.0  1.26721e-10
13440.0  1.26507e-10
13445.0  1.26294e-10
13450.0  1.26081e-10
13455.0  1.2587e-10
13460.0  1.25658e-10
13465.0  1.25447e-10
13470.0  1.25238e-10
13475.0  1.2503e-10
13480.0  1.24821e-10
13485.0  1.24611e-10
13490.0  1.24404e-10
13495.0  1.24197e-10
13500.0  1.23991e-10
13505.0  1.23787e-10
13510.0  1.23581e-10
13515.0  1.23377e-10
13520.0  1.23171e-10
13525.0  1.22968e-10
13530.0  1.22768e-10
13535.0  1.22565e-10
13540.0  1.22365e-10
13545.0  1.22163e-10
13550.0  1.21963e-10
13555.0  1.21763e-10
13560.0  1.21566e-10
13565.0  1.21367e-10
13570.0  1.2117e-10
13575.0  1.20971e-10
13580.0  1.20774e-10
13585.0  1.20579e-10
13590.0  1.20385e-10
13595.0  1.2019e-10
13600.0  1.19997e-10
13605.0  1.19804e-10
13610.0  1.19611e-10
13615.0  1.19418e-10
13620.0  1.19226e-10
13625.0  1.19035e-10
13630.0  1.18843e-10
13635.0  1.18654e-10
13640.0  1.18464e-10
13645.0  1.18275e-10
13650.0  1.18088e-10
13655.0  1.179e-10
13660.0  1.17714e-10
13665.0  1.17528e-10
13670.0  1.17342e-10
13675.0  1.17156e-10
13680.0  1.16973e-10
13685.0  1.16788e-10
13690.0  1.16605e-10
13695.0  1.16422e-10
13700.0  1.1624e-10
13705.0  1.16057e-10
13710.0  1.15875e-10
13715.0  1.15696e-10
13720.0  1.15517e-10
13725.0  1.15338e-10
13730.0  1.15159e-10
13735.0  1.1498e-10
13740.0  1.14801e-10
13745.0  1.14625e-10
13750.0  1.14449e-10
13755.0  1.14271e-10
13760.0  1.14098e-10
13765.0  1.13923e-10
13770.0  1.13748e-10
13775.0  1.13574e-10
13780.0  1.134e-10
13785.0  1.13227e-10
13790.0  1.13055e-10
13795.0  1.12883e-10
13800.0  1.12714e-10
13805.0  1.12542e-10
13810.0  1.12373e-10
13815.0  1.12205e-10
13820.0  1.12036e-10
13825.0  1.11867e-10
13830.0  1.11698e-10
13835.0  1.1153e-10
13840.0  1.11364e-10
13845.0  1.11199e-10
13850.0  1.11034e-10
13855.0  1.10868e-10
13860.0  1.10703e-10
13865.0  1.10538e-10
13870.0  1.10376e-10
13875.0  1.10214e-10
13880.0  1.10052e-10
13885.0  1.09891e-10
13890.0  1.09729e-10
13895.0  1.09567e-10
13900.0  1.09408e-10
13905.0  1.09247e-10
13910.0  1.09088e-10
13915.0  1.0893e-10
13920.0  1.08772e-10
13925.0  1.08614e-10
13930.0  1.08458e-10
13935.0  1.083e-10
13940.0  1.08145e-10
13945.0  1.0799e-10
13950.0  1.07835e-10
13955.0  1.0768e-10
13960.0  1.07526e-10
13965.0  1.07373e-10
13970.0  1.07219e-10
13975.0  1.07067e-10
13980.0  1.06916e-10
13985.0  1.06764e-10
13990.0  1.06613e-10
13995.0  1.06462e-10
14000.0  1.06313e-10
14005.0  1.06162e-10
14010.0  1.06014e-10
14015.0  1.05866e-10
14020.0  1.05717e-10
14025.0  1.0557e-10
14030.0  1.05424e-10
14035.0  1.05277e-10
14040.0  1.05132e-10
14045.0  1.04988e-10
14050.0  1.04843e-10
14055.0  1.04698e-10
14060.0  1.04554e-10
14065.0  1.0441e-10
14070.0  1.04268e-10
14075.0  1.04126e-10
14080.0  1.03982e-10
14085.0  1.03841e-10
14090.0  1.037e-10
14095.0  1.03562e-10
14100.0  1.03421e-10
14105.0  1.0328e-10
14110.0  1.03142e-10
14115.0  1.03004e-10
14120.0  1.02866e-10
14125.0  1.02729e-10
14130.0  1.02591e-10
14135.0  1.02454e-10
14140.0  1.02318e-10
14145.0  1.02182e-10
14150.0  1.02047e-10
14155.0  1.01913e-10
14160.0  1.01778e-10
14165.0  1.01645e-10
14170.0  1.01513e-10
14175.0  1.01379e-10
14180.0  1.01248e-10
14185.0  1.01114e-10
14190.0  1.00983e-10
14195.0  1.00852e-10
14200.0  1.00721e-10
14205.0  1.00591e-10
14210.0  1.00463e-10
14215.0  1.00333e-10
14220.0  1.00205e-10
14225.0  1.00077e-10
14230.0  9.99501e-11
14235.0  9.98228e-11
14240.0  9.96953e-11
14245.0  9.95678e-11
14250.0  9.9441e-11
14255.0  9.93164e-11
14260.0  9.91921e-11
14265.0  9.90656e-11
14270.0  9.89412e-11
14275.0  9.88176e-11
14280.0  9.86962e-11
14285.0  9.85728e-11
14290.0  9.84493e-11
14295.0  9.83282e-11
14300.0  9.82076e-11
14305.0  9.80873e-11
14310.0  9.79668e-11
14315.0  9.78463e-11
14320.0  9.77257e-11
14325.0  9.76056e-11
14330.0  9.74876e-11
14335.0  9.73681e-11
14340.0  9.72506e-11
14345.0  9.71335e-11
14350.0  9.70163e-11
14355.0  9.68994e-11
14360.0  9.67822e-11
14365.0  9.66657e-11
14370.0  9.65512e-11
14375.0  9.6435e-11
14380.0  9.63208e-11
14385.0  9.62073e-11
14390.0  9.60936e-11
14395.0  9.598e-11
14400.0  9.58664e-11
14405.0  9.57532e-11
14410.0  9.56422e-11
14415.0  9.55295e-11
14420.0  9.54189e-11
14425.0  9.53085e-11
14430.0  9.51983e-11
14435.0  9.50882e-11
14440.0  9.49781e-11
14445.0  9.48684e-11
14450.0  9.47607e-11
14455.0  9.46514e-11
14460.0  9.45438e-11
14465.0  9.44344e-11
14470.0  9.43273e-11
14475.0  9.42205e-11
14480.0  9.41139e-11
14485.0  9.40075e-11
14490.0  9.39033e-11
14495.0  9.37974e-11
14500.0  9.36932e-11
14505.0  9.35875e-11
14510.0  9.34838e-11
14515.0  9.33803e-11
14520.0  9.32771e-11
14525.0  9.31738e-11
14530.0  9.30704e-11
14535.0  9.29676e-11
14540.0  9.28669e-11
14545.0  9.27645e-11
14550.0  9.26641e-11
14555.0  9.25644e-11
14560.0  9.24647e-11
14565.0  9.23647e-11
14570.0  9.22648e-11
14575.0  9.2165e-11
14580.0  9.20655e-11
14585.0  9.19681e-11
14590.0  9.18692e-11
14595.0  9.17724e-11
14600.0  9.16756e-11
14605.0  9.15765e-11
14610.0  9.14798e-11
14615.0  9.13837e-11
14620.0  9.12899e-11
14625.0  9.11939e-11
14630.0  9.10979e-11
14635.0  9.10041e-11
14640.0  9.09087e-11
14645.0  9.08151e-11
14650.0  9.07222e-11
14655.0  9.06293e-11
14660.0  9.05362e-11
14665.0  9.04433e-11
14670.0  9.03504e-11
14675.0  9.02579e-11
14680.0  9.01674e-11
14685.0  9.00754e-11
14690.0  8.99848e-11
14695.0  8.98928e-11
14700.0  8.98027e-11
14705.0  8.97134e-11
14710.0  8.96239e-11
14715.0  8.95346e-11
14720.0  8.94478e-11
14725.0  8.93585e-11
14730.0  8.92695e-11
14735.0  8.91827e-11
14740.0  8.9094e-11
14745.0  8.90074e-11
14750.0  8.89214e-11
14755.0  8.88353e-11
14760.0  8.87493e-11
14765.0  8.86632e-11
14770.0  8.85771e-11
14775.0  8.84914e-11
14780.0  8.8408e-11
14785.0  8.83227e-11
14790.0  8.82392e-11
14795.0  8.8154e-11
14800.0  8.80709e-11
14805.0  8.79883e-11
14810.0  8.79057e-11
14815.0  8.78231e-11
14820.0  8.77403e-11
14825.0  8.76582e-11
14830.0  8.75782e-11
14835.0  8.7496e-11
14840.0  8.74137e-11
14845.0  8.73341e-11
14850.0  8.72545e-11
14855.0  8.71726e-11
14860.0  8.70931e-11
14865.0  8.70137e-11
14870.0  8.69345e-11
14875.0  8.6856e-11
14880.0  8.67793e-11
14885.0  8.67005e-11
14890.0  8.66217e-11
14895.0  8.65452e-11
14900.0  8.64669e-11
14905.0  8.63907e-11
14910.0  8.63148e-11
14915.0  8.62386e-11
14920.0  8.61603e-11
14925.0  8.60847e-11
14930.0  8.60114e-11
14935.0  8.59362e-11
14940.0  8.58603e-11
14945.0  8.5785e-11
14950.0  8.57118e-11
14955.0  8.5637e-11
14960.0  8.55638e-11
14965.0  8.5489e-11
14970.0  8.54161e-11
14975.0  8.53439e-11
14980.0  8.52716e-11
14985.0  8.51991e-11
14990.0  8.51271e-11
14995.0  8.50548e-11
15000.0  8.49828e-11
15005.0  8.49131e-11
15010.0  8.48416e-11
15015.0  8.47719e-11
15020.0  8.47005e-11
15025.0  8.46306e-11
15030.0  8.45592e-11
15035.0  8.449e-11
15040.0  8.44211e-11
15045.0  8.43521e-11
15050.0  8.42832e-11
15055.0  8.42145e-11
15060.0  8.41461e-11
15065.0  8.40798e-11
15070.0  8.40113e-11
15075.0  8.3943e-11
15080.0  8.38766e-11
15085.0  8.38086e-11
15090.0  8.37427e-11
15095.0  8.36775e-11
15100.0  8.36115e-11
15105.0  8.35434e-11
15110.0  8.34776e-11
15115.0  8.34122e-11
15120.0  8.33467e-11
15125.0  8.32817e-11
15130.0  8.32188e-11
15135.0  8.31541e-11
15140.0  8.30889e-11
15145.0  8.30262e-11
15150.0  8.29616e-11
15155.0  8.28988e-11
15160.0  8.28342e-11
15165.0  8.27716e-11
15170.0  8.27099e-11
15175.0  8.26479e-11
15180.0  8.25859e-11
15185.0  8.2524e-11
15190.0  8.24619e-11
15195.0  8.23999e-11
15200.0  8.23381e-11
15205.0  8.22764e-11
15210.0  8.22169e-11
15215.0  8.21558e-11
15220.0  8.20965e-11
15225.0  8.20352e-11
15230.0  8.1976e-11
15235.0  8.19148e-11
15240.0  8.18558e-11
15245.0  8.17974e-11
15250.0  8.17388e-11
15255.0  8.16798e-11
15260.0  8.16192e-11
15265.0  8.15627e-11
15270.0  8.15046e-11
15275.0  8.14461e-11
15280.0  8.13877e-11
15285.0  8.13295e-11
15290.0  8.12736e-11
15295.0  8.12153e-11
15300.0  8.11573e-11
15305.0  8.11018e-11
15310.0  8.10463e-11
15315.0  8.09886e-11
15320.0  8.09331e-11
15325.0  8.08776e-11
15330.0  8.08199e-11
15335.0  8.07643e-11
15340.0  8.07092e-11
15345.0  8.06542e-11
15350.0  8.05992e-11
15355.0  8.05445e-11
15360.0  8.0492e-11
15365.0  8.04371e-11
15370.0  8.03822e-11
15375.0  8.03276e-11
15380.0  8.0275e-11
15385.0  8.02209e-11
15390.0  8.01684e-11
15395.0  8.0114e-11
15400.0  8.00621e-11
15405.0  8.00099e-11
15410.0  7.99557e-11
15415.0  7.99035e-11
15420.0  7.9852e-11
15425.0  7.98002e-11
15430.0  7.97487e-11
15435.0  7.96971e-11
15440.0  7.96452e-11
15445.0  7.95936e-11
15450.0  7.9542e-11
15455.0  7.94905e-11
15460.0  7.94391e-11
15465.0  7.93901e-11
15470.0  7.93389e-11
15475.0  7.92877e-11
15480.0  7.92386e-11
15485.0  7.91877e-11
15490.0  7.91388e-11
15495.0  7.90879e-11
15500.0  7.90393e-11
15505.0  7.89907e-11
15510.0  7.894e-11
15515.0  7.88912e-11
15520.0  7.88432e-11
15525.0  7.87949e-11
15530.0  7.87461e-11
15535.0  7.86954e-11
15540.0  7.86468e-11
15545.0  7.85991e-11
15550.0  7.85533e-11
15555.0  7.85055e-11
15560.0  7.84573e-11
15565.0  7.84092e-11
15570.0  7.83613e-11
15575.0  7.83158e-11
15580.0  7.8268e-11
15585.0  7.82204e-11
15590.0  7.81746e-11
15595.0  7.81272e-11
15600.0  7.80817e-11
15605.0  7.80343e-11
15610.0  7.79888e-11
15615.0  7.79413e-11
15620.0  7.78961e-11
15625.0  7.78511e-11
15630.0  7.78035e-11
15635.0  7.77584e-11
15640.0  7.77136e-11
15645.0  7.76688e-11
15650.0  7.76243e-11
15655.0  7.75795e-11
15660.0  7.75346e-11
15665.0  7.74899e-11
15670.0  7.7445e-11
15675.0  7.74003e-11
15680.0  7.73556e-11
15685.0  7.73109e-11
15690.0  7.7266e-11
15695.0  7.72212e-11
15700.0  7.71769e-11
15705.0  7.71347e-11
15710.0  7.70905e-11
15715.0  7.70461e-11
15720.0  7.7004e-11
15725.0  7.69599e-11
15730.0  7.69179e-11
15735.0  7.6874e-11
15740.0  7.68317e-11
15745.0  7.6788e-11
15750.0  7.67456e-11
15755.0  7.67017e-11
15760.0  7.66596e-11
15765.0  7.66158e-11
15770.0  7.65739e-11
15775.0  7.65328e-11
15780.0  7.64908e-11
15785.0  7.6447e-11
15790.0  7.64053e-11
15795.0  7.63639e-11
15800.0  7.63226e-11
15805.0  7.62814e-11
15810.0  7.62396e-11
15815.0  7.61957e-11
15820.0  7.61539e-11
15825.0  7.61125e-11
15830.0  7.60713e-11
15835.0  7.60301e-11
15840.0  7.5989e-11
15845.0  7.59503e-11
15850.0  7.59094e-11
15855.0  7.58682e-11
15860.0  7.58269e-11
15865.0  7.57854e-11
15870.0  7.57442e-11
15875.0  7.57033e-11
15880.0  7.56645e-11
15885.0  7.56237e-11
15890.0  7.55827e-11
15895.0  7.55442e-11
15900.0  7.55031e-11
15905.0  7.54622e-11
15910.0  7.54236e-11
15915.0  7.53826e-11
15920.0  7.53418e-11
15925.0  7.5303e-11
15930.0  7.52626e-11
15935.0  7.52239e-11
15940.0  7.51833e-11
15945.0  7.51446e-11
15950.0  7.51042e-11
15955.0  7.50653e-11
15960.0  7.50251e-11
15965.0  7.49863e-11
15970.0  7.49458e-11
15975.0  7.4907e-11
15980.0  7.48665e-11
15985.0  7.48283e-11
15990.0  7.479e-11
15995.0  7.47494e-11
16000.0  7.47112e-11
16005.0  7.46729e-11
16010.0  7.46324e-11
16015.0  7.45942e-11
16020.0  7.45563e-11
16025.0  7.4518e-11
16030.0  7.44775e-11
16035.0  7.44393e-11
16040.0  7.44013e-11
16045.0  7.4363e-11
16050.0  7.43225e-11
16055.0  7.42843e-11
16060.0  7.42464e-11
16065.0  7.42083e-11
16070.0  7.41701e-11
16075.0  7.41297e-11
16080.0  7.40913e-11
16085.0  7.40536e-11
16090.0  7.40158e-11
16095.0  7.39778e-11
16100.0  7.39398e-11
16105.0  7.39015e-11
16110.0  7.38612e-11
16115.0  7.38229e-11
16120.0  7.3785e-11
16125.0  7.37472e-11
16130.0  7.37092e-11
16135.0  7.36713e-11
16140.0  7.36334e-11
16145.0  7.35957e-11
16150.0  7.35576e-11
16155.0  7.35198e-11
16160.0  7.3482e-11
16165.0  7.34436e-11
16170.0  7.34032e-11
16175.0  7.33649e-11
16180.0  7.3327e-11
16185.0  7.3289e-11
16190.0  7.32513e-11
16195.0  7.32134e-11
16200.0  7.31756e-11
16205.0  7.31376e-11
16210.0  7.30996e-11
16215.0  7.3062e-11
16220.0  7.30239e-11
16225.0  7.29862e-11
16230.0  7.29483e-11
16235.0  7.29104e-11
16240.0  7.28725e-11
16245.0  7.28346e-11
16250.0  7.27967e-11
16255.0  7.27584e-11
16260.0  7.2718e-11
16265.0  7.26797e-11
16270.0  7.26419e-11
16275.0  7.26039e-11
16280.0  7.25661e-11
16285.0  7.25282e-11
16290.0  7.24903e-11
16295.0  7.24524e-11
16300.0  7.24146e-11
16305.0  7.23767e-11
16310.0  7.23384e-11
16315.0  7.22978e-11
16320.0  7.22595e-11
16325.0  7.22216e-11
16330.0  7.21838e-11
16335.0  7.21459e-11
16340.0  7.21078e-11
16345.0  7.20671e-11
16350.0  7.20289e-11
16355.0  7.1991e-11
16360.0  7.19532e-11
16365.0  7.19149e-11
16370.0  7.18745e-11
16375.0  7.18362e-11
16380.0  7.17982e-11
16385.0  7.17605e-11
16390.0  7.1722e-11
16395.0  7.16816e-11
16400.0  7.16433e-11
16405.0  7.16054e-11
16410.0  7.1567e-11
16415.0  7.15266e-11
16420.0  7.14882e-11
16425.0  7.14499e-11
16430.0  7.14095e-11
16435.0  7.13713e-11
16440.0  7.13328e-11
16445.0  7.12925e-11
16450.0  7.12541e-11
16455.0  7.12159e-11
16460.0  7.11755e-11
16465.0  7.11372e-11
16470.0  7.10987e-11
16475.0  7.10584e-11
16480.0  7.10201e-11
16485.0  7.09818e-11
16490.0  7.09414e-11
16495.0  7.09025e-11
16500.0  7.08621e-11
16505.0  7.08237e-11
16510.0  7.07855e-11
16515.0  7.0745e-11
16520.0  7.07064e-11
16525.0  7.06658e-11
16530.0  7.0627e-11
16535.0  7.05866e-11
16540.0  7.05479e-11
16545.0  7.05075e-11
16550.0  7.04686e-11
16555.0  7.04283e-11
16560.0  7.03895e-11
16565.0  7.03491e-11
16570.0  7.03102e-11
16575.0  7.02698e-11
16580.0  7.02312e-11
16585.0  7.01907e-11
16590.0  7.01519e-11
16595.0  7.01114e-11
16600.0  7.00728e-11
16605.0  7.00323e-11
16610.0  6.99936e-11
16615.0  6.9953e-11
16620.0  6.99143e-11
16625.0  6.98734e-11
16630.0  6.98325e-11
16635.0  6.97938e-11
16640.0  6.97533e-11
16645.0  6.97146e-11
16650.0  6.96738e-11
16655.0  6.96328e-11
16660.0  6.95942e-11
16665.0  6.95536e-11
16670.0  6.95151e-11
16675.0  6.94742e-11
16680.0  6.94331e-11
16685.0  6.93944e-11
16690.0  6.93534e-11
16695.0  6.93126e-11
16700.0  6.9274e-11
16705.0  6.9233e-11
16710.0  6.91917e-11
16715.0  6.91508e-11
16720.0  6.9112e-11
16725.0  6.90711e-11
16730.0  6.90303e-11
16735.0  6.89915e-11
16740.0  6.89506e-11
16745.0  6.89094e-11
16750.0  6.88685e-11
16755.0  6.88296e-11
16760.0  6.87889e-11
16765.0  6.87475e-11
16770.0  6.87066e-11
16775.0  6.86678e-11
16780.0  6.8627e-11
16785.0  6.85857e-11
16790.0  6.85443e-11
16795.0  6.85034e-11
16800.0  6.84647e-11
16805.0  6.84239e-11
16810.0  6.83825e-11
16815.0  6.83412e-11
16820.0  6.83004e-11
16825.0  6.82615e-11
16830.0  6.82208e-11
16835.0  6.81794e-11
16840.0  6.81381e-11
16845.0  6.80968e-11
16850.0  6.80554e-11
16855.0  6.80146e-11
16860.0  6.79758e-11
16865.0  6.7935e-11
16870.0  6.78936e-11
16875.0  6.78522e-11
16880.0  6.7811e-11
16885.0  6.77697e-11
16890.0  6.77282e-11
16895.0  6.76869e-11
16900.0  6.76457e-11
16905.0  6.76043e-11
16910.0  6.75634e-11
16915.0  6.75247e-11
16920.0  6.74839e-11
16925.0  6.74425e-11
16930.0  6.74012e-11
16935.0  6.736e-11
16940.0  6.73186e-11
16945.0  6.72772e-11
16950.0  6.7236e-11
16955.0  6.71946e-11
16960.0  6.71533e-11
16965.0  6.7112e-11
16970.0  6.70706e-11
16975.0  6.70293e-11
16980.0  6.6988e-11
16985.0  6.69467e-11
16990.0  6.69054e-11
16995.0  6.68641e-11
17000.0  6.68227e-11
17005.0  6.67815e-11
17010.0  6.67397e-11
17015.0  6.66957e-11
17020.0  6.6654e-11
17025.0  6.66127e-11
17030.0  6.65714e-11
17035.0  6.65302e-11
17040.0  6.64888e-11
17045.0  6.64474e-11
17050.0  6.64062e-11
17055.0  6.63647e-11
17060.0  6.63236e-11
17065.0  6.62817e-11
17070.0  6.62379e-11
17075.0  6.61961e-11
17080.0  6.61548e-11
17085.0  6.61134e-11
17090.0  6.6072e-11
17095.0  6.60309e-11
17100.0  6.59895e-11
17105.0  6.59478e-11
17110.0  6.59038e-11
17115.0  6.58621e-11
17120.0  6.58208e-11
17125.0  6.57795e-11
17130.0  6.57377e-11
17135.0  6.56937e-11
17140.0  6.5652e-11
17145.0  6.56107e-11
17150.0  6.55694e-11
17155.0  6.55277e-11
17160.0  6.54838e-11
17165.0  6.54421e-11
17170.0  6.54007e-11
17175.0  6.53594e-11
17180.0  6.53177e-11
17185.0  6.52736e-11
17190.0  6.5232e-11
17195.0  6.51907e-11
17200.0  6.5149e-11
17205.0  6.5105e-11
17210.0  6.50632e-11
17215.0  6.5022e-11
17220.0  6.49803e-11
17225.0  6.49363e-11
17230.0  6.48946e-11
17235.0  6.48528e-11
17240.0  6.48089e-11
17245.0  6.47671e-11
17250.0  6.47254e-11
17255.0  6.46815e-11
17260.0  6.46398e-11
17265.0  6.45985e-11
17270.0  6.45566e-11
17275.0  6.45128e-11
17280.0  6.4471e-11
17285.0  6.44293e-11
17290.0  6.43854e-11
17295.0  6.43437e-11
17300.0  6.4302e-11
17305.0  6.4258e-11
17310.0  6.42158e-11
17315.0  6.41719e-11
17320.0  6.41301e-11
17325.0  6.40884e-11
17330.0  6.40445e-11
17335.0  6.40028e-11
17340.0  6.3961e-11
17345.0  6.39171e-11
17350.0  6.38749e-11
17355.0  6.3831e-11
17360.0  6.37893e-11
17365.0  6.37475e-11
17370.0  6.37035e-11
17375.0  6.36614e-11
17380.0  6.36175e-11
17385.0  6.35753e-11
17390.0  6.35315e-11
17395.0  6.34896e-11
17400.0  6.34479e-11
17405.0  6.3404e-11
17410.0  6.3362e-11
17415.0  6.3318e-11
17420.0  6.32758e-11
17425.0  6.32319e-11
17430.0  6.31898e-11
17435.0  6.31458e-11
17440.0  6.31036e-11
17445.0  6.30598e-11
17450.0  6.30176e-11
17455.0  6.29736e-11
17460.0  6.29315e-11
17465.0  6.28875e-11
17470.0  6.28454e-11
17475.0  6.28015e-11
17480.0  6.27593e-11
17485.0  6.27154e-11
17490.0  6.26731e-11
17495.0  6.26293e-11
17500.0  6.25872e-11
17505.0  6.25432e-11
17510.0  6.2501e-11
17515.0  6.24572e-11
17520.0  6.2415e-11
17525.0  6.23711e-11
17530.0  6.2329e-11
17535.0  6.22846e-11
17540.0  6.22402e-11
17545.0  6.21981e-11
17550.0  6.21541e-11
17555.0  6.2112e-11
17560.0  6.20681e-11
17565.0  6.20259e-11
17570.0  6.19815e-11
17575.0  6.19372e-11
17580.0  6.1895e-11
17585.0  6.18512e-11
17590.0  6.18089e-11
17595.0  6.1765e-11
17600.0  6.17228e-11
17605.0  6.16786e-11
17610.0  6.16343e-11
17615.0  6.1592e-11
17620.0  6.15478e-11
17625.0  6.15034e-11
17630.0  6.14611e-11
17635.0  6.14173e-11
17640.0  6.13752e-11
17645.0  6.13308e-11
17650.0  6.12865e-11
17655.0  6.12442e-11
17660.0  6.12e-11
17665.0  6.11556e-11
17670.0  6.11134e-11
17675.0  6.10691e-11
17680.0  6.10247e-11
17685.0  6.09826e-11
17690.0  6.09382e-11
17695.0  6.08939e-11
17700.0  6.08517e-11
17705.0  6.08075e-11
17710.0  6.07632e-11
17715.0  6.07209e-11
17720.0  6.06766e-11
17725.0  6.06322e-11
17730.0  6.059e-11
17735.0  6.05457e-11
17740.0  6.0501e-11
17745.0  6.04567e-11
17750.0  6.04145e-11
17755.0  6.037e-11
17760.0  6.03258e-11
17765.0  6.02837e-11
17770.0  6.02393e-11
17775.0  6.01945e-11
17780.0  6.01501e-11
17785.0  6.01081e-11
17790.0  6.00637e-11
17795.0  6.00189e-11
17800.0  5.99746e-11
17805.0  5.99324e-11
17810.0  5.98881e-11
17815.0  5.98434e-11
17820.0  5.9799e-11
17825.0  5.97569e-11
17830.0  5.97125e-11
17835.0  5.96676e-11
17840.0  5.96235e-11
17845.0  5.95812e-11
17850.0  5.95368e-11
17855.0  5.94921e-11
17860.0  5.94473e-11
17865.0  5.9403e-11
17870.0  5.93609e-11
17875.0  5.93165e-11
17880.0  5.92717e-11
17885.0  5.92274e-11
17890.0  5.91852e-11
17895.0  5.91408e-11
17900.0  5.90962e-11
17905.0  5.90514e-11
17910.0  5.90066e-11
17915.0  5.89623e-11
17920.0  5.89201e-11
17925.0  5.88759e-11
17930.0  5.88309e-11
17935.0  5.87862e-11
17940.0  5.87419e-11
17945.0  5.86996e-11
17950.0  5.86554e-11
17955.0  5.86107e-11
17960.0  5.85659e-11
17965.0  5.85211e-11
17970.0  5.84768e-11
17975.0  5.84345e-11
17980.0  5.83903e-11
17985.0  5.83456e-11
17990.0  5.83007e-11
17995.0  5.82559e-11
18000.0  5.82113e-11
18005.0  5.81669e-11
18010.0  5.81247e-11
18015.0  5.80804e-11
18020.0  5.80356e-11
18025.0  5.79909e-11
18030.0  5.79461e-11
18035.0  5.79013e-11
18040.0  5.78565e-11
18045.0  5.78123e-11
18050.0  5.77702e-11
18055.0  5.77258e-11
18060.0  5.7681e-11
18065.0  5.76362e-11
18070.0  5.75914e-11
18075.0  5.75467e-11
18080.0  5.7502e-11
18085.0  5.74572e-11
18090.0  5.74128e-11
18095.0  5.73707e-11
18100.0  5.73263e-11
18105.0  5.72816e-11
18110.0  5.72368e-11
18115.0  5.7192e-11
18120.0  5.71473e-11
18125.0  5.71025e-11
18130.0  5.70578e-11
18135.0  5.7013e-11
18140.0  5.69682e-11
18145.0  5.69234e-11
18150.0  5.68791e-11
18155.0  5.6837e-11
18160.0  5.67926e-11
18165.0  5.67479e-11
18170.0  5.67031e-11
18175.0  5.66583e-11
18180.0  5.66137e-11
18185.0  5.65688e-11
18190.0  5.65241e-11
18195.0  5.64793e-11
18200.0  5.64345e-11
18205.0  5.63897e-11
18210.0  5.6345e-11
18215.0  5.63002e-11
18220.0  5.62554e-11
18225.0  5.62107e-11
18230.0  5.6166e-11
18235.0  5.61211e-11
18240.0  5.60765e-11
18245.0  5.60317e-11
18250.0  5.59873e-11
18255.0  5.59451e-11
18260.0  5.59008e-11
18265.0  5.5856e-11
18270.0  5.58112e-11
18275.0  5.57665e-11
18280.0  5.57218e-11
18285.0  5.5677e-11
18290.0  5.56322e-11
18295.0  5.55875e-11
18300.0  5.55426e-11
18305.0  5.54979e-11
18310.0  5.54532e-11
18315.0  5.54084e-11
18320.0  5.53637e-11
18325.0  5.5319e-11
18330.0  5.52741e-11
18335.0  5.52294e-11
18340.0  5.51846e-11
18345.0  5.51398e-11
18350.0  5.50951e-11
18355.0  5.50504e-11
18360.0  5.50055e-11
18365.0  5.49608e-11
18370.0  5.49161e-11
18375.0  5.48712e-11
18380.0  5.48265e-11
18385.0  5.47818e-11
18390.0  5.4737e-11
18395.0  5.46923e-11
18400.0  5.46475e-11
18405.0  5.46027e-11
18410.0  5.45579e-11
18415.0  5.45132e-11
18420.0  5.44685e-11
18425.0  5.44236e-11
18430.0  5.43789e-11
18435.0  5.43342e-11
18440.0  5.42894e-11
18445.0  5.42446e-11
18450.0  5.41995e-11
18455.0  5.41522e-11
18460.0  5.41069e-11
18465.0  5.40622e-11
18470.0  5.40174e-11
18475.0  5.39726e-11
18480.0  5.39279e-11
18485.0  5.38831e-11
18490.0  5.38384e-11
18495.0  5.37936e-11
18500.0  5.37488e-11
18505.0  5.3704e-11
18510.0  5.36592e-11
18515.0  5.36146e-11
18520.0  5.35697e-11
18525.0  5.3525e-11
18530.0  5.34802e-11
18535.0  5.34355e-11
18540.0  5.33907e-11
18545.0  5.3346e-11
18550.0  5.33013e-11
18555.0  5.32563e-11
18560.0  5.32116e-11
18565.0  5.3167e-11
18570.0  5.31221e-11
18575.0  5.30769e-11
18580.0  5.30296e-11
18585.0  5.29843e-11
18590.0  5.29396e-11
18595.0  5.28949e-11
18600.0  5.28502e-11
18605.0  5.28053e-11
18610.0  5.27606e-11
18615.0  5.27158e-11
18620.0  5.2671e-11
18625.0  5.26263e-11
18630.0  5.25815e-11
18635.0  5.25368e-11
18640.0  5.2492e-11
18645.0  5.24473e-11
18650.0  5.24025e-11
18655.0  5.23578e-11
18660.0  5.23125e-11
18665.0  5.22652e-11
18670.0  5.222e-11
18675.0  5.21752e-11
18680.0  5.21305e-11
18685.0  5.20857e-11
18690.0  5.20409e-11
18695.0  5.19963e-11
18700.0  5.19514e-11
18705.0  5.19067e-11
18710.0  5.18619e-11
18715.0  5.18172e-11
18720.0  5.17724e-11
18725.0  5.17276e-11
18730.0  5.16828e-11
18735.0  5.16377e-11
18740.0  5.15903e-11
18745.0  5.15451e-11
18750.0  5.15003e-11
18755.0  5.14557e-11
18760.0  5.14109e-11
18765.0  5.1366e-11
18770.0  5.13213e-11
18775.0  5.12766e-11
18780.0  5.12318e-11
18785.0  5.1187e-11
18790.0  5.11423e-11
18795.0  5.10975e-11
18800.0  5.10527e-11
18805.0  5.10075e-11
18810.0  5.09603e-11
18815.0  5.0915e-11
18820.0  5.08702e-11
18825.0  5.08255e-11
18830.0  5.07807e-11
18835.0  5.0736e-11
18840.0  5.06913e-11
18845.0  5.06465e-11
18850.0  5.06016e-11
18855.0  5.05569e-11
18860.0  5.05122e-11
18865.0  5.04674e-11
18870.0  5.04227e-11
18875.0  5.03774e-11
18880.0  5.03301e-11
18885.0  5.02848e-11
18890.0  5.02401e-11
18895.0  5.01954e-11
18900.0  5.01506e-11
18905.0  5.01059e-11
18910.0  5.00611e-11
18915.0  5.00163e-11
18920.0  4.99716e-11
18925.0  4.99268e-11
18930.0  4.98821e-11
18935.0  4.98373e-11
18940.0  4.97926e-11
18945.0  4.97473e-11
18950.0  4.97e-11
18955.0  4.96548e-11
18960.0  4.96101e-11
18965.0  4.95652e-11
18970.0  4.95205e-11
18975.0  4.94758e-11
18980.0  4.9431e-11
18985.0  4.93862e-11
18990.0  4.93414e-11
18995.0  4.92968e-11
19000.0  4.9252e-11
19005.0  4.92072e-11
19010.0  4.91624e-11
19015.0  4.91177e-11
19020.0  4.90724e-11
19025.0  4.90251e-11
19030.0  4.89799e-11
19035.0  4.89351e-11
19040.0  4.88904e-11
19045.0  4.88456e-11
19050.0  4.88009e-11
19055.0  4.87561e-11
19060.0  4.87114e-11
19065.0  4.86666e-11
19070.0  4.86219e-11
19075.0  4.85771e-11
19080.0  4.85323e-11
19085.0  4.84875e-11
19090.0  4.84428e-11
19095.0  4.8398e-11
19100.0  4.83532e-11
19105.0  4.83085e-11
19110.0  4.82633e-11
19115.0  4.8216e-11
19120.0  4.81708e-11
19125.0  4.8126e-11
19130.0  4.80812e-11
19135.0  4.80365e-11
19140.0  4.79917e-11
19145.0  4.7947e-11
19150.0  4.79022e-11
19155.0  4.78575e-11
19160.0  4.78127e-11
19165.0  4.7768e-11
19170.0  4.77232e-11
19175.0  4.76784e-11
19180.0  4.76337e-11
19185.0  4.75889e-11
19190.0  4.75441e-11
19195.0  4.74994e-11
19200.0  4.74545e-11
19205.0  4.74099e-11
19210.0  4.73651e-11
19215.0  4.73202e-11
19220.0  4.72755e-11
19225.0  4.72308e-11
19230.0  4.7186e-11
19235.0  4.71413e-11
19240.0  4.70965e-11
19245.0  4.70517e-11
19250.0  4.70066e-11
19255.0  4.69592e-11
19260.0  4.69139e-11
19265.0  4.68692e-11
19270.0  4.68245e-11
19275.0  4.67797e-11
19280.0  4.67349e-11
19285.0  4.66902e-11
19290.0  4.66454e-11
19295.0  4.66007e-11
19300.0  4.65559e-11
19305.0  4.65111e-11
19310.0  4.64665e-11
19315.0  4.64216e-11
19320.0  4.63769e-11
19325.0  4.63321e-11
19330.0  4.62873e-11
19335.0  4.62425e-11
19340.0  4.61978e-11
19345.0  4.61531e-11
19350.0  4.61082e-11
19355.0  4.60635e-11
19360.0  4.60187e-11
19365.0  4.59741e-11
19370.0  4.59293e-11
19375.0  4.58845e-11
19380.0  4.58397e-11
19385.0  4.5795e-11
19390.0  4.57502e-11
19395.0  4.57058e-11
19400.0  4.56637e-11
19405.0  4.56194e-11
19410.0  4.55745e-11
19415.0  4.55298e-11
19420.0  4.54851e-11
19425.0  4.54403e-11
19430.0  4.53956e-11
19435.0  4.53508e-11
19440.0  4.5306e-11
19445.0  4.52612e-11
19450.0  4.52165e-11
19455.0  4.51717e-11
19460.0  4.5127e-11
19465.0  4.50822e-11
19470.0  4.50373e-11
19475.0  4.49927e-11
19480.0  4.49479e-11
19485.0  4.49032e-11
19490.0  4.48584e-11
19495.0  4.48136e-11
19500.0  4.47688e-11
19505.0  4.47241e-11
19510.0  4.46797e-11
19515.0  4.46375e-11
19520.0  4.45933e-11
19525.0  4.45485e-11
19530.0  4.45037e-11
19535.0  4.4459e-11
19540.0  4.44142e-11
19545.0  4.43695e-11
19550.0  4.43248e-11
19555.0  4.42799e-11
19560.0  4.42351e-11
19565.0  4.41904e-11
19570.0  4.41461e-11
19575.0  4.41038e-11
19580.0  4.40596e-11
19585.0  4.40148e-11
19590.0  4.397e-11
19595.0  4.39253e-11
19600.0  4.38805e-11
19605.0  4.38358e-11
19610.0  4.3791e-11
19615.0  4.37462e-11
19620.0  4.37019e-11
19625.0  4.36597e-11
19630.0  4.36154e-11
19635.0  4.35706e-11
19640.0  4.35258e-11
19645.0  4.34811e-11
19650.0  4.34363e-11
19655.0  4.33916e-11
19660.0  4.33472e-11
19665.0  4.33051e-11
19670.0  4.32608e-11
19675.0  4.3216e-11
19680.0  4.31712e-11
19685.0  4.31265e-11
19690.0  4.30817e-11
19695.0  4.30373e-11
19700.0  4.29952e-11
19705.0  4.29508e-11
19710.0  4.2906e-11
19715.0  4.28613e-11
19720.0  4.28166e-11
19725.0  4.27723e-11
19730.0  4.27301e-11
19735.0  4.26857e-11
19740.0  4.2641e-11
19745.0  4.25961e-11
19750.0  4.25514e-11
19755.0  4.25071e-11
19760.0  4.24649e-11
19765.0  4.24206e-11
19770.0  4.23758e-11
19775.0  4.2331e-11
19780.0  4.22867e-11
19785.0  4.22446e-11
19790.0  4.22002e-11
19795.0  4.21554e-11
19800.0  4.21108e-11
19805.0  4.20663e-11
19810.0  4.20242e-11
19815.0  4.19798e-11
19820.0  4.19351e-11
19825.0  4.18907e-11
19830.0  4.18486e-11
19835.0  4.18042e-11
19840.0  4.17595e-11
19845.0  4.17147e-11
19850.0  4.16704e-11
19855.0  4.16282e-11
19860.0  4.15839e-11
19865.0  4.15391e-11
19870.0  4.14947e-11
19875.0  4.14526e-11
19880.0  4.14083e-11
19885.0  4.13636e-11
19890.0  4.13192e-11
19895.0  4.1277e-11
19900.0  4.12326e-11
19905.0  4.11883e-11
19910.0  4.11461e-11
19915.0  4.11018e-11
19920.0  4.1057e-11
19925.0  4.10127e-11
19930.0  4.09705e-11
19935.0  4.09262e-11
19940.0  4.08819e-11
19945.0  4.08397e-11
19950.0  4.07954e-11
19955.0  4.07511e-11
19960.0  4.07089e-11
19965.0  4.06645e-11
19970.0  4.06197e-11
19975.0  4.05755e-11
19980.0  4.05332e-11
19985.0  4.0489e-11
19990.0  4.04446e-11
19995.0  4.04024e-11
20000.0  4.03581e-11
20005.0  4.03138e-11
20010.0  4.02716e-11
20015.0  4.02276e-11
20020.0  4.01855e-11
20025.0  4.01411e-11
20030.0  4.00969e-11
20035.0  4.00546e-11
20040.0  4.00103e-11
20045.0  3.9966e-11
20050.0  3.99238e-11
20055.0  3.98795e-11
20060.0  3.98351e-11
20065.0  3.9793e-11
20070.0  3.97491e-11
20075.0  3.97069e-11
20080.0  3.96625e-11
20085.0  3.96182e-11
20090.0  3.95761e-11
20095.0  3.95322e-11
20100.0  3.94899e-11
20105.0  3.94457e-11
20110.0  3.94013e-11
20115.0  3.93592e-11
20120.0  3.93152e-11
20125.0  3.92731e-11
20130.0  3.92292e-11
20135.0  3.91869e-11
20140.0  3.91431e-11
20145.0  3.91009e-11
20150.0  3.90565e-11
20155.0  3.90122e-11
20160.0  3.897e-11
20165.0  3.89262e-11
20170.0  3.88839e-11
20175.0  3.884e-11
20180.0  3.87979e-11
20185.0  3.8754e-11
20190.0  3.87118e-11
20195.0  3.86679e-11
20200.0  3.86257e-11
20205.0  3.85818e-11
20210.0  3.85396e-11
20215.0  3.84957e-11
20220.0  3.84535e-11
20225.0  3.84096e-11
20230.0  3.83675e-11
20235.0  3.83236e-11
20240.0  3.82814e-11
20245.0  3.82375e-11
20250.0  3.81953e-11
20255.0  3.81514e-11
20260.0  3.81093e-11
20265.0  3.80654e-11
20270.0  3.80236e-11
20275.0  3.79818e-11
20280.0  3.79379e-11
20285.0  3.78957e-11
20290.0  3.78518e-11
20295.0  3.78097e-11
20300.0  3.77658e-11
20305.0  3.7724e-11
20310.0  3.76823e-11
20315.0  3.76384e-11
20320.0  3.75962e-11
20325.0  3.75523e-11
20330.0  3.75105e-11
20335.0  3.74688e-11
20340.0  3.74249e-11
20345.0  3.73826e-11
20350.0  3.73388e-11
20355.0  3.72971e-11
20360.0  3.72553e-11
20365.0  3.72114e-11
20370.0  3.71697e-11
20375.0  3.71279e-11
20380.0  3.70841e-11
20385.0  3.70422e-11
20390.0  3.70005e-11
20395.0  3.69566e-11
20400.0  3.69148e-11
20405.0  3.68731e-11
20410.0  3.68292e-11
20415.0  3.67874e-11
20420.0  3.67457e-11
20425.0  3.67018e-11
20430.0  3.66601e-11
20435.0  3.66183e-11
20440.0  3.65744e-11
20445.0  3.65326e-11
20450.0  3.64914e-11
20455.0  3.64496e-11
20460.0  3.64057e-11
20465.0  3.63639e-11
20470.0  3.63227e-11
20475.0  3.62808e-11
20480.0  3.6237e-11
20485.0  3.61952e-11
20490.0  3.61539e-11
20495.0  3.61121e-11
20500.0  3.60682e-11
20505.0  3.60265e-11
20510.0  3.59852e-11
20515.0  3.59435e-11
20520.0  3.58996e-11
20525.0  3.58578e-11
20530.0  3.58164e-11
20535.0  3.57751e-11
20540.0  3.57334e-11
20545.0  3.56895e-11
20550.0  3.56477e-11
20555.0  3.56064e-11
20560.0  3.55651e-11
20565.0  3.55238e-11
20570.0  3.5482e-11
20575.0  3.54381e-11
20580.0  3.53964e-11
20585.0  3.53551e-11
20590.0  3.53138e-11
20595.0  3.52724e-11
20600.0  3.52311e-11
20605.0  3.51898e-11
20610.0  3.51481e-11
20615.0  3.51041e-11
20620.0  3.50624e-11
20625.0  3.5021e-11
20630.0  3.49798e-11
20635.0  3.49385e-11
20640.0  3.48972e-11
20645.0  3.48558e-11
20650.0  3.48145e-11
20655.0  3.47732e-11
20660.0  3.47318e-11
20665.0  3.46905e-11
20670.0  3.46492e-11
20675.0  3.46075e-11
20680.0  3.45636e-11
20685.0  3.45218e-11
20690.0  3.44805e-11
20695.0  3.44391e-11
20700.0  3.43978e-11
20705.0  3.43565e-11
20710.0  3.43152e-11
20715.0  3.42739e-11
20720.0  3.42325e-11
20725.0  3.41913e-11
20730.0  3.41499e-11
20735.0  3.41086e-11
20740.0  3.40673e-11
20745.0  3.40264e-11
20750.0  3.39877e-11
20755.0  3.39468e-11
20760.0  3.39055e-11
20765.0  3.38641e-11
20770.0  3.38228e-11
20775.0  3.37816e-11
20780.0  3.37402e-11
20785.0  3.36989e-11
20790.0  3.36576e-11
20795.0  3.36162e-11
20800.0  3.35749e-11
20805.0  3.35336e-11
20810.0  3.34928e-11
20815.0  3.3454e-11
20820.0  3.34131e-11
20825.0  3.33718e-11
20830.0  3.33305e-11
20835.0  3.32891e-11
20840.0  3.32478e-11
20845.0  3.3207e-11
20850.0  3.31682e-11
20855.0  3.31273e-11
20860.0  3.3086e-11
20865.0  3.30446e-11
20870.0  3.30033e-11
20875.0  3.29625e-11
20880.0  3.29238e-11
20885.0  3.28829e-11
20890.0  3.28415e-11
20895.0  3.28006e-11
20900.0  3.27619e-11
20905.0  3.2721e-11
20910.0  3.26797e-11
20915.0  3.26384e-11
20920.0  3.25975e-11
20925.0  3.25587e-11
20930.0  3.25178e-11
20935.0  3.2477e-11
20940.0  3.24382e-11
20945.0  3.23973e-11
20950.0  3.2356e-11
20955.0  3.23152e-11
20960.0  3.22764e-11
20965.0  3.22355e-11
20970.0  3.21946e-11
20975.0  3.21559e-11
20980.0  3.2115e-11
20985.0  3.20741e-11
20990.0  3.20354e-11
20995.0  3.19945e-11
21000.0  3.19536e-11
21005.0  3.19148e-11
21010.0  3.1874e-11
21015.0  3.18331e-11
21020.0  3.17943e-11
21025.0  3.17539e-11
21030.0  3.17151e-11
21035.0  3.16743e-11
21040.0  3.16333e-11
21045.0  3.15947e-11
21050.0  3.15542e-11
21055.0  3.15155e-11
21060.0  3.14746e-11
21065.0  3.14336e-11
21070.0  3.1395e-11
21075.0  3.13545e-11
21080.0  3.13157e-11
21085.0  3.12753e-11
21090.0  3.12366e-11
21095.0  3.11961e-11
21100.0  3.11574e-11
21105.0  3.11168e-11
21110.0  3.10782e-11
21115.0  3.10377e-11
21120.0  3.09989e-11
21125.0  3.09585e-11
21130.0  3.09198e-11
21135.0  3.08793e-11
21140.0  3.08406e-11
21145.0  3.08001e-11
21150.0  3.07614e-11
21155.0  3.07209e-11
21160.0  3.06827e-11
21165.0  3.06443e-11
21170.0  3.06039e-11
21175.0  3.05651e-11
21180.0  3.05246e-11
21185.0  3.04864e-11
21190.0  3.04481e-11
21195.0  3.04076e-11
21200.0  3.03689e-11
21205.0  3.03284e-11
21210.0  3.02901e-11
21215.0  3.02517e-11
21220.0  3.02113e-11
21225.0  3.0173e-11
21230.0  3.01347e-11
21235.0  3.00942e-11
21240.0  3.0056e-11
21245.0  3.00181e-11
21250.0  2.99798e-11
21255.0  2.99393e-11
21260.0  2.9901e-11
21265.0  2.98627e-11
21270.0  2.98222e-11
21275.0  2.9784e-11
21280.0  2.9746e-11
21285.0  2.97078e-11
21290.0  2.96673e-11
21295.0  2.9629e-11
21300.0  2.95911e-11
21305.0  2.95528e-11
21310.0  2.95124e-11
21315.0  2.9474e-11
21320.0  2.94361e-11
21325.0  2.93983e-11
21330.0  2.93604e-11
21335.0  2.93221e-11
21340.0  2.92816e-11
21345.0  2.92433e-11
21350.0  2.92055e-11
21355.0  2.91676e-11
21360.0  2.91297e-11
21365.0  2.90918e-11
21370.0  2.90535e-11
21375.0  2.90131e-11
21380.0  2.89748e-11
21385.0  2.89369e-11
21390.0  2.8899e-11
21395.0  2.88612e-11
21400.0  2.88233e-11
21405.0  2.87854e-11
21410.0  2.87475e-11
21415.0  2.87096e-11
21420.0  2.86718e-11
21425.0  2.86339e-11
21430.0  2.8596e-11
21435.0  2.85581e-11
21440.0  2.85203e-11
21445.0  2.84824e-11
21450.0  2.84445e-11
21455.0  2.84067e-11
21460.0  2.83688e-11
21465.0  2.83309e-11
21470.0  2.8293e-11
21475.0  2.82551e-11
21480.0  2.82173e-11
21485.0  2.81794e-11
21490.0  2.81415e-11
21495.0  2.81036e-11
21500.0  2.80657e-11
21505.0  2.80279e-11
21510.0  2.799e-11
21515.0  2.79526e-11
21520.0  2.79173e-11
21525.0  2.78798e-11
21530.0  2.78419e-11
21535.0  2.78041e-11
21540.0  2.77662e-11
21545.0  2.77283e-11
21550.0  2.76909e-11
21555.0  2.76556e-11
21560.0  2.76181e-11
21565.0  2.75803e-11
21570.0  2.75424e-11
21575.0  2.7505e-11
21580.0  2.74696e-11
21585.0  2.74322e-11
21590.0  2.73943e-11
21595.0  2.73569e-11
21600.0  2.73216e-11
21605.0  2.72842e-11
21610.0  2.72463e-11
21615.0  2.72088e-11
21620.0  2.71735e-11
21625.0  2.71361e-11
21630.0  2.70987e-11
21635.0  2.70634e-11
21640.0  2.70259e-11
21645.0  2.69885e-11
21650.0  2.69532e-11
21655.0  2.69157e-11
21660.0  2.68783e-11
21665.0  2.6843e-11
21670.0  2.68055e-11
21675.0  2.67681e-11
21680.0  2.67328e-11
21685.0  2.66958e-11
21690.0  2.66605e-11
21695.0  2.66231e-11
21700.0  2.65856e-11
21705.0  2.65503e-11
21710.0  2.65133e-11
21715.0  2.6478e-11
21720.0  2.6441e-11
21725.0  2.64057e-11
21730.0  2.63687e-11
21735.0  2.63334e-11
21740.0  2.62964e-11
21745.0  2.62611e-11
21750.0  2.62241e-11
21755.0  2.61888e-11
21760.0  2.61517e-11
21765.0  2.61165e-11
21770.0  2.60795e-11
21775.0  2.60442e-11
21780.0  2.60072e-11
21785.0  2.59718e-11
21790.0  2.59348e-11
21795.0  2.58999e-11
21800.0  2.58651e-11
21805.0  2.58281e-11
21810.0  2.57932e-11
21815.0  2.57584e-11
21820.0  2.57213e-11
21825.0  2.5686e-11
21830.0  2.5649e-11
21835.0  2.56142e-11
21840.0  2.55793e-11
21845.0  2.55423e-11
21850.0  2.55074e-11
21855.0  2.5473e-11
21860.0  2.54381e-11
21865.0  2.54011e-11
21870.0  2.53662e-11
21875.0  2.53318e-11
21880.0  2.5297e-11
21885.0  2.52599e-11
21890.0  2.52251e-11
21895.0  2.51907e-11
21900.0  2.51558e-11
21905.0  2.51188e-11
21910.0  2.5084e-11
21915.0  2.50495e-11
21920.0  2.50151e-11
21925.0  2.49802e-11
21930.0  2.49432e-11
21935.0  2.49083e-11
21940.0  2.48739e-11
21945.0  2.48394e-11
21950.0  2.4805e-11
21955.0  2.47706e-11
21960.0  2.47362e-11
21965.0  2.47018e-11
21970.0  2.46668e-11
21975.0  2.46298e-11
21980.0  2.4595e-11
21985.0  2.45605e-11
21990.0  2.45262e-11
21995.0  2.44917e-11
22000.0  2.44572e-11
22005.0  2.44228e-11
22010.0  2.43884e-11
22015.0  2.4354e-11
22020.0  2.43195e-11
22025.0  2.42851e-11
22030.0  2.42507e-11
22035.0  2.42162e-11
22040.0  2.41818e-11
22045.0  2.41474e-11
22050.0  2.41129e-11
22055.0  2.40789e-11
22060.0  2.40471e-11
22065.0  2.40131e-11
22070.0  2.39786e-11
22075.0  2.39442e-11
22080.0  2.39098e-11
22085.0  2.38753e-11
22090.0  2.38409e-11
22095.0  2.38065e-11
22100.0  2.37725e-11
22105.0  2.37407e-11
22110.0  2.37067e-11
22115.0  2.36722e-11
22120.0  2.36378e-11
22125.0  2.36038e-11
22130.0  2.35719e-11
22135.0  2.35379e-11
22140.0  2.35035e-11
22145.0  2.3469e-11
22150.0  2.3435e-11
22155.0  2.34032e-11
22160.0  2.33692e-11
22165.0  2.33352e-11
22170.0  2.33034e-11
22175.0  2.32693e-11
22180.0  2.32349e-11
22185.0  2.32009e-11
22190.0  2.31691e-11
22195.0  2.3135e-11
22200.0  2.31011e-11
22205.0  2.30692e-11
22210.0  2.30352e-11
22215.0  2.30012e-11
22220.0  2.29693e-11
22225.0  2.29358e-11
22230.0  2.29039e-11
22235.0  2.287e-11
22240.0  2.28359e-11
22245.0  2.28041e-11
22250.0  2.27705e-11
22255.0  2.27386e-11
22260.0  2.2705e-11
22265.0  2.26732e-11
22270.0  2.26392e-11
22275.0  2.26052e-11
22280.0  2.25733e-11
22285.0  2.25398e-11
22290.0  2.25079e-11
22295.0  2.24744e-11
22300.0  2.24425e-11
22305.0  2.2409e-11
22310.0  2.23775e-11
22315.0  2.23461e-11
22320.0  2.23125e-11
22325.0  2.22807e-11
22330.0  2.22471e-11
22335.0  2.22153e-11
22340.0  2.21817e-11
22345.0  2.21503e-11
22350.0  2.21189e-11
22355.0  2.20853e-11
22360.0  2.20534e-11
22365.0  2.20199e-11
22370.0  2.19884e-11
22375.0  2.19571e-11
22380.0  2.19235e-11
22385.0  2.18921e-11
22390.0  2.18607e-11
22395.0  2.18271e-11
22400.0  2.17957e-11
22405.0  2.17642e-11
22410.0  2.17307e-11
22415.0  2.16992e-11
22420.0  2.16682e-11
22425.0  2.16368e-11
22430.0  2.16032e-11
22435.0  2.15718e-11
22440.0  2.15409e-11
22445.0  2.15094e-11
22450.0  2.14759e-11
22455.0  2.14445e-11
22460.0  2.14134e-11
22465.0  2.13825e-11
22470.0  2.1351e-11
22475.0  2.13175e-11
22480.0  2.1286e-11
22485.0  2.1255e-11
22490.0  2.12241e-11
22495.0  2.11931e-11
22500.0  2.11621e-11
22505.0  2.11307e-11
22510.0  2.10971e-11
22515.0  2.10657e-11
22520.0  2.10347e-11
22525.0  2.10037e-11
22530.0  2.09727e-11
22535.0  2.09417e-11
22540.0  2.09108e-11
22545.0  2.08797e-11
22550.0  2.08488e-11
22555.0  2.08178e-11
22560.0  2.07868e-11
22565.0  2.07558e-11
22570.0  2.07248e-11
22575.0  2.06938e-11
22580.0  2.06628e-11
22585.0  2.06318e-11
22590.0  2.06009e-11
22595.0  2.05698e-11
22600.0  2.05388e-11
22605.0  2.05079e-11
22610.0  2.04769e-11
22615.0  2.04459e-11
22620.0  2.04149e-11
22625.0  2.03839e-11
22630.0  2.03529e-11
22635.0  2.03224e-11
22640.0  2.0294e-11
22645.0  2.02634e-11
22650.0  2.02324e-11
22655.0  2.02014e-11
22660.0  2.01704e-11
22665.0  2.01395e-11
22670.0  2.01089e-11
22675.0  2.00805e-11
22680.0  2.00499e-11
22685.0  2.00189e-11
22690.0  1.99879e-11
22695.0  1.99573e-11
22700.0  1.9929e-11
22705.0  1.98984e-11
22710.0  1.98674e-11
22715.0  1.98369e-11
22720.0  1.98085e-11
22725.0  1.97779e-11
22730.0  1.97469e-11
22735.0  1.97164e-11
22740.0  1.9688e-11
22745.0  1.96574e-11
22750.0  1.96268e-11
22755.0  1.95984e-11
22760.0  1.95679e-11
22765.0  1.95373e-11
22770.0  1.95089e-11
22775.0  1.94783e-11
22780.0  1.94478e-11
22785.0  1.94194e-11
22790.0  1.93888e-11
22795.0  1.93583e-11
22800.0  1.93298e-11
22805.0  1.92997e-11
22810.0  1.92713e-11
22815.0  1.92407e-11
22820.0  1.92102e-11
22825.0  1.91818e-11
22830.0  1.91517e-11
22835.0  1.91232e-11
22840.0  1.90932e-11
22845.0  1.90648e-11
22850.0  1.90346e-11
22855.0  1.90062e-11
22860.0  1.8976e-11
22865.0  1.89476e-11
22870.0  1.89176e-11
22875.0  1.88891e-11
22880.0  1.8859e-11
22885.0  1.88306e-11
22890.0  1.88004e-11
22895.0  1.87721e-11
22900.0  1.87419e-11
22905.0  1.87139e-11
22910.0  1.8686e-11
22915.0  1.86558e-11
22920.0  1.86275e-11
22925.0  1.85973e-11
22930.0  1.85693e-11
22935.0  1.85413e-11
22940.0  1.85112e-11
22945.0  1.84833e-11
22950.0  1.84553e-11
22955.0  1.84251e-11
22960.0  1.83972e-11
22965.0  1.83692e-11
22970.0  1.83391e-11
22975.0  1.83111e-11
22980.0  1.82831e-11
22985.0  1.8253e-11
22990.0  1.8225e-11
22995.0  1.81975e-11
23000.0  1.81695e-11
23005.0  1.81393e-11
23010.0  1.81114e-11
23015.0  1.80838e-11
23020.0  1.80559e-11
23025.0  1.80257e-11
23030.0  1.79978e-11
23035.0  1.79702e-11
23040.0  1.79422e-11
23045.0  1.79121e-11
23050.0  1.78841e-11
23055.0  1.78566e-11
23060.0  1.7829e-11
23065.0  1.78015e-11
23070.0  1.7774e-11
23075.0  1.7746e-11
23080.0  1.77158e-11
23085.0  1.76879e-11
23090.0  1.76603e-11
23095.0  1.76328e-11
23100.0  1.76052e-11
23105.0  1.75777e-11
23110.0  1.75501e-11
23115.0  1.75226e-11
23120.0  1.7495e-11
23125.0  1.74675e-11
23130.0  1.74395e-11
23135.0  1.74094e-11
23140.0  1.73814e-11
23145.0  1.73539e-11
23150.0  1.73263e-11
23155.0  1.72988e-11
23160.0  1.72712e-11
23165.0  1.72437e-11
23170.0  1.72162e-11
23175.0  1.71886e-11
23180.0  1.71615e-11
23185.0  1.71365e-11
23190.0  1.71094e-11
23195.0  1.70818e-11
23200.0  1.70543e-11
23205.0  1.70268e-11
23210.0  1.69992e-11
23215.0  1.69717e-11
23220.0  1.69441e-11
23225.0  1.69166e-11
23230.0  1.6889e-11
23235.0  1.68619e-11
23240.0  1.68369e-11
23245.0  1.68099e-11
23250.0  1.67823e-11
23255.0  1.67548e-11
23260.0  1.67272e-11
23265.0  1.67001e-11
23270.0  1.66751e-11
23275.0  1.6648e-11
23280.0  1.66205e-11
23285.0  1.65929e-11
23290.0  1.65658e-11
23295.0  1.65409e-11
23300.0  1.65137e-11
23305.0  1.64862e-11
23310.0  1.64591e-11
23315.0  1.64341e-11
23320.0  1.6407e-11
23325.0  1.63794e-11
23330.0  1.63523e-11
23335.0  1.63274e-11
23340.0  1.63002e-11
23345.0  1.62731e-11
23350.0  1.62482e-11
23355.0  1.6221e-11
23360.0  1.61939e-11
23365.0  1.6169e-11
23370.0  1.61419e-11
23375.0  1.61147e-11
23380.0  1.60898e-11
23385.0  1.60627e-11
23390.0  1.60356e-11
23395.0  1.60106e-11
23400.0  1.59839e-11
23405.0  1.59589e-11
23410.0  1.59318e-11
23415.0  1.59047e-11
23420.0  1.58797e-11
23425.0  1.5853e-11
23430.0  1.58281e-11
23435.0  1.58014e-11
23440.0  1.57764e-11
23445.0  1.57498e-11
23450.0  1.57248e-11
23455.0  1.56981e-11
23460.0  1.56732e-11
23465.0  1.56465e-11
23470.0  1.56215e-11
23475.0  1.55948e-11
23480.0  1.55699e-11
23485.0  1.55432e-11
23490.0  1.55182e-11
23495.0  1.54915e-11
23500.0  1.54665e-11
23505.0  1.54399e-11
23510.0  1.54153e-11
23515.0  1.53908e-11
23520.0  1.53641e-11
23525.0  1.53392e-11
23530.0  1.53125e-11
23535.0  1.52879e-11
23540.0  1.52634e-11
23545.0  1.52367e-11
23550.0  1.52122e-11
23555.0  1.51876e-11
23560.0  1.5161e-11
23565.0  1.51364e-11
23570.0  1.51119e-11
23575.0  1.50852e-11
23580.0  1.50607e-11
23585.0  1.50362e-11
23590.0  1.50095e-11
23595.0  1.49849e-11
23600.0  1.49604e-11
23605.0  1.49337e-11
23610.0  1.49092e-11
23615.0  1.48851e-11
23620.0  1.48606e-11
23625.0  1.48339e-11
23630.0  1.48093e-11
23635.0  1.47852e-11
23640.0  1.47611e-11
23645.0  1.47366e-11
23650.0  1.47099e-11
23655.0  1.46854e-11
23660.0  1.46613e-11
23665.0  1.46372e-11
23670.0  1.46131e-11
23675.0  1.45885e-11
23680.0  1.45618e-11
23685.0  1.45373e-11
23690.0  1.45132e-11
23695.0  1.44891e-11
23700.0  1.4465e-11
23705.0  1.44409e-11
23710.0  1.44168e-11
23715.0  1.43922e-11
23720.0  1.43656e-11
23725.0  1.43411e-11
23730.0  1.4317e-11
23735.0  1.42929e-11
23740.0  1.42687e-11
23745.0  1.42447e-11
23750.0  1.42205e-11
23755.0  1.41964e-11
23760.0  1.41723e-11
23765.0  1.41482e-11
23770.0  1.41241e-11
23775.0  1.41e-11
23780.0  1.40759e-11
23785.0  1.40518e-11
23790.0  1.40277e-11
23795.0  1.40036e-11
23800.0  1.39795e-11
23805.0  1.39554e-11
23810.0  1.39313e-11
23815.0  1.39072e-11
23820.0  1.38831e-11
23825.0  1.38594e-11
23830.0  1.38379e-11
23835.0  1.38142e-11
23840.0  1.37901e-11
23845.0  1.3766e-11
23850.0  1.37419e-11
23855.0  1.37178e-11
23860.0  1.36937e-11
23865.0  1.36696e-11
23870.0  1.3646e-11
23875.0  1.36244e-11
23880.0  1.36008e-11
23885.0  1.35767e-11
23890.0  1.35525e-11
23895.0  1.35289e-11
23900.0  1.35073e-11
23905.0  1.34837e-11
23910.0  1.34596e-11
23915.0  1.34355e-11
23920.0  1.34118e-11
23925.0  1.33903e-11
23930.0  1.33666e-11
23935.0  1.33425e-11
23940.0  1.33188e-11
23945.0  1.32973e-11
23950.0  1.32737e-11
23955.0  1.32495e-11
23960.0  1.32259e-11
23965.0  1.32044e-11
23970.0  1.31807e-11
23975.0  1.3157e-11
23980.0  1.31355e-11
23985.0  1.31118e-11
23990.0  1.30881e-11
23995.0  1.30666e-11
24000.0  1.3043e-11
24005.0  1.30193e-11
24010.0  1.29977e-11
24015.0  1.29745e-11
24020.0  1.2953e-11
24025.0  1.29293e-11
24030.0  1.29056e-11
24035.0  1.28841e-11
24040.0  1.28609e-11
24045.0  1.28394e-11
24050.0  1.28157e-11
24055.0  1.2792e-11
24060.0  1.27705e-11
24065.0  1.27473e-11
24070.0  1.27258e-11
24075.0  1.27025e-11
24080.0  1.2681e-11
24085.0  1.26577e-11
24090.0  1.26362e-11
24095.0  1.2613e-11
24100.0  1.25915e-11
24105.0  1.25682e-11
24110.0  1.25467e-11
24115.0  1.25235e-11
24120.0  1.25019e-11
24125.0  1.24787e-11
24130.0  1.24571e-11
24135.0  1.24339e-11
24140.0  1.24128e-11
24145.0  1.23917e-11
24150.0  1.23685e-11
24155.0  1.2347e-11
24160.0  1.23237e-11
24165.0  1.23026e-11
24170.0  1.22816e-11
24175.0  1.22583e-11
24180.0  1.22368e-11
24185.0  1.22136e-11
24190.0  1.21925e-11
24195.0  1.21714e-11
24200.0  1.21481e-11
24205.0  1.21271e-11
24210.0  1.21059e-11
24215.0  1.20827e-11
24220.0  1.20616e-11
24225.0  1.2041e-11
24230.0  1.20199e-11
24235.0  1.19966e-11
24240.0  1.19755e-11
24245.0  1.19545e-11
24250.0  1.19312e-11
24255.0  1.19101e-11
24260.0  1.18895e-11
24265.0  1.18684e-11
24270.0  1.18451e-11
24275.0  1.1824e-11
24280.0  1.18034e-11
24285.0  1.17828e-11
24290.0  1.17616e-11
24295.0  1.17384e-11
24300.0  1.17173e-11
24305.0  1.16967e-11
24310.0  1.1676e-11
24315.0  1.16549e-11
24320.0  1.16317e-11
24325.0  1.16106e-11
24330.0  1.15899e-11
24335.0  1.15693e-11
24340.0  1.15486e-11
24345.0  1.15279e-11
24350.0  1.15073e-11
24355.0  1.14862e-11
24360.0  1.14629e-11
24365.0  1.14419e-11
24370.0  1.14212e-11
24375.0  1.14005e-11
24380.0  1.13799e-11
24385.0  1.13592e-11
24390.0  1.13385e-11
24395.0  1.13179e-11
24400.0  1.12972e-11
24405.0  1.12766e-11
24410.0  1.12559e-11
24415.0  1.12353e-11
24420.0  1.12146e-11
24425.0  1.11939e-11
24430.0  1.11733e-11
24435.0  1.11526e-11
24440.0  1.1132e-11
24445.0  1.11113e-11
24450.0  1.10906e-11
24455.0  1.107e-11
24460.0  1.10493e-11
24465.0  1.10287e-11
24470.0  1.1008e-11
24475.0  1.09874e-11
24480.0  1.09667e-11
24485.0  1.0946e-11
24490.0  1.09254e-11
24495.0  1.09051e-11
24500.0  1.08871e-11
24505.0  1.08668e-11
24510.0  1.08462e-11
24515.0  1.08255e-11
24520.0  1.08048e-11
24525.0  1.07842e-11
24530.0  1.07635e-11
24535.0  1.07433e-11
24540.0  1.07252e-11
24545.0  1.0705e-11
24550.0  1.06843e-11
24555.0  1.06637e-11
24560.0  1.06434e-11
24565.0  1.06254e-11
24570.0  1.06051e-11
24575.0  1.05845e-11
24580.0  1.05638e-11
24585.0  1.05436e-11
24590.0  1.05255e-11
24595.0  1.05053e-11
24600.0  1.04846e-11
24605.0  1.04644e-11
24610.0  1.04463e-11
24615.0  1.04261e-11
24620.0  1.04059e-11
24625.0  1.03878e-11
24630.0  1.03676e-11
24635.0  1.03469e-11
24640.0  1.03267e-11
24645.0  1.03086e-11
24650.0  1.02884e-11
24655.0  1.02681e-11
24660.0  1.02501e-11
24665.0  1.02298e-11
24670.0  1.02096e-11
24675.0  1.01915e-11
24680.0  1.01717e-11
24685.0  1.01536e-11
24690.0  1.01334e-11
24695.0  1.01132e-11
24700.0  1.00951e-11
24705.0  1.00753e-11
24710.0  1.00572e-11
24715.0  1.0037e-11
24720.0  1.00168e-11
24725.0  9.9987e-12
24730.0  9.97891e-12
24735.0  9.96084e-12
24740.0  9.94103e-12
24745.0  9.92296e-12
24750.0  9.90315e-12
24755.0  9.88508e-12
24760.0  9.86528e-12
24765.0  9.84721e-12
24770.0  9.82739e-12
24775.0  9.80933e-12
24780.0  9.78952e-12
24785.0  9.77144e-12
24790.0  9.75165e-12
24795.0  9.73358e-12
24800.0  9.71379e-12
24805.0  9.6957e-12
24810.0  9.67591e-12
24815.0  9.65782e-12
24820.0  9.63802e-12
24825.0  9.62039e-12
24830.0  9.60272e-12
24835.0  9.58294e-12
24840.0  9.56486e-12
24845.0  9.54507e-12
24850.0  9.52743e-12
24855.0  9.50976e-12
24860.0  9.48998e-12
24865.0  9.47189e-12
24870.0  9.45209e-12
24875.0  9.43444e-12
24880.0  9.41681e-12
24885.0  9.39699e-12
24890.0  9.37935e-12
24895.0  9.3617e-12
24900.0  9.34191e-12
24905.0  9.32427e-12
24910.0  9.30705e-12
24915.0  9.28941e-12
24920.0  9.26959e-12
24925.0  9.25196e-12
24930.0  9.23431e-12
24935.0  9.21452e-12
24940.0  9.19687e-12
24945.0  9.17966e-12
24950.0  9.16201e-12
24955.0  9.14221e-12
24960.0  9.12456e-12
24965.0  9.10735e-12
24970.0  9.09012e-12
24975.0  9.07248e-12
24980.0  9.05267e-12
24985.0  9.03503e-12
24990.0  9.01781e-12
24995.0  7.87745e-12
25000.0  1.12485e-12
