# Extracted from file: pickles_uk_2.fits
#SIMPLETrueFits standard
#BITPIX16Bits per pixel
#NAXIS0Number of axes
#EXTENDTrueFile may contain extensions
#DATE2007-01-11T21:02:17Date FITS file was generated
#IRAF-TLM16:02:33 (11/01/2007)Time of last modification
#COMMENT  FITS (Flexible Image Transport System) format is defined in 'Astronomy
#COMMENT  and Astrophysics', volume 376, page 359; bibcode: 2001A&A...376..359H
#ORIGINSTScI-STSDAS/TABLESTables version 2002-02-22
#FILENAMEpickles_uk_2.fitsname of file
#NEXTEND1number of extensions in file
#COMMENT1spectral type: O9V
#COMMENT2metallicity: solar
#COMMENT3original filename: uko9v.dat
#HISTORY  File created by F.R.Boffi.
#HISTORY  SEDs from Pickles UVKLIB Library (1998, PASP 110, 863).
#HISTORY  Wavelength is in Angstrom.
#HISTORY  Fluxes are tabulated in units of erg/s/cm^2/A
#HISTORY  and were calculated by normalizing the original fluxes
#HISTORY  in the Pickles V band to a 0 magnitude in vegamag.
#HISTORY  In the vegamag system, Vega has magnitude zero in all passbands.
#HISTORY  Please refer to the SYNPHOT manual for further information.
#
#
#
#
#
#
#
#
#
#
#
#
#
#  
#Columns WAVELENGTH FLUX
#Units  angstroms flam
1150.0  4.31499e-07
1155.0  4.50192e-07
1160.0  3.61798e-07
1165.0  3.35481e-07
1170.0  2.89346e-07
1175.0  2.45085e-07
1180.0  2.61702e-07
1185.0  2.79152e-07
1190.0  2.59447e-07
1195.0  2.33435e-07
1200.0  2.23203e-07
1205.0  2.00529e-07
1210.0  1.51467e-07
1215.0  1.11111e-07
1220.0  1.59355e-07
1225.0  2.26135e-07
1230.0  2.51249e-07
1235.0  2.48503e-07
1240.0  2.48405e-07
1245.0  2.58139e-07
1250.0  2.55129e-07
1255.0  2.56715e-07
1260.0  2.67082e-07
1265.0  2.79256e-07
1270.0  2.8374e-07
1275.0  2.83855e-07
1280.0  2.80601e-07
1285.0  2.76651e-07
1290.0  2.7902e-07
1295.0  2.67722e-07
1300.0  2.51679e-07
1305.0  2.54979e-07
1310.0  2.66384e-07
1315.0  2.66845e-07
1320.0  2.61219e-07
1325.0  2.55759e-07
1330.0  2.50085e-07
1335.0  2.36463e-07
1340.0  2.31674e-07
1345.0  2.31178e-07
1350.0  2.35437e-07
1355.0  2.35977e-07
1360.0  2.29152e-07
1365.0  2.26235e-07
1370.0  2.27661e-07
1375.0  2.23823e-07
1380.0  2.19098e-07
1385.0  2.09725e-07
1390.0  1.92228e-07
1395.0  1.75466e-07
1400.0  1.73428e-07
1405.0  1.78211e-07
1410.0  1.8757e-07
1415.0  1.91836e-07
1420.0  1.85604e-07
1425.0  1.7594e-07
1430.0  1.75928e-07
1435.0  1.85516e-07
1440.0  1.84725e-07
1445.0  1.81564e-07
1450.0  1.7795e-07
1455.0  1.71987e-07
1460.0  1.72008e-07
1465.0  1.78158e-07
1470.0  1.82207e-07
1475.0  1.83084e-07
1480.0  1.8247e-07
1485.0  1.83487e-07
1490.0  1.84296e-07
1495.0  1.77571e-07
1500.0  1.66201e-07
1505.0  1.66647e-07
1510.0  1.7265e-07
1515.0  1.71868e-07
1520.0  1.7069e-07
1525.0  1.57102e-07
1530.0  1.42015e-07
1535.0  1.36326e-07
1540.0  1.25732e-07
1545.0  9.55709e-08
1550.0  9.06721e-08
1555.0  1.1915e-07
1560.0  1.29351e-07
1565.0  1.28304e-07
1570.0  1.31871e-07
1575.0  1.35276e-07
1580.0  1.34128e-07
1585.0  1.35165e-07
1590.0  1.34303e-07
1595.0  1.28951e-07
1600.0  1.25668e-07
1605.0  1.19246e-07
1610.0  1.11932e-07
1615.0  1.09612e-07
1620.0  1.0838e-07
1625.0  1.09575e-07
1630.0  1.09824e-07
1635.0  1.10486e-07
1640.0  1.11374e-07
1645.0  1.16828e-07
1650.0  1.21442e-07
1655.0  1.17102e-07
1660.0  1.12918e-07
1665.0  1.14308e-07
1670.0  1.12129e-07
1675.0  1.14411e-07
1680.0  1.22591e-07
1685.0  1.22184e-07
1690.0  1.17277e-07
1695.0  1.14723e-07
1700.0  1.12924e-07
1705.0  1.13669e-07
1710.0  1.14151e-07
1715.0  1.10618e-07
1720.0  1.03127e-07
1725.0  1.02731e-07
1730.0  1.08304e-07
1735.0  1.12871e-07
1740.0  1.13166e-07
1745.0  1.12984e-07
1750.0  1.11298e-07
1755.0  1.11985e-07
1760.0  1.12629e-07
1765.0  1.10272e-07
1770.0  1.09777e-07
1775.0  1.10621e-07
1780.0  1.09611e-07
1785.0  1.04865e-07
1790.0  9.74281e-08
1795.0  9.88026e-08
1800.0  1.02007e-07
1805.0  1.01187e-07
1810.0  1.00909e-07
1815.0  1.02592e-07
1820.0  1.04774e-07
1825.0  1.04837e-07
1830.0  1.04312e-07
1835.0  1.04086e-07
1840.0  1.01026e-07
1845.0  9.91452e-08
1850.0  9.77023e-08
1855.0  9.62338e-08
1860.0  9.63298e-08
1865.0  9.74362e-08
1870.0  9.51934e-08
1875.0  9.16981e-08
1880.0  9.12268e-08
1885.0  8.98963e-08
1890.0  8.90924e-08
1895.0  8.97041e-08
1900.0  9.01295e-08
1905.0  8.90839e-08
1910.0  8.66669e-08
1915.0  8.35277e-08
1920.0  8.10287e-08
1925.0  8.04758e-08
1930.0  8.36235e-08
1935.0  8.538e-08
1940.0  8.541e-08
1945.0  8.52761e-08
1950.0  8.45688e-08
1955.0  8.33262e-08
1960.0  8.09809e-08
1965.0  7.90395e-08
1970.0  7.78374e-08
1975.0  7.99846e-08
1980.0  8.08669e-08
1985.0  7.87484e-08
1990.0  7.61631e-08
1995.0  7.55703e-08
2000.0  7.61515e-08
2005.0  7.64927e-08
2010.0  7.55044e-08
2015.0  7.6364e-08
2020.0  7.57247e-08
2025.0  7.58556e-08
2030.0  7.56826e-08
2035.0  7.57988e-08
2040.0  7.57859e-08
2045.0  7.51773e-08
2050.0  7.44188e-08
2055.0  7.04941e-08
2060.0  6.67002e-08
2065.0  6.78868e-08
2070.0  7.05237e-08
2075.0  6.99379e-08
2080.0  6.90493e-08
2085.0  6.93815e-08
2090.0  6.9194e-08
2095.0  6.72708e-08
2100.0  6.60333e-08
2105.0  6.45726e-08
2110.0  6.49473e-08
2115.0  6.7175e-08
2120.0  6.64498e-08
2125.0  6.5062e-08
2130.0  6.45858e-08
2135.0  6.43331e-08
2140.0  6.50652e-08
2145.0  6.42418e-08
2150.0  6.27306e-08
2155.0  6.16671e-08
2160.0  6.13224e-08
2165.0  6.09763e-08
2170.0  5.95971e-08
2175.0  5.98453e-08
2180.0  6.00443e-08
2185.0  6.03267e-08
2190.0  6.00911e-08
2195.0  6.02655e-08
2200.0  5.89352e-08
2205.0  5.75913e-08
2210.0  5.63925e-08
2215.0  5.58026e-08
2220.0  5.48955e-08
2225.0  5.4757e-08
2230.0  5.49745e-08
2235.0  5.42322e-08
2240.0  5.35167e-08
2245.0  5.33778e-08
2250.0  5.34017e-08
2255.0  5.31334e-08
2260.0  5.28705e-08
2265.0  5.25995e-08
2270.0  5.21007e-08
2275.0  5.19291e-08
2280.0  5.1801e-08
2285.0  5.22026e-08
2290.0  5.28707e-08
2295.0  5.1676e-08
2300.0  4.94713e-08
2305.0  4.8025e-08
2310.0  4.92575e-08
2315.0  4.99976e-08
2320.0  5.01451e-08
2325.0  4.98759e-08
2330.0  5.02467e-08
2335.0  5.14833e-08
2340.0  5.08506e-08
2345.0  4.9779e-08
2350.0  4.90662e-08
2355.0  4.91636e-08
2360.0  5.0175e-08
2365.0  5.09826e-08
2370.0  5.06118e-08
2375.0  4.96284e-08
2380.0  4.87599e-08
2385.0  4.743e-08
2390.0  4.56284e-08
2395.0  4.49049e-08
2400.0  4.56318e-08
2405.0  4.72327e-08
2410.0  4.73071e-08
2415.0  4.74897e-08
2420.0  4.7637e-08
2425.0  4.70085e-08
2430.0  4.74588e-08
2435.0  4.78405e-08
2440.0  4.71766e-08
2445.0  4.62408e-08
2450.0  4.64922e-08
2455.0  4.68501e-08
2460.0  4.66902e-08
2465.0  4.75848e-08
2470.0  4.69749e-08
2475.0  4.52342e-08
2480.0  4.51206e-08
2485.0  4.5022e-08
2490.0  4.45786e-08
2495.0  4.47161e-08
2500.0  4.49729e-08
2505.0  4.46139e-08
2510.0  4.39838e-08
2515.0  4.22822e-08
2520.0  4.2029e-08
2525.0  4.21212e-08
2530.0  4.35931e-08
2535.0  4.45593e-08
2540.0  4.33483e-08
2545.0  4.24781e-08
2550.0  4.3109e-08
2555.0  4.29699e-08
2560.0  4.25811e-08
2565.0  4.22383e-08
2570.0  4.22184e-08
2575.0  4.15834e-08
2580.0  3.74101e-08
2585.0  3.65884e-08
2590.0  3.91599e-08
2595.0  4.05573e-08
2600.0  4.08281e-08
2605.0  4.01956e-08
2610.0  4.08626e-08
2615.0  4.17152e-08
2620.0  4.1359e-08
2625.0  4.18591e-08
2630.0  4.1267e-08
2635.0  4.12004e-08
2640.0  4.09564e-08
2645.0  3.99652e-08
2650.0  3.98926e-08
2655.0  4.02531e-08
2660.0  4.03691e-08
2665.0  3.89085e-08
2670.0  3.83531e-08
2675.0  3.86711e-08
2680.0  3.81674e-08
2685.0  3.78204e-08
2690.0  3.81647e-08
2695.0  3.6996e-08
2700.0  3.62673e-08
2705.0  3.71446e-08
2710.0  3.79092e-08
2715.0  3.66763e-08
2720.0  3.63921e-08
2725.0  3.57758e-08
2730.0  3.56232e-08
2735.0  3.51749e-08
2740.0  3.45635e-08
2745.0  3.47275e-08
2750.0  3.52741e-08
2755.0  3.52823e-08
2760.0  3.53513e-08
2765.0  3.58837e-08
2770.0  3.50376e-08
2775.0  3.43305e-08
2780.0  3.35525e-08
2785.0  3.25112e-08
2790.0  3.2627e-08
2795.0  3.29566e-08
2800.0  3.18223e-08
2805.0  3.11502e-08
2810.0  3.19302e-08
2815.0  3.30961e-08
2820.0  3.34428e-08
2825.0  3.27372e-08
2830.0  3.15056e-08
2835.0  3.13298e-08
2840.0  3.19421e-08
2845.0  3.16237e-08
2850.0  3.15679e-08
2855.0  3.11175e-08
2860.0  3.09764e-08
2865.0  3.13381e-08
2870.0  3.10596e-08
2875.0  3.1005e-08
2880.0  3.09622e-08
2885.0  3.10109e-08
2890.0  3.11018e-08
2895.0  3.13656e-08
2900.0  3.12026e-08
2905.0  3.02797e-08
2910.0  3.00266e-08
2915.0  3.00827e-08
2920.0  2.99538e-08
2925.0  2.99432e-08
2930.0  2.98675e-08
2935.0  2.98983e-08
2940.0  2.93675e-08
2945.0  2.91451e-08
2950.0  2.9113e-08
2955.0  2.93451e-08
2960.0  2.93875e-08
2965.0  2.92181e-08
2970.0  2.94371e-08
2975.0  2.91736e-08
2980.0  2.89266e-08
2985.0  2.82057e-08
2990.0  2.7673e-08
2995.0  2.73847e-08
3000.0  2.75966e-08
3005.0  2.76524e-08
3010.0  2.77037e-08
3015.0  2.72118e-08
3020.0  2.70369e-08
3025.0  2.63258e-08
3030.0  2.58562e-08
3035.0  2.60563e-08
3040.0  2.56431e-08
3045.0  2.5259e-08
3050.0  2.5228e-08
3055.0  2.60434e-08
3060.0  2.62129e-08
3065.0  2.58474e-08
3070.0  2.54469e-08
3075.0  2.54436e-08
3080.0  2.54727e-08
3085.0  2.5808e-08
3090.0  2.55695e-08
3095.0  2.5218e-08
3100.0  2.5166e-08
3105.0  2.55272e-08
3110.0  2.5372e-08
3115.0  2.4847e-08
3120.0  2.4605e-08
3125.0  2.48002e-08
3130.0  2.50656e-08
3135.0  2.54559e-08
3140.0  2.54637e-08
3145.0  2.56615e-08
3150.0  2.56473e-08
3155.0  2.4905e-08
3160.0  2.39021e-08
3165.0  2.40636e-08
3170.0  2.40412e-08
3175.0  2.40542e-08
3180.0  2.33336e-08
3185.0  2.31075e-08
3190.0  2.31563e-08
3195.0  2.33208e-08
3200.0  2.29599e-08
3205.0  2.29772e-08
3210.0  2.30492e-08
3215.0  2.30256e-08
3220.0  2.29175e-08
3225.0  2.2804e-08
3230.0  2.28391e-08
3235.0  2.30598e-08
3240.0  2.31343e-08
3245.0  2.27726e-08
3250.0  2.21631e-08
3255.0  2.16379e-08
3260.0  2.1406e-08
3265.0  2.14584e-08
3270.0  2.13667e-08
3275.0  2.08219e-08
3280.0  2.02278e-08
3285.0  2.00527e-08
3290.0  2.02106e-08
3295.0  2.03989e-08
3300.0  2.03317e-08
3305.0  1.99252e-08
3310.0  1.95773e-08
3315.0  1.96572e-08
3320.0  1.99822e-08
3325.0  2.02264e-08
3330.0  2.02554e-08
3335.0  2.00872e-08
3340.0  1.99236e-08
3345.0  1.99058e-08
3350.0  1.98502e-08
3355.0  1.95935e-08
3360.0  1.93437e-08
3365.0  1.9316e-08
3370.0  1.93695e-08
3375.0  1.93047e-08
3380.0  1.91341e-08
3385.0  1.89411e-08
3390.0  1.87718e-08
3395.0  1.86282e-08
3400.0  1.84451e-08
3405.0  1.81927e-08
3410.0  1.7993e-08
3415.0  1.79521e-08
3420.0  1.79801e-08
3425.0  1.79397e-08
3430.0  1.77735e-08
3435.0  1.75279e-08
3440.0  1.74248e-08
3445.0  1.76019e-08
3450.0  1.78109e-08
3455.0  1.77947e-08
3460.0  1.76567e-08
3465.0  1.75636e-08
3470.0  1.74835e-08
3475.0  1.73479e-08
3480.0  1.72026e-08
3485.0  1.7131e-08
3490.0  1.71905e-08
3495.0  1.73747e-08
3500.0  1.75404e-08
3505.0  1.75596e-08
3510.0  1.75102e-08
3515.0  1.7435e-08
3520.0  1.74437e-08
3525.0  1.74081e-08
3530.0  1.72501e-08
3535.0  1.71587e-08
3540.0  1.70708e-08
3545.0  1.70002e-08
3550.0  1.68803e-08
3555.0  1.67103e-08
3560.0  1.65849e-08
3565.0  1.64043e-08
3570.0  1.61965e-08
3575.0  1.60352e-08
3580.0  1.5886e-08
3585.0  1.57529e-08
3590.0  1.56534e-08
3595.0  1.56376e-08
3600.0  1.55645e-08
3605.0  1.54756e-08
3610.0  1.5757e-08
3615.0  1.58272e-08
3620.0  1.57792e-08
3625.0  1.55952e-08
3630.0  1.53904e-08
3635.0  1.52938e-08
3640.0  1.53621e-08
3645.0  1.55833e-08
3650.0  1.56746e-08
3655.0  1.56297e-08
3660.0  1.55413e-08
3665.0  1.53259e-08
3670.0  1.52986e-08
3675.0  1.528e-08
3680.0  1.51611e-08
3685.0  1.50987e-08
3690.0  1.49803e-08
3695.0  1.48457e-08
3700.0  1.4628e-08
3705.0  1.42795e-08
3710.0  1.4243e-08
3715.0  1.42972e-08
3720.0  1.42246e-08
3725.0  1.4232e-08
3730.0  1.41625e-08
3735.0  1.40684e-08
3740.0  1.43836e-08
3745.0  1.41004e-08
3750.0  1.3402e-08
3755.0  1.33533e-08
3760.0  1.36416e-08
3765.0  1.35292e-08
3770.0  1.30595e-08
3775.0  1.36509e-08
3780.0  1.45324e-08
3785.0  1.48339e-08
3790.0  1.43221e-08
3795.0  1.32879e-08
3800.0  1.32509e-08
3805.0  1.42793e-08
3810.0  1.48959e-08
3815.0  1.4725e-08
3820.0  1.44422e-08
3825.0  1.43714e-08
3830.0  1.34746e-08
3835.0  1.26215e-08
3840.0  1.3364e-08
3845.0  1.41702e-08
3850.0  1.43655e-08
3855.0  1.43535e-08
3860.0  1.42259e-08
3865.0  1.41078e-08
3870.0  1.39787e-08
3875.0  1.37213e-08
3880.0  1.30622e-08
3885.0  1.19221e-08
3890.0  1.15887e-08
3895.0  1.27045e-08
3900.0  1.34772e-08
3905.0  1.36265e-08
3910.0  1.34698e-08
3915.0  1.32791e-08
3920.0  1.30536e-08
3925.0  1.29297e-08
3930.0  1.27566e-08
3935.0  1.27667e-08
3940.0  1.30571e-08
3945.0  1.31485e-08
3950.0  1.29724e-08
3955.0  1.26647e-08
3960.0  1.20125e-08
3965.0  1.07898e-08
3970.0  1.01195e-08
3975.0  1.11394e-08
3980.0  1.19809e-08
3985.0  1.2249e-08
3990.0  1.22984e-08
3995.0  1.22119e-08
4000.0  1.20799e-08
4005.0  1.19467e-08
4010.0  1.187e-08
4015.0  1.17612e-08
4020.0  1.14258e-08
4025.0  1.10006e-08
4030.0  1.12176e-08
4035.0  1.15565e-08
4040.0  1.16336e-08
4045.0  1.16243e-08
4050.0  1.16262e-08
4055.0  1.15319e-08
4060.0  1.14042e-08
4065.0  1.12186e-08
4070.0  1.09504e-08
4075.0  1.0957e-08
4080.0  1.09511e-08
4085.0  1.07619e-08
4090.0  1.04578e-08
4095.0  9.72904e-09
4100.0  8.83847e-09
4105.0  9.19423e-09
4110.0  1.00836e-08
4115.0  1.0342e-08
4120.0  1.03886e-08
4125.0  1.05393e-08
4130.0  1.0589e-08
4135.0  1.05059e-08
4140.0  1.03153e-08
4145.0  1.01738e-08
4150.0  1.02078e-08
4155.0  1.02305e-08
4160.0  1.024e-08
4165.0  1.01842e-08
4170.0  1.00934e-08
4175.0  1.00477e-08
4180.0  9.98117e-09
4185.0  9.82684e-09
4190.0  9.711e-09
4195.0  9.55441e-09
4200.0  9.39876e-09
4205.0  9.56366e-09
4210.0  9.6926e-09
4215.0  9.67359e-09
4220.0  9.64459e-09
4225.0  9.61284e-09
4230.0  9.57367e-09
4235.0  9.52982e-09
4240.0  9.50992e-09
4245.0  9.43417e-09
4250.0  9.33803e-09
4255.0  9.28586e-09
4260.0  9.23854e-09
4265.0  9.22897e-09
4270.0  9.19001e-09
4275.0  9.13335e-09
4280.0  9.13423e-09
4285.0  9.1416e-09
4290.0  9.13506e-09
4295.0  9.1299e-09
4300.0  9.09904e-09
4305.0  9.02915e-09
4310.0  8.99307e-09
4315.0  8.92311e-09
4320.0  8.86036e-09
4325.0  8.77851e-09
4330.0  8.49291e-09
4335.0  7.80443e-09
4340.0  7.13113e-09
4345.0  7.52208e-09
4350.0  8.19341e-09
4355.0  8.54415e-09
4360.0  8.6459e-09
4365.0  8.5817e-09
4370.0  8.53749e-09
4375.0  8.48866e-09
4380.0  8.38372e-09
4385.0  8.19877e-09
4390.0  8.14697e-09
4395.0  8.25667e-09
4400.0  8.27137e-09
4405.0  8.20554e-09
4410.0  8.09422e-09
4415.0  7.98098e-09
4420.0  7.83706e-09
4425.0  7.6658e-09
4430.0  7.59053e-09
4435.0  7.65008e-09
4440.0  7.75209e-09
4445.0  7.8445e-09
4450.0  7.88027e-09
4455.0  7.86879e-09
4460.0  7.82184e-09
4465.0  7.62319e-09
4470.0  7.26715e-09
4475.0  7.36559e-09
4480.0  7.59404e-09
4485.0  7.68309e-09
4490.0  7.70115e-09
4495.0  7.67885e-09
4500.0  7.63481e-09
4505.0  7.56199e-09
4510.0  7.47347e-09
4515.0  7.43838e-09
4520.0  7.49174e-09
4525.0  7.45543e-09
4530.0  7.35841e-09
4535.0  7.26475e-09
4540.0  7.09823e-09
4545.0  7.14461e-09
4550.0  7.27711e-09
4555.0  7.33445e-09
4560.0  7.33802e-09
4565.0  7.29581e-09
4570.0  7.25616e-09
4575.0  7.22558e-09
4580.0  7.21267e-09
4585.0  7.17502e-09
4590.0  7.12089e-09
4595.0  7.0787e-09
4600.0  7.0601e-09
4605.0  7.04103e-09
4610.0  7.07368e-09
4615.0  7.07128e-09
4620.0  7.03622e-09
4625.0  6.96096e-09
4630.0  6.8599e-09
4635.0  6.82088e-09
4640.0  6.79282e-09
4645.0  6.66339e-09
4650.0  6.58317e-09
4655.0  6.72288e-09
4660.0  6.82319e-09
4665.0  6.79271e-09
4670.0  6.73605e-09
4675.0  6.68939e-09
4680.0  6.50791e-09
4685.0  6.31384e-09
4690.0  6.41693e-09
4695.0  6.58375e-09
4700.0  6.59574e-09
4705.0  6.58706e-09
4710.0  6.51093e-09
4715.0  6.4638e-09
4720.0  6.44683e-09
4725.0  6.40478e-09
4730.0  6.42221e-09
4735.0  6.42433e-09
4740.0  6.41698e-09
4745.0  6.38975e-09
4750.0  6.34731e-09
4755.0  6.28459e-09
4760.0  6.24769e-09
4765.0  6.24259e-09
4770.0  6.23961e-09
4775.0  6.18168e-09
4780.0  6.13887e-09
4785.0  6.14994e-09
4790.0  6.14523e-09
4795.0  6.14361e-09
4800.0  6.10791e-09
4805.0  6.07652e-09
4810.0  6.07188e-09
4815.0  6.0261e-09
4820.0  5.98465e-09
4825.0  5.96002e-09
4830.0  5.96654e-09
4835.0  5.98622e-09
4840.0  5.9569e-09
4845.0  5.85598e-09
4850.0  5.64018e-09
4855.0  5.18577e-09
4860.0  4.70914e-09
4865.0  4.87727e-09
4870.0  5.29561e-09
4875.0  5.44471e-09
4880.0  5.48527e-09
4885.0  5.54163e-09
4890.0  5.6145e-09
4895.0  5.63075e-09
4900.0  5.63105e-09
4905.0  5.61555e-09
4910.0  5.62121e-09
4915.0  5.56083e-09
4920.0  5.40584e-09
4925.0  5.42489e-09
4930.0  5.54294e-09
4935.0  5.54953e-09
4940.0  5.53987e-09
4945.0  5.56219e-09
4950.0  5.52512e-09
4955.0  5.46515e-09
4960.0  5.44541e-09
4965.0  5.41334e-09
4970.0  5.36959e-09
4975.0  5.32852e-09
4980.0  5.33101e-09
4985.0  5.34053e-09
4990.0  5.32539e-09
4995.0  5.30033e-09
5000.0  5.27521e-09
5005.0  5.24873e-09
5010.0  5.16267e-09
5015.0  5.03909e-09
5020.0  5.08766e-09
5025.0  5.12307e-09
5030.0  5.11823e-09
5035.0  5.10485e-09
5040.0  5.10599e-09
5045.0  5.07392e-09
5050.0  5.03824e-09
5055.0  5.00601e-09
5060.0  4.95315e-09
5065.0  4.94035e-09
5070.0  4.92939e-09
5075.0  4.90888e-09
5080.0  4.92805e-09
5085.0  4.95553e-09
5090.0  4.92999e-09
5095.0  4.88346e-09
5100.0  4.86972e-09
5105.0  4.82102e-09
5110.0  4.792e-09
5115.0  4.78942e-09
5120.0  4.76323e-09
5125.0  4.74477e-09
5130.0  4.73045e-09
5135.0  4.7225e-09
5140.0  4.71521e-09
5145.0  4.71657e-09
5150.0  4.68957e-09
5155.0  4.64229e-09
5160.0  4.62004e-09
5165.0  4.58917e-09
5170.0  4.56334e-09
5175.0  4.56822e-09
5180.0  4.56195e-09
5185.0  4.54495e-09
5190.0  4.52908e-09
5195.0  4.51924e-09
5200.0  4.49547e-09
5205.0  4.47252e-09
5210.0  4.4592e-09
5215.0  4.44607e-09
5220.0  4.40682e-09
5225.0  4.39195e-09
5230.0  4.38675e-09
5235.0  4.34328e-09
5240.0  4.29556e-09
5245.0  4.27884e-09
5250.0  4.28576e-09
5255.0  4.27659e-09
5260.0  4.25899e-09
5265.0  4.24016e-09
5270.0  4.22869e-09
5275.0  4.2091e-09
5280.0  4.16496e-09
5285.0  4.14047e-09
5290.0  4.12611e-09
5295.0  4.11749e-09
5300.0  4.12267e-09
5305.0  4.10913e-09
5310.0  4.08834e-09
5315.0  4.05332e-09
5320.0  4.02927e-09
5325.0  4.04133e-09
5330.0  4.03182e-09
5335.0  3.99267e-09
5340.0  3.96658e-09
5345.0  3.96096e-09
5350.0  3.96475e-09
5355.0  3.94899e-09
5360.0  3.90527e-09
5365.0  3.87983e-09
5370.0  3.87972e-09
5375.0  3.87343e-09
5380.0  3.86103e-09
5385.0  3.82683e-09
5390.0  3.81536e-09
5395.0  3.81264e-09
5400.0  3.77952e-09
5405.0  3.68444e-09
5410.0  3.55618e-09
5415.0  3.5959e-09
5420.0  3.69678e-09
5425.0  3.7303e-09
5430.0  3.73629e-09
5435.0  3.71926e-09
5440.0  3.69086e-09
5445.0  3.65582e-09
5450.0  3.62732e-09
5455.0  3.60909e-09
5460.0  3.59213e-09
5465.0  3.58994e-09
5470.0  3.5987e-09
5475.0  3.57643e-09
5480.0  3.53532e-09
5485.0  3.51388e-09
5490.0  3.51354e-09
5495.0  3.52646e-09
5500.0  3.52815e-09
5505.0  3.50146e-09
5510.0  3.48062e-09
5515.0  3.4773e-09
5520.0  3.45249e-09
5525.0  3.41907e-09
5530.0  3.38541e-09
5535.0  3.35866e-09
5540.0  3.34379e-09
5545.0  3.34938e-09
5550.0  3.35851e-09
5555.0  3.34701e-09
5560.0  3.35181e-09
5565.0  3.34362e-09
5570.0  3.32446e-09
5575.0  3.30763e-09
5580.0  3.29118e-09
5585.0  3.2788e-09
5590.0  3.23609e-09
5595.0  3.21154e-09
5600.0  3.23743e-09
5605.0  3.24559e-09
5610.0  3.23799e-09
5615.0  3.20828e-09
5620.0  3.18024e-09
5625.0  3.1617e-09
5630.0  3.14785e-09
5635.0  3.15106e-09
5640.0  3.15046e-09
5645.0  3.13173e-09
5650.0  3.10899e-09
5655.0  3.09138e-09
5660.0  3.07385e-09
5665.0  3.05664e-09
5670.0  3.04701e-09
5675.0  3.04538e-09
5680.0  3.03524e-09
5685.0  3.03353e-09
5690.0  3.02545e-09
5695.0  3.01897e-09
5700.0  2.98008e-09
5705.0  2.94707e-09
5710.0  2.96212e-09
5715.0  2.96878e-09
5720.0  2.94993e-09
5725.0  2.9326e-09
5730.0  2.92698e-09
5735.0  2.91928e-09
5740.0  2.90282e-09
5745.0  2.87838e-09
5750.0  2.87101e-09
5755.0  2.86638e-09
5760.0  2.86854e-09
5765.0  2.85835e-09
5770.0  2.81566e-09
5775.0  2.7509e-09
5780.0  2.66694e-09
5785.0  2.6952e-09
5790.0  2.72445e-09
5795.0  2.70818e-09
5800.0  2.67852e-09
5805.0  2.68106e-09
5810.0  2.68982e-09
5815.0  2.70488e-09
5820.0  2.74158e-09
5825.0  2.74748e-09
5830.0  2.73474e-09
5835.0  2.70793e-09
5840.0  2.69149e-09
5845.0  2.69093e-09
5850.0  2.69504e-09
5855.0  2.69537e-09
5860.0  2.71507e-09
5865.0  2.68936e-09
5870.0  2.59265e-09
5875.0  2.48067e-09
5880.0  2.55237e-09
5885.0  2.52343e-09
5890.0  2.36548e-09
5895.0  2.36923e-09
5900.0  2.49824e-09
5905.0  2.60722e-09
5910.0  2.60833e-09
5915.0  2.59673e-09
5920.0  2.59095e-09
5925.0  2.58942e-09
5930.0  2.57877e-09
5935.0  2.55601e-09
5940.0  2.53738e-09
5945.0  2.52756e-09
5950.0  2.51091e-09
5955.0  2.49769e-09
5960.0  2.5041e-09
5965.0  2.50502e-09
5970.0  2.49522e-09
5975.0  2.48109e-09
5980.0  2.46938e-09
5985.0  2.46053e-09
5990.0  2.45079e-09
5995.0  2.44545e-09
6000.0  2.4298e-09
6005.0  2.41711e-09
6010.0  2.4079e-09
6015.0  2.40027e-09
6020.0  2.39839e-09
6025.0  2.39851e-09
6030.0  2.38948e-09
6035.0  2.37511e-09
6040.0  2.36231e-09
6045.0  2.36363e-09
6050.0  2.36169e-09
6055.0  2.35673e-09
6060.0  2.35497e-09
6065.0  2.34579e-09
6070.0  2.33528e-09
6075.0  2.33197e-09
6080.0  2.32462e-09
6085.0  2.31792e-09
6090.0  2.3157e-09
6095.0  2.30305e-09
6100.0  2.28898e-09
6105.0  2.28817e-09
6110.0  2.28798e-09
6115.0  2.28879e-09
6120.0  2.26928e-09
6125.0  2.25963e-09
6130.0  2.25396e-09
6135.0  2.25224e-09
6140.0  2.24558e-09
6145.0  2.24031e-09
6150.0  2.2381e-09
6155.0  2.23044e-09
6160.0  2.21216e-09
6165.0  2.19644e-09
6170.0  2.18618e-09
6175.0  2.18138e-09
6180.0  2.17687e-09
6185.0  2.16801e-09
6190.0  2.16379e-09
6195.0  2.16037e-09
6200.0  2.1505e-09
6205.0  2.15002e-09
6210.0  2.16293e-09
6215.0  2.15851e-09
6220.0  2.14792e-09
6225.0  2.14022e-09
6230.0  2.13351e-09
6235.0  2.13198e-09
6240.0  2.13326e-09
6245.0  2.13947e-09
6250.0  2.13641e-09
6255.0  2.12912e-09
6260.0  2.12218e-09
6265.0  2.1002e-09
6270.0  2.06605e-09
6275.0  2.00743e-09
6280.0  1.95973e-09
6285.0  1.97771e-09
6290.0  2.02392e-09
6295.0  2.03353e-09
6300.0  2.02644e-09
6305.0  2.02214e-09
6310.0  2.01598e-09
6315.0  2.01336e-09
6320.0  2.01835e-09
6325.0  2.02042e-09
6330.0  2.01916e-09
6335.0  2.01e-09
6340.0  1.99752e-09
6345.0  1.98637e-09
6350.0  1.98944e-09
6355.0  1.98438e-09
6360.0  1.97338e-09
6365.0  1.96397e-09
6370.0  1.95912e-09
6375.0  1.94509e-09
6380.0  1.93482e-09
6385.0  1.93637e-09
6390.0  1.93705e-09
6395.0  1.9319e-09
6400.0  1.92172e-09
6405.0  1.91316e-09
6410.0  1.91045e-09
6415.0  1.913e-09
6420.0  1.91291e-09
6425.0  1.90815e-09
6430.0  1.90201e-09
6435.0  1.8925e-09
6440.0  1.88303e-09
6445.0  1.8706e-09
6450.0  1.86363e-09
6455.0  1.86349e-09
6460.0  1.86321e-09
6465.0  1.85448e-09
6470.0  1.85116e-09
6475.0  1.8417e-09
6480.0  1.8411e-09
6485.0  1.83204e-09
6490.0  1.8274e-09
6495.0  1.83301e-09
6500.0  1.84669e-09
6505.0  1.84627e-09
6510.0  1.83798e-09
6515.0  1.82543e-09
6520.0  1.82189e-09
6525.0  1.81344e-09
6530.0  1.808e-09
6535.0  1.80406e-09
6540.0  1.79786e-09
6545.0  1.7808e-09
6550.0  1.73766e-09
6555.0  1.63138e-09
6560.0  1.48526e-09
6565.0  1.50249e-09
6570.0  1.64311e-09
6575.0  1.72836e-09
6580.0  1.75755e-09
6585.0  1.76804e-09
6590.0  1.77285e-09
6595.0  1.76847e-09
6600.0  1.76343e-09
6605.0  1.76006e-09
6610.0  1.74597e-09
6615.0  1.73743e-09
6620.0  1.73888e-09
6625.0  1.7383e-09
6630.0  1.72901e-09
6635.0  1.71729e-09
6640.0  1.70748e-09
6645.0  1.70181e-09
6650.0  1.69629e-09
6655.0  1.68426e-09
6660.0  1.67211e-09
6665.0  1.66182e-09
6670.0  1.64117e-09
6675.0  1.58974e-09
6680.0  1.57842e-09
6685.0  1.61642e-09
6690.0  1.63729e-09
6695.0  1.64302e-09
6700.0  1.63665e-09
6705.0  1.63791e-09
6710.0  1.63415e-09
6715.0  1.63328e-09
6720.0  1.63599e-09
6725.0  1.63319e-09
6730.0  1.62049e-09
6735.0  1.60566e-09
6740.0  1.60023e-09
6745.0  1.6027e-09
6750.0  1.59551e-09
6755.0  1.59154e-09
6760.0  1.5906e-09
6765.0  1.58474e-09
6770.0  1.5724e-09
6775.0  1.5666e-09
6780.0  1.56658e-09
6785.0  1.56061e-09
6790.0  1.55662e-09
6795.0  1.55234e-09
6800.0  1.5489e-09
6805.0  1.55518e-09
6810.0  1.54894e-09
6815.0  1.54406e-09
6820.0  1.53611e-09
6825.0  1.52976e-09
6830.0  1.52897e-09
6835.0  1.52225e-09
6840.0  1.521e-09
6845.0  1.5177e-09
6850.0  1.51385e-09
6855.0  1.51001e-09
6860.0  1.50615e-09
6865.0  1.50231e-09
6870.0  1.49846e-09
6875.0  1.49461e-09
6880.0  1.49076e-09
6885.0  1.48691e-09
6890.0  1.48306e-09
6895.0  1.47921e-09
6900.0  1.47536e-09
6905.0  1.47151e-09
6910.0  1.46766e-09
6915.0  1.46381e-09
6920.0  1.45997e-09
6925.0  1.45612e-09
6930.0  1.45227e-09
6935.0  1.44842e-09
6940.0  1.44457e-09
6945.0  1.44072e-09
6950.0  1.43687e-09
6955.0  1.43302e-09
6960.0  1.42917e-09
6965.0  1.42532e-09
6970.0  1.4245e-09
6975.0  1.43851e-09
6980.0  1.43361e-09
6985.0  1.41405e-09
6990.0  1.40285e-09
6995.0  1.40529e-09
7000.0  1.4011e-09
7005.0  1.39811e-09
7010.0  1.3948e-09
7015.0  1.38853e-09
7020.0  1.38241e-09
7025.0  1.37421e-09
7030.0  1.37921e-09
7035.0  1.38413e-09
7040.0  1.38006e-09
7045.0  1.37171e-09
7050.0  1.36871e-09
7055.0  1.3602e-09
7060.0  1.32686e-09
7065.0  1.29277e-09
7070.0  1.33369e-09
7075.0  1.35588e-09
7080.0  1.35535e-09
7085.0  1.35573e-09
7090.0  1.35439e-09
7095.0  1.34893e-09
7100.0  1.33857e-09
7105.0  1.33157e-09
7110.0  1.33243e-09
7115.0  1.33718e-09
7120.0  1.34433e-09
7125.0  1.34866e-09
7130.0  1.34808e-09
7135.0  1.34964e-09
7140.0  1.33922e-09
7145.0  1.32714e-09
7150.0  1.32836e-09
7155.0  1.32448e-09
7160.0  1.31117e-09
7165.0  1.2888e-09
7170.0  1.25168e-09
7175.0  1.22552e-09
7180.0  1.21459e-09
7185.0  1.19858e-09
7190.0  1.21301e-09
7195.0  1.22785e-09
7200.0  1.22735e-09
7205.0  1.24808e-09
7210.0  1.28899e-09
7215.0  1.30719e-09
7220.0  1.30722e-09
7225.0  1.28909e-09
7230.0  1.25647e-09
7235.0  1.23234e-09
7240.0  1.22687e-09
7245.0  1.2266e-09
7250.0  1.22745e-09
7255.0  1.22936e-09
7260.0  1.23102e-09
7265.0  1.22402e-09
7270.0  1.21949e-09
7275.0  1.19657e-09
7280.0  1.1971e-09
7285.0  1.2027e-09
7290.0  1.19548e-09
7295.0  1.20753e-09
7300.0  1.20514e-09
7305.0  1.19252e-09
7310.0  1.1967e-09
7315.0  1.19733e-09
7320.0  1.20188e-09
7325.0  1.20435e-09
7330.0  1.19678e-09
7335.0  1.19388e-09
7340.0  1.18948e-09
7345.0  1.18416e-09
7350.0  1.18213e-09
7355.0  1.18007e-09
7360.0  1.1714e-09
7365.0  1.16826e-09
7370.0  1.1658e-09
7375.0  1.16076e-09
7380.0  1.15745e-09
7385.0  1.15589e-09
7390.0  1.14997e-09
7395.0  1.14411e-09
7400.0  1.13761e-09
7405.0  1.12551e-09
7410.0  1.1237e-09
7415.0  1.13479e-09
7420.0  1.13931e-09
7425.0  1.1132e-09
7430.0  1.10645e-09
7435.0  1.10363e-09
7440.0  1.10373e-09
7445.0  1.1e-09
7450.0  1.09507e-09
7455.0  1.09342e-09
7460.0  1.09012e-09
7465.0  1.09256e-09
7470.0  1.08871e-09
7475.0  1.08289e-09
7480.0  1.0784e-09
7485.0  1.07596e-09
7490.0  1.07143e-09
7495.0  1.06457e-09
7500.0  1.06834e-09
7505.0  1.06499e-09
7510.0  1.06346e-09
7515.0  1.05817e-09
7520.0  1.05618e-09
7525.0  1.05672e-09
7530.0  1.05735e-09
7535.0  1.05417e-09
7540.0  1.04912e-09
7545.0  1.04022e-09
7550.0  1.03857e-09
7555.0  1.03637e-09
7560.0  1.03383e-09
7565.0  1.03129e-09
7570.0  1.02875e-09
7575.0  1.02621e-09
7580.0  1.02367e-09
7585.0  1.02113e-09
7590.0  1.0186e-09
7595.0  1.01606e-09
7600.0  1.01352e-09
7605.0  1.01098e-09
7610.0  1.00844e-09
7615.0  1.00591e-09
7620.0  1.00337e-09
7625.0  1.00083e-09
7630.0  9.98289e-10
7635.0  9.95753e-10
7640.0  9.93213e-10
7645.0  9.90675e-10
7650.0  9.88136e-10
7655.0  9.85598e-10
7660.0  9.8306e-10
7665.0  9.80522e-10
7670.0  9.77982e-10
7675.0  9.75445e-10
7680.0  9.72906e-10
7685.0  9.70367e-10
7690.0  9.67828e-10
7695.0  9.65292e-10
7700.0  9.62751e-10
7705.0  9.60214e-10
7710.0  9.57677e-10
7715.0  9.55137e-10
7720.0  9.52598e-10
7725.0  9.50061e-10
7730.0  9.4733e-10
7735.0  9.43885e-10
7740.0  9.42733e-10
7745.0  9.40899e-10
7750.0  9.38568e-10
7755.0  9.39247e-10
7760.0  9.32929e-10
7765.0  9.30336e-10
7770.0  9.29035e-10
7775.0  9.3051e-10
7780.0  9.25484e-10
7785.0  9.2319e-10
7790.0  9.19153e-10
7795.0  9.15891e-10
7800.0  9.12231e-10
7805.0  9.08491e-10
7810.0  9.09064e-10
7815.0  9.05027e-10
7820.0  9.0075e-10
7825.0  9.00916e-10
7830.0  8.98625e-10
7835.0  8.97138e-10
7840.0  8.97185e-10
7845.0  8.95721e-10
7850.0  8.93914e-10
7855.0  8.92834e-10
7860.0  8.95532e-10
7865.0  8.85538e-10
7870.0  8.82243e-10
7875.0  8.78771e-10
7880.0  8.82385e-10
7885.0  8.77571e-10
7890.0  8.73148e-10
7895.0  8.70853e-10
7900.0  8.71729e-10
7905.0  8.71478e-10
7910.0  8.66518e-10
7915.0  8.61743e-10
7920.0  8.61721e-10
7925.0  8.64685e-10
7930.0  8.6223e-10
7935.0  8.55294e-10
7940.0  8.57331e-10
7945.0  8.56675e-10
7950.0  8.57188e-10
7955.0  8.49637e-10
7960.0  8.443e-10
7965.0  8.46561e-10
7970.0  8.45371e-10
7975.0  8.4251e-10
7980.0  8.38779e-10
7985.0  8.40159e-10
7990.0  8.38408e-10
7995.0  8.35226e-10
8000.0  8.30842e-10
8005.0  8.2994e-10
8010.0  8.29193e-10
8015.0  8.28654e-10
8020.0  8.24798e-10
8025.0  8.23809e-10
8030.0  8.2488e-10
8035.0  8.2808e-10
8040.0  8.2667e-10
8045.0  8.26567e-10
8050.0  8.24628e-10
8055.0  8.22533e-10
8060.0  8.19121e-10
8065.0  8.17056e-10
8070.0  8.13764e-10
8075.0  8.10175e-10
8080.0  8.08749e-10
8085.0  8.08565e-10
8090.0  7.98483e-10
8095.0  7.93996e-10
8100.0  7.907e-10
8105.0  7.89383e-10
8110.0  7.88159e-10
8115.0  7.87697e-10
8120.0  7.90867e-10
8125.0  7.92147e-10
8130.0  7.93295e-10
8135.0  7.92365e-10
8140.0  7.88936e-10
8145.0  7.81875e-10
8150.0  7.71309e-10
8155.0  7.60432e-10
8160.0  7.49167e-10
8165.0  7.48007e-10
8170.0  7.57902e-10
8175.0  7.6091e-10
8180.0  7.64649e-10
8185.0  7.71033e-10
8190.0  7.68452e-10
8195.0  7.65392e-10
8200.0  7.65373e-10
8205.0  7.63885e-10
8210.0  7.59708e-10
8215.0  7.52363e-10
8220.0  7.42573e-10
8225.0  7.26034e-10
8230.0  7.19801e-10
8235.0  7.35132e-10
8240.0  7.44406e-10
8245.0  7.4578e-10
8250.0  7.46755e-10
8255.0  7.40067e-10
8260.0  7.36085e-10
8265.0  7.32864e-10
8270.0  7.27652e-10
8275.0  7.21956e-10
8280.0  7.19278e-10
8285.0  7.18e-10
8290.0  7.17058e-10
8295.0  7.1869e-10
8300.0  7.20333e-10
8305.0  7.18931e-10
8310.0  7.17079e-10
8315.0  7.12984e-10
8320.0  7.09166e-10
8325.0  7.10461e-10
8330.0  7.04775e-10
8335.0  6.97659e-10
8340.0  6.96325e-10
8345.0  6.9646e-10
8350.0  6.94018e-10
8355.0  6.90756e-10
8360.0  6.8979e-10
8365.0  6.8947e-10
8370.0  6.86847e-10
8375.0  6.85181e-10
8380.0  6.82978e-10
8385.0  6.84133e-10
8390.0  6.85847e-10
8395.0  6.89762e-10
8400.0  6.88013e-10
8405.0  6.88839e-10
8410.0  6.92865e-10
8415.0  6.93249e-10
8420.0  6.87298e-10
8425.0  6.80788e-10
8430.0  6.77627e-10
8435.0  6.70663e-10
8440.0  6.65759e-10
8445.0  6.64184e-10
8450.0  6.6417e-10
8455.0  6.66442e-10
8460.0  6.66095e-10
8465.0  6.61928e-10
8470.0  6.5735e-10
8475.0  6.54948e-10
8480.0  6.54877e-10
8485.0  6.549e-10
8490.0  6.5858e-10
8495.0  6.61053e-10
8500.0  6.62556e-10
8505.0  6.61497e-10
8510.0  6.59772e-10
8515.0  6.56993e-10
8520.0  6.54463e-10
8525.0  6.53797e-10
8530.0  6.52408e-10
8535.0  6.48866e-10
8540.0  6.48134e-10
8545.0  6.48657e-10
8550.0  6.45143e-10
8555.0  6.42815e-10
8560.0  6.41507e-10
8565.0  6.41231e-10
8570.0  6.37686e-10
8575.0  6.33361e-10
8580.0  6.26777e-10
8585.0  6.21177e-10
8590.0  6.14775e-10
8595.0  6.08473e-10
8600.0  6.05896e-10
8605.0  6.08579e-10
8610.0  6.15759e-10
8615.0  6.23769e-10
8620.0  6.24354e-10
8625.0  6.25576e-10
8630.0  6.24374e-10
8635.0  6.21276e-10
8640.0  6.15972e-10
8645.0  6.11123e-10
8650.0  6.04654e-10
8655.0  6.00164e-10
8660.0  5.94794e-10
8665.0  5.9198e-10
8670.0  5.9348e-10
8675.0  5.98203e-10
8680.0  6.02568e-10
8685.0  6.06135e-10
8690.0  6.07434e-10
8695.0  6.09349e-10
8700.0  6.11708e-10
8705.0  6.12021e-10
8710.0  6.08971e-10
8715.0  6.07907e-10
8720.0  6.06204e-10
8725.0  6.03688e-10
8730.0  6.00735e-10
8735.0  5.97625e-10
8740.0  5.96009e-10
8745.0  5.89313e-10
8750.0  5.82995e-10
8755.0  5.81271e-10
8760.0  5.83001e-10
8765.0  5.82465e-10
8770.0  5.8083e-10
8775.0  5.76321e-10
8780.0  5.74789e-10
8785.0  5.79994e-10
8790.0  5.83187e-10
8795.0  5.88079e-10
8800.0  5.90039e-10
8805.0  5.94407e-10
8810.0  5.95341e-10
8815.0  5.90566e-10
8820.0  5.85793e-10
8825.0  5.77476e-10
8830.0  5.70043e-10
8835.0  5.63411e-10
8840.0  5.58184e-10
8845.0  5.51542e-10
8850.0  5.47227e-10
8855.0  5.47603e-10
8860.0  5.47876e-10
8865.0  5.44905e-10
8870.0  5.50221e-10
8875.0  5.54965e-10
8880.0  5.54672e-10
8885.0  5.58577e-10
8890.0  5.56936e-10
8895.0  5.5606e-10
8900.0  5.57244e-10
8905.0  5.58931e-10
8910.0  5.61888e-10
8915.0  5.62866e-10
8920.0  5.60346e-10
8925.0  5.59913e-10
8930.0  5.53364e-10
8935.0  5.47624e-10
8940.0  5.47686e-10
8945.0  5.49991e-10
8950.0  5.50145e-10
8955.0  5.51044e-10
8960.0  5.50569e-10
8965.0  5.41267e-10
8970.0  5.32621e-10
8975.0  5.2385e-10
8980.0  5.13789e-10
8985.0  5.04317e-10
8990.0  4.98596e-10
8995.0  5.03473e-10
9000.0  5.01731e-10
9005.0  5.01865e-10
9010.0  5.01797e-10
9015.0  4.98344e-10
9020.0  5.03064e-10
9025.0  5.07083e-10
9030.0  5.23154e-10
9035.0  5.30442e-10
9040.0  5.34153e-10
9045.0  5.38393e-10
9050.0  5.41646e-10
9055.0  5.43338e-10
9060.0  5.37262e-10
9065.0  5.2659e-10
9070.0  5.16594e-10
9075.0  5.11667e-10
9080.0  5.08405e-10
9085.0  5.05511e-10
9090.0  5.05855e-10
9095.0  5.08316e-10
9100.0  5.13528e-10
9105.0  5.1803e-10
9110.0  5.18219e-10
9115.0  5.17938e-10
9120.0  5.20088e-10
9125.0  5.1957e-10
9130.0  5.11858e-10
9135.0  5.10522e-10
9140.0  5.15531e-10
9145.0  5.15462e-10
9150.0  5.07739e-10
9155.0  5.00007e-10
9160.0  5.01101e-10
9165.0  5.02231e-10
9170.0  4.98029e-10
9175.0  4.88506e-10
9180.0  4.88852e-10
9185.0  4.93395e-10
9190.0  5.00546e-10
9195.0  4.98486e-10
9200.0  4.96096e-10
9205.0  4.94042e-10
9210.0  4.85863e-10
9215.0  4.75996e-10
9220.0  4.64928e-10
9225.0  4.5899e-10
9230.0  4.54593e-10
9235.0  4.60896e-10
9240.0  4.65491e-10
9245.0  4.65079e-10
9250.0  4.67583e-10
9255.0  4.79012e-10
9260.0  4.83682e-10
9265.0  4.87493e-10
9270.0  4.93656e-10
9275.0  5.03787e-10
9280.0  5.05528e-10
9285.0  5.00519e-10
9290.0  4.94108e-10
9295.0  4.82413e-10
9300.0  4.6926e-10
9305.0  4.64984e-10
9310.0  4.56411e-10
9315.0  4.43298e-10
9320.0  4.43285e-10
9325.0  4.38554e-10
9330.0  4.38146e-10
9335.0  4.18968e-10
9340.0  4.04919e-10
9345.0  4.07696e-10
9350.0  4.24803e-10
9355.0  4.23832e-10
9360.0  4.42212e-10
9365.0  4.45783e-10
9370.0  4.48999e-10
9375.0  4.60772e-10
9380.0  4.64882e-10
9385.0  4.79216e-10
9390.0  4.97932e-10
9395.0  5.03604e-10
9400.0  4.91782e-10
9405.0  4.76802e-10
9410.0  4.57934e-10
9415.0  4.47051e-10
9420.0  4.32233e-10
9425.0  4.17798e-10
9430.0  4.16218e-10
9435.0  4.21367e-10
9440.0  4.16556e-10
9445.0  4.30626e-10
9450.0  4.519e-10
9455.0  4.44555e-10
9460.0  4.41157e-10
9465.0  4.50599e-10
9470.0  4.43465e-10
9475.0  4.40612e-10
9480.0  4.36167e-10
9485.0  4.46047e-10
9490.0  4.48172e-10
9495.0  4.34636e-10
9500.0  4.32033e-10
9505.0  4.45376e-10
9510.0  4.46009e-10
9515.0  4.24654e-10
9520.0  4.13774e-10
9525.0  4.06471e-10
9530.0  3.98991e-10
9535.0  4.05061e-10
9540.0  3.9416e-10
9545.0  3.95725e-10
9550.0  4.02625e-10
9555.0  4.02315e-10
9560.0  4.15879e-10
9565.0  4.26808e-10
9570.0  4.37913e-10
9575.0  4.34904e-10
9580.0  4.32635e-10
9585.0  4.34359e-10
9590.0  4.3434e-10
9595.0  4.33473e-10
9600.0  4.27847e-10
9605.0  4.3234e-10
9610.0  4.32791e-10
9615.0  4.22093e-10
9620.0  4.14451e-10
9625.0  4.10747e-10
9630.0  4.20767e-10
9635.0  4.32344e-10
9640.0  4.18124e-10
9645.0  4.18479e-10
9650.0  4.21284e-10
9655.0  4.34202e-10
9660.0  4.2223e-10
9665.0  4.1178e-10
9670.0  4.09304e-10
9675.0  4.1483e-10
9680.0  4.12083e-10
9685.0  4.02769e-10
9690.0  4.0448e-10
9695.0  4.04929e-10
9700.0  4.09411e-10
9705.0  4.12119e-10
9710.0  4.07798e-10
9715.0  3.9932e-10
9720.0  4.1109e-10
9725.0  4.08372e-10
9730.0  4.09855e-10
9735.0  4.00503e-10
9740.0  4.00924e-10
9745.0  4.04403e-10
9750.0  4.06986e-10
9755.0  4.01865e-10
9760.0  4.01865e-10
9765.0  4.04391e-10
9770.0  3.99022e-10
9775.0  3.89345e-10
9780.0  3.80922e-10
9785.0  3.77549e-10
9790.0  3.92705e-10
9795.0  4.00641e-10
9800.0  3.94845e-10
9805.0  3.98841e-10
9810.0  3.921e-10
9815.0  3.89308e-10
9820.0  3.89368e-10
9825.0  3.8421e-10
9830.0  3.9018e-10
9835.0  3.92184e-10
9840.0  3.88359e-10
9845.0  3.86907e-10
9850.0  3.84938e-10
9855.0  3.8911e-10
9860.0  3.90701e-10
9865.0  3.84632e-10
9870.0  3.79446e-10
9875.0  3.83707e-10
9880.0  3.77026e-10
9885.0  3.83195e-10
9890.0  3.75043e-10
9895.0  3.77377e-10
9900.0  3.80244e-10
9905.0  3.74522e-10
9910.0  3.71586e-10
9915.0  3.71777e-10
9920.0  3.72647e-10
9925.0  3.7726e-10
9930.0  3.70448e-10
9935.0  3.67343e-10
9940.0  3.59434e-10
9945.0  3.65871e-10
9950.0  3.61339e-10
9955.0  3.6048e-10
9960.0  3.69743e-10
9965.0  3.65502e-10
9970.0  3.69149e-10
9975.0  3.59799e-10
9980.0  3.74634e-10
9985.0  3.79722e-10
9990.0  3.8206e-10
9995.0  3.67003e-10
10000.0  3.77176e-10
10005.0  3.71866e-10
10010.0  3.76048e-10
10015.0  3.75069e-10
10020.0  3.73131e-10
10025.0  3.44698e-10
10030.0  3.52559e-10
10035.0  3.34996e-10
10040.0  3.19903e-10
10045.0  3.07119e-10
10050.0  3.26239e-10
10055.0  3.43106e-10
10060.0  3.36015e-10
10065.0  3.35778e-10
10070.0  3.40313e-10
10075.0  3.514e-10
10080.0  3.53462e-10
10085.0  3.52508e-10
10090.0  3.45251e-10
10095.0  3.31726e-10
10100.0  3.45849e-10
10105.0  3.49471e-10
10110.0  3.35207e-10
10115.0  3.35191e-10
10120.0  3.54527e-10
10125.0  3.47737e-10
10130.0  3.36718e-10
10135.0  3.36612e-10
10140.0  3.45756e-10
10145.0  3.47819e-10
10150.0  3.48091e-10
10155.0  3.48613e-10
10160.0  3.50131e-10
10165.0  3.53032e-10
10170.0  3.56772e-10
10175.0  3.60447e-10
10180.0  3.63135e-10
10185.0  3.64139e-10
10190.0  3.6333e-10
10195.0  3.60803e-10
10200.0  3.56696e-10
10205.0  3.514e-10
10210.0  3.45929e-10
10215.0  3.41546e-10
10220.0  3.3947e-10
10225.0  3.40166e-10
10230.0  3.42158e-10
10235.0  3.4323e-10
10240.0  3.41203e-10
10245.0  3.35029e-10
10250.0  3.26609e-10
10255.0  3.1898e-10
10260.0  3.15159e-10
10265.0  3.16867e-10
10270.0  3.2247e-10
10275.0  3.29026e-10
10280.0  3.33576e-10
10285.0  3.34175e-10
10290.0  3.31541e-10
10295.0  3.27413e-10
10300.0  3.2413e-10
10305.0  3.25208e-10
10310.0  3.25216e-10
10315.0  3.25611e-10
10320.0  3.26703e-10
10325.0  3.28242e-10
10330.0  3.29692e-10
10335.0  3.30406e-10
10340.0  3.29763e-10
10345.0  3.27524e-10
10350.0  3.24415e-10
10355.0  3.21538e-10
10360.0  3.19988e-10
10365.0  3.20351e-10
10370.0  3.21901e-10
10375.0  3.23414e-10
10380.0  3.23657e-10
10385.0  3.21915e-10
10390.0  3.18806e-10
10395.0  3.15448e-10
10400.0  3.12976e-10
10405.0  3.12098e-10
10410.0  3.12419e-10
10415.0  3.13122e-10
10420.0  3.13381e-10
10425.0  3.12687e-10
10430.0  3.11371e-10
10435.0  3.1008e-10
10440.0  3.09477e-10
10445.0  3.10029e-10
10450.0  3.11689e-10
10455.0  3.14211e-10
10460.0  3.17318e-10
10465.0  3.20581e-10
10470.0  3.23185e-10
10475.0  3.24166e-10
10480.0  3.22601e-10
10485.0  3.18153e-10
10490.0  3.12021e-10
10495.0  3.05987e-10
10500.0  3.01825e-10
10505.0  3.00618e-10
10510.0  3.01645e-10
10515.0  3.03491e-10
10520.0  3.04735e-10
10525.0  3.04497e-10
10530.0  3.0333e-10
10535.0  3.02333e-10
10540.0  3.02603e-10
10545.0  3.04682e-10
10550.0  3.07649e-10
10555.0  3.10027e-10
10560.0  3.10343e-10
10565.0  3.07802e-10
10570.0  3.03366e-10
10575.0  2.98672e-10
10580.0  2.95356e-10
10585.0  2.94475e-10
10590.0  2.95548e-10
10595.0  2.97506e-10
10600.0  2.99256e-10
10605.0  3.00005e-10
10610.0  2.99759e-10
10615.0  2.98828e-10
10620.0  2.97315e-10
10625.0  2.94656e-10
10630.0  2.93791e-10
10635.0  2.93268e-10
10640.0  2.92744e-10
10645.0  2.92224e-10
10650.0  2.91703e-10
10655.0  2.91184e-10
10660.0  2.90665e-10
10665.0  2.90146e-10
10670.0  2.89631e-10
10675.0  2.89116e-10
10680.0  2.88601e-10
10685.0  2.88085e-10
10690.0  2.87573e-10
10695.0  2.87061e-10
10700.0  2.86549e-10
10705.0  2.8604e-10
10710.0  2.85529e-10
10715.0  2.85019e-10
10720.0  2.84514e-10
10725.0  2.84006e-10
10730.0  2.835e-10
10735.0  2.82995e-10
10740.0  2.82492e-10
10745.0  2.81991e-10
10750.0  2.81489e-10
10755.0  2.80987e-10
10760.0  2.80485e-10
10765.0  2.79986e-10
10770.0  2.79488e-10
10775.0  2.78989e-10
10780.0  2.78494e-10
10785.0  2.77998e-10
10790.0  2.77503e-10
10795.0  2.77011e-10
10800.0  2.76516e-10
10805.0  2.76024e-10
10810.0  2.75532e-10
10815.0  2.75043e-10
10820.0  2.74554e-10
10825.0  2.74066e-10
10830.0  2.73578e-10
10835.0  2.73089e-10
10840.0  2.72604e-10
10845.0  2.72119e-10
10850.0  2.71636e-10
10855.0  2.71152e-10
10860.0  2.70669e-10
10865.0  2.70187e-10
10870.0  2.69708e-10
10875.0  2.69227e-10
10880.0  2.68748e-10
10885.0  2.6827e-10
10890.0  2.67794e-10
10895.0  2.67319e-10
10900.0  2.66844e-10
10905.0  2.66369e-10
10910.0  2.65894e-10
10915.0  2.65422e-10
10920.0  2.6495e-10
10925.0  2.64478e-10
10930.0  2.64009e-10
10935.0  2.63541e-10
10940.0  2.63073e-10
10945.0  2.62604e-10
10950.0  2.62136e-10
10955.0  2.6167e-10
10960.0  2.61205e-10
10965.0  2.60743e-10
10970.0  2.60279e-10
10975.0  2.59816e-10
10980.0  2.59354e-10
10985.0  2.58893e-10
10990.0  2.58434e-10
10995.0  2.57976e-10
11000.0  2.57517e-10
11005.0  2.57059e-10
11010.0  2.56603e-10
11015.0  2.56148e-10
11020.0  2.55693e-10
11025.0  2.55239e-10
11030.0  2.54787e-10
11035.0  2.54334e-10
11040.0  2.53883e-10
11045.0  2.53431e-10
11050.0  2.52983e-10
11055.0  2.52534e-10
11060.0  2.52086e-10
11065.0  2.51638e-10
11070.0  2.51191e-10
11075.0  2.50745e-10
11080.0  2.50301e-10
11085.0  2.49857e-10
11090.0  2.49412e-10
11095.0  2.4897e-10
11100.0  2.48529e-10
11105.0  2.48089e-10
11110.0  2.47649e-10
11115.0  2.4721e-10
11120.0  2.46771e-10
11125.0  2.46333e-10
11130.0  2.45898e-10
11135.0  2.45463e-10
11140.0  2.45027e-10
11145.0  2.44593e-10
11150.0  2.44158e-10
11155.0  2.43726e-10
11160.0  2.43294e-10
11165.0  2.42863e-10
11170.0  2.42433e-10
11175.0  2.42003e-10
11180.0  2.41574e-10
11185.0  2.41148e-10
11190.0  2.40721e-10
11195.0  2.40296e-10
11200.0  2.39871e-10
11205.0  2.39446e-10
11210.0  2.39021e-10
11215.0  2.38598e-10
11220.0  2.38174e-10
11225.0  2.37753e-10
11230.0  2.37333e-10
11235.0  2.36913e-10
11240.0  2.36494e-10
11245.0  2.36076e-10
11250.0  2.35658e-10
11255.0  2.35242e-10
11260.0  2.34824e-10
11265.0  2.34409e-10
11270.0  2.33997e-10
11275.0  2.33583e-10
11280.0  2.3317e-10
11285.0  2.32756e-10
11290.0  2.32344e-10
11295.0  2.31935e-10
11300.0  2.31525e-10
11305.0  2.31116e-10
11310.0  2.30707e-10
11315.0  2.30299e-10
11320.0  2.29894e-10
11325.0  2.29486e-10
11330.0  2.29081e-10
11335.0  2.28677e-10
11340.0  2.28274e-10
11345.0  2.2787e-10
11350.0  2.27468e-10
11355.0  2.27067e-10
11360.0  2.26668e-10
11365.0  2.26267e-10
11370.0  2.25869e-10
11375.0  2.2547e-10
11380.0  2.25072e-10
11385.0  2.24674e-10
11390.0  2.24279e-10
11395.0  2.23884e-10
11400.0  2.23489e-10
11405.0  2.23094e-10
11410.0  2.227e-10
11415.0  2.22308e-10
11420.0  2.21916e-10
11425.0  2.21525e-10
11430.0  2.21136e-10
11435.0  2.20745e-10
11440.0  2.20356e-10
11445.0  2.19968e-10
11450.0  2.19581e-10
11455.0  2.19195e-10
11460.0  2.18808e-10
11465.0  2.18422e-10
11470.0  2.18038e-10
11475.0  2.17655e-10
11480.0  2.17271e-10
11485.0  2.1689e-10
11490.0  2.16508e-10
11495.0  2.16127e-10
11500.0  2.15745e-10
11505.0  2.15367e-10
11510.0  2.14989e-10
11515.0  2.14611e-10
11520.0  2.14233e-10
11525.0  2.13855e-10
11530.0  2.13479e-10
11535.0  2.13104e-10
11540.0  2.1273e-10
11545.0  2.12355e-10
11550.0  2.11983e-10
11555.0  2.11612e-10
11560.0  2.1124e-10
11565.0  2.10869e-10
11570.0  2.10498e-10
11575.0  2.10129e-10
11580.0  2.09758e-10
11585.0  2.0939e-10
11590.0  2.09022e-10
11595.0  2.08656e-10
11600.0  2.08289e-10
11605.0  2.07924e-10
11610.0  2.07559e-10
11615.0  2.07195e-10
11620.0  2.06833e-10
11625.0  2.06468e-10
11630.0  2.06107e-10
11635.0  2.05745e-10
11640.0  2.05384e-10
11645.0  2.05026e-10
11650.0  2.04665e-10
11655.0  2.04307e-10
11660.0  2.03948e-10
11665.0  2.0359e-10
11670.0  2.03235e-10
11675.0  2.02878e-10
11680.0  2.02522e-10
11685.0  2.02168e-10
11690.0  2.01813e-10
11695.0  2.01461e-10
11700.0  2.01107e-10
11705.0  2.00755e-10
11710.0  2.00404e-10
11715.0  2.00053e-10
11720.0  1.99704e-10
11725.0  1.99354e-10
11730.0  1.99005e-10
11735.0  1.98657e-10
11740.0  1.9831e-10
11745.0  1.97964e-10
11750.0  1.97617e-10
11755.0  1.97272e-10
11760.0  1.96927e-10
11765.0  1.96583e-10
11770.0  1.96241e-10
11775.0  1.95896e-10
11780.0  1.95555e-10
11785.0  1.95213e-10
11790.0  1.94872e-10
11795.0  1.94531e-10
11800.0  1.94192e-10
11805.0  1.93852e-10
11810.0  1.93514e-10
11815.0  1.93176e-10
11820.0  1.92838e-10
11825.0  1.92502e-10
11830.0  1.92165e-10
11835.0  1.9183e-10
11840.0  1.91495e-10
11845.0  1.91161e-10
11850.0  1.90829e-10
11855.0  1.90495e-10
11860.0  1.90164e-10
11865.0  1.89832e-10
11870.0  1.89501e-10
11875.0  1.8917e-10
11880.0  1.88842e-10
11885.0  1.88513e-10
11890.0  1.88183e-10
11895.0  1.87855e-10
11900.0  1.87529e-10
11905.0  1.87202e-10
11910.0  1.86877e-10
11915.0  1.8655e-10
11920.0  1.86225e-10
11925.0  1.859e-10
11930.0  1.85578e-10
11935.0  1.85254e-10
11940.0  1.84933e-10
11945.0  1.84612e-10
11950.0  1.8429e-10
11955.0  1.83969e-10
11960.0  1.83648e-10
11965.0  1.83329e-10
11970.0  1.83009e-10
11975.0  1.82691e-10
11980.0  1.82373e-10
11985.0  1.82058e-10
11990.0  1.81741e-10
11995.0  1.81425e-10
12000.0  1.81108e-10
12005.0  1.80793e-10
12010.0  1.80479e-10
12015.0  1.80167e-10
12020.0  1.79853e-10
12025.0  1.79541e-10
12030.0  1.79231e-10
12035.0  1.78919e-10
12040.0  1.78608e-10
12045.0  1.78297e-10
12050.0  1.77986e-10
12055.0  1.77678e-10
12060.0  1.7737e-10
12065.0  1.77062e-10
12070.0  1.76754e-10
12075.0  1.76446e-10
12080.0  1.76142e-10
12085.0  1.75837e-10
12090.0  1.75529e-10
12095.0  1.75225e-10
12100.0  1.74923e-10
12105.0  1.74619e-10
12110.0  1.74315e-10
12115.0  1.74013e-10
12120.0  1.73712e-10
12125.0  1.7341e-10
12130.0  1.73109e-10
12135.0  1.72809e-10
12140.0  1.7251e-10
12145.0  1.72212e-10
12150.0  1.71912e-10
12155.0  1.71614e-10
12160.0  1.71319e-10
12165.0  1.71021e-10
12170.0  1.70724e-10
12175.0  1.70429e-10
12180.0  1.70134e-10
12185.0  1.6984e-10
12190.0  1.69545e-10
12195.0  1.69251e-10
12200.0  1.68957e-10
12205.0  1.68665e-10
12210.0  1.68374e-10
12215.0  1.68083e-10
12220.0  1.67792e-10
12225.0  1.675e-10
12230.0  1.6721e-10
12235.0  1.66921e-10
12240.0  1.66631e-10
12245.0  1.66343e-10
12250.0  1.66055e-10
12255.0  1.65767e-10
12260.0  1.65482e-10
12265.0  1.65195e-10
12270.0  1.6491e-10
12275.0  1.64625e-10
12280.0  1.64341e-10
12285.0  1.64057e-10
12290.0  1.63772e-10
12295.0  1.63488e-10
12300.0  1.63206e-10
12305.0  1.62925e-10
12310.0  1.62641e-10
12315.0  1.62361e-10
12320.0  1.62082e-10
12325.0  1.61801e-10
12330.0  1.6152e-10
12335.0  1.61242e-10
12340.0  1.60964e-10
12345.0  1.60687e-10
12350.0  1.60409e-10
12355.0  1.60131e-10
12360.0  1.59854e-10
12365.0  1.59579e-10
12370.0  1.59304e-10
12375.0  1.59027e-10
12380.0  1.58753e-10
12385.0  1.58481e-10
12390.0  1.58207e-10
12395.0  1.57933e-10
12400.0  1.57662e-10
12405.0  1.5739e-10
12410.0  1.57119e-10
12415.0  1.56848e-10
12420.0  1.56577e-10
12425.0  1.56307e-10
12430.0  1.56038e-10
12435.0  1.55768e-10
12440.0  1.55499e-10
12445.0  1.55232e-10
12450.0  1.54965e-10
12455.0  1.54699e-10
12460.0  1.54432e-10
12465.0  1.54165e-10
12470.0  1.539e-10
12475.0  1.53635e-10
12480.0  1.53371e-10
12485.0  1.53107e-10
12490.0  1.52843e-10
12495.0  1.52581e-10
12500.0  1.52317e-10
12505.0  1.52056e-10
12510.0  1.51795e-10
12515.0  1.51534e-10
12520.0  1.51273e-10
12525.0  1.51015e-10
12530.0  1.50754e-10
12535.0  1.50496e-10
12540.0  1.50238e-10
12545.0  1.49978e-10
12550.0  1.4972e-10
12555.0  1.49465e-10
12560.0  1.49209e-10
12565.0  1.48953e-10
12570.0  1.48696e-10
12575.0  1.48441e-10
12580.0  1.48187e-10
12585.0  1.47933e-10
12590.0  1.47679e-10
12595.0  1.47427e-10
12600.0  1.47174e-10
12605.0  1.46922e-10
12610.0  1.46668e-10
12615.0  1.46417e-10
12620.0  1.46169e-10
12625.0  1.45918e-10
12630.0  1.45668e-10
12635.0  1.45419e-10
12640.0  1.45169e-10
12645.0  1.44921e-10
12650.0  1.44673e-10
12655.0  1.44426e-10
12660.0  1.44179e-10
12665.0  1.43933e-10
12670.0  1.43686e-10
12675.0  1.43442e-10
12680.0  1.43197e-10
12685.0  1.42953e-10
12690.0  1.42709e-10
12695.0  1.42465e-10
12700.0  1.42221e-10
12705.0  1.41979e-10
12710.0  1.41735e-10
12715.0  1.41494e-10
12720.0  1.41253e-10
12725.0  1.41012e-10
12730.0  1.40772e-10
12735.0  1.40533e-10
12740.0  1.40293e-10
12745.0  1.40055e-10
12750.0  1.39817e-10
12755.0  1.39577e-10
12760.0  1.39339e-10
12765.0  1.39104e-10
12770.0  1.38867e-10
12775.0  1.3863e-10
12780.0  1.38395e-10
12785.0  1.38161e-10
12790.0  1.37927e-10
12795.0  1.37692e-10
12800.0  1.37458e-10
12805.0  1.37224e-10
12810.0  1.3699e-10
12815.0  1.36759e-10
12820.0  1.36527e-10
12825.0  1.36294e-10
12830.0  1.36063e-10
12835.0  1.35835e-10
12840.0  1.35604e-10
12845.0  1.35374e-10
12850.0  1.35145e-10
12855.0  1.34915e-10
12860.0  1.34687e-10
12865.0  1.34459e-10
12870.0  1.34232e-10
12875.0  1.34004e-10
12880.0  1.33777e-10
12885.0  1.33552e-10
12890.0  1.33326e-10
12895.0  1.33101e-10
12900.0  1.32877e-10
12905.0  1.32652e-10
12910.0  1.32428e-10
12915.0  1.32204e-10
12920.0  1.31983e-10
12925.0  1.31759e-10
12930.0  1.31538e-10
12935.0  1.31317e-10
12940.0  1.31096e-10
12945.0  1.30875e-10
12950.0  1.30654e-10
12955.0  1.30434e-10
12960.0  1.30216e-10
12965.0  1.29996e-10
12970.0  1.29778e-10
12975.0  1.2956e-10
12980.0  1.29343e-10
12985.0  1.29125e-10
12990.0  1.28907e-10
12995.0  1.2869e-10
13000.0  1.28476e-10
13005.0  1.28261e-10
13010.0  1.28044e-10
13015.0  1.2783e-10
13020.0  1.27616e-10
13025.0  1.27402e-10
13030.0  1.2719e-10
13035.0  1.26976e-10
13040.0  1.26763e-10
13045.0  1.26551e-10
13050.0  1.26341e-10
13055.0  1.2613e-10
13060.0  1.25919e-10
13065.0  1.25708e-10
13070.0  1.25498e-10
13075.0  1.25289e-10
13080.0  1.25079e-10
13085.0  1.24872e-10
13090.0  1.24664e-10
13095.0  1.24456e-10
13100.0  1.24249e-10
13105.0  1.24041e-10
13110.0  1.23835e-10
13115.0  1.2363e-10
13120.0  1.23423e-10
13125.0  1.23218e-10
13130.0  1.23014e-10
13135.0  1.2281e-10
13140.0  1.22606e-10
13145.0  1.22402e-10
13150.0  1.22198e-10
13155.0  1.21996e-10
13160.0  1.21793e-10
13165.0  1.21592e-10
13170.0  1.21391e-10
13175.0  1.2119e-10
13180.0  1.20989e-10
13185.0  1.20789e-10
13190.0  1.20588e-10
13195.0  1.2039e-10
13200.0  1.20192e-10
13205.0  1.19993e-10
13210.0  1.19795e-10
13215.0  1.19597e-10
13220.0  1.194e-10
13225.0  1.19202e-10
13230.0  1.19006e-10
13235.0  1.1881e-10
13240.0  1.18614e-10
13245.0  1.18419e-10
13250.0  1.18225e-10
13255.0  1.18031e-10
13260.0  1.17837e-10
13265.0  1.17643e-10
13270.0  1.17449e-10
13275.0  1.17258e-10
13280.0  1.17064e-10
13285.0  1.16873e-10
13290.0  1.16682e-10
13295.0  1.16492e-10
13300.0  1.16301e-10
13305.0  1.1611e-10
13310.0  1.15919e-10
13315.0  1.15729e-10
13320.0  1.15541e-10
13325.0  1.15351e-10
13330.0  1.15163e-10
13335.0  1.14976e-10
13340.0  1.14788e-10
13345.0  1.14601e-10
13350.0  1.14413e-10
13355.0  1.14226e-10
13360.0  1.14041e-10
13365.0  1.13855e-10
13370.0  1.13671e-10
13375.0  1.13486e-10
13380.0  1.13302e-10
13385.0  1.13118e-10
13390.0  1.12934e-10
13395.0  1.12751e-10
13400.0  1.12569e-10
13405.0  1.12386e-10
13410.0  1.12204e-10
13415.0  1.12021e-10
13420.0  1.1184e-10
13425.0  1.11659e-10
13430.0  1.11479e-10
13435.0  1.11298e-10
13440.0  1.1112e-10
13445.0  1.1094e-10
13450.0  1.10762e-10
13455.0  1.10582e-10
13460.0  1.10404e-10
13465.0  1.10227e-10
13470.0  1.10049e-10
13475.0  1.09872e-10
13480.0  1.09695e-10
13485.0  1.09518e-10
13490.0  1.09343e-10
13495.0  1.09166e-10
13500.0  1.08992e-10
13505.0  1.08818e-10
13510.0  1.08644e-10
13515.0  1.0847e-10
13520.0  1.08296e-10
13525.0  1.08122e-10
13530.0  1.07948e-10
13535.0  1.07777e-10
13540.0  1.07603e-10
13545.0  1.07432e-10
13550.0  1.07262e-10
13555.0  1.07091e-10
13560.0  1.0692e-10
13565.0  1.0675e-10
13570.0  1.06579e-10
13575.0  1.06411e-10
13580.0  1.06242e-10
13585.0  1.06073e-10
13590.0  1.05903e-10
13595.0  1.05736e-10
13600.0  1.05568e-10
13605.0  1.05401e-10
13610.0  1.05234e-10
13615.0  1.05067e-10
13620.0  1.04902e-10
13625.0  1.04735e-10
13630.0  1.04571e-10
13635.0  1.04404e-10
13640.0  1.0424e-10
13645.0  1.04076e-10
13650.0  1.03912e-10
13655.0  1.03748e-10
13660.0  1.03584e-10
13665.0  1.0342e-10
13670.0  1.03259e-10
13675.0  1.03096e-10
13680.0  1.02935e-10
13685.0  1.02774e-10
13690.0  1.02613e-10
13695.0  1.0245e-10
13700.0  1.02292e-10
13705.0  1.02131e-10
13710.0  1.01971e-10
13715.0  1.01811e-10
13720.0  1.01652e-10
13725.0  1.01493e-10
13730.0  1.01335e-10
13735.0  1.01178e-10
13740.0  1.0102e-10
13745.0  1.00863e-10
13750.0  1.00706e-10
13755.0  1.00548e-10
13760.0  1.00392e-10
13765.0  1.00237e-10
13770.0  1.00081e-10
13775.0  9.99261e-11
13780.0  9.97716e-11
13785.0  9.96152e-11
13790.0  9.94608e-11
13795.0  9.93072e-11
13800.0  9.91559e-11
13805.0  9.90024e-11
13810.0  9.88488e-11
13815.0  9.86975e-11
13820.0  9.85442e-11
13825.0  9.83931e-11
13830.0  9.82421e-11
13835.0  9.8089e-11
13840.0  9.7938e-11
13845.0  9.77878e-11
13850.0  9.76398e-11
13855.0  9.74896e-11
13860.0  9.73394e-11
13865.0  9.71915e-11
13870.0  9.70416e-11
13875.0  9.68939e-11
13880.0  9.67466e-11
13885.0  9.65994e-11
13890.0  9.64521e-11
13895.0  9.63049e-11
13900.0  9.61577e-11
13905.0  9.60106e-11
13910.0  9.58636e-11
13915.0  9.5719e-11
13920.0  9.55725e-11
13925.0  9.54283e-11
13930.0  9.52843e-11
13935.0  9.51403e-11
13940.0  9.49963e-11
13945.0  9.48525e-11
13950.0  9.47087e-11
13955.0  9.45647e-11
13960.0  9.44212e-11
13965.0  9.42798e-11
13970.0  9.41367e-11
13975.0  9.39959e-11
13980.0  9.38553e-11
13985.0  9.37143e-11
13990.0  9.35712e-11
13995.0  9.34308e-11
14000.0  9.32926e-11
14005.0  9.31526e-11
14010.0  9.3012e-11
14015.0  9.28718e-11
14020.0  9.27343e-11
14025.0  9.25966e-11
14030.0  9.24568e-11
14035.0  9.23192e-11
14040.0  9.2182e-11
14045.0  9.20448e-11
14050.0  9.19075e-11
14055.0  9.17703e-11
14060.0  9.16336e-11
14065.0  9.14987e-11
14070.0  9.13626e-11
14075.0  9.12279e-11
14080.0  9.10913e-11
14085.0  9.09572e-11
14090.0  9.08231e-11
14095.0  9.06895e-11
14100.0  9.05555e-11
14105.0  9.04217e-11
14110.0  9.02879e-11
14115.0  9.01543e-11
14120.0  9.0023e-11
14125.0  8.98901e-11
14130.0  8.97586e-11
14135.0  8.96255e-11
14140.0  8.94946e-11
14145.0  8.9364e-11
14150.0  8.92336e-11
14155.0  8.91031e-11
14160.0  8.89726e-11
14165.0  8.88422e-11
14170.0  8.8712e-11
14175.0  8.85839e-11
14180.0  8.84542e-11
14185.0  8.83263e-11
14190.0  8.81966e-11
14195.0  8.80692e-11
14200.0  8.79419e-11
14205.0  8.78145e-11
14210.0  8.76876e-11
14215.0  8.75604e-11
14220.0  8.74332e-11
14225.0  8.73061e-11
14230.0  8.71792e-11
14235.0  8.70546e-11
14240.0  8.69283e-11
14245.0  8.68039e-11
14250.0  8.66797e-11
14255.0  8.65533e-11
14260.0  8.64292e-11
14265.0  8.63053e-11
14270.0  8.61816e-11
14275.0  8.60581e-11
14280.0  8.5937e-11
14285.0  8.58134e-11
14290.0  8.56901e-11
14295.0  8.55688e-11
14300.0  8.54163e-11
14305.0  8.51081e-11
14310.0  8.49123e-11
14315.0  8.49784e-11
14320.0  8.52537e-11
14325.0  8.55389e-11
14330.0  8.55984e-11
14335.0  8.54491e-11
14340.0  8.52102e-11
14345.0  8.49308e-11
14350.0  8.46103e-11
14355.0  8.42798e-11
14360.0  8.39949e-11
14365.0  8.37991e-11
14370.0  8.36812e-11
14375.0  8.35922e-11
14380.0  8.35152e-11
14385.0  8.34682e-11
14390.0  8.3454e-11
14395.0  8.34678e-11
14400.0  8.35117e-11
14405.0  8.35821e-11
14410.0  8.3628e-11
14415.0  8.35725e-11
14420.0  8.33788e-11
14425.0  8.30943e-11
14430.0  8.27843e-11
14435.0  8.24464e-11
14440.0  8.20835e-11
14445.0  8.17381e-11
14450.0  8.14771e-11
14455.0  8.13453e-11
14460.0  8.13138e-11
14465.0  8.13277e-11
14470.0  8.13557e-11
14475.0  8.13545e-11
14480.0  8.12684e-11
14485.0  8.10789e-11
14490.0  8.08223e-11
14495.0  8.05417e-11
14500.0  8.01793e-11
14505.0  8.02898e-11
14510.0  8.05092e-11
14515.0  8.05764e-11
14520.0  8.05e-11
14525.0  8.03962e-11
14530.0  8.03434e-11
14535.0  8.03579e-11
14540.0  8.04501e-11
14545.0  8.06196e-11
14550.0  8.07768e-11
14555.0  8.07518e-11
14560.0  8.04104e-11
14565.0  7.97513e-11
14570.0  7.88992e-11
14575.0  7.80216e-11
14580.0  7.72943e-11
14585.0  7.68651e-11
14590.0  7.68281e-11
14595.0  7.71779e-11
14600.0  7.77717e-11
14605.0  7.83639e-11
14610.0  7.87068e-11
14615.0  7.86865e-11
14620.0  7.83681e-11
14625.0  7.79218e-11
14630.0  7.75163e-11
14635.0  7.72529e-11
14640.0  7.71404e-11
14645.0  7.71114e-11
14650.0  7.7052e-11
14655.0  7.68697e-11
14660.0  7.65534e-11
14665.0  7.61961e-11
14670.0  7.59685e-11
14675.0  7.59749e-11
14680.0  7.62184e-11
14685.0  7.66408e-11
14690.0  7.71471e-11
14695.0  7.76348e-11
14700.0  7.79824e-11
14705.0  7.80159e-11
14710.0  7.76322e-11
14715.0  7.69704e-11
14720.0  7.62437e-11
14725.0  7.56468e-11
14730.0  7.52487e-11
14735.0  7.49843e-11
14740.0  7.47592e-11
14745.0  7.45373e-11
14750.0  7.43376e-11
14755.0  7.42094e-11
14760.0  7.41716e-11
14765.0  7.41881e-11
14770.0  7.41878e-11
14775.0  7.41121e-11
14780.0  7.39288e-11
14785.0  7.36883e-11
14790.0  7.34762e-11
14795.0  7.34081e-11
14800.0  7.3572e-11
14805.0  7.39656e-11
14810.0  7.44757e-11
14815.0  7.49103e-11
14820.0  7.50892e-11
14825.0  7.49169e-11
14830.0  7.44144e-11
14835.0  7.38413e-11
14840.0  7.31921e-11
14845.0  7.21433e-11
14850.0  7.10288e-11
14855.0  7.03166e-11
14860.0  7.025e-11
14865.0  7.08162e-11
14870.0  7.18097e-11
14875.0  7.28974e-11
14880.0  7.37386e-11
14885.0  7.40794e-11
14890.0  7.3836e-11
14895.0  7.26948e-11
14900.0  7.11372e-11
14905.0  6.97276e-11
14910.0  6.90537e-11
14915.0  6.91039e-11
14920.0  6.97464e-11
14925.0  7.06995e-11
14930.0  7.16021e-11
14935.0  7.21627e-11
14940.0  7.22384e-11
14945.0  7.18706e-11
14950.0  7.12649e-11
14955.0  7.0698e-11
14960.0  7.03919e-11
14965.0  7.04329e-11
14970.0  7.07266e-11
14975.0  7.10352e-11
14980.0  7.10624e-11
14985.0  7.06705e-11
14990.0  7.02915e-11
14995.0  6.98974e-11
15000.0  6.95051e-11
15005.0  6.93912e-11
15010.0  6.94833e-11
15015.0  6.96095e-11
15020.0  6.96141e-11
15025.0  6.95163e-11
15030.0  6.91979e-11
15035.0  6.87515e-11
15040.0  6.8329e-11
15045.0  6.80994e-11
15050.0  6.81781e-11
15055.0  6.85651e-11
15060.0  6.89411e-11
15065.0  6.89679e-11
15070.0  6.88515e-11
15075.0  6.87617e-11
15080.0  6.87006e-11
15085.0  6.84261e-11
15090.0  6.79133e-11
15095.0  6.7284e-11
15100.0  6.67373e-11
15105.0  6.64425e-11
15110.0  6.64756e-11
15115.0  6.68084e-11
15120.0  6.73276e-11
15125.0  6.78791e-11
15130.0  6.83078e-11
15135.0  6.85303e-11
15140.0  6.8512e-11
15145.0  6.82947e-11
15150.0  6.7996e-11
15155.0  6.76969e-11
15160.0  6.74619e-11
15165.0  6.73117e-11
15170.0  6.72269e-11
15175.0  6.717e-11
15180.0  6.70918e-11
15185.0  6.69562e-11
15190.0  6.67491e-11
15195.0  6.64742e-11
15200.0  6.61572e-11
15205.0  6.58526e-11
15210.0  6.56153e-11
15215.0  6.54988e-11
15220.0  6.55309e-11
15225.0  6.57034e-11
15230.0  6.59707e-11
15235.0  6.62307e-11
15240.0  6.63747e-11
15245.0  6.63274e-11
15250.0  6.60848e-11
15255.0  6.571e-11
15260.0  6.53109e-11
15265.0  6.50285e-11
15270.0  6.49546e-11
15275.0  6.50909e-11
15280.0  6.53754e-11
15285.0  6.56819e-11
15290.0  6.58714e-11
15295.0  6.58355e-11
15300.0  6.55551e-11
15305.0  6.51112e-11
15310.0  6.46428e-11
15315.0  6.43002e-11
15320.0  6.41769e-11
15325.0  6.42734e-11
15330.0  6.44861e-11
15335.0  6.46479e-11
15340.0  6.45938e-11
15345.0  6.42436e-11
15350.0  6.36354e-11
15355.0  6.29306e-11
15360.0  6.23672e-11
15365.0  6.21534e-11
15370.0  6.2332e-11
15375.0  6.28361e-11
15380.0  6.35235e-11
15385.0  6.42002e-11
15390.0  6.46746e-11
15395.0  6.47483e-11
15400.0  6.44554e-11
15405.0  6.38592e-11
15410.0  6.31269e-11
15415.0  6.24412e-11
15420.0  6.19359e-11
15425.0  6.16638e-11
15430.0  6.15974e-11
15435.0  6.1663e-11
15440.0  6.17753e-11
15445.0  6.1871e-11
15450.0  6.19371e-11
15455.0  6.19923e-11
15460.0  6.20735e-11
15465.0  6.2209e-11
15470.0  6.2386e-11
15475.0  6.25504e-11
15480.0  6.26286e-11
15485.0  6.25558e-11
15490.0  6.2308e-11
15495.0  6.18877e-11
15500.0  6.13661e-11
15505.0  6.1006e-11
15510.0  6.08172e-11
15515.0  6.07841e-11
15520.0  6.08771e-11
15525.0  6.10127e-11
15530.0  6.10867e-11
15535.0  6.10645e-11
15540.0  6.09336e-11
15545.0  6.07161e-11
15550.0  6.04613e-11
15555.0  6.02186e-11
15560.0  6.0027e-11
15565.0  5.99066e-11
15570.0  5.98586e-11
15575.0  5.98727e-11
15580.0  5.99325e-11
15585.0  6.00341e-11
15590.0  6.01801e-11
15595.0  6.03391e-11
15600.0  6.04734e-11
15605.0  6.05562e-11
15610.0  6.05574e-11
15615.0  6.04601e-11
15620.0  6.02622e-11
15625.0  5.99856e-11
15630.0  5.96593e-11
15635.0  5.92879e-11
15640.0  5.8936e-11
15645.0  5.86536e-11
15650.0  5.8467e-11
15655.0  5.84212e-11
15660.0  5.84817e-11
15665.0  5.84851e-11
15670.0  5.83822e-11
15675.0  5.81701e-11
15680.0  5.79371e-11
15685.0  5.76911e-11
15690.0  5.74602e-11
15695.0  5.72434e-11
15700.0  5.70013e-11
15705.0  5.67067e-11
15710.0  5.64026e-11
15715.0  5.61479e-11
15720.0  5.60174e-11
15725.0  5.60885e-11
15730.0  5.64098e-11
15735.0  5.69358e-11
15740.0  5.77134e-11
15745.0  5.92926e-11
15750.0  6.03195e-11
15755.0  6.01659e-11
15760.0  6.03755e-11
15765.0  6.03198e-11
15770.0  6.02044e-11
15775.0  5.96916e-11
15780.0  5.95242e-11
15785.0  5.92598e-11
15790.0  5.88896e-11
15795.0  5.87289e-11
15800.0  5.82977e-11
15805.0  5.82931e-11
15810.0  5.83517e-11
15815.0  5.85692e-11
15820.0  5.88219e-11
15825.0  5.89855e-11
15830.0  5.91009e-11
15835.0  5.91545e-11
15840.0  5.89574e-11
15845.0  5.85917e-11
15850.0  5.83173e-11
15855.0  5.78199e-11
15860.0  5.7297e-11
15865.0  5.70648e-11
15870.0  5.68708e-11
15875.0  5.67541e-11
15880.0  5.65918e-11
15885.0  5.64684e-11
15890.0  5.64626e-11
15895.0  5.63072e-11
15900.0  5.63215e-11
15905.0  5.6383e-11
15910.0  5.65194e-11
15915.0  5.63149e-11
15920.0  5.61136e-11
15925.0  5.61073e-11
15930.0  5.60413e-11
15935.0  5.60739e-11
15940.0  5.62479e-11
15945.0  5.64374e-11
15950.0  5.67119e-11
15955.0  5.66692e-11
15960.0  5.64462e-11
15965.0  5.62337e-11
15970.0  5.60275e-11
15975.0  5.5894e-11
15980.0  5.56492e-11
15985.0  5.53343e-11
15990.0  5.54226e-11
15995.0  5.53937e-11
16000.0  5.5215e-11
16005.0  5.5318e-11
16010.0  5.53452e-11
16015.0  5.49531e-11
16020.0  5.49545e-11
16025.0  5.50641e-11
16030.0  5.47599e-11
16035.0  5.48801e-11
16040.0  5.48331e-11
16045.0  5.49029e-11
16050.0  5.50205e-11
16055.0  5.49448e-11
16060.0  5.47427e-11
16065.0  5.45344e-11
16070.0  5.42939e-11
16075.0  5.4029e-11
16080.0  5.37881e-11
16085.0  5.34e-11
16090.0  5.29344e-11
16095.0  5.29566e-11
16100.0  5.27042e-11
16105.0  5.22684e-11
16110.0  5.20731e-11
16115.0  5.20735e-11
16120.0  5.23336e-11
16125.0  5.2798e-11
16130.0  5.29828e-11
16135.0  5.29574e-11
16140.0  5.29357e-11
16145.0  5.30545e-11
16150.0  5.30842e-11
16155.0  5.29916e-11
16160.0  5.29578e-11
16165.0  5.29611e-11
16170.0  5.28252e-11
16175.0  5.26127e-11
16180.0  5.25717e-11
16185.0  5.25687e-11
16190.0  5.25779e-11
16195.0  5.24504e-11
16200.0  5.25508e-11
16205.0  5.27724e-11
16210.0  5.26771e-11
16215.0  5.24475e-11
16220.0  5.23725e-11
16225.0  5.22997e-11
16230.0  5.21797e-11
16235.0  5.17534e-11
16240.0  5.14531e-11
16245.0  5.10577e-11
16250.0  5.08615e-11
16255.0  5.0762e-11
16260.0  5.06047e-11
16265.0  5.06574e-11
16270.0  5.05583e-11
16275.0  5.05679e-11
16280.0  5.06098e-11
16285.0  5.07311e-11
16290.0  5.05604e-11
16295.0  5.0424e-11
16300.0  5.05875e-11
16305.0  5.08352e-11
16310.0  5.10419e-11
16315.0  5.11686e-11
16320.0  5.12016e-11
16325.0  5.11288e-11
16330.0  5.10666e-11
16335.0  5.07654e-11
16340.0  5.06633e-11
16345.0  5.04859e-11
16350.0  5.02717e-11
16355.0  5.04345e-11
16360.0  5.06001e-11
16365.0  5.05675e-11
16370.0  5.04546e-11
16375.0  5.03863e-11
16380.0  5.03424e-11
16385.0  5.01458e-11
16390.0  4.98287e-11
16395.0  4.95062e-11
16400.0  4.9207e-11
16405.0  4.89272e-11
16410.0  4.88365e-11
16415.0  4.96288e-11
16420.0  4.986e-11
16425.0  4.99906e-11
16430.0  5.01639e-11
16435.0  5.03714e-11
16440.0  5.05638e-11
16445.0  5.06809e-11
16450.0  5.06858e-11
16455.0  5.05291e-11
16460.0  5.02403e-11
16465.0  4.99245e-11
16470.0  4.96334e-11
16475.0  4.93949e-11
16480.0  4.92251e-11
16485.0  4.91121e-11
16490.0  4.90531e-11
16495.0  4.90147e-11
16500.0  4.89799e-11
16505.0  4.89407e-11
16510.0  4.89013e-11
16515.0  4.88699e-11
16520.0  4.88606e-11
16525.0  4.88807e-11
16530.0  4.89297e-11
16535.0  4.89967e-11
16540.0  4.90569e-11
16545.0  4.90825e-11
16550.0  4.90397e-11
16555.0  4.89105e-11
16560.0  4.87018e-11
16565.0  4.84328e-11
16570.0  4.81428e-11
16575.0  4.78694e-11
16580.0  4.76446e-11
16585.0  4.74915e-11
16590.0  4.74145e-11
16595.0  4.74045e-11
16600.0  4.75049e-11
16605.0  4.76367e-11
16610.0  4.7725e-11
16615.0  4.77036e-11
16620.0  4.75363e-11
16625.0  4.72238e-11
16630.0  4.68063e-11
16635.0  4.63445e-11
16640.0  4.59157e-11
16645.0  4.55932e-11
16650.0  4.54221e-11
16655.0  4.54229e-11
16660.0  4.55761e-11
16665.0  4.58262e-11
16670.0  4.6112e-11
16675.0  4.63646e-11
16680.0  4.65299e-11
16685.0  4.66323e-11
16690.0  4.66887e-11
16695.0  4.65675e-11
16700.0  4.6214e-11
16705.0  4.59282e-11
16710.0  4.57957e-11
16715.0  4.58278e-11
16720.0  4.60124e-11
16725.0  4.63018e-11
16730.0  4.66307e-11
16735.0  4.69277e-11
16740.0  4.71335e-11
16745.0  4.72092e-11
16750.0  4.7141e-11
16755.0  4.69352e-11
16760.0  4.6685e-11
16765.0  4.64327e-11
16770.0  4.6196e-11
16775.0  4.59843e-11
16780.0  4.58048e-11
16785.0  4.5592e-11
16790.0  4.52785e-11
16795.0  4.5043e-11
16800.0  4.48318e-11
16805.0  4.46327e-11
16810.0  4.448e-11
16815.0  4.44102e-11
16820.0  4.44519e-11
16825.0  4.46177e-11
16830.0  4.48925e-11
16835.0  4.52289e-11
16840.0  4.55627e-11
16845.0  4.58262e-11
16850.0  4.59291e-11
16855.0  4.58843e-11
16860.0  4.57734e-11
16865.0  4.56458e-11
16870.0  4.55083e-11
16875.0  4.53803e-11
16880.0  4.52802e-11
16885.0  4.52141e-11
16890.0  4.51853e-11
16895.0  4.51773e-11
16900.0  4.51577e-11
16905.0  4.51012e-11
16910.0  4.49866e-11
16915.0  4.48075e-11
16920.0  4.45766e-11
16925.0  4.4319e-11
16930.0  4.40647e-11
16935.0  4.38613e-11
16940.0  4.37421e-11
16945.0  4.37175e-11
16950.0  4.37731e-11
16955.0  4.38555e-11
16960.0  4.39228e-11
16965.0  4.39269e-11
16970.0  4.38232e-11
16975.0  4.35861e-11
16980.0  4.32179e-11
16985.0  4.27473e-11
16990.0  4.2234e-11
16995.0  4.17496e-11
17000.0  4.13752e-11
17005.0  4.1169e-11
17010.0  4.11653e-11
17015.0  4.13611e-11
17020.0  4.17166e-11
17025.0  4.21613e-11
17030.0  4.26139e-11
17035.0  4.30017e-11
17040.0  4.32694e-11
17045.0  4.33915e-11
17050.0  4.33786e-11
17055.0  4.32622e-11
17060.0  4.30991e-11
17065.0  4.29482e-11
17070.0  4.2859e-11
17075.0  4.28649e-11
17080.0  4.29594e-11
17085.0  4.31017e-11
17090.0  4.32526e-11
17095.0  4.33861e-11
17100.0  4.34727e-11
17105.0  4.34856e-11
17110.0  4.34196e-11
17115.0  4.32815e-11
17120.0  4.30899e-11
17125.0  4.28661e-11
17130.0  4.26398e-11
17135.0  4.24445e-11
17140.0  4.22909e-11
17145.0  4.2145e-11
17150.0  4.20115e-11
17155.0  4.19161e-11
17160.0  4.18713e-11
17165.0  4.18718e-11
17170.0  4.19174e-11
17175.0  4.2001e-11
17180.0  4.21203e-11
17185.0  4.22667e-11
17190.0  4.24315e-11
17195.0  4.25963e-11
17200.0  4.27415e-11
17205.0  4.28503e-11
17210.0  4.29046e-11
17215.0  4.28678e-11
17220.0  4.27369e-11
17225.0  4.25335e-11
17230.0  4.22918e-11
17235.0  4.2055e-11
17240.0  4.18563e-11
17245.0  4.17174e-11
17250.0  4.16697e-11
17255.0  4.17078e-11
17260.0  4.17964e-11
17265.0  4.19161e-11
17270.0  4.20291e-11
17275.0  4.20629e-11
17280.0  4.1996e-11
17285.0  4.18717e-11
17290.0  4.17375e-11
17295.0  4.16215e-11
17300.0  4.1553e-11
17305.0  4.15233e-11
17310.0  4.15099e-11
17315.0  4.14869e-11
17320.0  4.14305e-11
17325.0  4.13191e-11
17330.0  4.11464e-11
17335.0  4.09209e-11
17340.0  4.06603e-11
17345.0  4.03942e-11
17350.0  4.016e-11
17355.0  3.99864e-11
17360.0  3.98998e-11
17365.0  3.99056e-11
17370.0  3.9996e-11
17375.0  4.01504e-11
17380.0  4.037e-11
17385.0  4.06473e-11
17390.0  4.08632e-11
17395.0  4.10092e-11
17400.0  4.10957e-11
17405.0  4.11076e-11
17410.0  4.10765e-11
17415.0  4.1018e-11
17420.0  4.08062e-11
17425.0  4.05469e-11
17430.0  4.03524e-11
17435.0  4.02571e-11
17440.0  4.02725e-11
17445.0  4.03879e-11
17450.0  4.05649e-11
17455.0  4.07474e-11
17460.0  4.08703e-11
17465.0  4.08753e-11
17470.0  4.0726e-11
17475.0  4.04289e-11
17480.0  4.00185e-11
17485.0  3.95564e-11
17490.0  3.91162e-11
17495.0  3.8764e-11
17500.0  3.8547e-11
17505.0  3.84933e-11
17510.0  3.86043e-11
17515.0  3.88544e-11
17520.0  3.9189e-11
17525.0  3.95505e-11
17530.0  3.98634e-11
17535.0  4.00617e-11
17540.0  4.01005e-11
17545.0  3.99689e-11
17550.0  3.96826e-11
17555.0  3.92831e-11
17560.0  3.88364e-11
17565.0  3.84076e-11
17570.0  3.80482e-11
17575.0  3.78061e-11
17580.0  3.77325e-11
17585.0  3.77931e-11
17590.0  3.79613e-11
17595.0  3.82119e-11
17600.0  3.84934e-11
17605.0  3.87561e-11
17610.0  3.89586e-11
17615.0  3.9064e-11
17620.0  3.9056e-11
17625.0  3.89276e-11
17630.0  3.86933e-11
17635.0  3.838e-11
17640.0  3.8024e-11
17645.0  3.7668e-11
17650.0  3.73543e-11
17655.0  3.71167e-11
17660.0  3.69794e-11
17665.0  3.69456e-11
17670.0  3.70096e-11
17675.0  3.71497e-11
17680.0  3.73359e-11
17685.0  3.75321e-11
17690.0  3.77028e-11
17695.0  3.78207e-11
17700.0  3.78667e-11
17705.0  3.78337e-11
17710.0  3.77266e-11
17715.0  3.75693e-11
17720.0  3.73885e-11
17725.0  3.7212e-11
17730.0  3.70711e-11
17735.0  3.69862e-11
17740.0  3.69548e-11
17745.0  3.69866e-11
17750.0  3.70674e-11
17755.0  3.71552e-11
17760.0  3.72263e-11
17765.0  3.72598e-11
17770.0  3.72334e-11
17775.0  3.71476e-11
17780.0  3.70138e-11
17785.0  3.68569e-11
17790.0  3.67071e-11
17795.0  3.65963e-11
17800.0  3.65478e-11
17805.0  3.6574e-11
17810.0  3.66724e-11
17815.0  3.68264e-11
17820.0  3.70091e-11
17825.0  3.71858e-11
17830.0  3.73225e-11
17835.0  3.73907e-11
17840.0  3.7374e-11
17845.0  3.72719e-11
17850.0  3.71008e-11
17855.0  3.68883e-11
17860.0  3.6582e-11
17865.0  3.62629e-11
17870.0  3.60725e-11
17875.0  3.60064e-11
17880.0  3.6004e-11
17885.0  3.60374e-11
17890.0  3.60813e-11
17895.0  3.61127e-11
17900.0  3.61156e-11
17905.0  3.60859e-11
17910.0  3.60269e-11
17915.0  3.595e-11
17920.0  3.58784e-11
17925.0  3.58308e-11
17930.0  3.58228e-11
17935.0  3.58479e-11
17940.0  3.58918e-11
17945.0  3.59328e-11
17950.0  3.59513e-11
17955.0  3.59337e-11
17960.0  3.5873e-11
17965.0  3.57671e-11
17970.0  3.56249e-11
17975.0  3.54597e-11
17980.0  3.52902e-11
17985.0  3.51522e-11
17990.0  3.50803e-11
17995.0  3.50459e-11
18000.0  3.50163e-11
18005.0  3.4969e-11
18010.0  3.49083e-11
18015.0  3.48929e-11
18020.0  3.49339e-11
18025.0  3.49933e-11
18030.0  3.50388e-11
18035.0  3.50581e-11
18040.0  3.50451e-11
18045.0  3.50008e-11
18050.0  3.49213e-11
18055.0  3.48125e-11
18060.0  3.4687e-11
18065.0  3.45582e-11
18070.0  3.44398e-11
18075.0  3.4347e-11
18080.0  3.42863e-11
18085.0  3.42557e-11
18090.0  3.4252e-11
18095.0  3.427e-11
18100.0  3.42951e-11
18105.0  3.43147e-11
18110.0  3.43231e-11
18115.0  3.43085e-11
18120.0  3.4262e-11
18125.0  3.41855e-11
18130.0  3.40826e-11
18135.0  3.39617e-11
18140.0  3.38424e-11
18145.0  3.37366e-11
18150.0  3.36538e-11
18155.0  3.35986e-11
18160.0  3.35618e-11
18165.0  3.35404e-11
18170.0  3.35262e-11
18175.0  3.35124e-11
18180.0  3.34944e-11
18185.0  3.34639e-11
18190.0  3.3417e-11
18195.0  3.33535e-11
18200.0  3.32756e-11
18205.0  3.31995e-11
18210.0  3.31342e-11
18215.0  3.30903e-11
18220.0  3.30657e-11
18225.0  3.30522e-11
18230.0  3.30472e-11
18235.0  3.30405e-11
18240.0  3.303e-11
18245.0  3.30129e-11
18250.0  3.29857e-11
18255.0  3.29451e-11
18260.0  3.28891e-11
18265.0  3.28213e-11
18270.0  3.27381e-11
18275.0  3.26435e-11
18280.0  3.25536e-11
18285.0  3.24749e-11
18290.0  3.24172e-11
18295.0  3.23762e-11
18300.0  3.23462e-11
18305.0  3.23243e-11
18310.0  3.23014e-11
18315.0  3.22775e-11
18320.0  3.22503e-11
18325.0  3.22173e-11
18330.0  3.21809e-11
18335.0  3.21436e-11
18340.0  3.21035e-11
18345.0  3.20604e-11
18350.0  3.20165e-11
18355.0  3.19684e-11
18360.0  3.19085e-11
18365.0  3.18374e-11
18370.0  3.17505e-11
18375.0  3.16471e-11
18380.0  3.15312e-11
18385.0  3.14132e-11
18390.0  3.13128e-11
18395.0  3.12555e-11
18400.0  3.12627e-11
18405.0  3.13367e-11
18410.0  3.14555e-11
18415.0  3.15827e-11
18420.0  3.1691e-11
18425.0  3.17642e-11
18430.0  3.17977e-11
18435.0  3.17922e-11
18440.0  3.17559e-11
18445.0  3.16923e-11
18450.0  3.16011e-11
18455.0  3.14777e-11
18460.0  3.13254e-11
18465.0  3.11564e-11
18470.0  3.09874e-11
18475.0  3.08568e-11
18480.0  3.08125e-11
18485.0  3.08715e-11
18490.0  3.10008e-11
18495.0  3.11409e-11
18500.0  3.12401e-11
18505.0  3.1284e-11
18510.0  3.12748e-11
18515.0  3.12196e-11
18520.0  3.11296e-11
18525.0  3.10095e-11
18530.0  3.08648e-11
18535.0  3.07117e-11
18540.0  3.05611e-11
18545.0  3.04373e-11
18550.0  3.03657e-11
18555.0  3.0362e-11
18560.0  3.04235e-11
18565.0  3.05322e-11
18570.0  3.06519e-11
18575.0  3.07498e-11
18580.0  3.08054e-11
18585.0  3.08083e-11
18590.0  3.07557e-11
18595.0  3.0654e-11
18600.0  3.05189e-11
18605.0  3.03679e-11
18610.0  3.02244e-11
18615.0  3.01156e-11
18620.0  3.00549e-11
18625.0  3.00407e-11
18630.0  3.00646e-11
18635.0  3.0106e-11
18640.0  3.01474e-11
18645.0  3.01733e-11
18650.0  3.01754e-11
18655.0  3.01436e-11
18660.0  3.0065e-11
18665.0  2.99257e-11
18670.0  2.9709e-11
18675.0  2.93957e-11
18680.0  2.89723e-11
18685.0  2.84573e-11
18690.0  2.79386e-11
18695.0  2.75872e-11
18700.0  2.75508e-11
18705.0  2.78533e-11
18710.0  2.83633e-11
18715.0  2.8915e-11
18720.0  2.94007e-11
18725.0  2.97889e-11
18730.0  3.00767e-11
18735.0  3.02616e-11
18740.0  3.03256e-11
18745.0  3.02482e-11
18750.0  3.00311e-11
18755.0  2.97291e-11
18760.0  2.94341e-11
18765.0  2.92195e-11
18770.0  2.91079e-11
18775.0  2.90706e-11
18780.0  2.90778e-11
18785.0  2.91058e-11
18790.0  2.9138e-11
18795.0  2.91652e-11
18800.0  2.91882e-11
18805.0  2.92045e-11
18810.0  2.92104e-11
18815.0  2.92015e-11
18820.0  2.91836e-11
18825.0  2.91505e-11
18830.0  2.91049e-11
18835.0  2.90555e-11
18840.0  2.90096e-11
18845.0  2.89728e-11
18850.0  2.89456e-11
18855.0  2.89254e-11
18860.0  2.89108e-11
18865.0  2.88949e-11
18870.0  2.88807e-11
18875.0  2.8864e-11
18880.0  2.88443e-11
18885.0  2.88238e-11
18890.0  2.88008e-11
18895.0  2.87778e-11
18900.0  2.87577e-11
18905.0  2.87406e-11
18910.0  2.87246e-11
18915.0  2.87137e-11
18920.0  2.87029e-11
18925.0  2.86866e-11
18930.0  2.86665e-11
18935.0  2.86427e-11
18940.0  2.86129e-11
18945.0  2.85791e-11
18950.0  2.85385e-11
18955.0  2.84891e-11
18960.0  2.84339e-11
18965.0  2.83637e-11
18970.0  2.82758e-11
18975.0  2.81658e-11
18980.0  2.80357e-11
18985.0  2.78914e-11
18990.0  2.77525e-11
18995.0  2.76345e-11
19000.0  2.75529e-11
19005.0  2.75019e-11
19010.0  2.74734e-11
19015.0  2.74559e-11
19020.0  2.74412e-11
19025.0  2.74216e-11
19030.0  2.73982e-11
19035.0  2.73714e-11
19040.0  2.73417e-11
19045.0  2.73132e-11
19050.0  2.72957e-11
19055.0  2.72864e-11
19060.0  2.72881e-11
19065.0  2.72915e-11
19070.0  2.72931e-11
19075.0  2.7284e-11
19080.0  2.72668e-11
19085.0  2.72396e-11
19090.0  2.72003e-11
19095.0  2.71526e-11
19100.0  2.70932e-11
19105.0  2.70263e-11
19110.0  2.69526e-11
19115.0  2.6874e-11
19120.0  2.68021e-11
19125.0  2.6751e-11
19130.0  2.67376e-11
19135.0  2.67632e-11
19140.0  2.68179e-11
19145.0  2.68853e-11
19150.0  2.69443e-11
19155.0  2.69852e-11
19160.0  2.70116e-11
19165.0  2.70221e-11
19170.0  2.70196e-11
19175.0  2.70096e-11
19180.0  2.69928e-11
19185.0  2.69698e-11
19190.0  2.69431e-11
19195.0  2.69125e-11
19200.0  2.68761e-11
19205.0  2.68364e-11
19210.0  2.67966e-11
19215.0  2.67598e-11
19220.0  2.67267e-11
19225.0  2.67e-11
19230.0  2.6679e-11
19235.0  2.66594e-11
19240.0  2.66427e-11
19245.0  2.66285e-11
19250.0  2.66117e-11
19255.0  2.65916e-11
19260.0  2.65678e-11
19265.0  2.65372e-11
19270.0  2.64975e-11
19275.0  2.64498e-11
19280.0  2.63904e-11
19285.0  2.63243e-11
19290.0  2.62582e-11
19295.0  2.61984e-11
19300.0  2.61494e-11
19305.0  2.61185e-11
19310.0  2.61018e-11
19315.0  2.60976e-11
19320.0  2.61006e-11
19325.0  2.61072e-11
19330.0  2.61168e-11
19335.0  2.61261e-11
19340.0  2.6129e-11
19345.0  2.61223e-11
19350.0  2.61052e-11
19355.0  2.60745e-11
19360.0  2.60277e-11
19365.0  2.59654e-11
19370.0  2.5896e-11
19375.0  2.5826e-11
19380.0  2.57604e-11
19385.0  2.57077e-11
19390.0  2.56738e-11
19395.0  2.56579e-11
19400.0  2.56634e-11
19405.0  2.56839e-11
19410.0  2.57191e-11
19415.0  2.57591e-11
19420.0  2.5801e-11
19425.0  2.58336e-11
19430.0  2.58499e-11
19435.0  2.58458e-11
19440.0  2.58161e-11
19445.0  2.57629e-11
19450.0  2.56901e-11
19455.0  2.5604e-11
19460.0  2.55119e-11
19465.0  2.54258e-11
19470.0  2.53521e-11
19475.0  2.52931e-11
19480.0  2.52551e-11
19485.0  2.52312e-11
19490.0  2.52212e-11
19495.0  2.52384e-11
19500.0  2.52354e-11
19505.0  2.51911e-11
19510.0  2.54714e-11
19515.0  2.60369e-11
19520.0  2.62122e-11
19525.0  2.60821e-11
19530.0  2.59788e-11
19535.0  2.58541e-11
19540.0  2.56713e-11
19545.0  2.54546e-11
19550.0  2.52157e-11
19555.0  2.4974e-11
19560.0  2.47694e-11
19565.0  2.46289e-11
19570.0  2.45736e-11
19575.0  2.45946e-11
19580.0  2.46715e-11
19585.0  2.47782e-11
19590.0  2.48874e-11
19595.0  2.49861e-11
19600.0  2.50631e-11
19605.0  2.51158e-11
19610.0  2.51392e-11
19615.0  2.51338e-11
19620.0  2.51053e-11
19625.0  2.50455e-11
19630.0  2.49569e-11
19635.0  2.48514e-11
19640.0  2.4741e-11
19645.0  2.46297e-11
19650.0  2.4533e-11
19655.0  2.44565e-11
19660.0  2.44025e-11
19665.0  2.43678e-11
19670.0  2.43444e-11
19675.0  2.43323e-11
19680.0  2.43406e-11
19685.0  2.43803e-11
19690.0  2.44503e-11
19695.0  2.45464e-11
19700.0  2.46623e-11
19705.0  2.47883e-11
19710.0  2.49137e-11
19715.0  2.50258e-11
19720.0  2.5112e-11
19725.0  2.51648e-11
19730.0  2.51781e-11
19735.0  2.51526e-11
19740.0  2.50966e-11
19745.0  2.50179e-11
19750.0  2.49292e-11
19755.0  2.48417e-11
19760.0  2.47564e-11
19765.0  2.4682e-11
19770.0  2.46158e-11
19775.0  2.45615e-11
19780.0  2.45155e-11
19785.0  2.44804e-11
19790.0  2.44477e-11
19795.0  2.44193e-11
19800.0  2.43854e-11
19805.0  2.43423e-11
19810.0  2.42917e-11
19815.0  2.42319e-11
19820.0  2.41658e-11
19825.0  2.40988e-11
19830.0  2.40336e-11
19835.0  2.39805e-11
19840.0  2.3944e-11
19845.0  2.39265e-11
19850.0  2.39244e-11
19855.0  2.39441e-11
19860.0  2.39838e-11
19865.0  2.40403e-11
19870.0  2.41097e-11
19875.0  2.41846e-11
19880.0  2.42507e-11
19885.0  2.43e-11
19890.0  2.4326e-11
19895.0  2.4323e-11
19900.0  2.42933e-11
19905.0  2.42406e-11
19910.0  2.41716e-11
19915.0  2.40955e-11
19920.0  2.40189e-11
19925.0  2.3947e-11
19930.0  2.38888e-11
19935.0  2.38386e-11
19940.0  2.37951e-11
19945.0  2.37583e-11
19950.0  2.37278e-11
19955.0  2.37027e-11
19960.0  2.36922e-11
19965.0  2.36939e-11
19970.0  2.3696e-11
19975.0  2.36876e-11
19980.0  2.36575e-11
19985.0  2.36039e-11
19990.0  2.35278e-11
19995.0  2.34337e-11
20000.0  2.3322e-11
20005.0  2.32057e-11
20010.0  2.30948e-11
20015.0  2.30108e-11
20020.0  2.29777e-11
20025.0  2.30229e-11
20030.0  2.31572e-11
20035.0  2.33596e-11
20040.0  2.35906e-11
20045.0  2.37964e-11
20050.0  2.39173e-11
20055.0  2.39344e-11
20060.0  2.38897e-11
20065.0  2.38035e-11
20070.0  2.36855e-11
20075.0  2.35538e-11
20080.0  2.34236e-11
20085.0  2.33015e-11
20090.0  2.31978e-11
20095.0  2.31149e-11
20100.0  2.30585e-11
20105.0  2.30334e-11
20110.0  2.30488e-11
20115.0  2.30974e-11
20120.0  2.31668e-11
20125.0  2.32467e-11
20130.0  2.3312e-11
20135.0  2.33471e-11
20140.0  2.33392e-11
20145.0  2.32798e-11
20150.0  2.31743e-11
20155.0  2.30354e-11
20160.0  2.28765e-11
20165.0  2.27113e-11
20170.0  2.25552e-11
20175.0  2.24193e-11
20180.0  2.23121e-11
20185.0  2.22352e-11
20190.0  2.21888e-11
20195.0  2.21737e-11
20200.0  2.21804e-11
20205.0  2.22055e-11
20210.0  2.22382e-11
20215.0  2.22716e-11
20220.0  2.23042e-11
20225.0  2.23314e-11
20230.0  2.23536e-11
20235.0  2.23632e-11
20240.0  2.23578e-11
20245.0  2.2346e-11
20250.0  2.23402e-11
20255.0  2.23465e-11
20260.0  2.23636e-11
20265.0  2.23934e-11
20270.0  2.24331e-11
20275.0  2.24791e-11
20280.0  2.25251e-11
20285.0  2.25648e-11
20290.0  2.25949e-11
20295.0  2.26142e-11
20300.0  2.26184e-11
20305.0  2.26108e-11
20310.0  2.25887e-11
20315.0  2.25586e-11
20320.0  2.25222e-11
20325.0  2.24825e-11
20330.0  2.24423e-11
20335.0  2.24025e-11
20340.0  2.23649e-11
20345.0  2.23256e-11
20350.0  2.22879e-11
20355.0  2.22473e-11
20360.0  2.21997e-11
20365.0  2.21394e-11
20370.0  2.20654e-11
20375.0  2.1975e-11
20380.0  2.18683e-11
20385.0  2.17491e-11
20390.0  2.16257e-11
20395.0  2.15031e-11
20400.0  2.13906e-11
20405.0  2.12977e-11
20410.0  2.12312e-11
20415.0  2.11952e-11
20420.0  2.11949e-11
20425.0  2.12275e-11
20430.0  2.12873e-11
20435.0  2.13701e-11
20440.0  2.14684e-11
20445.0  2.15675e-11
20450.0  2.16571e-11
20455.0  2.17298e-11
20460.0  2.17788e-11
20465.0  2.17959e-11
20470.0  2.17822e-11
20475.0  2.17357e-11
20480.0  2.16596e-11
20485.0  2.15604e-11
20490.0  2.14475e-11
20495.0  2.13287e-11
20500.0  2.12166e-11
20505.0  2.11229e-11
20510.0  2.10509e-11
20515.0  2.10103e-11
20520.0  2.10003e-11
20525.0  2.10183e-11
20530.0  2.10513e-11
20535.0  2.10928e-11
20540.0  2.11279e-11
20545.0  2.11438e-11
20550.0  2.11329e-11
20555.0  2.10898e-11
20560.0  2.1017e-11
20565.0  2.0922e-11
20570.0  2.08187e-11
20575.0  2.07142e-11
20580.0  2.06242e-11
20585.0  2.05548e-11
20590.0  2.05117e-11
20595.0  2.04979e-11
20600.0  2.05113e-11
20605.0  2.05502e-11
20610.0  2.06071e-11
20615.0  2.06786e-11
20620.0  2.07514e-11
20625.0  2.08171e-11
20630.0  2.08665e-11
20635.0  2.08924e-11
20640.0  2.08878e-11
20645.0  2.08455e-11
20650.0  2.07719e-11
20655.0  2.06698e-11
20660.0  2.0551e-11
20665.0  2.04289e-11
20670.0  2.03167e-11
20675.0  2.02276e-11
20680.0  2.01708e-11
20685.0  2.01482e-11
20690.0  2.01637e-11
20695.0  2.02097e-11
20700.0  2.02795e-11
20705.0  2.03674e-11
20710.0  2.04577e-11
20715.0  2.05464e-11
20720.0  2.06205e-11
20725.0  2.0661e-11
20730.0  2.06681e-11
20735.0  2.06443e-11
20740.0  2.05883e-11
20745.0  2.05054e-11
20750.0  2.04034e-11
20755.0  2.02941e-11
20760.0  2.01879e-11
20765.0  2.00922e-11
20770.0  2.0016e-11
20775.0  1.99658e-11
20780.0  1.9942e-11
20785.0  1.99415e-11
20790.0  1.99612e-11
20795.0  1.99972e-11
20800.0  2.00424e-11
20805.0  2.00859e-11
20810.0  2.01243e-11
20815.0  2.01478e-11
20820.0  2.01532e-11
20825.0  2.01335e-11
20830.0  2.00905e-11
20835.0  2.00268e-11
20840.0  1.99445e-11
20845.0  1.98516e-11
20850.0  1.97558e-11
20855.0  1.96663e-11
20860.0  1.95901e-11
20865.0  1.95333e-11
20870.0  1.94969e-11
20875.0  1.94835e-11
20880.0  1.94927e-11
20885.0  1.95194e-11
20890.0  1.95613e-11
20895.0  1.96082e-11
20900.0  1.96567e-11
20905.0  1.96968e-11
20910.0  1.97253e-11
20915.0  1.97328e-11
20920.0  1.97215e-11
20925.0  1.96851e-11
20930.0  1.96257e-11
20935.0  1.95487e-11
20940.0  1.94563e-11
20945.0  1.93559e-11
20950.0  1.92501e-11
20955.0  1.91475e-11
20960.0  1.90568e-11
20965.0  1.89773e-11
20970.0  1.89137e-11
20975.0  1.88673e-11
20980.0  1.88401e-11
20985.0  1.88305e-11
20990.0  1.88396e-11
20995.0  1.88635e-11
21000.0  1.89024e-11
21005.0  1.89497e-11
21010.0  1.90058e-11
21015.0  1.90655e-11
21020.0  1.91254e-11
21025.0  1.91823e-11
21030.0  1.9235e-11
21035.0  1.92785e-11
21040.0  1.93116e-11
21045.0  1.93316e-11
21050.0  1.93379e-11
21055.0  1.93278e-11
21060.0  1.93006e-11
21065.0  1.92542e-11
21070.0  1.91906e-11
21075.0  1.91107e-11
21080.0  1.9017e-11
21085.0  1.89107e-11
21090.0  1.87978e-11
21095.0  1.86845e-11
21100.0  1.85744e-11
21105.0  1.84711e-11
21110.0  1.83787e-11
21115.0  1.83046e-11
21120.0  1.82486e-11
21125.0  1.82147e-11
21130.0  1.82017e-11
21135.0  1.82114e-11
21140.0  1.8241e-11
21145.0  1.82875e-11
21150.0  1.83469e-11
21155.0  1.84134e-11
21160.0  1.84837e-11
21165.0  1.85556e-11
21170.0  1.86196e-11
21175.0  1.86757e-11
21180.0  1.87188e-11
21185.0  1.87463e-11
21190.0  1.87631e-11
21195.0  1.87686e-11
21200.0  1.87564e-11
21205.0  1.87338e-11
21210.0  1.87067e-11
21215.0  1.8674e-11
21220.0  1.86397e-11
21225.0  1.86008e-11
21230.0  1.85628e-11
21235.0  1.85205e-11
21240.0  1.84791e-11
21245.0  1.8433e-11
21250.0  1.83858e-11
21255.0  1.83352e-11
21260.0  1.82787e-11
21265.0  1.8218e-11
21270.0  1.81519e-11
21275.0  1.80879e-11
21280.0  1.80436e-11
21285.0  1.80156e-11
21290.0  1.79959e-11
21295.0  1.79863e-11
21300.0  1.79892e-11
21305.0  1.80026e-11
21310.0  1.80264e-11
21315.0  1.80624e-11
21320.0  1.81059e-11
21325.0  1.81548e-11
21330.0  1.82017e-11
21335.0  1.8244e-11
21340.0  1.82741e-11
21345.0  1.82904e-11
21350.0  1.82896e-11
21355.0  1.82665e-11
21360.0  1.82235e-11
21365.0  1.81637e-11
21370.0  1.80908e-11
21375.0  1.8011e-11
21380.0  1.79286e-11
21385.0  1.7852e-11
21390.0  1.77863e-11
21395.0  1.77399e-11
21400.0  1.7716e-11
21405.0  1.77135e-11
21410.0  1.77365e-11
21415.0  1.77825e-11
21420.0  1.78457e-11
21425.0  1.79219e-11
21430.0  1.80047e-11
21435.0  1.80867e-11
21440.0  1.81548e-11
21445.0  1.81954e-11
21450.0  1.82089e-11
21455.0  1.81946e-11
21460.0  1.81486e-11
21465.0  1.80754e-11
21470.0  1.79787e-11
21475.0  1.78637e-11
21480.0  1.77432e-11
21485.0  1.76215e-11
21490.0  1.75115e-11
21495.0  1.7419e-11
21500.0  1.73521e-11
21505.0  1.73128e-11
21510.0  1.73057e-11
21515.0  1.73283e-11
21520.0  1.73743e-11
21525.0  1.74374e-11
21530.0  1.75123e-11
21535.0  1.75851e-11
21540.0  1.76479e-11
21545.0  1.76935e-11
21550.0  1.77135e-11
21555.0  1.77072e-11
21560.0  1.76771e-11
21565.0  1.76236e-11
21570.0  1.7547e-11
21575.0  1.74529e-11
21580.0  1.736e-11
21585.0  1.72751e-11
21590.0  1.71889e-11
21595.0  1.70865e-11
21600.0  1.69735e-11
21605.0  1.68572e-11
21610.0  1.67443e-11
21615.0  1.66405e-11
21620.0  1.65481e-11
21625.0  1.6474e-11
21630.0  1.64176e-11
21635.0  1.63795e-11
21640.0  1.63527e-11
21645.0  1.6336e-11
21650.0  1.63289e-11
21655.0  1.63281e-11
21660.0  1.63289e-11
21665.0  1.63352e-11
21670.0  1.63452e-11
21675.0  1.6359e-11
21680.0  1.63791e-11
21685.0  1.64067e-11
21690.0  1.64473e-11
21695.0  1.65038e-11
21700.0  1.65707e-11
21705.0  1.6628e-11
21710.0  1.66769e-11
21715.0  1.67288e-11
21720.0  1.67748e-11
21725.0  1.68096e-11
21730.0  1.68401e-11
21735.0  1.68706e-11
21740.0  1.69024e-11
21745.0  1.69258e-11
21750.0  1.69392e-11
21755.0  1.69417e-11
21760.0  1.69288e-11
21765.0  1.69024e-11
21770.0  1.68652e-11
21775.0  1.68162e-11
21780.0  1.67627e-11
21785.0  1.67066e-11
21790.0  1.66531e-11
21795.0  1.66041e-11
21800.0  1.65665e-11
21805.0  1.65372e-11
21810.0  1.65197e-11
21815.0  1.65104e-11
21820.0  1.65125e-11
21825.0  1.65201e-11
21830.0  1.65355e-11
21835.0  1.65519e-11
21840.0  1.65648e-11
21845.0  1.65715e-11
21850.0  1.65715e-11
21855.0  1.6564e-11
21860.0  1.65447e-11
21865.0  1.65176e-11
21870.0  1.64812e-11
21875.0  1.64385e-11
21880.0  1.63946e-11
21885.0  1.6349e-11
21890.0  1.6308e-11
21895.0  1.6269e-11
21900.0  1.62389e-11
21905.0  1.62184e-11
21910.0  1.62051e-11
21915.0  1.61988e-11
21920.0  1.62013e-11
21925.0  1.62084e-11
21930.0  1.62209e-11
21935.0  1.62343e-11
21940.0  1.62469e-11
21945.0  1.6254e-11
21950.0  1.62569e-11
21955.0  1.62532e-11
21960.0  1.62394e-11
21965.0  1.6213e-11
21970.0  1.61758e-11
21975.0  1.61273e-11
21980.0  1.60779e-11
21985.0  1.60344e-11
21990.0  1.59976e-11
21995.0  1.59674e-11
22000.0  1.5944e-11
22005.0  1.59269e-11
22010.0  1.59139e-11
22015.0  1.59068e-11
22020.0  1.5903e-11
22025.0  1.59005e-11
22030.0  1.5903e-11
22035.0  1.59068e-11
22040.0  1.5913e-11
22045.0  1.59198e-11
22050.0  1.59265e-11
22055.0  1.59327e-11
22060.0  1.59369e-11
22065.0  1.59436e-11
22070.0  1.59537e-11
22075.0  1.59662e-11
22080.0  1.59766e-11
22085.0  1.59858e-11
22090.0  1.59896e-11
22095.0  1.59896e-11
22100.0  1.59858e-11
22105.0  1.59762e-11
22110.0  1.59628e-11
22115.0  1.59457e-11
22120.0  1.59227e-11
22125.0  1.58955e-11
22130.0  1.58625e-11
22135.0  1.5826e-11
22140.0  1.57888e-11
22145.0  1.57487e-11
22150.0  1.5706e-11
22155.0  1.5665e-11
22160.0  1.56219e-11
22165.0  1.55788e-11
22170.0  1.55382e-11
22175.0  1.54985e-11
22180.0  1.54617e-11
22185.0  1.54282e-11
22190.0  1.53981e-11
22195.0  1.53713e-11
22200.0  1.53479e-11
22205.0  1.53287e-11
22210.0  1.53182e-11
22215.0  1.53144e-11
22220.0  1.53149e-11
22225.0  1.53216e-11
22230.0  1.53354e-11
22235.0  1.5358e-11
22240.0  1.53847e-11
22245.0  1.54153e-11
22250.0  1.54508e-11
22255.0  1.54847e-11
22260.0  1.55177e-11
22265.0  1.55475e-11
22270.0  1.55705e-11
22275.0  1.55838e-11
22280.0  1.55872e-11
22285.0  1.55801e-11
22290.0  1.55604e-11
22295.0  1.55303e-11
22300.0  1.54897e-11
22305.0  1.5437e-11
22310.0  1.53772e-11
22315.0  1.5314e-11
22320.0  1.52504e-11
22325.0  1.51873e-11
22330.0  1.51274e-11
22335.0  1.50743e-11
22340.0  1.50308e-11
22345.0  1.49978e-11
22350.0  1.49777e-11
22355.0  1.49702e-11
22360.0  1.4971e-11
22365.0  1.49831e-11
22370.0  1.50003e-11
22375.0  1.50229e-11
22380.0  1.50463e-11
22385.0  1.50693e-11
22390.0  1.50894e-11
22395.0  1.51057e-11
22400.0  1.51157e-11
22405.0  1.51191e-11
22410.0  1.51162e-11
22415.0  1.51095e-11
22420.0  1.50994e-11
22425.0  1.5086e-11
22430.0  1.50701e-11
22435.0  1.50567e-11
22440.0  1.50463e-11
22445.0  1.50367e-11
22450.0  1.50304e-11
22455.0  1.50296e-11
22460.0  1.50296e-11
22465.0  1.503e-11
22470.0  1.50325e-11
22475.0  1.50321e-11
22480.0  1.50258e-11
22485.0  1.50153e-11
22490.0  1.49986e-11
22495.0  1.49748e-11
22500.0  1.49421e-11
22505.0  1.49045e-11
22510.0  1.4858e-11
22515.0  1.48053e-11
22520.0  1.47514e-11
22525.0  1.46949e-11
22530.0  1.46389e-11
22535.0  1.45882e-11
22540.0  1.45422e-11
22545.0  1.4505e-11
22550.0  1.44757e-11
22555.0  1.44581e-11
22560.0  1.44485e-11
22565.0  1.44477e-11
22570.0  1.44519e-11
22575.0  1.4464e-11
22580.0  1.44778e-11
22585.0  1.44941e-11
22590.0  1.45104e-11
22595.0  1.45242e-11
22600.0  1.45372e-11
22605.0  1.45472e-11
22610.0  1.45539e-11
22615.0  1.45573e-11
22620.0  1.45577e-11
22625.0  1.45577e-11
22630.0  1.45573e-11
22635.0  1.45548e-11
22640.0  1.45544e-11
22645.0  1.45543e-11
22650.0  1.45544e-11
22655.0  1.45544e-11
22660.0  1.45539e-11
22665.0  1.4551e-11
22670.0  1.45468e-11
22675.0  1.45372e-11
22680.0  1.45234e-11
22685.0  1.45029e-11
22690.0  1.44736e-11
22695.0  1.44393e-11
22700.0  1.43966e-11
22705.0  1.43498e-11
22710.0  1.42996e-11
22715.0  1.42469e-11
22720.0  1.41962e-11
22725.0  1.41473e-11
22730.0  1.41067e-11
22735.0  1.40733e-11
22740.0  1.40465e-11
22745.0  1.40277e-11
22750.0  1.40235e-11
22755.0  1.40302e-11
22760.0  1.40461e-11
22765.0  1.40662e-11
22770.0  1.40892e-11
22775.0  1.41126e-11
22780.0  1.41356e-11
22785.0  1.41553e-11
22790.0  1.41682e-11
22795.0  1.41716e-11
22800.0  1.41649e-11
22805.0  1.41481e-11
22810.0  1.41218e-11
22815.0  1.40879e-11
22820.0  1.40452e-11
22825.0  1.39988e-11
22830.0  1.39519e-11
22835.0  1.3906e-11
22840.0  1.38654e-11
22845.0  1.38294e-11
22850.0  1.38022e-11
22855.0  1.3783e-11
22860.0  1.37754e-11
22865.0  1.37759e-11
22870.0  1.37854e-11
22875.0  1.38014e-11
22880.0  1.38189e-11
22885.0  1.38411e-11
22890.0  1.38612e-11
22895.0  1.38779e-11
22900.0  1.38909e-11
22905.0  1.38976e-11
22910.0  1.3898e-11
22915.0  1.38938e-11
22920.0  1.38808e-11
22925.0  1.38616e-11
22930.0  1.38407e-11
22935.0  1.38148e-11
22940.0  1.3788e-11
22945.0  1.37616e-11
22950.0  1.37382e-11
22955.0  1.37185e-11
22960.0  1.37043e-11
22965.0  1.36918e-11
22970.0  1.36847e-11
22975.0  1.36813e-11
22980.0  1.36804e-11
22985.0  1.3678e-11
22990.0  1.36767e-11
22995.0  1.36708e-11
23000.0  1.36633e-11
23005.0  1.36499e-11
23010.0  1.36303e-11
23015.0  1.36064e-11
23020.0  1.35763e-11
23025.0  1.35403e-11
23030.0  1.35031e-11
23035.0  1.34638e-11
23040.0  1.34265e-11
23045.0  1.33901e-11
23050.0  1.33567e-11
23055.0  1.33274e-11
23060.0  1.33065e-11
23065.0  1.32902e-11
23070.0  1.32801e-11
23075.0  1.32764e-11
23080.0  1.32764e-11
23085.0  1.32789e-11
23090.0  1.32797e-11
23095.0  1.32818e-11
23100.0  1.32789e-11
23105.0  1.32722e-11
23110.0  1.32621e-11
23115.0  1.32479e-11
23120.0  1.32253e-11
23125.0  1.31986e-11
23130.0  1.31684e-11
23135.0  1.31354e-11
23140.0  1.31023e-11
23145.0  1.30722e-11
23150.0  1.30459e-11
23155.0  1.30258e-11
23160.0  1.30124e-11
23165.0  1.30065e-11
23170.0  1.30124e-11
23175.0  1.30258e-11
23180.0  1.30459e-11
23185.0  1.30722e-11
23190.0  1.31019e-11
23195.0  1.31321e-11
23200.0  1.31613e-11
23205.0  1.31852e-11
23210.0  1.32052e-11
23215.0  1.32207e-11
23220.0  1.32253e-11
23225.0  1.32245e-11
23230.0  1.32149e-11
23235.0  1.31981e-11
23240.0  1.31747e-11
23245.0  1.31454e-11
23250.0  1.31149e-11
23255.0  1.30818e-11
23260.0  1.30484e-11
23265.0  1.30157e-11
23270.0  1.29886e-11
23275.0  1.29651e-11
23280.0  1.29455e-11
23285.0  1.29321e-11
23290.0  1.2925e-11
23295.0  1.29216e-11
23300.0  1.29216e-11
23305.0  1.29241e-11
23310.0  1.2925e-11
23315.0  1.29279e-11
23320.0  1.293e-11
23325.0  1.29241e-11
23330.0  1.29141e-11
23335.0  1.29003e-11
23340.0  1.28806e-11
23345.0  1.28568e-11
23350.0  1.28271e-11
23355.0  1.27941e-11
23360.0  1.27602e-11
23365.0  1.27242e-11
23370.0  1.26907e-11
23375.0  1.26602e-11
23380.0  1.26313e-11
23385.0  1.26104e-11
23390.0  1.25941e-11
23395.0  1.25836e-11
23400.0  1.25774e-11
23405.0  1.25769e-11
23410.0  1.25803e-11
23415.0  1.25865e-11
23420.0  1.25937e-11
23425.0  1.26024e-11
23430.0  1.26071e-11
23435.0  1.26125e-11
23440.0  1.26129e-11
23445.0  1.26091e-11
23450.0  1.25995e-11
23455.0  1.25857e-11
23460.0  1.25665e-11
23465.0  1.25456e-11
23470.0  1.252e-11
23475.0  1.24958e-11
23480.0  1.24694e-11
23485.0  1.24435e-11
23490.0  1.24226e-11
23495.0  1.24033e-11
23500.0  1.23895e-11
23505.0  1.23799e-11
23510.0  1.23761e-11
23515.0  1.23765e-11
23520.0  1.23828e-11
23525.0  1.23933e-11
23530.0  1.24088e-11
23535.0  1.24234e-11
23540.0  1.24422e-11
23545.0  1.24594e-11
23550.0  1.24757e-11
23555.0  1.24891e-11
23560.0  1.24991e-11
23565.0  1.25054e-11
23570.0  1.25054e-11
23575.0  1.24991e-11
23580.0  1.24887e-11
23585.0  1.24723e-11
23590.0  1.24522e-11
23595.0  1.24284e-11
23600.0  1.23991e-11
23605.0  1.2369e-11
23610.0  1.23385e-11
23615.0  1.23054e-11
23620.0  1.22724e-11
23625.0  1.22423e-11
23630.0  1.22155e-11
23635.0  1.21921e-11
23640.0  1.2172e-11
23645.0  1.21557e-11
23650.0  1.21452e-11
23655.0  1.21389e-11
23660.0  1.2139e-11
23665.0  1.21456e-11
23670.0  1.2159e-11
23675.0  1.21787e-11
23680.0  1.22021e-11
23685.0  1.22289e-11
23690.0  1.22586e-11
23695.0  1.22887e-11
23700.0  1.23188e-11
23705.0  1.23477e-11
23710.0  1.23686e-11
23715.0  1.23845e-11
23720.0  1.23912e-11
23725.0  1.23878e-11
23730.0  1.2374e-11
23735.0  1.23481e-11
23740.0  1.23142e-11
23745.0  1.22711e-11
23750.0  1.22209e-11
23755.0  1.21645e-11
23760.0  1.21046e-11
23765.0  1.20444e-11
23770.0  1.19846e-11
23775.0  1.19277e-11
23780.0  1.18746e-11
23785.0  1.18273e-11
23790.0  1.1785e-11
23795.0  1.17541e-11
23800.0  1.17307e-11
23805.0  1.17147e-11
23810.0  1.17106e-11
23815.0  1.17139e-11
23820.0  1.17235e-11
23825.0  1.17373e-11
23830.0  1.1757e-11
23835.0  1.17796e-11
23840.0  1.18001e-11
23845.0  1.18198e-11
23850.0  1.18361e-11
23855.0  1.18461e-11
23860.0  1.18495e-11
23865.0  1.18461e-11
23870.0  1.18357e-11
23875.0  1.1816e-11
23880.0  1.17892e-11
23885.0  1.17562e-11
23890.0  1.17198e-11
23895.0  1.16825e-11
23900.0  1.16428e-11
23905.0  1.16035e-11
23910.0  1.15692e-11
23915.0  1.15365e-11
23920.0  1.15098e-11
23925.0  1.14901e-11
23930.0  1.14801e-11
23935.0  1.14792e-11
23940.0  1.1483e-11
23945.0  1.14931e-11
23950.0  1.1509e-11
23955.0  1.15265e-11
23960.0  1.15487e-11
23965.0  1.15692e-11
23970.0  1.15893e-11
23975.0  1.16089e-11
23980.0  1.16252e-11
23985.0  1.16361e-11
23990.0  1.16449e-11
23995.0  1.16461e-11
24000.0  1.16453e-11
24005.0  1.1639e-11
24010.0  1.1629e-11
24015.0  1.1616e-11
24020.0  1.16027e-11
24025.0  1.15892e-11
24030.0  1.15759e-11
24035.0  1.15629e-11
24040.0  1.15524e-11
24045.0  1.15428e-11
24050.0  1.15361e-11
24055.0  1.15328e-11
24060.0  1.15324e-11
24065.0  1.15324e-11
24070.0  1.15324e-11
24075.0  1.15324e-11
24080.0  1.15319e-11
24085.0  1.15286e-11
24090.0  1.15219e-11
24095.0  1.15114e-11
24100.0  1.14951e-11
24105.0  1.14746e-11
24110.0  1.14479e-11
24115.0  1.14148e-11
24120.0  1.1378e-11
24125.0  1.13378e-11
24130.0  1.12943e-11
24135.0  1.12479e-11
24140.0  1.12015e-11
24145.0  1.11576e-11
24150.0  1.11145e-11
24155.0  1.10747e-11
24160.0  1.10412e-11
24165.0  1.10149e-11
24170.0  1.09973e-11
24175.0  1.09848e-11
24180.0  1.0981e-11
24185.0  1.09848e-11
24190.0  1.09973e-11
24195.0  1.10141e-11
24200.0  1.10341e-11
24205.0  1.10576e-11
24210.0  1.10839e-11
24215.0  1.11103e-11
24220.0  1.11341e-11
24225.0  1.11571e-11
24230.0  1.11772e-11
24235.0  1.11935e-11
24240.0  1.12036e-11
24245.0  1.12069e-11
24250.0  1.12044e-11
24255.0  1.12006e-11
24260.0  1.1194e-11
24265.0  1.11835e-11
24270.0  1.11676e-11
24275.0  1.11504e-11
24280.0  1.11308e-11
24285.0  1.11107e-11
24290.0  1.10902e-11
24295.0  1.10672e-11
24300.0  1.10442e-11
24305.0  1.10233e-11
24310.0  1.10007e-11
24315.0  1.09802e-11
24320.0  1.09601e-11
24325.0  1.09404e-11
24330.0  1.09233e-11
24335.0  1.0907e-11
24340.0  1.08932e-11
24345.0  1.08798e-11
24350.0  1.08668e-11
24355.0  1.08568e-11
24360.0  1.08497e-11
24365.0  1.0843e-11
24370.0  1.08363e-11
24375.0  1.083e-11
24380.0  1.08262e-11
24385.0  1.08229e-11
24390.0  1.082e-11
24395.0  1.08196e-11
24400.0  1.08195e-11
24405.0  1.08196e-11
24410.0  1.08196e-11
24415.0  1.08196e-11
24420.0  1.08191e-11
24425.0  1.08162e-11
24430.0  1.08129e-11
24435.0  1.08091e-11
24440.0  1.08028e-11
24445.0  1.07953e-11
24450.0  1.07827e-11
24455.0  1.07693e-11
24460.0  1.07551e-11
24465.0  1.07359e-11
24470.0  1.07158e-11
24475.0  1.06957e-11
24480.0  1.06752e-11
24485.0  1.06526e-11
24490.0  1.06326e-11
24495.0  1.06154e-11
24500.0  1.05991e-11
24505.0  1.05857e-11
24510.0  1.05757e-11
24515.0  1.0569e-11
24520.0  1.05656e-11
24525.0  1.05652e-11
24530.0  1.0566e-11
24535.0  1.05719e-11
24540.0  1.05786e-11
24545.0  1.05857e-11
24550.0  1.05949e-11
24555.0  1.0602e-11
24560.0  1.06087e-11
24565.0  1.0615e-11
24570.0  1.06179e-11
24575.0  1.06158e-11
24580.0  1.06146e-11
24585.0  1.06083e-11
24590.0  1.05983e-11
24595.0  1.05849e-11
24600.0  1.05686e-11
24605.0  1.05514e-11
24610.0  1.05317e-11
24615.0  1.05112e-11
24620.0  1.04886e-11
24625.0  1.04686e-11
24630.0  1.04514e-11
24635.0  1.04347e-11
24640.0  1.04188e-11
24645.0  1.04079e-11
24650.0  1.03987e-11
24655.0  1.03945e-11
24660.0  1.03916e-11
24665.0  1.03916e-11
24670.0  1.03949e-11
24675.0  1.04012e-11
24680.0  1.04083e-11
24685.0  1.04175e-11
24690.0  1.04251e-11
24695.0  1.04343e-11
24700.0  1.04414e-11
24705.0  1.04477e-11
24710.0  1.0451e-11
24715.0  1.04514e-11
24720.0  1.0451e-11
24725.0  1.04477e-11
24730.0  1.04414e-11
24735.0  1.04347e-11
24740.0  1.04276e-11
24745.0  1.04184e-11
24750.0  1.04113e-11
24755.0  1.04046e-11
24760.0  1.03983e-11
24765.0  1.03945e-11
24770.0  1.0392e-11
24775.0  1.03941e-11
24780.0  1.03954e-11
24785.0  1.04012e-11
24790.0  1.04079e-11
24795.0  1.04146e-11
24800.0  1.04217e-11
24805.0  1.04313e-11
24810.0  1.0441e-11
24815.0  1.04477e-11
24820.0  1.04514e-11
24825.0  1.04544e-11
24830.0  1.04543e-11
24835.0  1.0451e-11
24840.0  1.04443e-11
24845.0  1.04343e-11
24850.0  1.04209e-11
24855.0  1.04037e-11
24860.0  1.03816e-11
24865.0  1.03606e-11
24870.0  1.03372e-11
24875.0  1.03113e-11
24880.0  1.02874e-11
24885.0  1.02644e-11
24890.0  1.02448e-11
24895.0  1.02314e-11
24900.0  1.02239e-11
24905.0  1.0218e-11
24910.0  1.02176e-11
24915.0  1.02209e-11
24920.0  1.0228e-11
24925.0  1.02402e-11
24930.0  1.02515e-11
24935.0  1.02673e-11
24940.0  1.02841e-11
24945.0  1.02996e-11
24950.0  1.03058e-11
24955.0  1.03021e-11
24960.0  1.03088e-11
24965.0  1.03443e-11
24970.0  1.03694e-11
24975.0  1.02765e-11
24980.0  9.97283e-12
24985.0  8.34574e-12
24990.0  1.18237e-12
24995.0  0.0
25000.0  0.0
