2.002000000000000168e-01 9.864457800000000359e-03
2.006004000000000120e-01 1.351249499999999937e-02
2.010016008000000132e-01 1.037791500000000144e-02
2.014036040016000118e-01 1.460840375000000031e-02
2.018064112096032425e-01 1.427439200000000033e-02
2.022100240320224285e-01 1.562501999999999988e-02
2.026144440800864976e-01 1.648388750000000236e-02
2.030196729682466894e-01 1.610224000000000030e-02
2.034257123141831602e-01 1.564348125000000062e-02
2.038325637388115341e-01 1.514442700000000197e-02
2.042402288662891752e-01 1.466701249999999984e-02
2.046487093240217381e-01 1.426075749999999864e-02
2.050580067426697739e-01 1.393886499999999994e-02
2.054681227561551138e-01 1.387383124999999953e-02
2.058790590016674471e-01 1.381469800000000026e-02
2.062908171196707885e-01 1.369470499999999973e-02
2.067033987539101392e-01 1.356401499999999871e-02
2.071168055514179263e-01 1.345369125000000013e-02
2.075310391625207751e-01 1.336852499999999916e-02
2.079461012408458098e-01 1.326151799999999992e-02
2.083619934433275089e-01 1.315084375000000021e-02
2.087787174302141446e-01 1.305214249999999895e-02
2.091962748650745829e-01 1.295158625000000091e-02
2.096146674148047229e-01 1.283387249999999938e-02
2.100338967496343523e-01 1.268703699999999997e-02
2.104539645431336148e-01 1.258688500000000078e-02
2.108748724722198931e-01 1.250366375000000127e-02
2.112966222171643316e-01 1.239168250000000082e-02
2.117192154615986643e-01 1.225951499999999861e-02
2.121426538925218486e-01 1.207097999999999852e-02
2.125669392003068925e-01 1.187084999999999876e-02
2.129920730787074890e-01 1.169628500000000071e-02
2.134180572248648988e-01 1.152836749999999917e-02
2.138448933393146401e-01 1.136243250000000017e-02
2.142725831259932878e-01 1.113138799999999901e-02
2.147011282922452469e-01 1.088475000000000206e-02
2.151305305488297459e-01 1.068800250000000174e-02
2.155607916099274157e-01 1.052759625000000004e-02
2.159919131931472558e-01 1.034985700000000050e-02
2.164238970195335454e-01 1.014136250000000072e-02
2.168567448135726161e-01 9.937996625000000694e-03
2.172904583031997627e-01 9.747706749999999684e-03
2.177250392198061546e-01 9.565708875000000430e-03
2.181604892982457744e-01 9.364457699999998580e-03
2.185968102768422461e-01 9.158186874999999991e-03
2.190340038973959125e-01 8.944898624999999409e-03
2.194720719051907187e-01 8.720349874999998308e-03
2.199110160490010957e-01 8.502387999999999613e-03
2.203508380810991207e-01 8.271172600000001318e-03
2.207915397572613181e-01 8.049982250000000533e-03
2.212331228367758196e-01 7.832721000000000822e-03
2.216755890824493869e-01 7.604826250000000162e-03
2.221189402606142949e-01 7.388371250000000216e-03
2.225631781411355203e-01 7.161456200000000140e-03
2.230083044974177642e-01 6.945091375000000261e-03
2.234543211064126123e-01 6.760712125000000253e-03
2.239012297486254466e-01 6.562818499999999514e-03
2.243490322081226895e-01 6.369742499999999155e-03
2.247977302725389648e-01 6.162471100000000562e-03
2.252473257330840362e-01 5.966838874999999889e-03
2.256978203845501907e-01 5.802027125000000334e-03
2.261492160253192885e-01 5.635597500000000606e-03
2.266015144573699513e-01 5.460895375000000135e-03
2.270547174862846962e-01 5.272981700000000174e-03
2.275088269212572623e-01 5.091859250000000531e-03
2.279638445750997722e-01 4.937539749999999075e-03
2.284197722642499762e-01 4.783325999999999203e-03
2.288766118087784962e-01 4.622167624999999613e-03
2.293343650323960425e-01 4.446442899999999976e-03
2.297930337624608521e-01 4.282747374999999745e-03
2.302526198299857663e-01 4.076213250000000274e-03
2.307131250696457525e-01 3.996925749999999736e-03
2.311745513197850377e-01 3.860226500000000192e-03
2.316369004224245742e-01 3.746631799999999672e-03
2.321001742232694509e-01 3.631372124999999833e-03
2.325643745717159705e-01 3.516141999999999879e-03
2.330295033208594213e-01 3.398854124999999698e-03
2.334955623275011272e-01 3.291485299999999913e-03
2.339625534521561634e-01 3.204304875000000240e-03
2.344304785590604623e-01 3.094482624999999633e-03
2.348993395161785847e-01 3.001416499999999543e-03
2.353691381952109363e-01 2.937733875000000071e-03
2.358398764716013452e-01 2.835977099999999543e-03
2.363115562245445278e-01 2.727244499999999933e-03
2.367841793369936387e-01 2.661893125000000179e-03
2.372577476956675979e-01 2.581052124999999847e-03
2.377322631910589457e-01 2.512727374999999992e-03
2.382077277174410590e-01 2.428097300000000257e-03
2.386841431728759511e-01 2.358026624999999717e-03
2.391615114592217095e-01 2.303829125000000227e-03
2.396398344821401571e-01 2.219748250000000422e-03
2.401191141511044291e-01 2.155255499999999755e-03
2.405993523794066058e-01 2.114496300000000099e-03
2.410805510841654287e-01 2.051907250000000252e-03
2.415627121863337390e-01 1.989272749999999867e-03
2.420458376107064158e-01 1.947383750000000052e-03
2.425299292859278144e-01 1.915334624999999978e-03
2.430149891444997046e-01 1.872711899999999867e-03
2.435010191227887089e-01 1.818262624999999848e-03
2.439880211610342686e-01 1.778439250000000017e-03
2.444759972033563322e-01 1.757928750000000004e-03
2.449649491977630433e-01 1.730420125000000026e-03
2.454548790961585680e-01 1.661441299999999932e-03
2.459457888543508663e-01 1.621498125000000014e-03
2.464376804320595749e-01 1.606732625000000143e-03
2.469305557929236949e-01 1.582752124999999921e-03
2.474244169045095587e-01 1.539306624999999939e-03
2.479192657383185727e-01 1.509164300000000007e-03
2.484151042697951839e-01 1.490004875000000041e-03
2.489119344783347898e-01 1.442265875000000057e-03
2.494097583472914548e-01 1.421315250000000120e-03
2.499085778639860422e-01 1.396819500000000052e-03
2.504083950197140140e-01 1.389710749999999986e-03
2.509092118097534518e-01 1.380501625000000229e-03
2.514110302333729119e-01 1.345863624999999982e-03
2.519138522938396685e-01 1.306397874999999913e-03
2.524176799984273467e-01 1.309865300000000003e-03
2.529225153584241936e-01 1.302562250000000033e-03
2.534283603891410719e-01 1.279263624999999989e-03
2.539352171099192867e-01 1.259081750000000041e-03
2.544430875441391349e-01 1.261061250000000038e-03
2.549519737192273983e-01 1.243553599999999877e-03
2.554618776666658375e-01 1.209790000000000084e-03
2.559728014219991854e-01 1.217071500000000079e-03
2.564847470248432515e-01 1.230727124999999970e-03
2.569977165188929158e-01 1.222607875000000094e-03
2.575117119519306774e-01 1.212865899999999910e-03
2.580267353758345372e-01 1.208235499999999948e-03
2.585427888465862134e-01 1.172833749999999901e-03
2.590598744242793572e-01 1.168076374999999899e-03
2.595779941731279905e-01 1.210843499999999812e-03
2.600971501614742221e-01 1.212364399999999983e-03
2.606173444617971846e-01 1.170915499999999974e-03
2.611385791507207510e-01 1.188686750000000035e-03
2.616608563090221939e-01 1.213554749999999974e-03
2.621841780216402351e-01 1.200161749999999975e-03
2.627085463776834828e-01 1.195434900000000083e-03
2.632339634704388698e-01 1.238562749999999948e-03
2.637604313973797576e-01 1.241868625000000026e-03
2.642879522601745412e-01 1.217722999999999983e-03
2.648165281646948088e-01 1.227784124999999928e-03
2.653461612210242238e-01 1.254217599999999950e-03
2.658768535434662961e-01 1.251769499999999969e-03
2.664086072505532643e-01 1.277189499999999926e-03
2.669414244650543111e-01 1.314168249999999975e-03
2.674753073139844450e-01 1.313057899999999943e-03
2.680102579286124387e-01 1.321712999999999968e-03
2.685462784444696549e-01 1.369357749999999905e-03
2.690833710013585955e-01 1.402413874999999897e-03
2.696215377433612836e-01 1.386427124999999906e-03
2.701607808188479787e-01 1.408856699999999802e-03
2.707011023804857253e-01 1.465807124999999895e-03
2.712425045852466798e-01 1.492680749999999957e-03
2.717849895944172145e-01 1.503856999999999937e-03
2.723285595736060216e-01 1.538214750000000026e-03
2.728732166927532177e-01 1.583608299999999906e-03
2.734189631261387810e-01 1.627187874999999964e-03
2.739658010523910447e-01 1.698606125000000008e-03
2.745137326544958567e-01 1.749424125000000009e-03
2.750627601198047945e-01 1.756851999999999936e-03
2.756128856400444360e-01 1.831917600000000168e-03
2.761641114113245199e-01 1.886645250000000031e-03
2.767164396341471599e-01 1.946803750000000027e-03
2.772698725134154496e-01 1.989929625000000195e-03
2.778244122584422882e-01 2.062670874999999928e-03
2.783800610829592070e-01 2.153519500000000177e-03
2.789368212051250850e-01 2.240146125000000085e-03
2.794946948475353632e-01 2.312782000000000206e-03
2.800536842372304269e-01 2.376342000000000038e-03
2.806137916057048765e-01 2.512009875000000350e-03
2.811750191889162975e-01 2.606753199999999916e-03
2.817373692272941987e-01 2.800441624999999973e-03
2.823008439657487822e-01 2.887030875000000038e-03
2.828654456536803252e-01 3.007116499999999953e-03
2.834311765449876730e-01 3.039362500000000050e-03
2.839980388980776205e-01 3.273700299999999716e-03
2.845660349758737939e-01 3.459938000000000076e-03
2.851351670458255327e-01 3.639508374999999869e-03
2.857054373799171598e-01 3.822069750000000026e-03
2.862768482546770299e-01 3.952981625000000047e-03
2.868494019511863558e-01 4.179010999999999837e-03
2.874231007550887562e-01 4.386820249999999477e-03
2.879979469565989714e-01 4.734913624999999987e-03
2.885739428505121884e-01 4.979682249999999900e-03
2.891510907362132010e-01 5.265073999999999796e-03
2.897293929176856242e-01 5.612651249999999620e-03
2.903088517035209426e-01 5.871737749999999742e-03
2.908894694069280029e-01 6.161301625000000642e-03
2.914712483457418957e-01 6.608188500000000687e-03
2.920541908424333366e-01 7.152814999999999868e-03
2.926382992241182146e-01 7.485714750000000556e-03
2.932235758225664735e-01 7.971543625000000743e-03
2.938100229742116043e-01 8.600414000000000669e-03
2.943976430201600269e-01 9.001753125000001160e-03
2.949864383062003048e-01 9.602972299999998351e-03
2.955764111828127483e-01 1.047156124999999889e-02
2.961675640051783520e-01 1.120355500000000219e-02
2.967598991331887315e-01 1.178034374999999828e-02
2.973534189314551157e-01 1.262173375000000090e-02
2.979481257693180618e-01 1.372250700000000011e-02
2.985440220208566697e-01 1.459963875000000119e-02
2.991411100648984078e-01 1.547150624999999932e-02
2.997393922850282166e-01 1.682733624999999816e-02
3.003388710695982233e-01 1.772197249999999877e-02
3.009395488117374562e-01 1.909526100000000226e-02
3.015414279093609484e-01 2.080891374999999793e-02
3.021445107651796746e-01 2.169975250000000244e-02
3.027487997867099878e-01 2.340107749999999903e-02
3.033542973862833891e-01 2.539893750000000311e-02
3.039610059810559650e-01 2.654933500000000030e-02
3.045689279930180460e-01 2.847969750000000147e-02
3.051780658490040876e-01 3.149417875000000422e-02
3.057884219807021076e-01 3.324992874999999765e-02
3.063999988246635664e-01 3.430632249999999994e-02
3.070127988223129156e-01 3.782793400000000056e-02
3.076268244199575896e-01 4.209193625000000327e-02
3.082420780687974982e-01 4.334314374999999331e-02
3.088585622249351292e-01 4.532345249999999992e-02
3.094762793493849307e-01 5.063454200000000460e-02
3.100952319080837460e-01 5.518757000000000523e-02
3.107154223718998631e-01 5.804588375000000605e-02
3.113368532166437275e-01 6.033003500000000408e-02
3.119595269230769907e-01 7.032356000000000718e-02
3.125834459769231133e-01 7.993849499999999830e-02
3.132086128688770232e-01 8.194547874999999482e-02
3.138350300946147753e-01 8.272105874999999275e-02
3.144627001548039313e-01 9.786768625000000221e-02
3.150916255551135525e-01 1.032002787499999991e-01
3.157218088062238026e-01 9.909621300000000244e-02
3.163532524238362176e-01 1.156615874999999960e-01
3.169859589286838641e-01 1.203428312500000041e-01
3.176199308465412763e-01 1.156101850000000042e-01
3.182551707082343917e-01 1.287693912500000037e-01
3.188916810496508214e-01 1.492908199999999908e-01
3.195294644117501193e-01 1.373003875000000096e-01
3.201685233405736630e-01 1.363393450000000007e-01
3.208088603872547573e-01 1.635287125000000064e-01
3.214504781080292917e-01 1.770052874999999970e-01
3.220933790642453443e-01 1.571090499999999723e-01
3.227375658223737842e-01 1.554948999999999915e-01
3.233830409540185413e-01 1.880764999999999798e-01
3.240298070359265425e-01 2.014908750000000137e-01
3.246778666499984256e-01 1.840993749999999818e-01
3.253272223832984200e-01 1.757484599999999952e-01
3.259778768280650052e-01 1.989854375000000009e-01
3.266298325817211246e-01 2.166720125000000108e-01
3.272830922468845660e-01 2.061050000000000104e-01
3.279376584313783427e-01 1.895000750000000178e-01
3.285935337482410734e-01 2.062145299999999792e-01
3.292507208157375853e-01 2.273614125000000263e-01
3.299092222573690725e-01 2.267771125000000165e-01
3.305690407018838095e-01 2.105193124999999998e-01
3.312301787832875322e-01 2.053751625000000136e-01
3.318926391408540955e-01 2.235297499999999993e-01
3.325564244191357988e-01 2.336020000000000318e-01
3.332215372679740994e-01 2.292313249999999858e-01
3.338879803425100490e-01 2.150525125000000148e-01
3.345557563031950621e-01 2.280516599999999894e-01
3.352248678158014084e-01 2.357512999999999970e-01
3.358953175514330369e-01 2.368417374999999825e-01
3.365671081865359016e-01 2.308625874999999938e-01
3.372402424029089518e-01 2.235243374999999755e-01
3.379147228877147358e-01 2.288329699999999967e-01
3.385905523334902245e-01 2.361028499999999752e-01
3.392677334381571930e-01 2.365390749999999875e-01
3.399462689050334330e-01 2.328877374999999972e-01
3.406261614428435225e-01 2.309641000000000055e-01
3.413074137657292062e-01 2.358787599999999929e-01
3.419900285932606643e-01 2.369539625000000038e-01
3.426740086504471705e-01 2.368893499999999985e-01
3.433593566677480835e-01 2.349976124999999805e-01
3.440460753810836159e-01 2.304200124999999932e-01
3.447341675318457699e-01 2.326161600000000163e-01
3.454236358669094398e-01 2.349360250000000205e-01
3.461144831386432363e-01 2.352913624999999898e-01
3.468067121049205337e-01 2.349968125000000130e-01
3.475003255291303494e-01 2.331810500000000008e-01
3.481953261801886135e-01 2.341775700000000016e-01
3.488917168325489926e-01 2.343515374999999845e-01
3.495895002662141038e-01 2.340182749999999978e-01
3.502886792667465610e-01 2.335845625000000092e-01
3.509892566252800217e-01 2.327568624999999947e-01
3.516912351385305668e-01 2.306729599999999825e-01
3.523946176088076365e-01 2.312126374999999845e-01
3.530994068440251876e-01 2.311408750000000234e-01
3.538056056577132402e-01 2.308081124999999956e-01
3.545132168690287022e-01 2.302888375000000099e-01
3.552222433027667492e-01 2.295029700000000006e-01
3.559326877893722596e-01 2.290377875000000341e-01
3.566445531649510281e-01 2.285209000000000268e-01
3.573578422712808678e-01 2.279808875000000068e-01
3.580725579558234339e-01 2.274011000000000227e-01
3.587887030717350489e-01 2.267659250000000071e-01
3.595062804778785814e-01 2.259192624999999954e-01
3.602252930388343266e-01 2.256039125000000034e-01
3.609457436249119411e-01 2.256035500000000138e-01
3.616676351121618227e-01 2.255135600000000018e-01
3.623909703823861017e-01 2.253502249999999874e-01
3.631157523231508533e-01 2.252291625000000241e-01
3.638419838277971996e-01 2.251053375000000023e-01
3.645696677954528009e-01 2.249691249999999920e-01
3.652988071310436791e-01 2.248132199999999803e-01
3.660294047453057642e-01 2.246790124999999971e-01
3.667614635547964408e-01 2.245605999999999991e-01
3.674949864819060386e-01 2.244344000000000339e-01
3.682299764548698229e-01 2.242906375000000008e-01
3.689664364077795966e-01 2.241380500000000053e-01
3.697043692805951354e-01 2.240192875000000250e-01
3.704437780191563445e-01 2.236748999999999821e-01
3.711846655751946944e-01 2.231991999999999865e-01
3.719270349063450443e-01 2.227232875000000056e-01
3.726708889761577437e-01 2.221855999999999831e-01
3.734162307541100123e-01 2.216424749999999777e-01
3.741630632156182079e-01 2.211649375000000195e-01
3.749113893420494836e-01 2.206979500000000038e-01
3.756612121207335564e-01 2.202289500000000066e-01
3.764125345449750304e-01 2.196841200000000105e-01
3.771653596140650544e-01 2.190863250000000262e-01
3.779196903332932012e-01 2.187057000000000029e-01
3.786755297139597909e-01 2.182425625000000147e-01
3.794328807733876596e-01 2.177714999999999790e-01
3.801917465349344827e-01 2.173468499999999803e-01
3.809521300280043210e-01 2.171527749999999646e-01
3.817140342880603332e-01 2.169967250000000014e-01
3.824774623566364884e-01 2.168429749999999934e-01
3.832424172813497787e-01 2.166735800000000045e-01
3.840089021159124316e-01 2.165079874999999987e-01
3.847769199201442891e-01 2.163624375000000044e-01
3.855464737599845759e-01 2.162168750000000028e-01
3.863175667075045561e-01 2.160710000000000131e-01
3.870902018409195788e-01 2.159079000000000137e-01
3.878643822446014022e-01 2.157483500000000332e-01
3.886401110090906830e-01 2.156086499999999850e-01
3.894173912311088559e-01 2.154721875000000231e-01
3.901962260135710681e-01 2.152943625000000027e-01
3.909766184655981691e-01 2.149572299999999991e-01
3.917585717025293679e-01 2.146459624999999816e-01
3.925420888459344448e-01 2.143497625000000129e-01
3.933271730236262975e-01 2.139796250000000066e-01
3.941138273696735417e-01 2.137651250000000003e-01
3.949020550244128902e-01 2.134349700000000294e-01
3.956918591344616987e-01 2.131136000000000141e-01
3.964832428527306218e-01 2.128182499999999866e-01
3.972762093384361037e-01 2.125405125000000006e-01
3.980707617571129786e-01 2.121506850000000055e-01
3.988669032806272385e-01 2.119390680000000082e-01
3.996646370871884679e-01 2.116363950000000049e-01
4.004639663613628331e-01 2.114096062499999928e-01
4.012648942940855168e-01 2.111939562500000089e-01
4.020674240826737078e-01 2.109496350000000242e-01
4.028715589308390355e-01 2.106280500000000111e-01
4.036773020487006702e-01 2.102984400000000031e-01
4.044846566527980913e-01 2.099999962499999873e-01
4.052936259661036877e-01 2.096919137500000141e-01
4.061042132180359143e-01 2.093882587500000003e-01
4.069164216444720039e-01 2.091081560000000172e-01
4.077302544877609569e-01 2.088045162499999885e-01
4.085457149967364754e-01 2.085854812499999822e-01
4.093628064267299527e-01 2.083458274999999971e-01
4.101815320395834075e-01 2.081054500000000251e-01
4.110018951036625845e-01 2.077872849999999882e-01
4.118238988938699441e-01 2.074711824999999898e-01
4.126475466916577073e-01 2.072122825000000113e-01
4.134728417850409565e-01 2.069598125000000066e-01
4.142997874686110693e-01 2.066538640000000204e-01
4.151283870435482637e-01 2.064345937500000061e-01
4.159586438176353651e-01 2.062191037499999935e-01
4.167905611052706849e-01 2.059212987499999814e-01
4.176241422274811765e-01 2.057035962500000092e-01
4.184593905119361468e-01 2.054192510000000249e-01
4.192963092929599678e-01 2.050485524999999809e-01
4.201349019115458994e-01 2.047958224999999743e-01
4.209751717153689676e-01 2.045246624999999818e-01
4.218171220587997317e-01 2.042562950000000044e-01
4.226607563029173287e-01 2.039582869999999881e-01
4.235060778155231298e-01 2.037099387500000136e-01
4.243530899711541737e-01 2.034989375000000045e-01
4.252017961510964894e-01 2.032441899999999912e-01
4.260521997433986963e-01 2.029592712499999618e-01
4.269043041428854934e-01 2.026985030000000299e-01
4.277581127511712600e-01 2.024043812499999873e-01
4.286136289766736551e-01 2.021697799999999934e-01
4.294708562346269964e-01 2.019621100000000002e-01
4.303297979470962487e-01 2.017607349999999966e-01
4.311904575429904574e-01 2.014972420000000208e-01
4.320528384580764047e-01 2.012125724999999921e-01
4.329169441349925429e-01 2.009760500000000172e-01
4.337827780232624830e-01 2.007377037499999961e-01
4.346503435793090397e-01 2.005051012499999841e-01
4.355196442664676648e-01 2.002445729999999813e-01
4.363906835550006025e-01 1.999567375000000091e-01
4.372634649221106007e-01 1.996656037500000036e-01
4.381379918519547889e-01 1.993997049999999827e-01
4.390142678356587225e-01 1.991395475000000137e-01
4.398922963713300383e-01 1.988236869999999989e-01
4.407720809640727211e-01 1.984388037500000035e-01
4.416536251260008150e-01 1.976841600000000254e-01
4.425369323762528007e-01 1.977350212499999760e-01
4.434220062410053065e-01 1.973879399999999840e-01
4.443088502534873196e-01 1.972360137499999944e-01
4.451974679539942858e-01 1.970702262499999802e-01
4.460878628899022647e-01 1.969093799999999950e-01
4.469800386156820293e-01 1.969233487500000046e-01
4.478739986929134442e-01 1.967562999999999951e-01
4.487697466902992316e-01 1.964699912500000034e-01
4.496672861836799040e-01 1.961216212499999889e-01
4.505666207560472536e-01 1.958115049999999968e-01
4.514677539975593401e-01 1.955596749999999884e-01
4.523706895055544797e-01 1.953025549999999888e-01
4.532754308845656221e-01 1.950706574999999943e-01
4.541819817463347286e-01 1.948870474999999935e-01
4.550903457098274263e-01 1.946115724999999963e-01
4.560005264012471082e-01 1.943356975000000153e-01
4.569125274540495885e-01 1.939272619999999892e-01
4.578263525089577013e-01 1.934990325000000011e-01
4.587420052139756232e-01 1.930664725000000304e-01
4.596594892244035835e-01 1.926390025000000172e-01
4.605788082028524077e-01 1.922099187500000139e-01
4.614999658192581178e-01 1.917991379999999801e-01
4.624229657508966418e-01 1.915616987500000090e-01
4.633478116823984694e-01 1.915167774999999850e-01
4.642745073057632510e-01 1.915080887500000273e-01
4.652030563203747304e-01 1.914655849999999937e-01
4.661334624330154552e-01 1.912939840000000280e-01
4.670657293578814873e-01 1.909483212499999971e-01
4.679998608165972795e-01 1.905166499999999818e-01
4.689358605382304424e-01 1.899737212500000050e-01
4.698737322593069532e-01 1.896663287500000017e-01
4.708134797238255342e-01 1.893404650000000133e-01
4.717551066832731399e-01 1.890560300000000415e-01
4.726986168966397228e-01 1.889005850000000097e-01
4.736440141304329998e-01 1.887060374999999790e-01
4.745913021586939395e-01 1.883426787499999921e-01
4.755404847630113063e-01 1.877573899999999962e-01
4.764915657325373699e-01 1.870352587499999886e-01
4.774445488640024493e-01 1.863095512499999828e-01
4.783994379617304560e-01 1.855477087500000122e-01
4.793562368376539373e-01 1.847674120000000197e-01
4.803149493113292312e-01 1.841546025000000142e-01
4.812755792099518981e-01 1.838446387500000112e-01
4.822381303683718201e-01 1.836949212500000039e-01
4.832026066291085775e-01 1.837299649999999951e-01
4.841690118423668254e-01 1.838889559999999923e-01
4.851373498660515038e-01 1.841340300000000041e-01
4.861076245657836026e-01 1.843395887500000052e-01
4.870798398149152053e-01 1.842920650000000049e-01
4.880539994945450322e-01 1.843076374999999822e-01
4.890301074935341497e-01 1.840966319999999823e-01
4.900081677085211806e-01 1.838146137499999944e-01
4.909881840439382916e-01 1.835406874999999938e-01
4.919701604120261251e-01 1.832846200000000092e-01
4.929541007328501756e-01 1.831535212499999787e-01
4.939400089343158884e-01 1.829080839999999986e-01
4.949278889521845359e-01 1.825777037499999866e-01
4.959177447300888719e-01 1.821994600000000353e-01
4.969095802195490075e-01 1.817431987500000012e-01
4.979033993799881208e-01 1.811709162500000081e-01
4.988992061787480559e-01 1.804684210000000177e-01
4.998970045911055315e-01 1.797014987500000216e-01
5.008967986002876849e-01 1.789678925000000032e-01
5.018985921974883357e-01 1.777770112499999777e-01
5.029023893818832525e-01 1.773812862499999921e-01
5.039081941606470272e-01 1.763823480000000221e-01
5.049160105489682859e-01 1.760466187500000224e-01
5.059258425700663420e-01 1.757410612499999969e-01
5.069376942552064058e-01 1.749390024999999960e-01
5.079515696437167938e-01 1.757496175000000105e-01
5.089674727830042489e-01 1.758865599999999974e-01
5.099854077285701504e-01 1.761022499999999880e-01
5.110053785440273888e-01 1.758928112500000029e-01
5.120273893011153543e-01 1.758388262500000243e-01
5.130514440797175890e-01 1.754082130000000073e-01
5.140775469678771081e-01 1.749694950000000027e-01
5.151057020618128313e-01 1.745539650000000054e-01
5.161359134659364578e-01 1.741843925000000071e-01
5.171681852928683432e-01 1.738902775000000234e-01
5.182025216634540410e-01 1.735769850000000170e-01
5.192389267067809566e-01 1.732489962500000091e-01
5.202774045601945563e-01 1.728968137499999891e-01
5.213179593693149094e-01 1.724060362499999777e-01
5.223605952880534531e-01 1.717608774999999921e-01
5.234053164786296453e-01 1.709343520000000116e-01
5.244521271115868410e-01 1.700279212499999915e-01
5.255010313658099452e-01 1.693126887500000233e-01
5.265520334285416215e-01 1.685412137500000018e-01
5.276051374953987239e-01 1.677660562500000174e-01
5.286603477703895049e-01 1.669167379999999812e-01
5.297176684659302692e-01 1.661002825000000016e-01
5.307771038028621380e-01 1.655404450000000083e-01
5.318386580104679240e-01 1.651351487499999882e-01
5.329023353264887852e-01 1.647504374999999854e-01
5.339681399971416553e-01 1.645188640000000146e-01
5.350360762771360079e-01 1.644630787499999913e-01
5.361061484296902879e-01 1.644644725000000141e-01
5.371783607265496752e-01 1.644591675000000031e-01
5.382527174480027377e-01 1.644104175000000168e-01
5.393292228828987511e-01 1.642218520000000015e-01
5.404078813286645744e-01 1.636485887500000180e-01
5.414886970913218578e-01 1.621341100000000257e-01
5.425716744855044738e-01 1.627151212499999833e-01
5.436568178344756141e-01 1.620029249999999921e-01
5.447441314701444437e-01 1.616167689999999935e-01
5.458336197330847517e-01 1.611051875000000244e-01
5.469252869725509392e-01 1.609336125000000173e-01
5.480191375464960046e-01 1.606730812499999883e-01
5.491151758215888634e-01 1.604223189999999799e-01
5.502134061732321113e-01 1.601561187499999928e-01
5.513138329855785669e-01 1.598485937499999898e-01
5.524164606515497011e-01 1.595081299999999702e-01
5.535212935728528461e-01 1.591317199999999765e-01
5.546283361599984030e-01 1.586601060000000230e-01
5.557375928323184944e-01 1.581212237500000117e-01
5.568490680179830621e-01 1.575997524999999955e-01
5.579627661540189631e-01 1.570077837499999907e-01
5.590786916863270672e-01 1.563406199999999857e-01
5.601968490696997982e-01 1.554642469999999999e-01
5.613172427678392307e-01 1.543995549999999939e-01
5.624398772533748536e-01 1.534934300000000140e-01
5.635647570078816671e-01 1.526295124999999808e-01
5.646918865218973904e-01 1.518388549999999948e-01
5.658212702949412254e-01 1.510614040000000102e-01
5.669529128355310643e-01 1.503352787499999954e-01
5.680868186612021420e-01 1.496685187500000069e-01
5.692229922985245771e-01 1.486579299999999937e-01
5.703614382831215801e-01 1.484435087500000083e-01
5.715021611596877715e-01 1.476846880000000084e-01
5.726451654820071679e-01 1.464515524999999985e-01
5.737904558129711674e-01 1.465953612500000003e-01
5.749380367245970902e-01 1.462920700000000240e-01
5.760879127980462755e-01 1.459398999999999835e-01
5.772400886236424000e-01 1.460106539999999897e-01
5.783945688008896857e-01 1.459641362499999873e-01
5.795513579384914404e-01 1.460283524999999860e-01
5.807104606543684877e-01 1.464360912500000111e-01
5.818718815756771523e-01 1.471401062500000134e-01
5.830356253388285781e-01 1.477521499999999988e-01
5.842016965895062697e-01 1.482325812499999951e-01
5.853700999826851881e-01 1.487539637499999956e-01
5.865408401826505136e-01 1.492718400000000167e-01
5.877139218630158535e-01 1.498705337500000345e-01
5.888893497067417826e-01 1.482758349999999947e-01
5.900671284061553834e-01 1.460668187499999937e-01
5.912472626629676764e-01 1.496909887499999758e-01
5.924297571882934932e-01 1.490040137499999973e-01
5.936146167026701281e-01 1.472758259999999986e-01
5.948018459360754351e-01 1.415262399999999976e-01
5.959914496279475893e-01 1.477727787500000001e-01
5.971834325272035171e-01 1.470784925000000187e-01
5.983777993922578808e-01 1.462402125000000219e-01
5.995745549910425076e-01 1.459570990000000068e-01
6.007737041010245971e-01 1.456482924999999984e-01
6.019752515092265943e-01 1.456992062499999907e-01
6.031792020122450637e-01 1.456408737500000106e-01
6.043855604162695627e-01 1.456969187500000151e-01
6.055943315371020708e-01 1.459514579999999784e-01
6.068055202001763071e-01 1.463107737500000116e-01
6.080191312405766046e-01 1.467255437499999926e-01
6.092351695030577829e-01 1.472195974999999935e-01
6.104536398420639109e-01 1.477143187500000177e-01
6.116745471217479579e-01 1.482269629999999894e-01
6.128978962159914445e-01 1.487278174999999980e-01
6.141236920084234274e-01 1.491330262500000226e-01
6.153519393924402614e-01 1.494303512500000097e-01
6.165826432712251393e-01 1.496714574999999936e-01
6.178158085577676317e-01 1.499242580000000047e-01
6.190514401748832274e-01 1.501564562500000144e-01
6.202895430552329836e-01 1.502521374999999937e-01
6.215301221413433996e-01 1.502095837499999864e-01
6.227731823856261784e-01 1.501594262500000054e-01
6.240187287503973224e-01 1.500464910000000041e-01
6.252667662078981170e-01 1.498492187500000128e-01
6.265172997403138933e-01 1.497010162500000130e-01
6.277703343397945668e-01 1.309131662499999904e-01
6.290258750084741779e-01 1.482543062500000230e-01
6.302839267584912086e-01 1.491269820000000190e-01
6.315444946120081227e-01 1.482208737500000095e-01
6.328075836012321265e-01 1.511879700000000049e-01
6.340731987684345983e-01 1.520456937499999883e-01
6.353413451659715161e-01 1.530134090000000169e-01
6.366120278563034418e-01 1.539311587499999912e-01
6.378852519120159492e-01 1.547201249999999861e-01
6.391610224158400522e-01 1.554357212499999918e-01
6.404393444606717445e-01 1.562671312499999965e-01
6.417202231495930942e-01 1.568442020000000159e-01
6.430036635958922275e-01 1.573428399999999838e-01
6.442896709230840901e-01 1.576670250000000162e-01
6.455782502649303201e-01 1.581653962500000066e-01
6.468694067654601199e-01 1.583683887500000054e-01
6.481631455789910179e-01 1.570198289999999997e-01
6.494594718701489633e-01 1.575288774999999974e-01
6.507583908138891982e-01 1.588980462500000357e-01
6.520599075955170187e-01 1.589209100000000263e-01
6.533640274107079815e-01 1.591630037499999761e-01
6.546707554655294414e-01 1.602084790000000147e-01
6.559800969764604250e-01 1.562313525000000036e-01
6.572920571704133907e-01 1.609191400000000161e-01
6.586066412847542129e-01 1.608528025000000028e-01
6.599238545673237200e-01 1.615420075000000011e-01
6.612437022764583450e-01 1.618307479999999965e-01
6.625661896810113305e-01 1.620410399999999973e-01
6.638913220603732679e-01 1.623379887499999674e-01
6.652191047044940797e-01 1.626515175000000091e-01
6.665495429139030037e-01 1.629918274999999916e-01
6.678826419997307973e-01 1.633842899999999876e-01
6.692184072837303876e-01 1.637481899999999879e-01
6.705568440982978551e-01 1.640389037499999925e-01
6.718979577864944153e-01 1.643122050000000167e-01
6.732417537020674025e-01 1.645155737500000326e-01
6.745882372094715862e-01 1.647424340000000209e-01
6.759374136838904867e-01 1.649769062499999994e-01
6.772892885112582473e-01 1.652105987499999928e-01
6.786438670882807278e-01 1.654539687499999856e-01
6.800011548224572655e-01 1.657319300000000273e-01
6.813611571321021021e-01 1.659535937499999891e-01
6.827238794463663663e-01 1.660936350000000172e-01
6.840893272052590568e-01 1.662110612500000140e-01
6.854575058596696913e-01 1.662817362500000062e-01
6.868284208713890671e-01 1.301412501599999993e-01
6.882020777131317990e-01 1.495645999999999920e-01
6.895784818685580797e-01 1.143901575125000070e-01
6.909576388322952178e-01 1.600921887500000029e-01
6.923395541099597317e-01 1.354201694999999928e-01
6.937242332181796645e-01 1.628001360000000119e-01
6.951116816846160118e-01 1.671194950000000068e-01
6.965019050479852591e-01 1.674192700000000089e-01
6.978949088580812532e-01 1.651651250000000237e-01
6.992906986757974064e-01 1.671230287499999856e-01
7.006892800731490123e-01 1.656944190000000094e-01
7.020906586332953392e-01 1.680647449999999876e-01
7.034948399505618344e-01 1.685612374999999885e-01
7.049018296304629949e-01 1.663680700000000068e-01
7.063116332897239058e-01 1.686161874999999866e-01
7.077242565563033327e-01 1.683313899999999974e-01
7.091397050694159265e-01 1.688994499999999788e-01
7.105579844795547606e-01 1.683276949999999994e-01
7.119791004485138686e-01 1.686175862499999789e-01
7.134030586494108928e-01 1.688065350000000076e-01
7.148298647667097327e-01 1.681760880000000014e-01
7.162595244962430829e-01 1.670994799999999947e-01
7.176920435452356362e-01 1.568719327499999983e-01
7.191274276323260661e-01 1.520531611250000026e-01
7.205656824875906752e-01 1.432837941250000025e-01
7.220068138525659318e-01 1.679367750000000103e-01
7.234508274802710082e-01 1.621532375000000192e-01
7.248977291352315389e-01 1.554603571250000038e-01
7.263475245935020475e-01 1.632221150000000010e-01
7.278002196426889281e-01 1.390007299375000116e-01
7.292558200819743153e-01 1.628044950000000213e-01
7.307143317221382883e-01 1.556652585000000144e-01
7.321757603855825192e-01 1.644773174999999976e-01
7.336401119063536980e-01 1.641077037500000002e-01
7.351073921301664038e-01 1.673010779999999920e-01
7.365776069144267524e-01 1.698059224999999839e-01
7.380507621282555997e-01 1.699133650000000106e-01
7.395268636525120787e-01 1.691420487499999958e-01
7.410059173798171361e-01 1.701833062499999993e-01
7.424879292145767362e-01 1.701516539999999855e-01
7.439729050730057303e-01 1.694516987499999905e-01
7.454608508831517266e-01 1.697576074999999907e-01
7.469517725849180723e-01 1.699316437500000276e-01
7.484456761300879446e-01 1.699180925000000064e-01
7.499425674823481103e-01 1.698271980000000125e-01
7.514424526173126839e-01 1.702228149999999995e-01
7.529453375225474421e-01 1.704196587499999804e-01
7.544512281975925827e-01 1.706718349999999940e-01
7.559601306539878163e-01 1.707982937499999965e-01
7.574720509152956804e-01 1.709091270000000218e-01
7.589869950171262980e-01 1.649357687499999892e-01
7.605049690071605806e-01 4.961618699999999910e-02
7.620259789451748755e-01 4.341109387500000083e-02
7.635500309030651689e-01 7.073368437499999439e-02
7.650771309648712881e-01 1.203534403999999974e-01
7.666072852268009941e-01 1.308171985000000093e-01
7.681404997972545168e-01 1.587028024999999898e-01
7.696767807968490915e-01 1.706885674999999991e-01
7.712161343584428286e-01 1.709345337500000062e-01
7.727585666271596931e-01 1.708494700000000310e-01
7.743040837604140414e-01 1.706913137500000177e-01
7.758526919279349343e-01 1.705828862500000098e-01
7.774043973117907846e-01 1.704079124999999806e-01
7.789592061064143369e-01 1.702508437499999916e-01
7.805171245186270923e-01 1.701378100000000004e-01
7.820781587676643998e-01 1.703168724999999939e-01
7.836423150851996589e-01 1.703613024999999781e-01
7.852095997153700768e-01 1.705534099999999886e-01
7.867800189148008716e-01 1.699501120000000143e-01
7.883535789526303628e-01 1.706996162499999914e-01
7.899302861105357287e-01 1.669722925000000080e-01
7.915101466827567656e-01 1.704509462499999572e-01
7.930931669761223102e-01 1.710225599999999901e-01
7.946793533100744433e-01 1.712140299999999615e-01
7.962687120166946908e-01 1.691604562500000075e-01
7.978612494407281153e-01 1.699109099999999983e-01
7.994569719396096286e-01 1.695250749999999973e-01
8.010558858834887497e-01 1.700959012499999867e-01
8.026579976552556950e-01 1.655449442999999965e-01
8.042633136505661362e-01 1.690970125000000046e-01
8.058718402778672907e-01 1.709376974999999854e-01
8.074835839584230124e-01 1.706491137499999977e-01
8.090985511263398822e-01 1.702877187499999834e-01
8.107167482285926319e-01 1.696523649999999994e-01
8.123381817250497905e-01 1.700960675000000033e-01
8.139628580884998854e-01 1.657159649999999929e-01
8.155907838046769776e-01 1.674722175000000202e-01
8.172219653722863075e-01 1.663096537499999805e-01
8.188564093030309410e-01 1.423730630299999689e-01
8.204941221216369707e-01 1.531363261249999996e-01
8.221351103658802728e-01 1.658412887500000099e-01
8.237793805866120422e-01 1.667437337499999839e-01
8.254269393477852157e-01 1.372059168624999992e-01
8.270777932264807841e-01 1.649501690000000353e-01
8.287319488129337719e-01 1.486198021250000056e-01
8.303894127105596601e-01 1.682807199999999948e-01
8.320501915359808098e-01 1.683746337499999746e-01
8.337142919190527746e-01 1.686047287500000158e-01
8.353817205028908344e-01 1.706860299999999886e-01
8.370524839438966413e-01 1.705520812499999872e-01
8.387265889117843098e-01 1.709260237499999890e-01
8.404040420896079500e-01 1.705681324999999970e-01
8.420848501737872027e-01 1.707599700000000109e-01
8.437690198741347736e-01 1.702207219999999910e-01
8.454565579138830778e-01 1.710809287499999998e-01
8.471474710297107746e-01 1.710591475000000083e-01
8.488417659717701902e-01 1.708014999999999950e-01
8.505394495037137403e-01 1.705378329999999998e-01
8.522405284027212424e-01 1.695117387500000017e-01
8.539450094595266716e-01 1.700752637500000108e-01
8.556528994784455833e-01 1.703863787500000115e-01
8.573642052774025357e-01 1.705343525000000138e-01
8.590789336879574023e-01 1.706263869999999905e-01
8.607970915553332381e-01 1.707956224999999939e-01
8.625186857384439243e-01 1.709306224999999901e-01
8.642437231099207029e-01 1.710525350000000055e-01
8.659722105561405980e-01 1.711037224999999995e-01
8.677041549772528395e-01 1.711629950000000122e-01
8.694395632872073953e-01 1.711399037499999887e-01
8.711784424137818394e-01 1.711171412499999933e-01
8.729207992986094400e-01 1.712007750000000272e-01
8.746666408972065820e-01 1.712151737500000048e-01
8.764159741790010782e-01 1.712045890000000181e-01
8.781688061273591472e-01 1.712360075000000093e-01
8.799251437396138353e-01 1.707073300000000182e-01
8.816849940270929942e-01 1.700559062499999996e-01
8.834483640151471473e-01 1.702385975000000051e-01
8.852152607431775788e-01 1.704151929999999926e-01
8.869856912646638669e-01 1.695342562500000150e-01
8.887596626471931938e-01 1.697785162499999834e-01
8.905371819724876570e-01 1.702764237499999889e-01
8.923182563364325803e-01 1.699943562500000060e-01
8.941028928491054906e-01 1.611609110999999983e-01
8.958910986348036509e-01 1.666910174999999827e-01
8.976828808320732600e-01 1.629733600000000115e-01
8.994782465937374294e-01 1.640144325000000014e-01
9.012772030869248274e-01 1.656865449999999906e-01
9.030797574930986560e-01 1.658559019999999995e-01
9.048859170080848502e-01 1.682769550000000336e-01
9.066956888421009442e-01 1.656589262500000048e-01
9.085090802197851589e-01 1.596523760000000125e-01
9.103260983802247130e-01 1.400065735000000366e-01
9.121467505769851325e-01 1.594742736249999959e-01
9.139710440781392276e-01 1.515927591250000039e-01
9.157989861662954034e-01 1.393894328812499972e-01
9.176305841386280804e-01 1.603154774999999976e-01
9.194658453069053383e-01 1.655030059999999803e-01
9.213047769975191148e-01 1.602635467499999855e-01
9.231473865515140709e-01 1.692307949999999894e-01
9.249936813246171230e-01 1.561024255000000027e-01
9.268436686872664199e-01 1.664768812499999862e-01
9.286973560246409853e-01 1.570555985999999848e-01
9.305547507366902504e-01 1.565826712499999995e-01
9.324158602381635852e-01 1.396868178750000078e-01
9.342806919586399417e-01 1.169017955500000067e-01
9.361492533425572748e-01 1.452963650000000106e-01
9.380215518492422966e-01 6.924895621099999565e-02
9.398975949529408958e-01 1.326789959999999935e-01
9.417773901428466710e-01 1.042671872375000031e-01
9.436609449231323499e-01 8.909812236624999049e-02
9.455482668129786550e-01 1.303453462125000184e-01
9.474393633466045017e-01 1.422449226999999983e-01
9.493342420732977516e-01 1.143917697125000077e-01
9.512329105574443000e-01 1.333251930875000157e-01
9.531353763785591626e-01 1.500243641250000037e-01
9.550416471313163402e-01 1.091577878999999973e-01
9.569517304255790169e-01 1.091419112400000002e-01
9.588656338864300910e-01 1.370151603750000280e-01
9.607833651542030395e-01 1.537152531250000065e-01
9.627049318845114501e-01 1.320627188124999796e-01
9.646303417482804399e-01 1.586787524999999921e-01
9.665596024317769652e-01 1.478926436999999927e-01
9.684927216366405744e-01 1.539433246250000165e-01
9.704297070799138281e-01 1.581315249999999950e-01
9.723705664940736071e-01 1.624001174999999964e-01
9.743153076270618662e-01 1.483071171399999999e-01
9.762639382423159429e-01 1.557080262499999923e-01
9.782164661188006427e-01 1.556106387499999744e-01
9.801728990510382156e-01 1.624166662500000080e-01
9.821332448491403300e-01 1.634723375000000090e-01
9.840975113388386042e-01 1.654666629999999861e-01
9.860657063615162476e-01 1.648460525000000343e-01
9.880378377742392582e-01 1.656955062499999853e-01
9.900139134497877302e-01 1.650911350000000000e-01
9.919939412766873854e-01 1.655666037499999854e-01
9.939779291592407695e-01 1.660621129999999834e-01
9.959658850175592271e-01 1.663007937500000089e-01
9.979578167875942096e-01 1.665587312500000083e-01
9.999537324211694722e-01 1.665795087499999938e-01
1.001953639886011826e+00 1.666020425000000194e-01
1.003957547165783781e+00 1.656389759999999933e-01
1.005965462260115295e+00 1.671306500000000195e-01
1.007977393184635417e+00 1.672205412499999932e-01
1.009993347971004818e+00 1.668281999999999821e-01
1.012013334666946873e+00 1.673628100000000007e-01
1.014037361336280751e+00 1.675748749999999843e-01
1.016065436058953164e+00 1.678224512500000043e-01
1.018097566931071229e+00 1.680818062499999932e-01
1.020133762064933336e+00 1.667228687500000028e-01
1.022174029589063338e+00 1.680336487499999587e-01
1.024218377648241418e+00 1.686264010000000091e-01
1.026266814403537841e+00 1.687708675000000047e-01
1.028319348032344926e+00 1.686680125000000197e-01
1.030375986728409687e+00 1.688917062499999955e-01
1.032436738701866474e+00 1.690342925000000163e-01
1.034501612179270502e+00 1.692432989999999859e-01
1.036570615403628937e+00 1.694158612499999939e-01
1.038643756634436199e+00 1.694633437499999951e-01
1.040721044147705054e+00 1.694563399999999831e-01
1.042802486236000359e+00 1.695483699999999760e-01
1.044888091208472591e+00 1.696303110000000058e-01
1.046977867390889383e+00 1.696856449999999961e-01
1.049071823125671266e+00 1.696263025000000202e-01
1.051169966771922537e+00 1.697543212500000065e-01
1.053272306705466566e+00 1.699673859999999981e-01
1.055378851318877320e+00 1.700476587500000247e-01
1.057489609021515342e+00 1.701024637499999881e-01
1.059604588239558165e+00 1.700721074999999860e-01
1.061723797416037396e+00 1.700939249999999792e-01
1.063847245010869358e+00 1.700101169999999884e-01
1.065974939500891061e+00 1.666501550000000220e-01
1.068106889379893065e+00 1.699650075000000149e-01
1.070243103158652787e+00 1.692613024999999882e-01
1.072383589364970025e+00 1.700842562500000099e-01
1.074528356543700047e+00 1.700873519999999972e-01
1.076677413256787563e+00 1.698485612500000019e-01
1.078830768083300917e+00 1.700499837499999944e-01
1.080988429619467617e+00 1.693699249999999767e-01
1.083150406478706529e+00 1.699102849999999942e-01
1.085316707291664073e+00 1.676020709999999914e-01
1.087487340706247529e+00 1.698180887500000125e-01
1.089662315387660119e+00 1.686783412500000301e-01
1.091841640018435422e+00 1.642031438749999850e-01
1.094025323298472241e+00 1.694312549999999751e-01
1.096213373945069236e+00 1.689471530000000166e-01
1.098405800692959566e+00 1.683191562499999905e-01
1.100602612294345528e+00 1.669025537499999878e-01
1.102803817518934082e+00 1.632641137499999950e-01
1.105009425153971936e+00 1.646468062499999996e-01
1.107219444004279962e+00 1.604090610000000194e-01
1.109433882892288503e+00 1.434838662750000104e-01
1.111652750658073119e+00 1.635406687500000067e-01
1.113876056159389227e+00 1.348257319625000006e-01
1.116103808271708075e+00 1.070036769815000260e-01
1.118336015888251378e+00 1.241606655999999975e-01
1.120572687920027732e+00 1.033872342141250039e-01
1.122813833295867925e+00 8.439121479999998898e-02
1.125059460962459568e+00 1.121403580237499836e-01
1.127309579884384405e+00 5.682985264300000061e-02
1.129564199044153394e+00 1.084101896124999853e-01
1.131823327442241567e+00 1.525406824999999966e-01
1.134086974097126221e+00 6.978562613625000077e-02
1.136355148045320451e+00 1.280638250124999933e-01
1.138627858341410892e+00 1.327984986200000106e-01
1.140905114058093694e+00 1.252830832750000123e-01
1.143186924286210049e+00 1.401073137999999940e-01
1.145473298134782603e+00 1.437963161249999899e-01
1.147764244731052097e+00 1.223610395000000045e-01
1.150059773220514225e+00 1.330212467999999926e-01
1.152359892766955163e+00 1.332149983250000003e-01
1.154664612552489089e+00 1.141247650999999974e-01
1.156973941777594161e+00 1.444758353750000002e-01
1.159287889661149373e+00 1.550118187499999745e-01
1.161606465440471636e+00 1.532620109999999758e-01
1.163929678371352416e+00 1.352181529525000037e-01
1.166257537728095262e+00 1.528865412500000076e-01
1.168590052803551327e+00 1.533585387499999952e-01
1.170927232909158455e+00 1.510177516250000018e-01
1.173269087374976705e+00 1.550979679999999750e-01
1.175615625549726762e+00 1.546153712499999944e-01
1.177966856800826134e+00 1.461012500000000158e-01
1.180322790514427789e+00 1.572665187499999728e-01
1.182683436095456564e+00 1.386723348375000220e-01
1.185048802967647585e+00 1.451570272999999911e-01
1.187418900573582903e+00 1.441307310375000150e-01
1.189793738374729903e+00 1.558985049999999928e-01
1.192173325851479504e+00 1.547547612500000114e-01
1.194557672503182344e+00 1.397384541250000223e-01
1.196946787848188531e+00 1.451520198999999844e-01
1.199340681423884947e+00 1.465159341249999969e-01
1.201739362786732546e+00 1.492328500000000002e-01
1.204142841512306106e+00 1.338424254499999966e-01
1.206551127195330864e+00 1.557727987499999966e-01
1.208964229449721373e+00 1.570869990000000049e-01
1.211382157908620805e+00 1.548253962499999969e-01
1.213804922224438254e+00 1.559240275000000064e-01
1.216232532068886929e+00 1.566181574999999937e-01
1.218664997133024785e+00 1.548919099999999660e-01
1.221102327127290721e+00 1.383948037500000172e-01
1.223544531781545430e+00 1.555036350000000012e-01
1.225991620845108487e+00 1.585042549999999828e-01
1.228443604086798757e+00 1.585253837499999707e-01
1.230900491294972365e+00 1.585921480000000161e-01
1.233362292277562222e+00 1.587143550000000014e-01
1.235829016862117324e+00 1.592603074999999757e-01
1.238300674895841613e+00 1.594211474999999989e-01
1.240777276245633054e+00 1.595509300000000075e-01
1.243258830798124492e+00 1.597138399999999958e-01
1.245745348459720736e+00 1.597862737499999852e-01
1.248236839156640077e+00 1.598674525000000068e-01
1.250733312834953370e+00 1.599367824999999854e-01
1.253234779460623338e+00 1.599640912499999956e-01
1.255741249019544536e+00 1.596724039999999900e-01
1.258252731517583545e+00 1.595803074999999904e-01
1.260769236980618713e+00 1.550242937500000140e-01
1.263290775454580128e+00 1.537460212500000034e-01
1.265817357005489141e+00 1.463967525000000047e-01
1.268348991719500107e+00 9.182146077399999662e-02
1.270885689702939025e+00 1.402792612500000091e-01
1.273427461082345058e+00 1.508114100000000068e-01
1.275974316004509834e+00 1.588675049999999922e-01
1.278526264636518750e+00 1.577973149999999936e-01
1.281083317165791824e+00 1.541967179999999826e-01
1.283645483800123444e+00 1.593627950000000015e-01
1.286212774767723666e+00 1.591726949999999752e-01
1.288785200317259072e+00 1.584724550000000121e-01
1.291362770717893405e+00 1.581987237499999921e-01
1.293945496259329087e+00 1.577661629999999870e-01
1.296533387251847858e+00 1.551448599999999678e-01
1.299126454026351407e+00 1.567228037500000004e-01
1.301724706934404230e+00 1.537578749999999883e-01
1.304328156348272927e+00 1.546857379999999893e-01
1.306936812660969505e+00 1.348067018750000179e-01
1.309550686286291565e+00 1.372878352250000156e-01
1.312169787658864273e+00 1.533831812500000003e-01
1.314794127234181875e+00 1.136371564628749914e-01
1.317423715488650338e+00 1.474405989999999778e-01
1.320058562919627532e+00 1.394682097500000162e-01
1.322698680045466757e+00 1.453018474999999976e-01
1.325344077405557819e+00 1.428495437500000020e-01
1.327994765560368773e+00 1.306682986374999855e-01
1.330650755091489668e+00 1.046803390500000014e-01
1.333312056601672513e+00 1.094345372749999934e-01
1.335978680714875910e+00 1.319439028749999909e-01
1.338650638076305466e+00 1.330770575000000122e-01
1.341327939352458198e+00 1.270315558750000073e-01
1.344010595231163174e+00 1.057801541650000010e-01
1.346698616421625472e+00 6.994659930999999609e-02
1.349392013654468592e+00 6.346686482212499092e-02
1.352090797681777534e+00 8.737702337500000138e-02
1.354794979277141209e+00 5.297850263499999379e-02
1.357504569235695513e+00 5.607983149500000292e-02
1.360219578374167071e+00 3.922918662162500070e-02
1.362940017530915426e+00 4.665041539999999903e-02
1.365665897565977005e+00 5.038815072874999745e-02
1.368397229361109080e+00 2.291356609862500032e-02
1.371134023819831294e+00 1.817700659579999864e-02
1.373876291867470956e+00 3.377767283692500316e-02
1.376624044451205897e+00 5.713042282239999547e-02
1.379377292540108435e+00 3.964181730500000028e-02
1.382136047125188671e+00 3.215250325750000637e-02
1.384900319219438902e+00 3.737361309800000392e-02
1.387670119857877804e+00 5.818488082837499492e-02
1.390445460097593511e+00 6.242390184624999061e-02
1.393226351017788911e+00 4.037679472624999821e-02
1.396012803719824280e+00 3.026112278700000130e-02
1.398804829327263910e+00 3.101375419087500432e-02
1.401602438985918520e+00 3.475850605900000084e-02
1.404405643863890329e+00 4.035816680999999850e-02
1.407214455151617916e+00 4.038214936137500544e-02
1.410028884061921284e+00 4.927102990900000118e-02
1.412848941830045169e+00 4.437513171312500171e-02
1.415674639713705218e+00 3.822071488698750019e-02
1.418505988993132627e+00 3.919696190625000104e-02
1.421343000971118986e+00 5.096867898750000181e-02
1.424185686973061138e+00 4.704170569999999857e-02
1.427034058347007139e+00 4.923851983837500973e-02
1.429888126463701337e+00 5.139284389999999869e-02
1.432747902716628552e+00 2.580570031142499776e-02
1.435613398522062045e+00 3.950978276874999445e-02
1.438484625319106147e+00 4.198005776899999680e-02
1.441361594569744220e+00 4.592596699999999810e-02
1.444244317758883733e+00 5.346455985000000966e-02
1.447132806394401561e+00 5.239582106250000038e-02
1.450027072007190387e+00 4.202450403750000035e-02
1.452927126151204895e+00 4.423203529200000345e-02
1.455832980403507282e+00 5.284270704999999985e-02
1.458744646364314335e+00 4.758853212999999277e-02
1.461662135657042949e+00 4.873072740500000027e-02
1.464585459928356981e+00 4.443971057499999933e-02
1.467514630848213653e+00 5.440499550899999259e-02
1.470449660109910184e+00 4.420642417500000171e-02
1.473390559430129976e+00 4.051710139749999801e-02
1.476337340548990129e+00 6.001840681250000115e-02
1.479290015230088073e+00 5.503781881375000018e-02
1.482248595260548196e+00 6.348996392000000322e-02
1.485213092451069361e+00 6.660103447500000107e-02
1.488183518635971314e+00 6.969053162500001009e-02
1.491159885673243313e+00 6.705266141999999263e-02
1.494142205444589644e+00 6.794089674875000706e-02
1.497130489855478697e+00 7.934436200000000161e-02
1.500124750835189813e+00 8.079815375000000410e-02
1.503125000336860140e+00 7.732781620000001022e-02
1.506131250337534144e+00 8.578170999999999713e-02
1.509143512838209134e+00 8.731062099999999104e-02
1.512161799863885658e+00 8.626767537500000527e-02
1.515186123463613477e+00 8.996546375000000206e-02
1.518216495710540626e+00 9.274833374999999491e-02
1.521252928701961604e+00 9.427254749999999794e-02
1.524295434559365781e+00 9.424342399999999231e-02
1.527344025428484464e+00 9.651906249999998855e-02
1.530398713479341533e+00 9.815916624999999895e-02
1.533459510906300283e+00 9.735267374999999335e-02
1.536526429928112947e+00 1.000707962499999965e-01
1.539599482787969098e+00 9.885856200000001093e-02
1.542678681753545167e+00 1.023161262500000002e-01
1.545764039117052402e+00 1.035536237499999901e-01
1.548855567195286387e+00 1.047904550000000046e-01
1.551953278329677000e+00 1.057334262499999983e-01
1.555057184886336374e+00 1.068082749999999942e-01
1.558167299256108862e+00 1.077384700000000028e-01
1.561283633854621211e+00 1.087259274999999997e-01
1.564406201122330309e+00 1.095738587500000027e-01
1.567535013524575138e+00 1.101431000000000077e-01
1.570670083551624074e+00 9.989379530000000451e-02
1.573811423718727287e+00 9.222192749999999495e-02
1.576959046566164702e+00 1.002954024999999916e-01
1.580112964659297070e+00 1.105431575000000166e-01
1.583273190588615709e+00 1.139118050000000049e-01
1.586439736969792680e+00 1.138074260000000032e-01
1.589612616443732307e+00 1.157714862499999997e-01
1.592791841676620024e+00 1.154805037499999909e-01
1.595977425359973001e+00 1.170495174999999916e-01
1.599169380210692992e+00 1.164145775000000049e-01
1.602367718971114297e+00 1.075953759999999926e-01
1.605572454409056604e+00 1.105593537500000056e-01
1.608783599317874735e+00 1.142763062499999871e-01
1.612001166516510375e+00 1.174081412500000005e-01
1.615225168849543369e+00 1.209220329999999982e-01
1.618455619187242345e+00 1.216965975000000033e-01
1.621692530425617118e+00 1.222580487500000007e-01
1.624935915486468208e+00 1.224623924999999891e-01
1.628185787317441235e+00 1.231292824999999924e-01
1.631442158892076222e+00 1.212596630000000036e-01
1.634705043209860431e+00 1.224816237499999905e-01
1.637974453296279886e+00 1.198715449999999821e-01
1.641250402202872660e+00 1.163661112500000011e-01
1.644532903007278390e+00 1.130884487500000007e-01
1.647821968813293125e+00 1.228488149999999862e-01
1.651117612750919506e+00 1.021566012499999926e-01
1.654419847976421387e+00 1.231581262499999996e-01
1.657728687672374246e+00 1.240347112499999988e-01
1.661044145047719134e+00 1.262411274999999944e-01
1.664366233337814638e+00 1.088066691999999974e-01
1.667694965804490170e+00 1.251407762500000020e-01
1.671030355736099260e+00 1.267380800000000030e-01
1.674372416447571510e+00 1.249085924999999986e-01
1.677721161280466333e+00 1.258830749999999832e-01
1.681076603603027353e+00 1.256877400000000200e-01
1.684438756810233473e+00 1.266597425000000054e-01
1.687807634323853945e+00 1.260893037499999925e-01
1.691183249592501658e+00 1.208456862500000145e-01
1.694565616091686655e+00 1.261633937499999913e-01
1.697954747323870084e+00 1.260660289999999961e-01
1.701350656818517715e+00 1.216059349999999983e-01
1.704753358132154784e+00 1.235011274999999881e-01
1.708162864848419282e+00 1.197698387500000100e-01
1.711579190578115917e+00 1.240777762499999937e-01
1.715002348959272283e+00 1.231302000000000091e-01
1.718432353657190825e+00 1.195285625000000046e-01
1.721869218364505016e+00 1.156853285000000037e-01
1.725312956801233977e+00 1.209269750000000060e-01
1.728763582714836655e+00 1.144582712500000071e-01
1.732221109880266230e+00 1.203446430000000011e-01
1.735685552100026730e+00 1.195559199999999961e-01
1.739156923204226768e+00 1.185989474999999960e-01
1.742635237050635277e+00 1.145304511250000018e-01
1.746120507524736576e+00 1.129161382999999963e-01
1.749612748539786100e+00 1.178636425000000043e-01
1.753111974036865472e+00 1.167665899999999896e-01
1.756618197984939123e+00 1.143274062499999993e-01
1.760131434380908910e+00 1.148766187500000063e-01
1.763651697249670747e+00 1.131122430000000012e-01
1.767179000644169884e+00 1.110698799999999958e-01
1.770713358645458202e+00 1.126225862499999897e-01
1.774254785362749054e+00 1.081948993749999866e-01
1.777803294933474554e+00 7.915255783887499563e-02
1.781358901523341753e+00 1.047427324600000015e-01
1.784921619326388376e+00 9.029241438875000580e-02
1.788491462565041212e+00 1.087024337499999938e-01
1.792068445490171413e+00 9.299445799999998818e-02
1.795652582381151552e+00 1.067076999999999887e-01
1.799243887545913800e+00 9.455364661000001392e-02
1.802842375321005663e+00 8.772232218750000698e-02
1.806448060071647710e+00 8.627719913500001003e-02
1.810060956191791082e+00 6.782875321374999544e-02
1.813681078104174560e+00 5.709049058487499634e-02
1.817308440260382962e+00 5.163178371367999758e-02
1.820943057140903765e+00 3.949183436049999441e-02
1.824584943255185721e+00 7.746457104124998549e-02
1.828234113141696149e+00 6.966000677125000484e-02
1.831890581367979554e+00 2.912980629375000116e-02
1.835554362530715355e+00 4.267798966100000424e-02
1.839225471255776734e+00 2.923188557300000073e-02
1.842903922198288136e+00 3.118302567399999781e-02
1.846589730042684785e+00 3.930151254500000024e-02
1.850282909502769968e+00 2.941689706762500023e-02
1.853983475321775654e+00 3.714654852281000508e-02
1.857691442272419113e+00 2.971643135112500209e-02
1.861406825156963984e+00 3.055885375285000150e-02
1.865129638807277779e+00 4.161094139687499666e-02
1.868859898084892279e+00 1.518144115999999974e-02
1.872597617881062160e+00 1.435898828500000064e-02
1.876342813116824271e+00 2.186995921550000110e-02
1.880095498743057814e+00 2.583049343800000383e-02
1.883855689740544070e+00 2.843117776462500065e-02
1.887623401120025246e+00 2.869368366700000145e-02
1.891398647922265308e+00 1.216698472375000138e-02
1.895181445218109717e+00 1.930059516549999937e-02
1.898971808108545822e+00 1.570644064750000360e-02
1.902769751724763037e+00 2.069354193900000208e-02
1.906575291228212565e+00 1.644891841505200306e-02
1.910388441810669136e+00 2.130893083999999688e-02
1.914209218694290282e+00 1.595978779499999944e-02
1.918037637131678963e+00 2.257670120750000092e-02
1.921873712405942403e+00 1.979124683874999846e-02
1.925717459830754041e+00 1.924043064879999917e-02
1.929568894750415708e+00 1.223472884781250103e-02
1.933428032539916241e+00 1.923885746999999882e-02
1.937294888604996324e+00 2.126109591625000017e-02
1.941169478382206215e+00 2.346758368000000095e-02
1.945051817338970590e+00 2.274625642000000295e-02
1.948941920973648489e+00 2.346302987499999937e-02
1.952839804815595715e+00 2.005275607000000029e-02
1.956745484425226778e+00 8.421009273750000232e-03
1.960658975394077297e+00 1.746023235250000055e-02
1.964580293344865503e+00 1.456199596879999801e-02
1.968509453931555075e+00 1.334812796474999994e-02
1.972446472839417986e+00 2.819188837500000155e-02
1.976391365785096887e+00 3.383427099999999910e-02
1.980344148516667069e+00 3.231794030000000040e-02
1.984304836813700401e+00 3.584532580000000107e-02
1.988273446487327956e+00 3.565598636250000286e-02
1.992249993380302620e+00 4.018191825000000383e-02
1.996234493367063045e+00 3.728965937499999911e-02
2.000226962353797155e+00 1.608193912700000075e-02
