2.002000000000000168e-01 1.897388299999999695e-02
2.006004000000000120e-01 2.591413499999999787e-02
2.010016008000000132e-01 1.998739999999999892e-02
2.014036040016000118e-01 2.797116374999999988e-02
2.018064112096032425e-01 2.733942600000000347e-02
2.022100240320224285e-01 2.987269124999999970e-02
2.026144440800864976e-01 3.147732250000000176e-02
2.030196729682466894e-01 3.076537000000000022e-02
2.034257123141831602e-01 2.990861375000000016e-02
2.038325637388115341e-01 2.897534599999999905e-02
2.042402288662891752e-01 2.808137624999999804e-02
2.046487093240217381e-01 2.731970000000000232e-02
2.050580067426697739e-01 2.671560375000000057e-02
2.054681227561551138e-01 2.659348999999999741e-02
2.058790590016674471e-01 2.648242899999999830e-02
2.062908171196707885e-01 2.625700499999999993e-02
2.067033987539101392e-01 2.601140500000000133e-02
2.071168055514179263e-01 2.580401000000000222e-02
2.075310391625207751e-01 2.564385624999999946e-02
2.079461012408458098e-01 2.544258399999999726e-02
2.083619934433275089e-01 2.523434874999999980e-02
2.087787174302141446e-01 2.504858499999999821e-02
2.091962748650745829e-01 2.485927875000000162e-02
2.096146674148047229e-01 2.463760125000000190e-02
2.100338967496343523e-01 2.436097499999999999e-02
2.104539645431336148e-01 2.417223500000000025e-02
2.108748724722198931e-01 2.401535875000000014e-02
2.112966222171643316e-01 2.380420625000000123e-02
2.117192154615986643e-01 2.355491374999999984e-02
2.121426538925218486e-01 2.319912299999999858e-02
2.125669392003068925e-01 2.282125000000000126e-02
2.129920730787074890e-01 2.249146875000000018e-02
2.134180572248648988e-01 2.217409375000000196e-02
2.138448933393146401e-01 2.186030874999999804e-02
2.142725831259932878e-01 2.142314300000000213e-02
2.147011282922452469e-01 2.095617500000000050e-02
2.151305305488297459e-01 2.058342125000000092e-02
2.155607916099274157e-01 2.027935624999999825e-02
2.159919131931472558e-01 1.994227399999999942e-02
2.164238970195335454e-01 1.954663874999999773e-02
2.168567448135726161e-01 1.916050874999999931e-02
2.172904583031997627e-01 1.879899625000000171e-02
2.177250392198061546e-01 1.845304999999999862e-02
2.181604892982457744e-01 1.807028500000000190e-02
2.185968102768422461e-01 1.767774375000000231e-02
2.190340038973959125e-01 1.727159625000000004e-02
2.194720719051907187e-01 1.684372749999999905e-02
2.199110160490010957e-01 1.642814624999999751e-02
2.203508380810991207e-01 1.598699199999999848e-02
2.207915397572613181e-01 1.556469249999999950e-02
2.212331228367758196e-01 1.514961374999999888e-02
2.216755890824493869e-01 1.471393749999999959e-02
2.221189402606142949e-01 1.429985750000000062e-02
2.225631781411355203e-01 1.386547099999999727e-02
2.230083044974177642e-01 1.345101875000000169e-02
2.234543211064126123e-01 1.309761375000000061e-02
2.239012297486254466e-01 1.271808999999999960e-02
2.243490322081226895e-01 1.234758625000000054e-02
2.247977302725389648e-01 1.194960000000000119e-02
2.252473257330840362e-01 1.157374125000000011e-02
2.256978203845501907e-01 1.125691875000000078e-02
2.261492160253192885e-01 1.093682625000000005e-02
2.266015144573699513e-01 1.060064750000000097e-02
2.270547174862846962e-01 1.023884199999999974e-02
2.275088269212572623e-01 9.889923500000001588e-03
2.279638445750997722e-01 9.592484000000001815e-03
2.284197722642499762e-01 9.295106500000000632e-03
2.288766118087784962e-01 8.984187500000000853e-03
2.293343650323960425e-01 8.644988699999999957e-03
2.297930337624608521e-01 8.328850124999998689e-03
2.302526198299857663e-01 7.973470499999999600e-03
2.307131250696457525e-01 7.796500875000000885e-03
2.311745513197850377e-01 7.533837250000000561e-03
2.316369004224245742e-01 7.307097400000000381e-03
2.321001742232694509e-01 7.082366750000000134e-03
2.325643745717159705e-01 6.853558250000000782e-03
2.330295033208594213e-01 6.627728999999999739e-03
2.334955623275011272e-01 6.420611099999999280e-03
2.339625534521561634e-01 6.244243000000000016e-03
2.344304785590604623e-01 6.032735249999999876e-03
2.348993395161785847e-01 5.848254750000000252e-03
2.353691381952109363e-01 5.724454749999999953e-03
2.358398764716013452e-01 5.527491699999999633e-03
2.363115562245445278e-01 5.318091625000000155e-03
2.367841793369936387e-01 5.190331874999999824e-03
2.372577476956675979e-01 5.033594750000000215e-03
2.377322631910589457e-01 4.900225374999999176e-03
2.382077277174410590e-01 4.736717300000000200e-03
2.386841431728759511e-01 4.600683625000000047e-03
2.391615114592217095e-01 4.494186125000000642e-03
2.396398344821401571e-01 4.331560750000000397e-03
2.401191141511044291e-01 4.206031249999999701e-03
2.405993523794066058e-01 4.126928499999999930e-03
2.410805510841654287e-01 4.005103624999999980e-03
2.415627121863337390e-01 3.883702874999999700e-03
2.420458376107064158e-01 3.802091000000000064e-03
2.425299292859278144e-01 3.739871750000000120e-03
2.430149891444997046e-01 3.656856999999999469e-03
2.435010191227887089e-01 3.550955125000000105e-03
2.439880211610342686e-01 3.473547375000000242e-03
2.444759972033563322e-01 3.433309999999999747e-03
2.449649491977630433e-01 3.379592000000000273e-03
2.454548790961585680e-01 3.246232500000000108e-03
2.459457888543508663e-01 3.167940250000000034e-03
2.464376804320595749e-01 3.138588999999999789e-03
2.469305557929236949e-01 3.091905499999999998e-03
2.474244169045095587e-01 3.007721625000000197e-03
2.479192657383185727e-01 2.948684200000000095e-03
2.484151042697951839e-01 2.911195374999999905e-03
2.489119344783347898e-01 2.818776874999999807e-03
2.494097583472914548e-01 2.777371124999999767e-03
2.499085778639860422e-01 2.729813400000000341e-03
2.504083950197140140e-01 2.715422250000000190e-03
2.509092118097534518e-01 2.697428624999999650e-03
2.514110302333729119e-01 2.630662125000000125e-03
2.519138522938396685e-01 2.553824249999999980e-03
2.524176799984273467e-01 2.559740400000000155e-03
2.529225153584241936e-01 2.545670625000000416e-03
2.534283603891410719e-01 2.500428124999999786e-03
2.539352171099192867e-01 2.461228375000000003e-03
2.544430875441391349e-01 2.464658499999999950e-03
2.549519737192273983e-01 2.430792099999999796e-03
2.554618776666658375e-01 2.365203250000000052e-03
2.559728014219991854e-01 2.378791250000000194e-03
2.564847470248432515e-01 2.404965999999999701e-03
2.569977165188929158e-01 2.389636499999999841e-03
2.575117119519306774e-01 2.370810399999999808e-03
2.580267353758345372e-01 2.361779249999999917e-03
2.585427888465862134e-01 2.293391499999999830e-03
2.590598744242793572e-01 2.283496500000000047e-03
2.595779941731279905e-01 2.365584874999999976e-03
2.600971501614742221e-01 2.369281899999999864e-03
2.606173444617971846e-01 2.289627875000000215e-03
2.611385791507207510e-01 2.323218499999999895e-03
2.616608563090221939e-01 2.371181625000000088e-03
2.621841780216402351e-01 2.345974624999999907e-03
2.627085463776834828e-01 2.336489700000000426e-03
2.632339634704388698e-01 2.419438500000000054e-03
2.637604313973797576e-01 2.426612500000000037e-03
2.642879522601745412e-01 2.380572624999999741e-03
2.648165281646948088e-01 2.399225250000000358e-03
2.653461612210242238e-01 2.450410299999999757e-03
2.658768535434662961e-01 2.446073999999999905e-03
2.664086072505532643e-01 2.495145625000000367e-03
2.669414244650543111e-01 2.566724874999999802e-03
2.674753073139844450e-01 2.565552699999999828e-03
2.680102579286124387e-01 2.582070750000000151e-03
2.685462784444696549e-01 2.674231624999999675e-03
2.690833710013585955e-01 2.738820125000000251e-03
2.696215377433612836e-01 2.709103499999999769e-03
2.701607808188479787e-01 2.752248699999999913e-03
2.707011023804857253e-01 2.862591624999999938e-03
2.712425045852466798e-01 2.915498375000000111e-03
2.717849895944172145e-01 2.937647499999999998e-03
2.723285595736060216e-01 3.003742749999999823e-03
2.728732166927532177e-01 3.091904900000000227e-03
2.734189631261387810e-01 3.176285625000000151e-03
2.739658010523910447e-01 3.313882125000000133e-03
2.745137326544958567e-01 3.412458374999999960e-03
2.750627601198047945e-01 3.427410124999999592e-03
2.756128856400444360e-01 3.572271900000000000e-03
2.761641114113245199e-01 3.678500625000000017e-03
2.767164396341471599e-01 3.794730249999999933e-03
2.772698725134154496e-01 3.878448750000000091e-03
2.778244122584422882e-01 4.018419875000000044e-03
2.783800610829592070e-01 4.193908700000000336e-03
2.789368212051250850e-01 4.362422874999999887e-03
2.794946948475353632e-01 4.505064624999999268e-03
2.800536842372304269e-01 4.630175874999999802e-03
2.806137916057048765e-01 4.893630374999999311e-03
2.811750191889162975e-01 5.077718699999999967e-03
2.817373692272941987e-01 5.449486499999999650e-03
2.823008439657487822e-01 5.616050000000000035e-03
2.828654456536803252e-01 5.845498624999999858e-03
2.834311765449876730e-01 5.909208374999999798e-03
2.839980388980776205e-01 6.353746099999999994e-03
2.845660349758737939e-01 6.714520750000000336e-03
2.851351670458255327e-01 7.058606375000000058e-03
2.857054373799171598e-01 7.411598374999999947e-03
2.862768482546770299e-01 7.664832499999999632e-03
2.868494019511863558e-01 8.099551900000001581e-03
2.874231007550887562e-01 8.503285249999999185e-03
2.879979469565989714e-01 9.171510750000000378e-03
2.885739428505121884e-01 9.642742999999998760e-03
2.891510907362132010e-01 1.019122849999999983e-02
2.897293929176856242e-01 1.085619999999999988e-02
2.903088517035209426e-01 1.135385249999999908e-02
2.908894694069280029e-01 1.190678125000000157e-02
2.914712483457418957e-01 1.275017750000000116e-02
2.920541908424333366e-01 1.378099800000000090e-02
2.926382992241182146e-01 1.442169500000000000e-02
2.932235758225664735e-01 1.534037749999999853e-02
2.938100229742116043e-01 1.652560250000000008e-02
2.943976430201600269e-01 1.729228499999999752e-02
2.949864383062003048e-01 1.842481699999999958e-02
2.955764111828127483e-01 2.004940125000000128e-02
2.961675640051783520e-01 2.142569125000000005e-02
2.967598991331887315e-01 2.252021624999999555e-02
2.973534189314551157e-01 2.409975500000000048e-02
2.979481257693180618e-01 2.616232299999999775e-02
2.985440220208566697e-01 2.782611125000000046e-02
2.991411100648984078e-01 2.947433374999999800e-02
2.997393922850282166e-01 3.202192125000000167e-02
3.003388710695982233e-01 3.374365249999999872e-02
3.009395488117374562e-01 3.637971300000000102e-02
3.015414279093609484e-01 3.969810624999999676e-02
3.021445107651796746e-01 4.147273375000000428e-02
3.027487997867099878e-01 4.479350749999999604e-02
3.033542973862833891e-01 4.874887625000000335e-02
3.039610059810559650e-01 5.114036300000000118e-02
3.045689279930180460e-01 5.501336874999999960e-02
3.051780658490040876e-01 6.099993624999999753e-02
3.057884219807021076e-01 6.460681625000000428e-02
3.063999988246635664e-01 6.685664374999999993e-02
3.070127988223129156e-01 7.375288800000000256e-02
3.076268244199575896e-01 8.202087499999999309e-02
3.082420780687974982e-01 8.463117250000000424e-02
3.088585622249351292e-01 8.842443624999998808e-02
3.094762793493849307e-01 9.810562800000000028e-02
3.100952319080837460e-01 1.063217237500000134e-01
3.107154223718998631e-01 1.114668987500000014e-01
3.113368532166437275e-01 1.154284687499999990e-01
3.119595269230769907e-01 1.303662874999999832e-01
3.125834459769231133e-01 1.446895500000000001e-01
3.132086128688770232e-01 1.482449499999999865e-01
3.138350300946147753e-01 1.496101125000000032e-01
3.144627001548039313e-01 1.701163250000000127e-01
3.150916255551135525e-01 1.778052999999999995e-01
3.157218088062238026e-01 1.731159499999999907e-01
3.163532524238362176e-01 1.939607750000000019e-01
3.169859589286838641e-01 2.001200000000000201e-01
3.176199308465412763e-01 1.950771625000000120e-01
3.182551707082343917e-01 2.105495500000000297e-01
3.188916810496508214e-01 2.337428900000000365e-01
3.195294644117501193e-01 2.213454750000000137e-01
3.201685233405736630e-01 2.203801749999999837e-01
3.208088603872547573e-01 2.494866999999999779e-01
3.214504781080292917e-01 2.638595874999999924e-01
3.220933790642453443e-01 2.438908599999999871e-01
3.227375658223737842e-01 2.420328249999999792e-01
3.233830409540185413e-01 2.746426124999999940e-01
3.240298070359265425e-01 2.882339875000000107e-01
3.246778666499984256e-01 2.718907875000000085e-01
3.253272223832984200e-01 2.633840299999999912e-01
3.259778768280650052e-01 2.856284500000000337e-01
3.266298325817211246e-01 3.023655500000000385e-01
3.272830922468845660e-01 2.931293874999999494e-01
3.279376584313783427e-01 2.771776249999999830e-01
3.285935337482410734e-01 2.919846200000000280e-01
3.292507208157375853e-01 3.115668124999999566e-01
3.299092222573690725e-01 3.115198249999999724e-01
3.305690407018838095e-01 2.965382249999999886e-01
3.312301787832875322e-01 2.912277125000000133e-01
3.318926391408540955e-01 3.073828299999999958e-01
3.325564244191357988e-01 3.165895874999999915e-01
3.332215372679740994e-01 3.123678249999999879e-01
3.338879803425100490e-01 2.992273999999999767e-01
3.345557563031950621e-01 3.104525799999999780e-01
3.352248678158014084e-01 3.173676125000000070e-01
3.358953175514330369e-01 3.180423249999999591e-01
3.365671081865359016e-01 3.123618000000000228e-01
3.372402424029089518e-01 3.055217125000000422e-01
3.379147228877147358e-01 3.098380700000000210e-01
3.385905523334902245e-01 3.158870624999999821e-01
3.392677334381571930e-01 3.157509250000000156e-01
3.399462689050334330e-01 3.121728999999999754e-01
3.406261614428435225e-01 3.102658624999999892e-01
3.413074137657292062e-01 3.142675300000000171e-01
3.419900285932606643e-01 3.147424374999999719e-01
3.426740086504471705e-01 3.141870500000000233e-01
3.433593566677480835e-01 3.121377499999999916e-01
3.440460753810836159e-01 3.080262750000000160e-01
3.447341675318457699e-01 3.094127999999999878e-01
3.454236358669094398e-01 3.108082999999999818e-01
3.461144831386432363e-01 3.106281249999999772e-01
3.468067121049205337e-01 3.100945125000000302e-01
3.475003255291303494e-01 3.082864499999999897e-01
3.481953261801886135e-01 3.086690500000000004e-01
3.488917168325489926e-01 3.083099874999999934e-01
3.495895002662141038e-01 3.075118625000000105e-01
3.502886792667465610e-01 3.067823625000000165e-01
3.509892566252800217e-01 3.057999750000000017e-01
3.516912351385305668e-01 3.036696300000000237e-01
3.523946176088076365e-01 3.036447374999999838e-01
3.530994068440251876e-01 3.032010000000000538e-01
3.538056056577132402e-01 3.026041750000000308e-01
3.545132168690287022e-01 3.018487750000000136e-01
3.552222433027667492e-01 3.007959500000000341e-01
3.559326877893722596e-01 2.999877625000000325e-01
3.566445531649510281e-01 2.991562500000000124e-01
3.573578422712808678e-01 2.983176750000000044e-01
3.580725579558234339e-01 2.974470399999999959e-01
3.587887030717350489e-01 2.965424999999999867e-01
3.595062804778785814e-01 2.954962624999999954e-01
3.602252930388343266e-01 2.948284249999999496e-01
3.609457436249119411e-01 2.943795249999999752e-01
3.616676351121618227e-01 2.938108700000000018e-01
3.623909703823861017e-01 2.931538124999999995e-01
3.631157523231508533e-01 2.926176125000000128e-01
3.638419838277971996e-01 2.920872749999999796e-01
3.645696677954528009e-01 2.915194124999999636e-01
3.652988071310436791e-01 2.908743200000000195e-01
3.660294047453057642e-01 2.902670250000000118e-01
3.667614635547964408e-01 2.897372874999999959e-01
3.674949864819060386e-01 2.891999625000000185e-01
3.682299764548698229e-01 2.886433500000000207e-01
3.689664364077795966e-01 2.880203699999999700e-01
3.697043692805951354e-01 2.874288875000000076e-01
3.704437780191563445e-01 2.867617000000000083e-01
3.711846655751946944e-01 2.860225375000000070e-01
3.719270349063450443e-01 2.852874999999999717e-01
3.726708889761577437e-01 2.844583900000000054e-01
3.734162307541100123e-01 2.836210875000000353e-01
3.741630632156182079e-01 2.828837124999999952e-01
3.749113893420494836e-01 2.821631999999999474e-01
3.756612121207335564e-01 2.814430250000000133e-01
3.764125345449750304e-01 2.806117700000000381e-01
3.771653596140650544e-01 2.797084499999999974e-01
3.779196903332932012e-01 2.791061125000000032e-01
3.786755297139597909e-01 2.783948749999999861e-01
3.794328807733876596e-01 2.776739249999999881e-01
3.801917465349344827e-01 2.769390999999999936e-01
3.809521300280043210e-01 2.763304374999999702e-01
3.817140342880603332e-01 2.758001499999999662e-01
3.824774623566364884e-01 2.752725500000000047e-01
3.832424172813497787e-01 2.746823400000000248e-01
3.840089021159124316e-01 2.740972125000000204e-01
3.847769199201442891e-01 2.735803625000000072e-01
3.855464737599845759e-01 2.730649499999999730e-01
3.863175667075045561e-01 2.725505375000000230e-01
3.870902018409195788e-01 2.719737199999999744e-01
3.878643822446014022e-01 2.714007500000000239e-01
3.886401110090906830e-01 2.708944500000000088e-01
3.894173912311088559e-01 2.703928749999999770e-01
3.901962260135710681e-01 2.698675375000000320e-01
3.909766184655981691e-01 2.691953700000000449e-01
3.917585717025293679e-01 2.685638249999999783e-01
3.925420888459344448e-01 2.679783749999999909e-01
3.933271730236262975e-01 2.672761250000000310e-01
3.941138273696735417e-01 2.668243499999999324e-01
3.949020550244128902e-01 2.661756800000000256e-01
3.956918591344616987e-01 2.655364624999999590e-01
3.964832428527306218e-01 2.649477875000000315e-01
3.972762093384361037e-01 2.643959875000000403e-01
3.980707617571129786e-01 2.636822624999999864e-01
3.988669032806272385e-01 2.631982899999999459e-01
3.996646370871884679e-01 2.625833874999999873e-01
4.004639663613628331e-01 2.621054124999999679e-01
4.012648942940855168e-01 2.616400624999999924e-01
4.020674240826737078e-01 2.611289125000000322e-01
4.028715589308390355e-01 2.604842099999999938e-01
4.036773020487006702e-01 2.598107250000000201e-01
4.044846566527980913e-01 2.592399000000000231e-01
4.052936259661036877e-01 2.586643250000000283e-01
4.061042132180359143e-01 2.580978374999999825e-01
4.069164216444720039e-01 2.575444199999999961e-01
4.077302544877609569e-01 2.569612749999999890e-01
4.085457149967364754e-01 2.565156874999999781e-01
4.093628064267299527e-01 2.560347749999999922e-01
4.101815320395834075e-01 2.555477875000000121e-01
4.110018951036625845e-01 2.549139000000000266e-01
4.118238988938699441e-01 2.542762124999999873e-01
4.126475466916577073e-01 2.537590375000000065e-01
4.134728417850409565e-01 2.532661000000000495e-01
4.142997874686110693e-01 2.526842999999999728e-01
4.151283870435482637e-01 2.522386749999999678e-01
4.159586438176353651e-01 2.518144625000000025e-01
4.167905611052706849e-01 2.512419249999999771e-01
4.176241422274811765e-01 2.507865125000000028e-01
4.184593905119361468e-01 2.502023399999999675e-01
4.192963092929599678e-01 2.494940625000000023e-01
4.201349019115458994e-01 2.489911249999999798e-01
4.209751717153689676e-01 2.484927375000000049e-01
4.218171220587997317e-01 2.480264125000000153e-01
4.226607563029173287e-01 2.475111999999999868e-01
4.235060778155231298e-01 2.470394499999999938e-01
4.243530899711541737e-01 2.466296124999999839e-01
4.252017961510964894e-01 2.461357499999999865e-01
4.260521997433986963e-01 2.455752625000000022e-01
4.269043041428854934e-01 2.450296000000000141e-01
4.277581127511712600e-01 2.444632874999999594e-01
4.286136289766736551e-01 2.439971875000000179e-01
4.294708562346269964e-01 2.435715875000000197e-01
4.303297979470962487e-01 2.431665375000000018e-01
4.311904575429904574e-01 2.426839000000000079e-01
4.320528384580764047e-01 2.421869124999999623e-01
4.329169441349925429e-01 2.417578125000000300e-01
4.337827780232624830e-01 2.412874125000000203e-01
4.346503435793090397e-01 2.407987625000000131e-01
4.355196442664676648e-01 2.402595899999999951e-01
4.363906835550006025e-01 2.397276125000000202e-01
4.372634649221106007e-01 2.392330125000000085e-01
4.381379918519547889e-01 2.388006249999999886e-01
4.390142678356587225e-01 2.383923499999999751e-01
4.398922963713300383e-01 2.379050099999999723e-01
4.407720809640727211e-01 2.372863500000000070e-01
4.416536251260008150e-01 2.360723875000000360e-01
4.425369323762528007e-01 2.361126500000000072e-01
4.434220062410053065e-01 2.354868900000000043e-01
4.443088502534873196e-01 2.350985750000000041e-01
4.451974679539942858e-01 2.347076375000000104e-01
4.460878628899022647e-01 2.342956625000000015e-01
4.469800386156820293e-01 2.342217500000000063e-01
4.478739986929134442e-01 2.338971299999999809e-01
4.487697466902992316e-01 2.334353249999999713e-01
4.496672861836799040e-01 2.328966999999999843e-01
4.505666207560472536e-01 2.323837624999999796e-01
4.514677539975593401e-01 2.319079750000000162e-01
4.523706895055544797e-01 2.313933599999999924e-01
4.532754308845656221e-01 2.309190250000000000e-01
4.541819817463347286e-01 2.305699999999999972e-01
4.550903457098274263e-01 2.301344625000000255e-01
4.560005264012471082e-01 2.297370999999999996e-01
4.569125274540495885e-01 2.291800999999999977e-01
4.578263525089577013e-01 2.286170250000000015e-01
4.587420052139756232e-01 2.280365874999999987e-01
4.596594892244035835e-01 2.274571125000000027e-01
4.605788082028524077e-01 2.268977875000000033e-01
4.614999658192581178e-01 2.263287499999999675e-01
4.624229657508966418e-01 2.259013250000000139e-01
4.633478116823984694e-01 2.256746000000000030e-01
4.642745073057632510e-01 2.254735625000000021e-01
4.652030563203747304e-01 2.252342250000000101e-01
4.661334624330154552e-01 2.248515999999999848e-01
4.670657293578814873e-01 2.243239625000000015e-01
4.679998608165972795e-01 2.237632750000000115e-01
4.689358605382304424e-01 2.230463249999999897e-01
4.698737322593069532e-01 2.226509249999999995e-01
4.708134797238255342e-01 2.221979600000000277e-01
4.717551066832731399e-01 2.217815874999999881e-01
4.726986168966397228e-01 2.215291625000000153e-01
4.736440141304329998e-01 2.212581249999999999e-01
4.745913021586939395e-01 2.207919749999999737e-01
4.755404847630113063e-01 2.201019199999999787e-01
4.764915657325373699e-01 2.193026375000000083e-01
4.774445488640024493e-01 2.185282374999999999e-01
4.783994379617304560e-01 2.177251625000000135e-01
4.793562368376539373e-01 2.169577400000000100e-01
4.803149493113292312e-01 2.163336000000000148e-01
4.812755792099518981e-01 2.159159875000000173e-01
4.822381303683718201e-01 2.155857500000000204e-01
4.832026066291085775e-01 2.153925750000000305e-01
4.841690118423668254e-01 2.152183599999999974e-01
4.851373498660515038e-01 2.151429000000000258e-01
4.861076245657836026e-01 2.150724749999999852e-01
4.870798398149152053e-01 2.147287125000000019e-01
4.880539994945450322e-01 2.145877499999999938e-01
4.890301074935341497e-01 2.142045700000000108e-01
4.900081677085211806e-01 2.137881500000000101e-01
4.909881840439382916e-01 2.134485875000000088e-01
4.919701604120261251e-01 2.130575375000000049e-01
4.929541007328501756e-01 2.128196375000000196e-01
4.939400089343158884e-01 2.123921599999999965e-01
4.949278889521845359e-01 2.118677499999999936e-01
4.959177447300888719e-01 2.113663037500000119e-01
4.969095802195490075e-01 2.108645925000000032e-01
4.979033993799881208e-01 2.102816212499999948e-01
4.988992061787480559e-01 2.096045729999999885e-01
4.998970045911055315e-01 2.088823674999999991e-01
5.008967986002876849e-01 2.081940824999999884e-01
5.018985921974883357e-01 2.068417337500000341e-01
5.029023893818832525e-01 2.065984375000000095e-01
5.039081941606470272e-01 2.054859490000000011e-01
5.049160105489682859e-01 2.050985462499999856e-01
5.059258425700663420e-01 2.046789800000000104e-01
5.069376942552064058e-01 2.034923899999999952e-01
5.079515696437167938e-01 2.044033737500000059e-01
5.089674727830042489e-01 2.043345180000000205e-01
5.099854077285701504e-01 2.043966625000000203e-01
5.110053785440273888e-01 2.039068037499999764e-01
5.120273893011153543e-01 2.038522050000000085e-01
5.130514440797175890e-01 2.032737419999999795e-01
5.140775469678771081e-01 2.027755425000000167e-01
5.151057020618128313e-01 2.023046637500000022e-01
5.161359134659364578e-01 2.018782674999999860e-01
5.171681852928683432e-01 2.015367487499999943e-01
5.182025216634540410e-01 2.011722069999999640e-01
5.192389267067809566e-01 2.007992399999999900e-01
5.202774045601945563e-01 2.004327462499999879e-01
5.213179593693149094e-01 1.999401387499999960e-01
5.223605952880534531e-01 1.992642487500000392e-01
5.234053164786296453e-01 1.984280519999999659e-01
5.244521271115868410e-01 1.975754812499999902e-01
5.255010313658099452e-01 1.969629312499999729e-01
5.265520334285416215e-01 1.962930700000000139e-01
5.276051374953987239e-01 1.956395962499999919e-01
5.286603477703895049e-01 1.949100449999999762e-01
5.297176684659302692e-01 1.941331812500000087e-01
5.307771038028621380e-01 1.935230462499999970e-01
5.318386580104679240e-01 1.930628375000000008e-01
5.329023353264887852e-01 1.925537712500000054e-01
5.339681399971416553e-01 1.921690439999999833e-01
5.350360762771360079e-01 1.919704137499999852e-01
5.361061484296902879e-01 1.918488787500000070e-01
5.371783607265496752e-01 1.917423637499999778e-01
5.382527174480027377e-01 1.916190425000000030e-01
5.393292228828987511e-01 1.913768139999999784e-01
5.404078813286645744e-01 1.907136474999999720e-01
5.414886970913218578e-01 1.886576875000000042e-01
5.425716744855044738e-01 1.897362012500000139e-01
5.436568178344756141e-01 1.889683112499999929e-01
5.447441314701444437e-01 1.885392519999999905e-01
5.458336197330847517e-01 1.879448812499999732e-01
5.469252869725509392e-01 1.878424874999999883e-01
5.480191375464960046e-01 1.875489724999999941e-01
5.491151758215888634e-01 1.872605109999999906e-01
5.502134061732321113e-01 1.869568337499999955e-01
5.513138329855785669e-01 1.866070324999999919e-01
5.524164606515497011e-01 1.862228149999999860e-01
5.535212935728528461e-01 1.858188687500000047e-01
5.546283361599984030e-01 1.853525529999999755e-01
5.557375928323184944e-01 1.848420362500000080e-01
5.568490680179830621e-01 1.843959212500000111e-01
5.579627661540189631e-01 1.839058075000000181e-01
5.590786916863270672e-01 1.833400924999999959e-01
5.601968490696997982e-01 1.825741250000000315e-01
5.613172427678392307e-01 1.816857862499999809e-01
5.624398772533748536e-01 1.809269924999999946e-01
5.635647570078816671e-01 1.801816412499999964e-01
5.646918865218973904e-01 1.795225799999999872e-01
5.658212702949412254e-01 1.789482229999999896e-01
5.669529128355310643e-01 1.784149649999999809e-01
5.680868186612021420e-01 1.778819987499999922e-01
5.692229922985245771e-01 1.768131862500000040e-01
5.703614382831215801e-01 1.769277575000000047e-01
5.715021611596877715e-01 1.762740749999999745e-01
5.726451654820071679e-01 1.750533037500000000e-01
5.737904558129711674e-01 1.753269549999999788e-01
5.749380367245970902e-01 1.750531237500000115e-01
5.760879127980462755e-01 1.746661374999999849e-01
5.772400886236424000e-01 1.747954919999999968e-01
5.783945688008896857e-01 1.746735274999999810e-01
5.795513579384914404e-01 1.748082774999999978e-01
5.807104606543684877e-01 1.749796087499999875e-01
5.818718815756771523e-01 1.752929400000000082e-01
5.830356253388285781e-01 1.753968260000000057e-01
5.842016965895062697e-01 1.753563212500000024e-01
5.853700999826851881e-01 1.755360575000000090e-01
5.865408401826505136e-01 1.757037312499999948e-01
5.877139218630158535e-01 1.760797524999999919e-01
5.888893497067417826e-01 1.732479090000000332e-01
5.900671284061553834e-01 1.712258000000000113e-01
5.912472626629676764e-01 1.752314399999999883e-01
5.924297571882934932e-01 1.744942149999999803e-01
5.936146167026701281e-01 1.727323289999999900e-01
5.948018459360754351e-01 1.650225725000000199e-01
5.959914496279475893e-01 1.734327525000000092e-01
5.971834325272035171e-01 1.728797712500000083e-01
5.983777993922578808e-01 1.719376562499999872e-01
5.995745549910425076e-01 1.718721540000000270e-01
6.007737041010245971e-01 1.715214912499999911e-01
6.019752515092265943e-01 1.718098425000000040e-01
6.031792020122450637e-01 1.716372837500000081e-01
6.043855604162695627e-01 1.714909374999999958e-01
6.055943315371020708e-01 1.716138980000000147e-01
6.068055202001763071e-01 1.717781237499999836e-01
6.080191312405766046e-01 1.720064874999999993e-01
6.092351695030577829e-01 1.723199337500000150e-01
6.104536398420639109e-01 1.726473950000000090e-01
6.116745471217479579e-01 1.729906199999999838e-01
6.128978962159914445e-01 1.733177737500000148e-01
6.141236920084234274e-01 1.735777787499999947e-01
6.153519393924402614e-01 1.736959599999999826e-01
6.165826432712251393e-01 1.737582762500000100e-01
6.178158085577676317e-01 1.738346329999999884e-01
6.190514401748832274e-01 1.739256562500000047e-01
6.202895430552329836e-01 1.739564637500000122e-01
6.215301221413433996e-01 1.740230887499999990e-01
6.227731823856261784e-01 1.741029087500000072e-01
6.240187287503973224e-01 1.740872790000000114e-01
6.252667662078981170e-01 1.739020150000000209e-01
6.265172997403138933e-01 1.737781524999999772e-01
6.277703343397945668e-01 1.601148649999999951e-01
6.290258750084741779e-01 1.727356200000000064e-01
6.302839267584912086e-01 1.733868869999999895e-01
6.315444946120081227e-01 1.725726887499999807e-01
6.328075836012321265e-01 1.745243400000000000e-01
6.340731987684345983e-01 1.749952399999999963e-01
6.353413451659715161e-01 1.754875580000000157e-01
6.366120278563034418e-01 1.758691962500000261e-01
6.378852519120159492e-01 1.761543937499999990e-01
6.391610224158400522e-01 1.763381787500000186e-01
6.404393444606717445e-01 1.768358700000000061e-01
6.417202231495930942e-01 1.772037240000000069e-01
6.430036635958922275e-01 1.774826262499999974e-01
6.442896709230840901e-01 1.776439412499999926e-01
6.455782502649303201e-01 1.779859137500000021e-01
6.468694067654601199e-01 1.779478687500000156e-01
6.481631455789910179e-01 1.761739629999999890e-01
6.494594718701489633e-01 1.763551637500000158e-01
6.507583908138891982e-01 1.778301712499999743e-01
6.520599075955170187e-01 1.775718725000000053e-01
6.533640274107079815e-01 1.778139362499999987e-01
6.546707554655294414e-01 1.787338920000000053e-01
6.559800969764604250e-01 1.727715174999999992e-01
6.572920571704133907e-01 1.791570187500000078e-01
6.586066412847542129e-01 1.787953562499999816e-01
6.599238545673237200e-01 1.794880600000000048e-01
6.612437022764583450e-01 1.796108889999999958e-01
6.625661896810113305e-01 1.795957562500000160e-01
6.638913220603732679e-01 1.798368150000000110e-01
6.652191047044940797e-01 1.800214800000000115e-01
6.665495429139030037e-01 1.802377862500000039e-01
6.678826419997307973e-01 1.804959919999999940e-01
6.692184072837303876e-01 1.806823037500000229e-01
6.705568440982978551e-01 1.807830649999999928e-01
6.718979577864944153e-01 1.808681100000000264e-01
6.732417537020674025e-01 1.808834525000000137e-01
6.745882372094715862e-01 1.809037360000000094e-01
6.759374136838904867e-01 1.809890825000000092e-01
6.772892885112582473e-01 1.811362249999999841e-01
6.786438670882807278e-01 1.812939725000000113e-01
6.800011548224572655e-01 1.814679740000000041e-01
6.813611571321021021e-01 1.815773912499999976e-01
6.827238794463663663e-01 1.816320462499999844e-01
6.840893272052590568e-01 1.816333349999999791e-01
6.854575058596696913e-01 1.815839512499999864e-01
6.868284208713890671e-01 1.441001371199999992e-01
6.882020777131317990e-01 1.738778037500000040e-01
6.895784818685580797e-01 1.314518989375000058e-01
6.909576388322952178e-01 1.774056500000000258e-01
6.923395541099597317e-01 1.540596519999999914e-01
6.937242332181796645e-01 1.770272750000000395e-01
6.951116816846160118e-01 1.815233612499999871e-01
6.965019050479852591e-01 1.818096875000000112e-01
6.978949088580812532e-01 1.783479474999999925e-01
6.992906986757974064e-01 1.811276587500000035e-01
7.006892800731490123e-01 1.797354190000000074e-01
7.020906586332953392e-01 1.818200037500000144e-01
7.034948399505618344e-01 1.822681162500000007e-01
7.049018296304629949e-01 1.793565925000000227e-01
7.063116332897239058e-01 1.822921037499999897e-01
7.077242565563033327e-01 1.817561480000000063e-01
7.091397050694159265e-01 1.823914074999999912e-01
7.105579844795547606e-01 1.815538574999999988e-01
7.119791004485138686e-01 1.818829199999999757e-01
7.134030586494108928e-01 1.820388199999999901e-01
7.148298647667097327e-01 1.813475599999999910e-01
7.162595244962430829e-01 1.788228862500000349e-01
7.176920435452356362e-01 1.688652174999999978e-01
7.191274276323260661e-01 1.662887862500000147e-01
7.205656824875906752e-01 1.603837537499999966e-01
7.220068138525659318e-01 1.808319290000000301e-01
7.234508274802710082e-01 1.753781887499999970e-01
7.248977291352315389e-01 1.694790962500000164e-01
7.263475245935020475e-01 1.745052187499999963e-01
7.278002196426889281e-01 1.518297126250000018e-01
7.292558200819743153e-01 1.753854550000000234e-01
7.307143317221382883e-01 1.654527591250000151e-01
7.321757603855825192e-01 1.758340262499999695e-01
7.336401119063536980e-01 1.765812987500000042e-01
7.351073921301664038e-01 1.793276279999999612e-01
7.365776069144267524e-01 1.820195024999999855e-01
7.380507621282555997e-01 1.820737399999999839e-01
7.395268636525120787e-01 1.811454524999999705e-01
7.410059173798171361e-01 1.823489124999999877e-01
7.424879292145767362e-01 1.823255029999999999e-01
7.439729050730057303e-01 1.808700187500000001e-01
7.454608508831517266e-01 1.815206224999999784e-01
7.469517725849180723e-01 1.821100887500000098e-01
7.484456761300879446e-01 1.820395462499999895e-01
7.499425674823481103e-01 1.817955490000000007e-01
7.514424526173126839e-01 1.821244062499999816e-01
7.529453375225474421e-01 1.821853250000000091e-01
7.544512281975925827e-01 1.823631274999999996e-01
7.559601306539878163e-01 1.824288449999999784e-01
7.574720509152956804e-01 1.824664599999999970e-01
7.589869950171262980e-01 1.757615549999999860e-01
7.605049690071605806e-01 8.852035249999999633e-02
7.620259789451748755e-01 7.385294174999999794e-02
7.635500309030651689e-01 1.082763942500000048e-01
7.650771309648712881e-01 1.479981579999999630e-01
7.666072852268009941e-01 1.528281416249999969e-01
7.681404997972545168e-01 1.712164262499999978e-01
7.696767807968490915e-01 1.816532187500000117e-01
7.712161343584428286e-01 1.821776700000000138e-01
7.727585666271596931e-01 1.821060140000000382e-01
7.743040837604140414e-01 1.817113100000000148e-01
7.758526919279349343e-01 1.818740799999999935e-01
7.774043973117907846e-01 1.816888500000000128e-01
7.789592061064143369e-01 1.814969949999999943e-01
7.805171245186270923e-01 1.812940700000000294e-01
7.820781587676643998e-01 1.814480962499999961e-01
7.836423150851996589e-01 1.814251362500000075e-01
7.852095997153700768e-01 1.815218550000000097e-01
7.867800189148008716e-01 1.806870360000000231e-01
7.883535789526303628e-01 1.815445100000000200e-01
7.899302861105357287e-01 1.778198974999999904e-01
7.915101466827567656e-01 1.810658599999999951e-01
7.930931669761223102e-01 1.817348525000000159e-01
7.946793533100744433e-01 1.818748249999999900e-01
7.962687120166946908e-01 1.795200475000000018e-01
7.978612494407281153e-01 1.806438337500000102e-01
7.994569719396096286e-01 1.801990100000000206e-01
8.010558858834887497e-01 1.806546987500000090e-01
8.026579976552556950e-01 1.742209213000000256e-01
8.042633136505661362e-01 1.787340037499999812e-01
8.058718402778672907e-01 1.812302424999999995e-01
8.074835839584230124e-01 1.809596062499999880e-01
8.090985511263398822e-01 1.806150437500000094e-01
8.107167482285926319e-01 1.800179120000000299e-01
8.123381817250497905e-01 1.804915437499999831e-01
8.139628580884998854e-01 1.739144400000000035e-01
8.155907838046769776e-01 1.773615587500000090e-01
8.172219653722863075e-01 1.769841974999999956e-01
8.188564093030309410e-01 1.540649167300000011e-01
8.204941221216369707e-01 1.670951750000000124e-01
8.221351103658802728e-01 1.762973287500000097e-01
8.237793805866120422e-01 1.769641499999999867e-01
8.254269393477852157e-01 1.511787797499999919e-01
8.270777932264807841e-01 1.755943130000000019e-01
8.287319488129337719e-01 1.623852650000000009e-01
8.303894127105596601e-01 1.779475150000000006e-01
8.320501915359808098e-01 1.780897387499999762e-01
8.337142919190527746e-01 1.777856025000000006e-01
8.353817205028908344e-01 1.804272199999999993e-01
8.370524839438966413e-01 1.802660325000000063e-01
8.387265889117843098e-01 1.807253075000000153e-01
8.404040420896079500e-01 1.802036124999999989e-01
8.420848501737872027e-01 1.807082912499999861e-01
8.437690198741347736e-01 1.803367230000000321e-01
8.454565579138830778e-01 1.811025237499999940e-01
8.471474710297107746e-01 1.810804449999999788e-01
8.488417659717701902e-01 1.808761862499999873e-01
8.505394495037137403e-01 1.805882859999999868e-01
8.522405284027212424e-01 1.795924724999999889e-01
8.539450094595266716e-01 1.801281724999999889e-01
8.556528994784455833e-01 1.804521649999999977e-01
8.573642052774025357e-01 1.805997624999999829e-01
8.590789336879574023e-01 1.806479619999999675e-01
8.607970915553332381e-01 1.807828775000000221e-01
8.625186857384439243e-01 1.808257537500000400e-01
8.642437231099207029e-01 1.809217912499999914e-01
8.659722105561405980e-01 1.808992825000000082e-01
8.677041549772528395e-01 1.809008430000000056e-01
8.694395632872073953e-01 1.808322287499999903e-01
8.711784424137818394e-01 1.807305424999999799e-01
8.729207992986094400e-01 1.808802049999999884e-01
8.746666408972065820e-01 1.808962599999999754e-01
8.764159741790010782e-01 1.808859350000000255e-01
8.781688061273591472e-01 1.809747287500000079e-01
8.799251437396138353e-01 1.803642937499999876e-01
8.816849940270929942e-01 1.792933674999999949e-01
8.834483640151471473e-01 1.800739249999999680e-01
8.852152607431775788e-01 1.802241430000000311e-01
8.869856912646638669e-01 1.795324887500000244e-01
8.887596626471931938e-01 1.796847050000000001e-01
8.905371819724876570e-01 1.801345349999999845e-01
8.923182563364325803e-01 1.797728087500000127e-01
8.941028928491054906e-01 1.663145309000000072e-01
8.958910986348036509e-01 1.762479624999999939e-01
8.976828808320732600e-01 1.728860499999999856e-01
8.994782465937374294e-01 1.736815562500000076e-01
9.012772030869248274e-01 1.757930037500000098e-01
9.030797574930986560e-01 1.760325460000000120e-01
9.048859170080848502e-01 1.782286662500000007e-01
9.066956888421009442e-01 1.757456512499999957e-01
9.085090802197851589e-01 1.712234555000000102e-01
9.103260983802247130e-01 1.514384195100000052e-01
9.121467505769851325e-01 1.698888549999999775e-01
9.139710440781392276e-01 1.632664181250000068e-01
9.157989861662954034e-01 1.447089560625000326e-01
9.176305841386280804e-01 1.673832800000000232e-01
9.194658453069053383e-01 1.744334369999999967e-01
9.213047769975191148e-01 1.701487825000000120e-01
9.231473865515140709e-01 1.788286274999999759e-01
9.249936813246171230e-01 1.646616800000000047e-01
9.268436686872664199e-01 1.759716574999999894e-01
9.286973560246409853e-01 1.621921735999999892e-01
9.305547507366902504e-01 1.655559266249999884e-01
9.324158602381635852e-01 1.525200859999999992e-01
9.342806919586399417e-01 1.364511136249999812e-01
9.361492533425572748e-01 1.601685781250000162e-01
9.380215518492422966e-01 8.397439491000001366e-02
9.398975949529408958e-01 1.494071208749999935e-01
9.417773901428466710e-01 1.240683933999999905e-01
9.436609449231323499e-01 1.068060808625000135e-01
9.455482668129786550e-01 1.464798485000000094e-01
9.474393633466045017e-01 1.574091572000000105e-01
9.493342420732977516e-01 1.222756174750000147e-01
9.512329105574443000e-01 1.439105243874999884e-01
9.531353763785591626e-01 1.618055337499999802e-01
9.550416471313163402e-01 1.208922435750000024e-01
9.569517304255790169e-01 1.258825412600000082e-01
9.588656338864300910e-01 1.505338733750000157e-01
9.607833651542030395e-01 1.651407900000000095e-01
9.627049318845114501e-01 1.510641477499999885e-01
9.646303417482804399e-01 1.700133362500000078e-01
9.665596024317769652e-01 1.620637024999999898e-01
9.684927216366405744e-01 1.635790424999999937e-01
9.704297070799138281e-01 1.687822049999999907e-01
9.723705664940736071e-01 1.736282062500000001e-01
9.743153076270618662e-01 1.619984590000000113e-01
9.762639382423159429e-01 1.650614524999999833e-01
9.782164661188006427e-01 1.673770962499999959e-01
9.801728990510382156e-01 1.739507000000000136e-01
9.821332448491403300e-01 1.748123462500000003e-01
9.840975113388386042e-01 1.768803209999999793e-01
9.860657063615162476e-01 1.752182350000000000e-01
9.880378377742392582e-01 1.772395287499999861e-01
9.900139134497877302e-01 1.760558975000000026e-01
9.919939412766873854e-01 1.761384737499999964e-01
9.939779291592407695e-01 1.775406559999999911e-01
9.959658850175592271e-01 1.777831225000000015e-01
9.979578167875942096e-01 1.779700537499999957e-01
9.999537324211694722e-01 1.778974875000000067e-01
1.001953639886011826e+00 1.777951024999999963e-01
1.003957547165783781e+00 1.766564570000000167e-01
1.005965462260115295e+00 1.781404924999999972e-01
1.007977393184635417e+00 1.781554899999999997e-01
1.009993347971004818e+00 1.776925699999999941e-01
1.012013334666946873e+00 1.782220675000000254e-01
1.014037361336280751e+00 1.783641749999999859e-01
1.016065436058953164e+00 1.785236312500000089e-01
1.018097566931071229e+00 1.786784524999999735e-01
1.020133762064933336e+00 1.770486362500000022e-01
1.022174029589063338e+00 1.784009987500000116e-01
1.024218377648241418e+00 1.790528099999999789e-01
1.026266814403537841e+00 1.791794074999999986e-01
1.028319348032344926e+00 1.790307299999999990e-01
1.030375986728409687e+00 1.792110462499999779e-01
1.032436738701866474e+00 1.793161262499999853e-01
1.034501612179270502e+00 1.794261139999999977e-01
1.036570615403628937e+00 1.795081375000000257e-01
1.038643756634436199e+00 1.795017912499999868e-01
1.040721044147705054e+00 1.794392474999999820e-01
1.042802486236000359e+00 1.794342750000000042e-01
1.044888091208472591e+00 1.794601859999999938e-01
1.046977867390889383e+00 1.794622949999999939e-01
1.049071823125671266e+00 1.794518699999999856e-01
1.051169966771922537e+00 1.795145025000000061e-01
1.053272306705466566e+00 1.795759849999999935e-01
1.055378851318877320e+00 1.795377887500000103e-01
1.057489609021515342e+00 1.794869512499999986e-01
1.059604588239558165e+00 1.793584112500000161e-01
1.061723797416037396e+00 1.793672737500000280e-01
1.063847245010869358e+00 1.793466009999999944e-01
1.065974939500891061e+00 1.769150224999999910e-01
1.068106889379893065e+00 1.793265074999999820e-01
1.070243103158652787e+00 1.789139650000000081e-01
1.072383589364970025e+00 1.795723725000000215e-01
1.074528356543700047e+00 1.796582510000000188e-01
1.076677413256787563e+00 1.794366900000000098e-01
1.078830768083300917e+00 1.797508849999999991e-01
1.080988429619467617e+00 1.789981187499999904e-01
1.083150406478706529e+00 1.797650237499999748e-01
1.085316707291664073e+00 1.770896630000000083e-01
1.087487340706247529e+00 1.797392700000000065e-01
1.089662315387660119e+00 1.786640487499999985e-01
1.091841640018435422e+00 1.750043337500000185e-01
1.094025323298472241e+00 1.792785262500000143e-01
1.096213373945069236e+00 1.787806600000000079e-01
1.098405800692959566e+00 1.785570762500000019e-01
1.100602612294345528e+00 1.771099837500000052e-01
1.102803817518934082e+00 1.732334637500000107e-01
1.105009425153971936e+00 1.744182812500000013e-01
1.107219444004279962e+00 1.684671090000000038e-01
1.109433882892288503e+00 1.548357283750000091e-01
1.111652750658073119e+00 1.720478862499999761e-01
1.113876056159389227e+00 1.450229623250000044e-01
1.116103808271708075e+00 1.151599388250000022e-01
1.118336015888251378e+00 1.397959355499999723e-01
1.120572687920027732e+00 1.137166852804999961e-01
1.122813833295867925e+00 1.065953416125000053e-01
1.125059460962459568e+00 1.254774209937500051e-01
1.127309579884384405e+00 8.255064640200000803e-02
1.129564199044153394e+00 1.271033965374999963e-01
1.131823327442241567e+00 1.660578299999999896e-01
1.134086974097126221e+00 8.099139620375001014e-02
1.136355148045320451e+00 1.465805450999999870e-01
1.138627858341410892e+00 1.524764270000000255e-01
1.140905114058093694e+00 1.452640101750000134e-01
1.143186924286210049e+00 1.555704453750000049e-01
1.145473298134782603e+00 1.580331923750000200e-01
1.147764244731052097e+00 1.433743284374999760e-01
1.150059773220514225e+00 1.495786947999999950e-01
1.152359892766955163e+00 1.484890751249999807e-01
1.154664612552489089e+00 1.274717444000000033e-01
1.156973941777594161e+00 1.569088776249999984e-01
1.159287889661149373e+00 1.687972812500000142e-01
1.161606465440471636e+00 1.674712009999999862e-01
1.163929678371352416e+00 1.340701355849999998e-01
1.166257537728095262e+00 1.672190737500000024e-01
1.168590052803551327e+00 1.639257262499999868e-01
1.170927232909158455e+00 1.645739087499999975e-01
1.173269087374976705e+00 1.704627769999999820e-01
1.175615625549726762e+00 1.690498312500000044e-01
1.177966856800826134e+00 1.632426975000000058e-01
1.180322790514427789e+00 1.728739437500000087e-01
1.182683436095456564e+00 1.573006501624999998e-01
1.185048802967647585e+00 1.630059983999999906e-01
1.187418900573582903e+00 1.607255500000000226e-01
1.189793738374729903e+00 1.713012550000000134e-01
1.192173325851479504e+00 1.704213337500000147e-01
1.194557672503182344e+00 1.585030393375000124e-01
1.196946787848188531e+00 1.594740544000000093e-01
1.199340681423884947e+00 1.621824001249999869e-01
1.201739362786732546e+00 1.656020324999999960e-01
1.204142841512306106e+00 1.550227387999999762e-01
1.206551127195330864e+00 1.716876937500000089e-01
1.208964229449721373e+00 1.726483979999999530e-01
1.211382157908620805e+00 1.702539375000000077e-01
1.213804922224438254e+00 1.715196800000000077e-01
1.216232532068886929e+00 1.720767837500000175e-01
1.218664997133024785e+00 1.709641839999999913e-01
1.221102327127290721e+00 1.573584812500000152e-01
1.223544531781545430e+00 1.706601412499999804e-01
1.225991620845108487e+00 1.737612249999999914e-01
1.228443604086798757e+00 1.737517849999999919e-01
1.230900491294972365e+00 1.733629170000000330e-01
1.233362292277562222e+00 1.736141412499999925e-01
1.235829016862117324e+00 1.743237037500000031e-01
1.238300674895841613e+00 1.744085037499999991e-01
1.240777276245633054e+00 1.743956037499999889e-01
1.243258830798124492e+00 1.745837299999999925e-01
1.245745348459720736e+00 1.746113612499999856e-01
1.248236839156640077e+00 1.745842812500000008e-01
1.250733312834953370e+00 1.745973499999999845e-01
1.253234779460623338e+00 1.744910837500000256e-01
1.255741249019544536e+00 1.742429149999999982e-01
1.258252731517583545e+00 1.740307687500000089e-01
1.260769236980618713e+00 1.711642987499999713e-01
1.263290775454580128e+00 1.713092074999999770e-01
1.265817357005489141e+00 1.679658462499999949e-01
1.268348991719500107e+00 1.187104950389999969e-01
1.270885689702939025e+00 1.541507187499999987e-01
1.273427461082345058e+00 1.701510649999999902e-01
1.275974316004509834e+00 1.738298875000000021e-01
1.278526264636518750e+00 1.734428199999999975e-01
1.281083317165791824e+00 1.714627430000000008e-01
1.283645483800123444e+00 1.745117562500000108e-01
1.286212774767723666e+00 1.745198899999999831e-01
1.288785200317259072e+00 1.740345349999999902e-01
1.291362770717893405e+00 1.738815575000000058e-01
1.293945496259329087e+00 1.731413679999999899e-01
1.296533387251847858e+00 1.702490949999999892e-01
1.299126454026351407e+00 1.725472824999999821e-01
1.301724706934404230e+00 1.682074237500000014e-01
1.304328156348272927e+00 1.710246800000000122e-01
1.306936812660969505e+00 1.509577741124999983e-01
1.309550686286291565e+00 1.533110054749999840e-01
1.312169787658864273e+00 1.699616800000000039e-01
1.314794127234181875e+00 1.251082951271250132e-01
1.317423715488650338e+00 1.642013840000000058e-01
1.320058562919627532e+00 1.563420304999999788e-01
1.322698680045466757e+00 1.621025399999999894e-01
1.325344077405557819e+00 1.607304974999999858e-01
1.327994765560368773e+00 1.510853043749999791e-01
1.330650755091489668e+00 1.259414858599999798e-01
1.333312056601672513e+00 1.275224926287500116e-01
1.335978680714875910e+00 1.532588987499999833e-01
1.338650638076305466e+00 1.545756375000000293e-01
1.341327939352458198e+00 1.448343182500000104e-01
1.344010595231163174e+00 1.102761941879999985e-01
1.346698616421625472e+00 8.174529203750000028e-02
1.349392013654468592e+00 7.238367740362500191e-02
1.352090797681777534e+00 1.097650665499999983e-01
1.354794979277141209e+00 7.330142027500001489e-02
1.357504569235695513e+00 7.410444667700000210e-02
1.360219578374167071e+00 5.523458154562499445e-02
1.362940017530915426e+00 6.339497113875000589e-02
1.365665897565977005e+00 7.054585008500000032e-02
1.368397229361109080e+00 3.349102384124999499e-02
1.371134023819831294e+00 2.906669328400000168e-02
1.373876291867470956e+00 4.642236246872500499e-02
1.376624044451205897e+00 7.523613673686249670e-02
1.379377292540108435e+00 5.462715498125000207e-02
1.382136047125188671e+00 4.687520388000000066e-02
1.384900319219438902e+00 5.743485887399999573e-02
1.387670119857877804e+00 7.346326627299999690e-02
1.390445460097593511e+00 8.562068523749999382e-02
1.393226351017788911e+00 5.940306636624999997e-02
1.396012803719824280e+00 4.668887689299999755e-02
1.398804829327263910e+00 4.014910744912499746e-02
1.401602438985918520e+00 4.063734645099999904e-02
1.404405643863890329e+00 5.441683071000000260e-02
1.407214455151617916e+00 5.418617053375000131e-02
1.410028884061921284e+00 6.531509005999999729e-02
1.412848941830045169e+00 5.552305293037500256e-02
1.415674639713705218e+00 4.813103824650000195e-02
1.418505988993132627e+00 4.824796220625000159e-02
1.421343000971118986e+00 6.508037408750000363e-02
1.424185686973061138e+00 6.048337967999999065e-02
1.427034058347007139e+00 6.284989376287498930e-02
1.429888126463701337e+00 6.717842696249999579e-02
1.432747902716628552e+00 3.761794606287500314e-02
1.435613398522062045e+00 5.543685377625000299e-02
1.438484625319106147e+00 5.548478277800000108e-02
1.441361594569744220e+00 6.491240276250000163e-02
1.444244317758883733e+00 7.290103451250000421e-02
1.447132806394401561e+00 7.099099794999999546e-02
1.450027072007190387e+00 5.842637792500000177e-02
1.452927126151204895e+00 6.003517826700000004e-02
1.455832980403507282e+00 6.892005613750000481e-02
1.458744646364314335e+00 6.339301533124999666e-02
1.461662135657042949e+00 6.375924062749999122e-02
1.464585459928356981e+00 6.335824736250000866e-02
1.467514630848213653e+00 7.347687408600001024e-02
1.470449660109910184e+00 6.092020184375000064e-02
1.473390559430129976e+00 5.538239653000000262e-02
1.476337340548990129e+00 8.081962011250000411e-02
1.479290015230088073e+00 7.314832559375000764e-02
1.482248595260548196e+00 8.434333250999999365e-02
1.485213092451069361e+00 8.785937856250000677e-02
1.488183518635971314e+00 9.235221849999999955e-02
1.491159885673243313e+00 8.678983537499999901e-02
1.494142205444589644e+00 8.974576181249999118e-02
1.497130489855478697e+00 1.045482770000000089e-01
1.500124750835189813e+00 1.056843274999999943e-01
1.503125000336860140e+00 1.017886690875000055e-01
1.506131250337534144e+00 1.122913474999999855e-01
1.509143512838209134e+00 1.140807630000000017e-01
1.512161799863885658e+00 1.105484080000000008e-01
1.515186123463613477e+00 1.159966349999999868e-01
1.518216495710540626e+00 1.205210987499999997e-01
1.521252928701961604e+00 1.219941550000000069e-01
1.524295434559365781e+00 1.216877830000000077e-01
1.527344025428484464e+00 1.245487124999999917e-01
1.530398713479341533e+00 1.267315900000000051e-01
1.533459510906300283e+00 1.263683112499999761e-01
1.536526429928112947e+00 1.287497499999999961e-01
1.539599482787969098e+00 1.283733149999999879e-01
1.542678681753545167e+00 1.310661574999999746e-01
1.545764039117052402e+00 1.322430912500000000e-01
1.548855567195286387e+00 1.335707012500000068e-01
1.551953278329677000e+00 1.342036737500000021e-01
1.555057184886336374e+00 1.356237250000000283e-01
1.558167299256108862e+00 1.365510974999999960e-01
1.561283633854621211e+00 1.375555750000000133e-01
1.564406201122330309e+00 1.384438587499999818e-01
1.567535013524575138e+00 1.386442200000000124e-01
1.570670083551624074e+00 1.308191459999999973e-01
1.573811423718727287e+00 1.270304362499999895e-01
1.576959046566164702e+00 1.331952425000000051e-01
1.580112964659297070e+00 1.403573837500000088e-01
1.583273190588615709e+00 1.425726087499999961e-01
1.586439736969792680e+00 1.416907760000000183e-01
1.589612616443732307e+00 1.440977312499999996e-01
1.592791841676620024e+00 1.434116725000000037e-01
1.595977425359973001e+00 1.454520212500000076e-01
1.599169380210692992e+00 1.451835812500000267e-01
1.602367718971114297e+00 1.393989220000000084e-01
1.605572454409056604e+00 1.425055100000000019e-01
1.608783599317874735e+00 1.447235374999999991e-01
1.612001166516510375e+00 1.465799662499999712e-01
1.615225168849543369e+00 1.490288430000000219e-01
1.618455619187242345e+00 1.496543525000000319e-01
1.621692530425617118e+00 1.501844924999999886e-01
1.624935915486468208e+00 1.503289275000000147e-01
1.628185787317441235e+00 1.510059075000000084e-01
1.631442158892076222e+00 1.491740609999999967e-01
1.634705043209860431e+00 1.507019562499999910e-01
1.637974453296279886e+00 1.487196275000000067e-01
1.641250402202872660e+00 1.447566999999999882e-01
1.644532903007278390e+00 1.449921912500000132e-01
1.647821968813293125e+00 1.512368099999999993e-01
1.651117612750919506e+00 1.337220962500000054e-01
1.654419847976421387e+00 1.507323874999999813e-01
1.657728687672374246e+00 1.523306062500000002e-01
1.661044145047719134e+00 1.535799787500000124e-01
1.664366233337814638e+00 1.387719496000000274e-01
1.667694965804490170e+00 1.530169624999999922e-01
1.671030355736099260e+00 1.540797787500000071e-01
1.674372416447571510e+00 1.502826712500000272e-01
1.677721161280466333e+00 1.533573250000000165e-01
1.681076603603027353e+00 1.532533650000000025e-01
1.684438756810233473e+00 1.540263224999999792e-01
1.687807634323853945e+00 1.536814099999999905e-01
1.691183249592501658e+00 1.491167750000000070e-01
1.694565616091686655e+00 1.538556524999999953e-01
1.697954747323870084e+00 1.532928370000000151e-01
1.701350656818517715e+00 1.503881637500000257e-01
1.704753358132154784e+00 1.513084350000000189e-01
1.708162864848419282e+00 1.481507924999999892e-01
1.711579190578115917e+00 1.523099699999999890e-01
1.715002348959272283e+00 1.511725340000000251e-01
1.718432353657190825e+00 1.483891262500000030e-01
1.721869218364505016e+00 1.428020473749999908e-01
1.725312956801233977e+00 1.494469412499999927e-01
1.728763582714836655e+00 1.427957525000000394e-01
1.732221109880266230e+00 1.481553630000000121e-01
1.735685552100026730e+00 1.475828187500000110e-01
1.739156923204226768e+00 1.470801287499999832e-01
1.742635237050635277e+00 1.418877933749999876e-01
1.746120507524736576e+00 1.401117711999999849e-01
1.749612748539786100e+00 1.462207437499999929e-01
1.753111974036865472e+00 1.454697487500000164e-01
1.756618197984939123e+00 1.416132512500000162e-01
1.760131434380908910e+00 1.434205537499999850e-01
1.763651697249670747e+00 1.409220200000000089e-01
1.767179000644169884e+00 1.390516162500000097e-01
1.770713358645458202e+00 1.412026550000000102e-01
1.774254785362749054e+00 1.358723112500000163e-01
1.777803294933474554e+00 1.011871387962499924e-01
1.781358901523341753e+00 1.330277695100000046e-01
1.784921619326388376e+00 1.137546715962500093e-01
1.788491462565041212e+00 1.364785112499999897e-01
1.792068445490171413e+00 1.191207209999999989e-01
1.795652582381151552e+00 1.312236650000000171e-01
1.799243887545913800e+00 1.177268846300000005e-01
1.802842375321005663e+00 1.095921217750000093e-01
1.806448060071647710e+00 1.093200962249999963e-01
1.810060956191791082e+00 8.331414853250000696e-02
1.813681078104174560e+00 7.143565953375000110e-02
1.817308440260382962e+00 6.466581976227001038e-02
1.820943057140903765e+00 4.978377456250000083e-02
1.824584943255185721e+00 1.033428580650000150e-01
1.828234113141696149e+00 9.283126241499999043e-02
1.831890581367979554e+00 4.023033441999999266e-02
1.835554362530715355e+00 5.863717944700000406e-02
1.839225471255776734e+00 4.517125009350000248e-02
1.842903922198288136e+00 4.243136783925000044e-02
1.846589730042684785e+00 5.583687388374999894e-02
1.850282909502769968e+00 4.427649107137499734e-02
1.853983475321775654e+00 5.324644641689999652e-02
1.857691442272419113e+00 4.758242727000000505e-02
1.861406825156963984e+00 4.107918696021250343e-02
1.865129638807277779e+00 4.723385086250000281e-02
1.868859898084892279e+00 2.295667001700000057e-02
1.872597617881062160e+00 2.362309696249999952e-02
1.876342813116824271e+00 3.389198061250000421e-02
1.880095498743057814e+00 3.588428883162500527e-02
1.883855689740544070e+00 3.971024735825000318e-02
1.887623401120025246e+00 4.012315952500000032e-02
1.891398647922265308e+00 1.669003512637500311e-02
1.895181445218109717e+00 2.655946181750000121e-02
1.898971808108545822e+00 2.349183679375000181e-02
1.902769751724763037e+00 2.810917029112499840e-02
1.906575291228212565e+00 2.322166332435599695e-02
1.910388441810669136e+00 2.840362799874999664e-02
1.914209218694290282e+00 2.150945267999999910e-02
1.918037637131678963e+00 2.974171749000000323e-02
1.921873712405942403e+00 2.558552263249999625e-02
1.925717459830754041e+00 2.479326067600000003e-02
1.929568894750415708e+00 1.462629784212499985e-02
1.933428032539916241e+00 2.483212913749999889e-02
1.937294888604996324e+00 2.646884423874999726e-02
1.941169478382206215e+00 2.993175487374999735e-02
1.945051817338970590e+00 2.882258999000000127e-02
1.948941920973648489e+00 3.029353774999999846e-02
1.952839804815595715e+00 2.694967983125000355e-02
1.956745484425226778e+00 1.618129382874999855e-02
1.960658975394077297e+00 2.802267047500000066e-02
1.964580293344865503e+00 2.593212576579999665e-02
1.968509453931555075e+00 1.842062527999999838e-02
1.972446472839417986e+00 3.754993644750000137e-02
1.976391365785096887e+00 4.528666499999999678e-02
1.980344148516667069e+00 4.274818747500000460e-02
1.984304836813700401e+00 4.784656330000000568e-02
1.988273446487327956e+00 4.672984397500000442e-02
1.992249993380302620e+00 5.331989125000000107e-02
1.996234493367063045e+00 4.963762487499999432e-02
2.000226962353797155e+00 3.103755507399999850e-02
