2.002000000000000168e-01 1.831189200000000062e-03
2.006004000000000120e-01 2.500440249999999909e-03
2.010016008000000132e-01 1.929375000000000100e-03
2.014036040016000118e-01 2.698433249999999950e-03
2.018064112096032425e-01 2.637554600000000058e-03
2.022100240320224285e-01 2.881347499999999985e-03
2.026144440800864976e-01 3.035667250000000008e-03
2.030196729682466894e-01 2.967222749999999867e-03
2.034257123141831602e-01 2.884837749999999944e-03
2.038325637388115341e-01 2.795072999999999915e-03
2.042402288662891752e-01 2.709067749999999938e-03
2.046487093240217381e-01 2.635774000000000016e-03
2.050580067426697739e-01 2.577634000000000088e-03
2.054681227561551138e-01 2.565882750000000271e-03
2.058790590016674471e-01 2.555195199999999757e-03
2.062908171196707885e-01 2.533498250000000215e-03
2.067033987539101392e-01 2.509856999999999887e-03
2.071168055514179263e-01 2.489893500000000138e-03
2.075310391625207751e-01 2.474476499999999930e-03
2.079461012408458098e-01 2.455100400000000127e-03
2.083619934433275089e-01 2.435052750000000089e-03
2.087787174302141446e-01 2.417167250000000316e-03
2.091962748650745829e-01 2.398940000000000013e-03
2.096146674148047229e-01 2.377594749999999840e-03
2.100338967496343523e-01 2.350956400000000102e-03
2.104539645431336148e-01 2.332780750000000049e-03
2.108748724722198931e-01 2.317674000000000036e-03
2.112966222171643316e-01 2.297338000000000331e-03
2.117192154615986643e-01 2.273326249999999861e-03
2.121426538925218486e-01 2.239054600000000075e-03
2.125669392003068925e-01 2.202652750000000294e-03
2.129920730787074890e-01 2.170880749999999637e-03
2.134180572248648988e-01 2.140302250000000045e-03
2.138448933393146401e-01 2.110067750000000231e-03
2.142725831259932878e-01 2.067940200000000384e-03
2.147011282922452469e-01 2.022937250000000128e-03
2.151305305488297459e-01 1.987010500000000162e-03
2.155607916099274157e-01 1.957702500000000137e-03
2.159919131931472558e-01 1.925209799999999831e-03
2.164238970195335454e-01 1.887069750000000155e-03
2.168567448135726161e-01 1.849843500000000057e-03
2.172904583031997627e-01 1.814987749999999933e-03
2.177250392198061546e-01 1.781630499999999930e-03
2.181604892982457744e-01 1.744721000000000076e-03
2.185968102768422461e-01 1.706866000000000026e-03
2.190340038973959125e-01 1.667695500000000025e-03
2.194720719051907187e-01 1.626427000000000168e-03
2.199110160490010957e-01 1.586340500000000056e-03
2.203508380810991207e-01 1.543784600000000073e-03
2.207915397572613181e-01 1.503044499999999992e-03
2.212331228367758196e-01 1.462998000000000076e-03
2.216755890824493869e-01 1.420961500000000053e-03
2.221189402606142949e-01 1.381005999999999727e-03
2.225631781411355203e-01 1.339088599999999985e-03
2.230083044974177642e-01 1.299091999999999955e-03
2.234543211064126123e-01 1.264985499999999891e-03
2.239012297486254466e-01 1.228355500000000156e-03
2.243490322081226895e-01 1.192594999999999853e-03
2.247977302725389648e-01 1.154178999999999969e-03
2.252473257330840362e-01 1.117897249999999943e-03
2.256978203845501907e-01 1.087313249999999993e-03
2.261492160253192885e-01 1.056411749999999978e-03
2.266015144573699513e-01 1.023956500000000082e-03
2.270547174862846962e-01 9.890254199999999867e-04
2.275088269212572623e-01 9.553372249999999731e-04
2.279638445750997722e-01 9.266181250000000806e-04
2.284197722642499762e-01 8.979040750000000671e-04
2.288766118087784962e-01 8.678813750000000538e-04
2.293343650323960425e-01 8.351267799999999731e-04
2.297930337624608521e-01 8.045979999999999018e-04
2.302526198299857663e-01 7.821336250000000649e-04
2.307131250696457525e-01 7.585676000000000181e-04
2.311745513197850377e-01 7.336621500000001022e-04
2.316369004224245742e-01 7.098726600000000286e-04
2.321001742232694509e-01 6.877222500000000713e-04
2.325643745717159705e-01 6.640847499999999373e-04
2.330295033208594213e-01 6.426290500000000471e-04
2.334955623275011272e-01 6.228612000000000124e-04
2.339625534521561634e-01 6.038477249999999429e-04
2.344304785590604623e-01 5.837864500000000288e-04
2.348993395161785847e-01 5.649002249999999841e-04
2.353691381952109363e-01 5.528681749999999305e-04
2.358398764716013452e-01 5.339663000000000785e-04
2.363115562245445278e-01 5.141700749999999088e-04
2.367841793369936387e-01 5.015918000000000720e-04
2.372577476956675979e-01 4.865141249999999995e-04
2.377322631910589457e-01 4.734532999999999754e-04
2.382077277174410590e-01 4.578979400000000627e-04
2.386841431728759511e-01 4.447894500000000042e-04
2.391615114592217095e-01 4.341928499999999844e-04
2.396398344821401571e-01 4.187015000000000094e-04
2.401191141511044291e-01 4.065400999999999737e-04
2.405993523794066058e-01 3.989419199999999976e-04
2.410805510841654287e-01 3.871501500000000019e-04
2.415627121863337390e-01 3.755415500000000399e-04
2.420458376107064158e-01 3.676288749999999709e-04
2.425299292859278144e-01 3.616573250000000399e-04
2.430149891444997046e-01 3.536210400000000379e-04
2.435010191227887089e-01 3.434121499999999677e-04
2.439880211610342686e-01 3.359657749999999657e-04
2.444759972033563322e-01 3.319977000000000214e-04
2.449649491977630433e-01 3.267669999999999971e-04
2.454548790961585680e-01 3.141415400000000511e-04
2.459457888543508663e-01 3.064461249999999746e-04
2.464376804320595749e-01 3.034538250000000338e-04
2.469305557929236949e-01 2.989521749999999580e-04
2.474244169045095587e-01 2.909409750000000101e-04
2.479192657383185727e-01 2.851558199999999657e-04
2.484151042697951839e-01 2.814929500000000473e-04
2.489119344783347898e-01 2.727281750000000275e-04
2.494097583472914548e-01 2.685756250000000058e-04
2.499085778639860422e-01 2.640312600000000115e-04
2.504083950197140140e-01 2.624988000000000083e-04
2.509092118097534518e-01 2.607494249999999891e-04
2.514110302333729119e-01 2.545010000000000219e-04
2.519138522938396685e-01 2.471057750000000067e-04
2.524176799984273467e-01 2.474529600000000148e-04
2.529225153584241936e-01 2.461389250000000110e-04
2.534283603891410719e-01 2.418177000000000141e-04
2.539352171099192867e-01 2.380719749999999984e-04
2.544430875441391349e-01 2.382890499999999983e-04
2.549519737192273983e-01 2.350908599999999794e-04
2.554618776666658375e-01 2.288229750000000061e-04
2.559728014219991854e-01 2.299727000000000216e-04
2.564847470248432515e-01 2.323801250000000099e-04
2.569977165188929158e-01 2.310335999999999965e-04
2.575117119519306774e-01 2.292610599999999764e-04
2.580267353758345372e-01 2.283887749999999892e-04
2.585427888465862134e-01 2.219583000000000124e-04
2.590598744242793572e-01 2.208385500000000000e-04
2.595779941731279905e-01 2.284169750000000104e-04
2.600971501614742221e-01 2.289684000000000218e-04
2.606173444617971846e-01 2.215895000000000169e-04
2.611385791507207510e-01 2.245495750000000006e-04
2.616608563090221939e-01 2.290402499999999930e-04
2.621841780216402351e-01 2.268479749999999717e-04
2.627085463776834828e-01 2.258614200000000002e-04
2.632339634704388698e-01 2.335666499999999976e-04
2.637604313973797576e-01 2.344527000000000058e-04
2.642879522601745412e-01 2.302835500000000154e-04
2.648165281646948088e-01 2.318283249999999790e-04
2.653461612210242238e-01 2.366770199999999988e-04
2.658768535434662961e-01 2.363742999999999910e-04
2.664086072505532643e-01 2.409834000000000075e-04
2.669414244650543111e-01 2.477608249999999827e-04
2.674753073139844450e-01 2.479109200000000133e-04
2.680102579286124387e-01 2.494123749999999822e-04
2.685462784444696549e-01 2.581247750000000311e-04
2.690833710013585955e-01 2.644055999999999880e-04
2.696215377433612836e-01 2.619182999999999754e-04
2.701607808188479787e-01 2.659345399999999619e-04
2.707011023804857253e-01 2.764224500000000083e-04
2.712425045852466798e-01 2.816768499999999830e-04
2.717849895944172145e-01 2.839154250000000177e-04
2.723285595736060216e-01 2.900762499999999825e-04
2.728732166927532177e-01 2.985216600000000159e-04
2.734189631261387810e-01 3.065395999999999746e-04
2.739658010523910447e-01 3.194382499999999904e-04
2.745137326544958567e-01 3.288623499999999804e-04
2.750627601198047945e-01 3.304362500000000095e-04
2.756128856400444360e-01 3.440965599999999919e-04
2.761641114113245199e-01 3.542822750000000197e-04
2.767164396341471599e-01 3.652906749999999532e-04
2.772698725134154496e-01 3.733283749999999931e-04
2.778244122584422882e-01 3.864486499999999613e-04
2.783800610829592070e-01 4.030880199999999883e-04
2.789368212051250850e-01 4.193899249999999824e-04
2.794946948475353632e-01 4.335499999999999944e-04
2.800536842372304269e-01 4.460550500000000146e-04
2.806137916057048765e-01 4.714737749999999700e-04
2.811750191889162975e-01 4.892819600000000062e-04
2.817373692272941987e-01 5.240840999999999989e-04
2.823008439657487822e-01 5.397927500000000234e-04
2.828654456536803252e-01 5.610459250000000234e-04
2.834311765449876730e-01 5.675063749999999761e-04
2.839980388980776205e-01 6.079247999999999770e-04
2.845660349758737939e-01 6.427605750000000119e-04
2.851351670458255327e-01 6.750676250000000028e-04
2.857054373799171598e-01 7.090838250000000651e-04
2.862768482546770299e-01 7.335487750000000383e-04
2.868494019511863558e-01 7.749565400000000496e-04
2.874231007550887562e-01 8.145362250000000044e-04
2.879979469565989714e-01 8.781095500000000434e-04
2.885739428505121884e-01 9.233947750000000634e-04
2.891510907362132010e-01 9.759727000000001026e-04
2.897293929176856242e-01 1.039077499999999966e-03
2.903088517035209426e-01 1.086928750000000065e-03
2.908894694069280029e-01 1.139362500000000054e-03
2.914712483457418957e-01 1.216996499999999874e-03
2.920541908424333366e-01 1.313015000000000059e-03
2.926382992241182146e-01 1.375623249999999948e-03
2.932235758225664735e-01 1.461514000000000129e-03
2.938100229742116043e-01 1.571698500000000016e-03
2.943976430201600269e-01 1.645816249999999901e-03
2.949864383062003048e-01 1.751522200000000000e-03
2.955764111828127483e-01 1.900550500000000153e-03
2.961675640051783520e-01 2.028740499999999967e-03
2.967598991331887315e-01 2.133017750000000112e-03
2.973534189314551157e-01 2.278744750000000121e-03
2.979481257693180618e-01 2.466500400000000079e-03
2.985440220208566697e-01 2.620793499999999904e-03
2.991411100648984078e-01 2.769579999999999785e-03
2.997393922850282166e-01 2.991449000000000191e-03
3.003388710695982233e-01 3.145748500000000031e-03
3.009395488117374562e-01 3.372986399999999829e-03
3.015414279093609484e-01 3.654871500000000245e-03
3.021445107651796746e-01 3.807011500000000073e-03
3.027487997867099878e-01 4.071377250000000024e-03
3.033542973862833891e-01 4.384947999999999624e-03
3.039610059810559650e-01 4.583714000000000018e-03
3.045689279930180460e-01 4.874650999999999811e-03
3.051780658490040876e-01 5.307809749999999743e-03
3.057884219807021076e-01 5.579023749999999400e-03
3.063999988246635664e-01 5.753030249999999991e-03
3.070127988223129156e-01 6.217382200000000532e-03
3.076268244199575896e-01 6.773897250000000814e-03
3.082420780687974982e-01 6.972103749999999933e-03
3.088585622249351292e-01 7.217746250000000446e-03
3.094762793493849307e-01 7.833856800000000425e-03
3.100952319080837460e-01 8.367762250000000679e-03
3.107154223718998631e-01 8.720798000000000091e-03
3.113368532166437275e-01 8.972230749999999047e-03
3.119595269230769907e-01 9.711321499999999926e-03
3.125834459769231133e-01 1.053832200000000101e-02
3.132086128688770232e-01 1.085556249999999889e-02
3.138350300946147753e-01 1.098057749999999978e-02
3.144627001548039313e-01 1.219235999999999931e-02
3.150916255551135525e-01 1.279440249999999960e-02
3.157218088062238026e-01 1.263419000000000000e-02
3.163532524238362176e-01 1.394571499999999915e-02
3.169859589286838641e-01 1.445294500000000003e-02
3.176199308465412763e-01 1.427198749999999960e-02
3.182551707082343917e-01 1.529963750000000108e-02
3.188916810496508214e-01 1.694991799999999785e-02
3.195294644117501193e-01 1.630801249999999994e-02
3.201685233405736630e-01 1.630906000000000022e-02
3.208088603872547573e-01 1.837781000000000137e-02
3.214504781080292917e-01 1.962802749999999902e-02
3.220933790642453443e-01 1.834867399999999885e-02
3.227375658223737842e-01 1.820768499999999776e-02
3.233830409540185413e-01 2.069163749999999857e-02
3.240298070359265425e-01 2.203250249999999869e-02
3.246778666499984256e-01 2.092671249999999983e-02
3.253272223832984200e-01 2.025197799999999687e-02
3.259778768280650052e-01 2.208506749999999963e-02
3.266298325817211246e-01 2.368448750000000033e-02
3.272830922468845660e-01 2.313312749999999959e-02
3.279376584313783427e-01 2.182803499999999911e-02
3.285935337482410734e-01 2.295489599999999894e-02
3.292507208157375853e-01 2.491806000000000229e-02
3.299092222573690725e-01 2.518623249999999911e-02
3.305690407018838095e-01 2.384836749999999853e-02
3.312301787832875322e-01 2.332053499999999641e-02
3.318926391408540955e-01 2.486553600000000058e-02
3.325564244191357988e-01 2.598993250000000005e-02
3.332215372679740994e-01 2.560780749999999953e-02
3.338879803425100490e-01 2.433435500000000196e-02
3.345557563031950621e-01 2.546422400000000058e-02
3.352248678158014084e-01 2.637782500000000058e-02
3.358953175514330369e-01 2.651801749999999763e-02
3.365671081865359016e-01 2.594321000000000127e-02
3.372402424029089518e-01 2.528292000000000039e-02
3.379147228877147358e-01 2.577727000000000143e-02
3.385905523334902245e-01 2.648960250000000072e-02
3.392677334381571930e-01 2.646975249999999891e-02
3.399462689050334330e-01 2.611648750000000047e-02
3.406261614428435225e-01 2.599548750000000436e-02
3.413074137657292062e-01 2.652420000000000472e-02
3.419900285932606643e-01 2.661275999999999919e-02
3.426740086504471705e-01 2.655155749999999967e-02
3.433593566677480835e-01 2.634991750000000021e-02
3.440460753810836159e-01 2.600809500000000191e-02
3.447341675318457699e-01 2.617338799999999882e-02
3.454236358669094398e-01 2.631332249999999984e-02
3.461144831386432363e-01 2.629516000000000145e-02
3.468067121049205337e-01 2.630702499999999777e-02
3.475003255291303494e-01 2.618235000000000007e-02
3.481953261801886135e-01 2.625397800000000073e-02
3.488917168325489926e-01 2.622737000000000332e-02
3.495895002662141038e-01 2.612557249999999942e-02
3.502886792667465610e-01 2.607950000000000199e-02
3.509892566252800217e-01 2.602389249999999959e-02
3.516912351385305668e-01 2.582474999999999701e-02
3.523946176088076365e-01 2.582479500000000108e-02
3.530994068440251876e-01 2.579224000000000100e-02
3.538056056577132402e-01 2.576514499999999971e-02
3.545132168690287022e-01 2.571872000000000047e-02
3.552222433027667492e-01 2.562874600000000086e-02
3.559326877893722596e-01 2.555694249999999890e-02
3.566445531649510281e-01 2.546927999999999692e-02
3.573578422712808678e-01 2.538417249999999972e-02
3.580725579558234339e-01 2.531394000000000005e-02
3.587887030717350489e-01 2.524248500000000200e-02
3.595062804778785814e-01 2.514731250000000126e-02
3.602252930388343266e-01 2.508081750000000151e-02
3.609457436249119411e-01 2.504069250000000302e-02
3.616676351121618227e-01 2.499252200000000312e-02
3.623909703823861017e-01 2.492535749999999842e-02
3.631157523231508533e-01 2.487726999999999994e-02
3.638419838277971996e-01 2.483179249999999810e-02
3.645696677954528009e-01 2.477246749999999914e-02
3.652988071310436791e-01 2.470258999999999996e-02
3.660294047453057642e-01 2.464393999999999960e-02
3.667614635547964408e-01 2.459585499999999980e-02
3.674949864819060386e-01 2.454569749999999800e-02
3.682299764548698229e-01 2.449061749999999898e-02
3.689664364077795966e-01 2.442649999999999683e-02
3.697043692805951354e-01 2.436656999999999712e-02
3.704437780191563445e-01 2.429860000000000006e-02
3.711846655751946944e-01 2.422476250000000011e-02
3.719270349063450443e-01 2.415196999999999830e-02
3.726708889761577437e-01 2.406842400000000146e-02
3.734162307541100123e-01 2.398128499999999802e-02
3.741630632156182079e-01 2.390426250000000225e-02
3.749113893420494836e-01 2.383059000000000219e-02
3.756612121207335564e-01 2.375715249999999987e-02
3.764125345449750304e-01 2.367009199999999675e-02
3.771653596140650544e-01 2.356519749999999927e-02
3.779196903332932012e-01 2.351297750000000061e-02
3.786755297139597909e-01 2.343718499999999927e-02
3.794328807733876596e-01 2.335884499999999961e-02
3.801917465349344827e-01 2.328070999999999960e-02
3.809521300280043210e-01 2.321292250000000015e-02
3.817140342880603332e-01 2.315321249999999914e-02
3.824774623566364884e-01 2.309334000000000039e-02
3.832424172813497787e-01 2.302559000000000203e-02
3.840089021159124316e-01 2.295826999999999937e-02
3.847769199201442891e-01 2.289876000000000064e-02
3.855464737599845759e-01 2.283915000000000251e-02
3.863175667075045561e-01 2.277935749999999981e-02
3.870902018409195788e-01 2.271176400000000234e-02
3.878643822446014022e-01 2.264404999999999890e-02
3.886401110090906830e-01 2.258394249999999895e-02
3.894173912311088559e-01 2.252439499999999914e-02
3.901962260135710681e-01 2.246197999999999945e-02
3.909766184655981691e-01 2.238203199999999615e-02
3.917585717025293679e-01 2.231004999999999794e-02
3.925420888459344448e-01 2.224065999999999890e-02
3.933271730236262975e-01 2.213376499999999969e-02
3.941138273696735417e-01 2.210394249999999769e-02
3.949020550244128902e-01 2.202628000000000225e-02
3.956918591344616987e-01 2.194945749999999834e-02
3.964832428527306218e-01 2.187213749999999957e-02
3.972762093384361037e-01 2.181053000000000158e-02
3.980707617571129786e-01 2.170199500000000170e-02
3.988669032806272385e-01 2.166318199999999611e-02
3.996646370871884679e-01 2.158542249999999968e-02
4.004639663613628331e-01 2.152327250000000275e-02
4.012648942940855168e-01 2.145446999999999979e-02
4.020674240826737078e-01 2.137387499999999704e-02
4.028715589308390355e-01 2.130575600000000208e-02
4.036773020487006702e-01 2.122254999999999975e-02
4.044846566527980913e-01 2.116447500000000204e-02
4.052936259661036877e-01 2.109683999999999865e-02
4.061042132180359143e-01 2.102799500000000071e-02
4.069164216444720039e-01 2.094930800000000329e-02
4.077302544877609569e-01 2.085876250000000265e-02
4.085457149967364754e-01 2.079955749999999950e-02
4.093628064267299527e-01 2.073000750000000142e-02
4.101815320395834075e-01 2.066137000000000182e-02
4.110018951036625845e-01 2.058508400000000002e-02
4.118238988938699441e-01 2.050985249999999829e-02
4.126475466916577073e-01 2.044323249999999842e-02
4.134728417850409565e-01 2.037574999999999803e-02
4.142997874686110693e-01 2.028558400000000234e-02
4.151283870435482637e-01 2.021921000000000135e-02
4.159586438176353651e-01 2.014920749999999858e-02
4.167905611052706849e-01 2.004926500000000361e-02
4.176241422274811765e-01 2.000757999999999703e-02
4.184593905119361468e-01 1.993431400000000159e-02
4.192963092929599678e-01 1.983549500000000160e-02
4.201349019115458994e-01 1.979098250000000184e-02
4.209751717153689676e-01 1.972235750000000259e-02
4.218171220587997317e-01 1.964968999999999744e-02
4.226607563029173287e-01 1.956992000000000106e-02
4.235060778155231298e-01 1.948753749999999896e-02
4.243530899711541737e-01 1.941444499999999893e-02
4.252017961510964894e-01 1.934328999999999910e-02
4.260521997433986963e-01 1.926536000000000221e-02
4.269043041428854934e-01 1.920080399999999840e-02
4.277581127511712600e-01 1.912531750000000252e-02
4.286136289766736551e-01 1.906505249999999874e-02
4.294708562346269964e-01 1.899978999999999904e-02
4.303297979470962487e-01 1.893136499999999861e-02
4.311904575429904574e-01 1.885024399999999864e-02
4.320528384580764047e-01 1.876850249999999914e-02
4.329169441349925429e-01 1.869691500000000145e-02
4.337827780232624830e-01 1.862839999999999982e-02
4.346503435793090397e-01 1.856255750000000010e-02
4.355196442664676648e-01 1.848915400000000070e-02
4.363906835550006025e-01 1.841373249999999837e-02
4.372634649221106007e-01 1.834316500000000155e-02
4.381379918519547889e-01 1.826801500000000203e-02
4.390142678356587225e-01 1.818364750000000044e-02
4.398922963713300383e-01 1.809795999999999974e-02
4.407720809640727211e-01 1.800704999999999667e-02
4.416536251260008150e-01 1.769906250000000125e-02
4.425369323762528007e-01 1.782725500000000018e-02
4.434220062410053065e-01 1.774005400000000163e-02
4.443088502534873196e-01 1.770050500000000179e-02
4.451974679539942858e-01 1.761863500000000055e-02
4.460878628899022647e-01 1.750057749999999954e-02
4.469800386156820293e-01 1.752116999999999911e-02
4.478739986929134442e-01 1.745791400000000146e-02
4.487697466902992316e-01 1.736947499999999880e-02
4.496672861836799040e-01 1.729050000000000031e-02
4.505666207560472536e-01 1.721721500000000099e-02
4.514677539975593401e-01 1.714781499999999681e-02
4.523706895055544797e-01 1.708161000000000054e-02
4.532754308845656221e-01 1.701221500000000067e-02
4.541819817463347286e-01 1.694738999999999968e-02
4.550903457098274263e-01 1.686163499999999982e-02
4.560005264012471082e-01 1.679494000000000126e-02
4.569125274540495885e-01 1.668933799999999801e-02
4.578263525089577013e-01 1.659466999999999887e-02
4.587420052139756232e-01 1.650227500000000028e-02
4.596594892244035835e-01 1.640863499999999781e-02
4.605788082028524077e-01 1.632128249999999919e-02
4.614999658192581178e-01 1.622997799999999907e-02
4.624229657508966418e-01 1.615479749999999826e-02
4.633478116823984694e-01 1.610062250000000167e-02
4.642745073057632510e-01 1.604816750000000181e-02
4.652030563203747304e-01 1.600243750000000104e-02
4.661334624330154552e-01 1.593645000000000131e-02
4.670657293578814873e-01 1.584607749999999982e-02
4.679998608165972795e-01 1.576654250000000118e-02
4.689358605382304424e-01 1.563593250000000143e-02
4.698737322593069532e-01 1.559098249999999949e-02
4.708134797238255342e-01 1.551605199999999893e-02
4.717551066832731399e-01 1.543631250000000038e-02
4.726986168966397228e-01 1.536542249999999984e-02
4.736440141304329998e-01 1.529372000000000023e-02
4.745913021586939395e-01 1.521112250000000027e-02
4.755404847630113063e-01 1.510747200000000026e-02
4.764915657325373699e-01 1.498767999999999975e-02
4.774445488640024493e-01 1.487628499999999951e-02
4.783994379617304560e-01 1.475978250000000054e-02
4.793562368376539373e-01 1.462828200000000113e-02
4.803149493113292312e-01 1.450792500000000138e-02
4.812755792099518981e-01 1.442298749999999970e-02
4.822381303683718201e-01 1.435366499999999983e-02
4.832026066291085775e-01 1.430421250000000165e-02
4.841690118423668254e-01 1.424619400000000022e-02
4.851373498660515038e-01 1.422915500000000028e-02
4.861076245657836026e-01 1.421096749999999943e-02
4.870798398149152053e-01 1.412569749999999930e-02
4.880539994945450322e-01 1.413098750000000084e-02
4.890301074935341497e-01 1.405442800000000249e-02
4.900081677085211806e-01 1.396420749999999905e-02
4.909881840439382916e-01 1.390269499999999964e-02
4.919701604120261251e-01 1.380588500000000038e-02
4.929541007328501756e-01 1.375942500000000047e-02
4.939400089343158884e-01 1.369499199999999958e-02
4.949278889521845359e-01 1.362120999999999992e-02
4.959177447300888719e-01 1.354567500000000008e-02
4.969095802195490075e-01 1.345946500000000032e-02
4.979033993799881208e-01 1.336091999999999835e-02
4.988992061787480559e-01 1.323596999999999968e-02
4.998970045911055315e-01 1.309693000000000142e-02
5.008967986002876849e-01 1.297421500000000075e-02
5.018985921974883357e-01 1.266686250000000069e-02
5.029023893818832525e-01 1.269767750000000070e-02
5.039081941606470272e-01 1.248015800000000161e-02
5.049160105489682859e-01 1.245407750000000063e-02
5.059258425700663420e-01 1.239692000000000051e-02
5.069376942552064058e-01 1.203004499999999963e-02
5.079515696437167938e-01 1.229155750000000130e-02
5.089674727830042489e-01 1.224336199999999895e-02
5.099854077285701504e-01 1.223504750000000210e-02
5.110053785440273888e-01 1.204856250000000198e-02
5.120273893011153543e-01 1.214476500000000007e-02
5.130514440797175890e-01 1.204207000000000194e-02
5.140775469678771081e-01 1.197570249999999926e-02
5.151057020618128313e-01 1.190022999999999949e-02
5.161359134659364578e-01 1.182358749999999972e-02
5.171681852928683432e-01 1.174855000000000170e-02
5.182025216634540410e-01 1.166921599999999962e-02
5.192389267067809566e-01 1.158581500000000104e-02
5.202774045601945563e-01 1.150751999999999851e-02
5.213179593693149094e-01 1.141924999999999885e-02
5.223605952880534531e-01 1.132356999999999982e-02
5.234053164786296453e-01 1.120283000000000043e-02
5.244521271115868410e-01 1.105997499999999967e-02
5.255010313658099452e-01 1.095957250000000049e-02
5.265520334285416215e-01 1.084428999999999949e-02
5.276051374953987239e-01 1.073068999999999933e-02
5.286603477703895049e-01 1.060175600000000037e-02
5.297176684659302692e-01 1.046934499999999969e-02
5.307771038028621380e-01 1.035970249999999988e-02
5.318386580104679240e-01 1.030044750000000051e-02
5.329023353264887852e-01 1.021930249999999929e-02
5.339681399971416553e-01 1.016327600000000060e-02
5.350360762771360079e-01 1.011006249999999926e-02
5.361061484296902879e-01 1.006066750000000030e-02
5.371783607265496752e-01 1.001959749999999962e-02
5.382527174480027377e-01 9.965354749999998790e-03
5.393292228828987511e-01 9.887822000000000972e-03
5.404078813286645744e-01 9.779943499999999013e-03
5.414886970913218578e-01 9.234317249999998700e-03
5.425716744855044738e-01 9.654308999999999807e-03
5.436568178344756141e-01 9.525366999999999862e-03
5.447441314701444437e-01 9.449436800000000566e-03
5.458336197330847517e-01 9.313538999999999152e-03
5.469252869725509392e-01 9.340946500000000749e-03
5.480191375464960046e-01 9.280575249999999110e-03
5.491151758215888634e-01 9.215527200000000335e-03
5.502134061732321113e-01 9.149955000000001282e-03
5.513138329855785669e-01 9.088921499999999543e-03
5.524164606515497011e-01 9.024473499999999607e-03
5.535212935728528461e-01 8.956597749999999775e-03
5.546283361599984030e-01 8.877766000000000476e-03
5.557375928323184944e-01 8.792707250000000169e-03
5.568490680179830621e-01 8.711460750000000336e-03
5.579627661540189631e-01 8.623139000000000151e-03
5.590786916863270672e-01 8.529373250000001419e-03
5.601968490696997982e-01 8.418600800000000314e-03
5.613172427678392307e-01 8.290380999999999445e-03
5.624398772533748536e-01 8.192437250000000198e-03
5.635647570078816671e-01 8.098126750000000235e-03
5.646918865218973904e-01 8.006879749999999338e-03
5.658212702949412254e-01 7.910482999999999404e-03
5.669529128355310643e-01 7.820436999999999528e-03
5.680868186612021420e-01 7.726698999999999200e-03
5.692229922985245771e-01 7.480099750000000075e-03
5.703614382831215801e-01 7.574434750000001021e-03
5.715021611596877715e-01 7.489783800000000998e-03
5.726451654820071679e-01 7.298769999999999564e-03
5.737904558129711674e-01 7.359649500000000830e-03
5.749380367245970902e-01 7.315823250000000680e-03
5.760879127980462755e-01 7.231366749999999094e-03
5.772400886236424000e-01 7.241254999999999394e-03
5.783945688008896857e-01 7.140007000000000298e-03
5.795513579384914404e-01 7.191573250000000452e-03
5.807104606543684877e-01 7.176948749999999440e-03
5.818718815756771523e-01 7.187186499999999659e-03
5.830356253388285781e-01 7.178451199999999824e-03
5.842016965895062697e-01 7.136939000000000130e-03
5.853700999826851881e-01 7.135386500000000243e-03
5.865408401826505136e-01 7.097924750000000720e-03
5.877139218630158535e-01 7.159258999999999415e-03
5.888893497067417826e-01 6.349080800000001142e-03
5.900671284061553834e-01 6.247195999999999999e-03
5.912472626629676764e-01 6.927339750000000712e-03
5.924297571882934932e-01 6.781776750000000249e-03
5.936146167026701281e-01 6.547207199999999401e-03
5.948018459360754351e-01 5.267761500000000749e-03
5.959914496279475893e-01 6.713118750000000162e-03
5.971834325272035171e-01 6.657932000000000086e-03
5.983777993922578808e-01 6.380624250000000407e-03
5.995745549910425076e-01 6.436667200000000151e-03
6.007737041010245971e-01 6.279717000000000632e-03
6.019752515092265943e-01 6.464616000000000286e-03
6.031792020122450637e-01 6.425687750000000711e-03
6.043855604162695627e-01 6.353587750000000423e-03
6.055943315371020708e-01 6.398587799999999257e-03
6.068055202001763071e-01 6.391042999999999898e-03
6.080191312405766046e-01 6.397822000000000058e-03
6.092351695030577829e-01 6.403056249999998853e-03
6.104536398420639109e-01 6.408265249999999663e-03
6.116745471217479579e-01 6.412549200000000962e-03
6.128978962159914445e-01 6.414509249999999531e-03
6.141236920084234274e-01 6.415884250000000039e-03
6.153519393924402614e-01 6.414630749999999763e-03
6.165826432712251393e-01 6.410090000000000232e-03
6.178158085577676317e-01 6.402862200000000552e-03
6.190514401748832274e-01 6.392498749999999536e-03
6.202895430552329836e-01 6.376368999999999787e-03
6.215301221413433996e-01 6.353239000000000108e-03
6.227731823856261784e-01 6.328061749999999881e-03
6.240187287503973224e-01 6.297523800000000456e-03
6.252667662078981170e-01 6.256695499999999355e-03
6.265172997403138933e-01 6.238406250000000028e-03
6.277703343397945668e-01 4.984211500000000281e-03
6.290258750084741779e-01 6.072765249999999802e-03
6.302839267584912086e-01 6.155651999999999305e-03
6.315444946120081227e-01 5.955335499999998838e-03
6.328075836012321265e-01 6.197771999999999830e-03
6.340731987684345983e-01 6.220366499999999479e-03
6.353413451659715161e-01 6.231191800000000780e-03
6.366120278563034418e-01 6.235044249999999351e-03
6.378852519120159492e-01 6.258683000000000128e-03
6.391610224158400522e-01 6.256194750000000117e-03
6.404393444606717445e-01 6.302807249999999549e-03
6.417202231495930942e-01 6.324609200000000202e-03
6.430036635958922275e-01 6.310249500000000150e-03
6.442896709230840901e-01 6.292638499999999441e-03
6.455782502649303201e-01 6.306139500000000273e-03
6.468694067654601199e-01 6.264898999999999989e-03
6.481631455789910179e-01 5.880578999999999494e-03
6.494594718701489633e-01 5.783608749999999583e-03
6.507583908138891982e-01 6.202740499999999726e-03
6.520599075955170187e-01 6.087011499999999548e-03
6.533640274107079815e-01 6.130586749999999974e-03
6.546707554655294414e-01 6.272219799999999290e-03
6.559800969764604250e-01 4.857013999999999776e-03
6.572920571704133907e-01 6.275930249999999745e-03
6.586066412847542129e-01 6.093824250000000158e-03
6.599238545673237200e-01 6.283161500000000385e-03
6.612437022764583450e-01 6.281536600000000962e-03
6.625661896810113305e-01 6.199250249999999768e-03
6.638913220603732679e-01 6.259924750000000516e-03
6.652191047044940797e-01 6.262559750000000480e-03
6.665495429139030037e-01 6.260612250000000337e-03
6.678826419997307973e-01 6.258937800000000280e-03
6.692184072837303876e-01 6.254636749999998788e-03
6.705568440982978551e-01 6.252634749999999575e-03
6.718979577864944153e-01 6.248419249999999717e-03
6.732417537020674025e-01 6.240151749999998942e-03
6.745882372094715862e-01 6.237468599999999690e-03
6.759374136838904867e-01 6.229739749999999368e-03
6.772892885112582473e-01 6.218625999999999668e-03
6.786438670882807278e-01 6.210832500000000068e-03
6.800011548224572655e-01 6.204396999999998649e-03
6.813611571321021021e-01 6.180201250000000486e-03
6.827238794463663663e-01 6.170314000000000527e-03
6.840893272052590568e-01 6.151633000000000101e-03
6.854575058596696913e-01 6.126167749999999676e-03
6.868284208713890671e-01 4.748825412000000010e-03
6.882020777131317990e-01 5.373016249999999425e-03
6.895784818685580797e-01 4.076833752500000005e-03
6.909576388322952178e-01 5.578912499999999844e-03
6.923395541099597317e-01 4.591897350000000502e-03
6.937242332181796645e-01 4.909861599999999944e-03
6.951116816846160118e-01 5.869097500000000807e-03
6.965019050479852591e-01 5.953195249999999536e-03
6.978949088580812532e-01 5.141343250000000344e-03
6.992906986757974064e-01 5.767074999999999979e-03
7.006892800731490123e-01 5.542909199999999578e-03
7.020906586332953392e-01 5.844013749999999938e-03
7.034948399505618344e-01 5.903739500000000466e-03
7.049018296304629949e-01 5.145820000000000602e-03
7.063116332897239058e-01 5.833089500000000240e-03
7.077242565563033327e-01 5.646580400000000138e-03
7.091397050694159265e-01 5.869866249999999494e-03
7.105579844795547606e-01 5.605017250000000201e-03
7.119791004485138686e-01 5.729712750000000993e-03
7.134030586494108928e-01 5.759615499999999784e-03
7.148298647667097327e-01 5.576924199999999665e-03
7.162595244962430829e-01 4.368292250000000050e-03
7.176920435452356362e-01 3.660600550000000369e-03
7.191274276323260661e-01 3.503795000000000520e-03
7.205656824875906752e-01 2.957319500000000091e-03
7.220068138525659318e-01 5.373435000000000190e-03
7.234508274802710082e-01 4.482419499999999377e-03
7.248977291352315389e-01 3.752368499999999586e-03
7.263475245935020475e-01 3.953382000000000077e-03
7.278002196426889281e-01 2.501463150000000045e-03
7.292558200819743153e-01 4.419055199999999926e-03
7.307143317221382883e-01 3.600480225000000055e-03
7.321757603855825192e-01 3.972209249999999851e-03
7.336401119063536980e-01 4.609155499999999933e-03
7.351073921301664038e-01 4.821181600000000109e-03
7.365776069144267524e-01 5.437749250000000270e-03
7.380507621282555997e-01 5.476710750000000558e-03
7.395268636525120787e-01 5.243175000000000092e-03
7.410059173798171361e-01 5.523610250000000714e-03
7.424879292145767362e-01 5.497036400000000420e-03
7.439729050730057303e-01 4.827635000000000259e-03
7.454608508831517266e-01 5.036966999999999833e-03
7.469517725849180723e-01 5.431409249999999758e-03
7.484456761300879446e-01 5.405318500000000706e-03
7.499425674823481103e-01 5.323505200000000145e-03
7.514424526173126839e-01 5.379503500000000493e-03
7.529453375225474421e-01 5.353784500000000057e-03
7.544512281975925827e-01 5.365304999999999901e-03
7.559601306539878163e-01 5.348059750000000098e-03
7.574720509152956804e-01 5.324745000000000519e-03
7.589869950171262980e-01 4.377360500000000015e-03
7.605049690071605806e-01 1.267216800000000101e-03
7.620259789451748755e-01 1.542566299999999875e-03
7.635500309030651689e-01 1.934506599999999887e-03
7.650771309648712881e-01 2.902288200000000332e-03
7.666072852268009941e-01 3.393014524999999823e-03
7.681404997972545168e-01 4.148871499999999893e-03
7.696767807968490915e-01 5.000182750000000190e-03
7.712161343584428286e-01 5.189118749999999981e-03
7.727585666271596931e-01 5.141899199999999323e-03
7.743040837604140414e-01 5.011331500000000549e-03
7.758526919279349343e-01 5.118231499999999733e-03
7.774043973117907846e-01 5.092250999999999028e-03
7.789592061064143369e-01 5.067270750000000060e-03
7.805171245186270923e-01 5.016047399999999309e-03
7.820781587676643998e-01 5.031957000000000096e-03
7.836423150851996589e-01 4.990523999999999655e-03
7.852095997153700768e-01 4.963520750000000384e-03
7.867800189148008716e-01 4.702397799999999926e-03
7.883535789526303628e-01 4.916318000000000250e-03
7.899302861105357287e-01 4.248331750000000628e-03
7.915101466827567656e-01 4.707601500000000230e-03
7.930931669761223102e-01 4.915662749999999935e-03
7.946793533100744433e-01 4.936512799999999944e-03
7.962687120166946908e-01 4.384689750000000247e-03
7.978612494407281153e-01 4.648612500000000487e-03
7.994569719396096286e-01 4.522448999999999567e-03
8.010558858834887497e-01 4.610667500000000321e-03
8.026579976552556950e-01 3.744985840000000267e-03
8.042633136505661362e-01 4.023213250000000178e-03
8.058718402778672907e-01 4.655612499999999682e-03
8.074835839584230124e-01 4.614290249999999927e-03
8.090985511263398822e-01 4.543057500000000255e-03
8.107167482285926319e-01 4.387981200000000068e-03
8.123381817250497905e-01 4.481943749999999990e-03
8.139628580884998854e-01 3.110003625000000178e-03
8.155907838046769776e-01 3.655474250000000438e-03
8.172219653722863075e-01 3.884362250000000013e-03
8.188564093030309410e-01 2.610393991999999854e-03
8.204941221216369707e-01 3.011407749999999838e-03
8.221351103658802728e-01 3.704981500000000157e-03
8.237793805866120422e-01 3.754829000000000326e-03
8.254269393477852157e-01 2.110842175000000095e-03
8.270777932264807841e-01 3.681156600000000303e-03
8.287319488129337719e-01 3.240293449999999929e-03
8.303894127105596601e-01 3.726952250000000258e-03
8.320501915359808098e-01 3.862450749999999950e-03
8.337142919190527746e-01 3.555016000000000252e-03
8.353817205028908344e-01 4.245148399999999940e-03
8.370524839438966413e-01 4.181431999999999684e-03
8.387265889117843098e-01 4.327932500000000217e-03
8.404040420896079500e-01 4.147475000000000293e-03
8.420848501737872027e-01 4.378245000000000227e-03
8.437690198741347736e-01 4.314549799999999394e-03
8.454565579138830778e-01 4.425829749999999653e-03
8.471474710297107746e-01 4.409258750000000573e-03
8.488417659717701902e-01 4.366100750000000835e-03
8.505394495037137403e-01 4.289254800000000430e-03
8.522405284027212424e-01 4.108302749999999913e-03
8.539450094595266716e-01 4.193159499999999859e-03
8.556528994784455833e-01 4.278049999999999388e-03
8.573642052774025357e-01 4.324234249999999585e-03
8.590789336879574023e-01 4.303810199999999996e-03
8.607970915553332381e-01 4.299455500000000374e-03
8.625186857384439243e-01 4.267971750000000217e-03
8.642437231099207029e-01 4.295145749999999818e-03
8.659722105561405980e-01 4.280570750000000507e-03
8.677041549772528395e-01 4.273442599999999029e-03
8.694395632872073953e-01 4.241559500000000385e-03
8.711784424137818394e-01 4.173624250000000646e-03
8.729207992986094400e-01 4.245605500000000990e-03
8.746666408972065820e-01 4.233318500000000408e-03
8.764159741790010782e-01 4.185611799999999945e-03
8.781688061273591472e-01 4.193768999999999969e-03
8.799251437396138353e-01 4.005589749999999977e-03
8.816849940270929942e-01 3.609547500000000013e-03
8.834483640151471473e-01 4.039571500000000218e-03
8.852152607431775788e-01 4.089518599999999657e-03
8.869856912646638669e-01 3.946315750000000191e-03
8.887596626471931938e-01 3.941275749999999765e-03
8.905371819724876570e-01 4.028869750000000499e-03
8.923182563364325803e-01 3.908028499999999759e-03
8.941028928491054906e-01 2.281360135999999962e-03
8.958910986348036509e-01 3.144254500000000143e-03
8.976828808320732600e-01 2.688339000000000093e-03
8.994782465937374294e-01 2.889911849999999855e-03
9.012772030869248274e-01 3.173927999999999906e-03
9.030797574930986560e-01 3.355139799999999443e-03
9.048859170080848502e-01 3.629971999999999973e-03
9.066956888421009442e-01 3.189135249999999928e-03
9.085090802197851589e-01 2.999324700000000066e-03
9.103260983802247130e-01 2.095646000000000054e-03
9.121467505769851325e-01 2.296321074999999740e-03
9.139710440781392276e-01 1.799400899999999918e-03
9.157989861662954034e-01 2.014072516000000104e-03
9.176305841386280804e-01 1.689626049999999862e-03
9.194658453069053383e-01 2.763245200000000179e-03
9.213047769975191148e-01 2.431927725000000099e-03
9.231473865515140709e-01 3.531803250000000328e-03
9.249936813246171230e-01 1.399309850000000129e-03
9.268436686872664199e-01 2.867592250000000273e-03
9.286973560246409853e-01 9.270240799999999309e-04
9.305547507366902504e-01 1.562776249999999964e-03
9.324158602381635852e-01 9.525557250000000337e-04
9.342806919586399417e-01 5.474422749999999661e-04
9.361492533425572748e-01 1.470342575000000004e-03
9.380215518492422966e-01 2.066353180000000196e-04
9.398975949529408958e-01 1.218624599999999737e-03
9.417773901428466710e-01 3.452333000000000138e-04
9.436609449231323499e-01 6.976031975000000600e-04
9.455482668129786550e-01 8.563269000000000089e-04
9.474393633466045017e-01 1.528291740000000060e-03
9.493342420732977516e-01 5.432496649999999337e-04
9.512329105574443000e-01 1.433444292499999996e-03
9.531353763785591626e-01 1.513619099999999936e-03
9.550416471313163402e-01 8.538181149999999773e-04
9.569517304255790169e-01 3.381368459999999835e-04
9.588656338864300910e-01 7.568691750000000260e-04
9.607833651542030395e-01 1.635593150000000124e-03
9.627049318845114501e-01 1.647563849999999965e-03
9.646303417482804399e-01 2.127410250000000020e-03
9.665596024317769652e-01 1.797604099999999773e-03
9.684927216366405744e-01 1.672014199999999947e-03
9.704297070799138281e-01 2.012353149999999979e-03
9.723705664940736071e-01 2.624423749999999899e-03
9.743153076270618662e-01 2.397288220000000011e-03
9.762639382423159429e-01 1.800435750000000008e-03
9.782164661188006427e-01 1.925331199999999812e-03
9.801728990510382156e-01 2.845325499999999848e-03
9.821332448491403300e-01 2.901796250000000191e-03
9.840975113388386042e-01 3.224838400000000407e-03
9.860657063615162476e-01 2.749933825000000151e-03
9.880378377742392582e-01 3.414359499999999794e-03
9.900139134497877302e-01 2.914413000000000246e-03
9.919939412766873854e-01 2.859494250000000053e-03
9.939779291592407695e-01 3.370438600000000111e-03
9.959658850175592271e-01 3.430657000000000151e-03
9.979578167875942096e-01 3.453182999999999860e-03
9.999537324211694722e-01 3.400765999999999945e-03
1.001953639886011826e+00 3.339314250000000213e-03
1.003957547165783781e+00 3.112063600000000187e-03
1.005965462260115295e+00 3.421871749999999979e-03
1.007977393184635417e+00 3.402063750000000348e-03
1.009993347971004818e+00 3.277607750000000129e-03
1.012013334666946873e+00 3.383936250000000017e-03
1.014037361336280751e+00 3.378670799999999690e-03
1.016065436058953164e+00 3.371634750000000128e-03
1.018097566931071229e+00 3.363450249999999902e-03
1.020133762064933336e+00 3.010660000000000072e-03
1.022174029589063338e+00 3.180877500000000094e-03
1.024218377648241418e+00 3.345108000000000283e-03
1.026266814403537841e+00 3.343016749999999909e-03
1.028319348032344926e+00 3.284078250000000039e-03
1.030375986728409687e+00 3.302552500000000002e-03
1.032436738701866474e+00 3.316097249999999923e-03
1.034501612179270502e+00 3.311736000000000020e-03
1.036570615403628937e+00 3.302910749999999653e-03
1.038643756634436199e+00 3.293780750000000097e-03
1.040721044147705054e+00 3.278142749999999987e-03
1.042802486236000359e+00 3.259071499999999840e-03
1.044888091208472591e+00 3.248837999999999553e-03
1.046977867390889383e+00 3.230138000000000020e-03
1.049071823125671266e+00 3.207010750000000195e-03
1.051169966771922537e+00 3.183888499999999906e-03
1.053272306705466566e+00 3.153784400000000324e-03
1.055378851318877320e+00 3.119670250000000471e-03
1.057489609021515342e+00 3.085005250000000341e-03
1.059604588239558165e+00 3.039339999999999750e-03
1.061723797416037396e+00 3.036132999999999887e-03
1.063847245010869358e+00 3.034325800000000316e-03
1.065974939500891061e+00 2.904742500000000258e-03
1.068106889379893065e+00 2.977664500000000262e-03
1.070243103158652787e+00 2.964404999999999818e-03
1.072383589364970025e+00 3.027090999999999983e-03
1.074528356543700047e+00 3.030551600000000022e-03
1.076677413256787563e+00 3.001926250000000115e-03
1.078830768083300917e+00 3.126689000000000204e-03
1.080988429619467617e+00 2.885879749999999654e-03
1.083150406478706529e+00 3.112334999999999928e-03
1.085316707291664073e+00 2.532450800000000165e-03
1.087487340706247529e+00 3.105401250000000123e-03
1.089662315387660119e+00 2.898968499999999768e-03
1.091841640018435422e+00 2.538613199999999962e-03
1.094025323298472241e+00 2.866085249999999855e-03
1.096213373945069236e+00 2.757913800000000130e-03
1.098405800692959566e+00 2.844308749999999858e-03
1.100602612294345528e+00 2.587960249999999695e-03
1.102803817518934082e+00 1.862730499999999895e-03
1.105009425153971936e+00 2.003144499999999842e-03
1.107219444004279962e+00 1.048584379999999974e-03
1.109433882892288503e+00 1.501723964999999994e-03
1.111652750658073119e+00 1.747493849999999993e-03
1.113876056159389227e+00 1.495836837500000077e-03
1.116103808271708075e+00 5.980120444000000405e-04
1.118336015888251378e+00 6.096020779999999006e-04
1.120572687920027732e+00 2.817658939250000053e-04
1.122813833295867925e+00 3.199798674999999697e-04
1.125059460962459568e+00 1.174196550000000151e-03
1.127309579884384405e+00 9.319423600000000820e-05
1.129564199044153394e+00 5.965649875000000142e-04
1.131823327442241567e+00 1.242103999999999951e-03
1.134086974097126221e+00 1.292316547750000039e-04
1.136355148045320451e+00 9.693100850000000140e-04
1.138627858341410892e+00 8.840025599999998740e-04
1.140905114058093694e+00 9.034237674999999555e-04
1.143186924286210049e+00 9.923279250000000863e-04
1.145473298134782603e+00 9.277558874999999742e-04
1.147764244731052097e+00 1.092335525000000121e-03
1.150059773220514225e+00 6.037980999999999340e-04
1.152359892766955163e+00 7.123354124999998994e-04
1.154664612552489089e+00 5.944509974999999738e-04
1.156973941777594161e+00 6.635986249999999403e-04
1.159287889661149373e+00 1.642245249999999945e-03
1.161606465440471636e+00 1.724822200000000055e-03
1.163929678371352416e+00 7.000430500000000365e-04
1.166257537728095262e+00 1.609573249999999862e-03
1.168590052803551327e+00 1.080342774999999917e-03
1.170927232909158455e+00 1.548471175000000000e-03
1.173269087374976705e+00 2.272306799999999818e-03
1.175615625549726762e+00 1.880265099999999922e-03
1.177966856800826134e+00 1.904487799999999903e-03
1.180322790514427789e+00 2.707564499999999715e-03
1.182683436095456564e+00 1.817403774999999926e-03
1.185048802967647585e+00 1.920598600000000128e-03
1.187418900573582903e+00 1.720745650000000092e-03
1.189793738374729903e+00 2.388667250000000002e-03
1.192173325851479504e+00 2.379535249999999765e-03
1.194557672503182344e+00 1.973357189999999910e-03
1.196946787848188531e+00 1.589297385999999907e-03
1.199340681423884947e+00 1.322659700000000139e-03
1.201739362786732546e+00 1.723613500000000095e-03
1.204142841512306106e+00 1.756602947500000020e-03
1.206551127195330864e+00 2.468694000000000010e-03
1.208964229449721373e+00 2.604106999999999603e-03
1.211382157908620805e+00 2.221080250000000145e-03
1.213804922224438254e+00 2.439961999999999947e-03
1.216232532068886929e+00 2.467853249999999755e-03
1.218664997133024785e+00 2.269192800000000010e-03
1.221102327127290721e+00 2.165330574999999903e-03
1.223544531781545430e+00 2.209007225000000213e-03
1.225991620845108487e+00 2.592952000000000364e-03
1.228443604086798757e+00 2.626176999999999939e-03
1.230900491294972365e+00 2.446362599999999873e-03
1.233362292277562222e+00 2.511566750000000271e-03
1.235829016862117324e+00 2.732447499999999998e-03
1.238300674895841613e+00 2.708451750000000213e-03
1.240777276245633054e+00 2.634563000000000356e-03
1.243258830798124492e+00 2.684987999999999698e-03
1.245745348459720736e+00 2.658969000000000176e-03
1.248236839156640077e+00 2.609860749999999910e-03
1.250733312834953370e+00 2.619096500000000181e-03
1.253234779460623338e+00 2.577499000000000023e-03
1.255741249019544536e+00 2.536686399999999939e-03
1.258252731517583545e+00 2.471585249999999970e-03
1.260769236980618713e+00 2.177389499999999797e-03
1.263290775454580128e+00 2.234949749999999569e-03
1.265817357005489141e+00 2.102000500000000306e-03
1.268348991719500107e+00 1.119168965399999988e-03
1.270885689702939025e+00 1.370138800000000184e-03
1.273427461082345058e+00 2.193434499999999919e-03
1.275974316004509834e+00 2.440815499999999996e-03
1.278526264636518750e+00 2.433963499999999662e-03
1.281083317165791824e+00 2.368455999999999687e-03
1.283645483800123444e+00 2.637419749999999827e-03
1.286212774767723666e+00 2.654256749999999408e-03
1.288785200317259072e+00 2.560351750000000245e-03
1.291362770717893405e+00 2.463841750000000073e-03
1.293945496259329087e+00 2.283692199999999995e-03
1.296533387251847858e+00 1.856557950000000106e-03
1.299126454026351407e+00 2.286836999999999898e-03
1.301724706934404230e+00 1.894427950000000067e-03
1.304328156348272927e+00 2.168045400000000091e-03
1.306936812660969505e+00 1.389860339999999866e-03
1.309550686286291565e+00 1.350136904999999898e-03
1.312169787658864273e+00 2.008379499999999977e-03
1.314794127234181875e+00 7.896373075000000068e-04
1.317423715488650338e+00 1.548347639999999876e-03
1.320058562919627532e+00 1.331175807500000006e-03
1.322698680045466757e+00 1.205365000000000126e-03
1.325344077405557819e+00 1.297539049999999914e-03
1.327994765560368773e+00 7.836884399999999177e-04
1.330650755091489668e+00 3.193117760000000090e-04
1.333312056601672513e+00 9.619614507499999346e-04
1.335978680714875910e+00 1.150010675000000043e-03
1.338650638076305466e+00 1.143941400000000018e-03
1.341327939352458198e+00 6.141967475000000617e-04
1.344010595231163174e+00 5.316633231000000240e-04
1.346698616421625472e+00 3.379662924999999929e-05
1.349392013654468592e+00 7.722962874999998338e-05
1.352090797681777534e+00 6.169838000000000405e-05
1.354794979277141209e+00 3.198389499999999678e-05
1.357504569235695513e+00 3.387447760000000243e-05
1.360219578374167071e+00 2.972493709999999672e-05
1.362940017530915426e+00 3.942039874999999776e-05
1.365665897565977005e+00 1.434648654999999778e-04
1.368397229361109080e+00 1.362801325000000021e-05
1.371134023819831294e+00 2.631019920000000144e-05
1.373876291867470956e+00 5.118692725999999881e-05
1.376624044451205897e+00 4.055739842500000121e-05
1.379377292540108435e+00 2.958430649999999840e-05
1.382136047125188671e+00 2.792979324999999798e-05
1.384900319219438902e+00 3.165714439999999896e-05
1.387670119857877804e+00 4.772563494250000015e-05
1.390445460097593511e+00 5.465291249999999052e-05
1.393226351017788911e+00 4.119584674999999906e-05
1.396012803719824280e+00 2.626039600000000599e-05
1.398804829327263910e+00 1.523049407499999822e-05
1.401602438985918520e+00 2.187742044999999854e-05
1.404405643863890329e+00 3.034292875000000418e-05
1.407214455151617916e+00 6.152950750000000493e-05
1.410028884061921284e+00 4.044934399999999949e-05
1.412848941830045169e+00 1.365507720999999954e-04
1.415674639713705218e+00 3.932729060250000181e-05
1.418505988993132627e+00 1.557421974999999975e-05
1.421343000971118986e+00 3.486297749999999650e-05
1.424185686973061138e+00 3.986008599999999640e-05
1.427034058347007139e+00 1.887135201749999915e-04
1.429888126463701337e+00 6.071763325000001507e-04
1.432747902716628552e+00 4.292317272500000187e-05
1.435613398522062045e+00 1.218978709999999911e-04
1.438484625319106147e+00 2.386778745999999991e-04
1.441361594569744220e+00 2.747637949999999930e-04
1.444244317758883733e+00 5.001213697500000045e-04
1.447132806394401561e+00 1.449048324999999875e-04
1.450027072007190387e+00 4.605004499999999762e-05
1.452927126151204895e+00 3.361238141999999766e-04
1.455832980403507282e+00 3.707613549999999602e-05
1.458744646364314335e+00 9.181690250000000195e-05
1.461662135657042949e+00 6.403554874999999535e-05
1.464585459928356981e+00 2.229234874999999833e-04
1.467514630848213653e+00 4.181555931999999956e-04
1.470449660109910184e+00 7.686778250000001183e-05
1.473390559430129976e+00 5.461358905000000211e-04
1.476337340548990129e+00 6.032867799999999973e-04
1.479290015230088073e+00 4.470040259999999823e-04
1.482248595260548196e+00 4.492408059999999795e-04
1.485213092451069361e+00 5.148029050000000380e-04
1.488183518635971314e+00 8.983995975000000269e-04
1.491159885673243313e+00 4.768078949999999920e-04
1.494142205444589644e+00 1.043389147500000096e-03
1.497130489855478697e+00 1.501680480000000062e-03
1.500124750835189813e+00 1.092236899999999991e-03
1.503125000336860140e+00 1.352137182499999922e-03
1.506131250337534144e+00 1.839582550000000167e-03
1.509143512838209134e+00 1.903724199999999936e-03
1.512161799863885658e+00 1.660942976499999888e-03
1.515186123463613477e+00 1.586721524999999992e-03
1.518216495710540626e+00 2.219941999999999922e-03
1.521252928701961604e+00 2.153207749999999903e-03
1.524295434559365781e+00 1.923194799999999871e-03
1.527344025428484464e+00 2.059998500000000121e-03
1.530398713479341533e+00 2.483628499999999614e-03
1.533459510906300283e+00 2.276669499999999999e-03
1.536526429928112947e+00 2.350960999999999936e-03
1.539599482787969098e+00 2.299289200000000002e-03
1.542678681753545167e+00 2.357581000000000086e-03
1.545764039117052402e+00 2.401504999999999959e-03
1.548855567195286387e+00 2.514750000000000058e-03
1.551953278329677000e+00 2.242681750000000314e-03
1.555057184886336374e+00 2.492845000000000043e-03
1.558167299256108862e+00 2.444856500000000196e-03
1.561283633854621211e+00 2.447757750000000097e-03
1.564406201122330309e+00 2.513272250000000291e-03
1.567535013524575138e+00 2.375118500000000018e-03
1.570670083551624074e+00 1.831319279999999838e-03
1.573811423718727287e+00 1.528725900000000183e-03
1.576959046566164702e+00 1.892575949999999747e-03
1.580112964659297070e+00 2.271416500000000230e-03
1.583273190588615709e+00 2.421550500000000349e-03
1.586439736969792680e+00 2.096849800000000295e-03
1.589612616443732307e+00 2.397215250000000152e-03
1.592791841676620024e+00 2.096111250000000197e-03
1.595977425359973001e+00 2.429156000000000024e-03
1.599169380210692992e+00 2.283485499999999765e-03
1.602367718971114297e+00 1.871920419999999847e-03
1.605572454409056604e+00 2.044318249999999698e-03
1.608783599317874735e+00 2.090211499999999976e-03
1.612001166516510375e+00 2.218016000000000171e-03
1.615225168849543369e+00 2.434599599999999735e-03
1.618455619187242345e+00 2.435147500000000090e-03
1.621692530425617118e+00 2.448650250000000000e-03
1.624935915486468208e+00 2.429755000000000022e-03
1.628185787317441235e+00 2.485213000000000005e-03
1.631442158892076222e+00 2.255832999999999623e-03
1.634705043209860431e+00 2.350130000000000188e-03
1.637974453296279886e+00 2.139702500000000007e-03
1.641250402202872660e+00 1.994048000000000001e-03
1.644532903007278390e+00 1.881582749999999955e-03
1.647821968813293125e+00 2.297383600000000269e-03
1.651117612750919506e+00 1.601845225000000147e-03
1.654419847976421387e+00 2.233607749999999906e-03
1.657728687672374246e+00 2.295221750000000106e-03
1.661044145047719134e+00 2.349092249999999975e-03
1.664366233337814638e+00 1.920785960000000224e-03
1.667694965804490170e+00 2.318597999999999840e-03
1.671030355736099260e+00 2.445656750000000084e-03
1.674372416447571510e+00 1.532492874999999855e-03
1.677721161280466333e+00 2.389862999999999883e-03
1.681076603603027353e+00 2.383766000000000270e-03
1.684438756810233473e+00 2.320809750000000105e-03
1.687807634323853945e+00 2.400385000000000105e-03
1.691183249592501658e+00 1.876105250000000176e-03
1.694565616091686655e+00 2.410782999999999676e-03
1.697954747323870084e+00 2.146370199999999943e-03
1.701350656818517715e+00 2.171400000000000413e-03
1.704753358132154784e+00 2.095700749999999859e-03
1.708162864848419282e+00 1.656458774999999915e-03
1.711579190578115917e+00 2.407154500000000062e-03
1.715002348959272283e+00 2.261679200000000015e-03
1.718432353657190825e+00 2.221552749999999941e-03
1.721869218364505016e+00 1.523279470000000069e-03
1.725312956801233977e+00 2.068726749999999937e-03
1.728763582714836655e+00 1.652657849999999940e-03
1.732221109880266230e+00 1.959705200000000022e-03
1.735685552100026730e+00 1.957189249999999672e-03
1.739156923204226768e+00 2.049273250000000195e-03
1.742635237050635277e+00 1.731809597499999950e-03
1.746120507524736576e+00 1.408905839999999906e-03
1.749612748539786100e+00 2.018150750000000278e-03
1.753111974036865472e+00 2.172742500000000247e-03
1.756618197984939123e+00 1.268919749999999902e-03
1.760131434380908910e+00 1.977669074999999742e-03
1.763651697249670747e+00 1.482518600000000148e-03
1.767179000644169884e+00 1.428524725000000165e-03
1.770713358645458202e+00 1.739435750000000152e-03
1.774254785362749054e+00 1.079988674999999947e-03
1.777803294933474554e+00 6.547640657500000162e-04
1.781358901523341753e+00 1.521102212000000108e-03
1.784921619326388376e+00 4.942764150000000583e-04
1.788491462565041212e+00 1.615530049999999804e-03
1.792068445490171413e+00 5.755205999999998172e-04
1.795652582381151552e+00 4.100968450000000236e-04
1.799243887545913800e+00 2.103375139999999542e-04
1.802842375321005663e+00 1.789059249999999993e-04
1.806448060071647710e+00 1.099034849999999946e-04
1.810060956191791082e+00 8.218893774999998648e-05
1.813681078104174560e+00 2.182430349999999998e-05
1.817308440260382962e+00 8.353701528599998785e-05
1.820943057140903765e+00 9.324818000000000139e-06
1.824584943255185721e+00 5.102129117499999483e-04
1.828234113141696149e+00 1.817760749999999738e-05
1.831890581367979554e+00 6.621941999999999965e-06
1.835554362530715355e+00 1.319034280000000252e-05
1.839225471255776734e+00 1.241472907499999960e-05
1.842903922198288136e+00 5.448000425000000351e-06
1.846589730042684785e+00 7.070199000000000102e-05
1.850282909502769968e+00 6.695387075000000111e-06
1.853983475321775654e+00 1.146523291999999992e-05
1.857691442272419113e+00 2.075939734999999618e-04
1.861406825156963984e+00 9.155107703249999902e-05
1.865129638807277779e+00 7.021211632499999798e-06
1.868859898084892279e+00 3.703669999999999812e-06
1.872597617881062160e+00 7.659792500000000236e-06
1.876342813116824271e+00 1.251883875000000049e-05
1.880095498743057814e+00 8.997236000000001011e-06
1.883855689740544070e+00 1.210306938499999959e-04
1.887623401120025246e+00 1.138628403999999994e-04
1.891398647922265308e+00 4.091396499999999919e-06
1.895181445218109717e+00 1.444116000000000049e-05
1.898971808108545822e+00 7.103592500000000377e-06
1.902769751724763037e+00 2.706522595000000167e-05
1.906575291228212565e+00 3.114526107879999695e-04
1.910388441810669136e+00 9.351661499999998589e-06
1.914209218694290282e+00 9.890403749999999622e-06
1.918037637131678963e+00 4.363520310000000243e-04
1.921873712405942403e+00 1.172774479999999942e-04
1.925717459830754041e+00 4.752582839999999450e-05
1.929568894750415708e+00 2.356887694250000290e-05
1.933428032539916241e+00 1.503370275000000061e-04
1.937294888604996324e+00 1.634724749999999819e-05
1.941169478382206215e+00 3.891242569999999725e-04
1.945051817338970590e+00 3.467084679999999882e-05
1.948941920973648489e+00 3.218956250000000170e-05
1.952839804815595715e+00 7.483383849999999016e-05
1.956745484425226778e+00 7.911026999999999838e-06
1.960658975394077297e+00 1.493075742500000081e-04
1.964580293344865503e+00 1.677965882000000228e-04
1.968509453931555075e+00 1.113002587500000045e-04
1.972446472839417986e+00 2.990415835000000523e-04
1.976391365785096887e+00 9.511348000000000198e-04
1.980344148516667069e+00 5.822807905000000010e-04
1.984304836813700401e+00 1.233612756000000048e-03
1.988273446487327956e+00 6.796422750000000353e-04
1.992249993380302620e+00 1.328759724999999808e-03
1.996234493367063045e+00 3.917429949999999723e-04
2.000226962353797155e+00 5.338952559999999225e-05
