2.002000000000000168e-01 2.015727999999999964e-02
2.006004000000000120e-01 2.752325624999999928e-02
2.010016008000000132e-01 2.123645500000000130e-02
2.014036040016000118e-01 2.970381124999999997e-02
2.018064112096032425e-01 2.903367399999999890e-02
2.022100240320224285e-01 3.171887750000000616e-02
2.026144440800864976e-01 3.341913875000000061e-02
2.030196729682466894e-01 3.266486500000000126e-02
2.034257123141831602e-01 3.175708000000000697e-02
2.038325637388115341e-01 3.076810700000000287e-02
2.042402288662891752e-01 2.982066374999999686e-02
2.046487093240217381e-01 2.901333374999999840e-02
2.050580067426697739e-01 2.837296874999999802e-02
2.054681227561551138e-01 2.824352000000000112e-02
2.058790590016674471e-01 2.812578100000000247e-02
2.062908171196707885e-01 2.788680875000000212e-02
2.067033987539101392e-01 2.762642875000000109e-02
2.071168055514179263e-01 2.740655125000000109e-02
2.075310391625207751e-01 2.723675000000000054e-02
2.079461012408458098e-01 2.702335199999999701e-02
2.083619934433275089e-01 2.680256500000000042e-02
2.087787174302141446e-01 2.660559500000000271e-02
2.091962748650745829e-01 2.640486874999999761e-02
2.096146674148047229e-01 2.616981000000000168e-02
2.100338967496343523e-01 2.587647499999999601e-02
2.104539645431336148e-01 2.567632749999999853e-02
2.108748724722198931e-01 2.550996999999999987e-02
2.112966222171643316e-01 2.528604500000000005e-02
2.117192154615986643e-01 2.502166249999999981e-02
2.121426538925218486e-01 2.464432299999999923e-02
2.125669392003068925e-01 2.424354500000000176e-02
2.129920730787074890e-01 2.389375374999999982e-02
2.134180572248648988e-01 2.355710874999999982e-02
2.138448933393146401e-01 2.322425624999999855e-02
2.142725831259932878e-01 2.276050300000000137e-02
2.147011282922452469e-01 2.226510749999999900e-02
2.151305305488297459e-01 2.186963374999999904e-02
2.155607916099274157e-01 2.154702249999999875e-02
2.159919131931472558e-01 2.118936100000000031e-02
2.164238970195335454e-01 2.076955375000000270e-02
2.168567448135726161e-01 2.035981249999999770e-02
2.172904583031997627e-01 1.997617125000000077e-02
2.177250392198061546e-01 1.960903249999999820e-02
2.181604892982457744e-01 1.920279899999999956e-02
2.185968102768422461e-01 1.878616875000000200e-02
2.190340038973959125e-01 1.835507125000000045e-02
2.194720719051907187e-01 1.790089624999999934e-02
2.199110160490010957e-01 1.745973249999999838e-02
2.203508380810991207e-01 1.699139499999999942e-02
2.207915397572613181e-01 1.654305000000000359e-02
2.212331228367758196e-01 1.610234499999999708e-02
2.216755890824493869e-01 1.563974374999999722e-02
2.221189402606142949e-01 1.520004500000000057e-02
2.225631781411355203e-01 1.473875800000000111e-02
2.230083044974177642e-01 1.429861374999999955e-02
2.234543211064126123e-01 1.392328375000000118e-02
2.239012297486254466e-01 1.352019250000000006e-02
2.243490322081226895e-01 1.312665874999999899e-02
2.247977302725389648e-01 1.270391300000000070e-02
2.252473257330840362e-01 1.230464875000000097e-02
2.256978203845501907e-01 1.196808499999999983e-02
2.261492160253192885e-01 1.162802500000000017e-02
2.266015144573699513e-01 1.127086625000000078e-02
2.270547174862846962e-01 1.088646000000000058e-02
2.275088269212572623e-01 1.051572749999999876e-02
2.279638445750997722e-01 1.019967625000000114e-02
2.284197722642499762e-01 9.883681999999999537e-03
2.288766118087784962e-01 9.553281999999999746e-03
2.293343650323960425e-01 9.192814000000000541e-03
2.297930337624608521e-01 8.856837624999999020e-03
2.302526198299857663e-01 8.518577875000000674e-03
2.307131250696457525e-01 8.309035374999999141e-03
2.311745513197850377e-01 8.031390374999999165e-03
2.316369004224245742e-01 7.784094800000000355e-03
2.321001742232694509e-01 7.543725875000000664e-03
2.325643745717159705e-01 7.295364625000000033e-03
2.330295033208594213e-01 7.056495875000000709e-03
2.334955623275011272e-01 6.837119200000000077e-03
2.339625534521561634e-01 6.642989250000000054e-03
2.344304785590604623e-01 6.419376375000000745e-03
2.348993395161785847e-01 6.219664875000000155e-03
2.353691381952109363e-01 6.087798125000000102e-03
2.358398764716013452e-01 5.878806500000000046e-03
2.363115562245445278e-01 5.657621249999999699e-03
2.367841793369936387e-01 5.520986000000000296e-03
2.372577476956675979e-01 5.354546499999999695e-03
2.377322631910589457e-01 5.212141249999999865e-03
2.382077277174410590e-01 5.039089699999999873e-03
2.386841431728759511e-01 4.894552249999999799e-03
2.391615114592217095e-01 4.780270875000000065e-03
2.396398344821401571e-01 4.608078624999999498e-03
2.401191141511044291e-01 4.474476749999999406e-03
2.405993523794066058e-01 4.390505700000000081e-03
2.410805510841654287e-01 4.260879750000000007e-03
2.415627121863337390e-01 4.132180749999998792e-03
2.420458376107064158e-01 4.045296125000000242e-03
2.425299292859278144e-01 3.979260749999999694e-03
2.430149891444997046e-01 3.890922199999999852e-03
2.435010191227887089e-01 3.778372874999999867e-03
2.439880211610342686e-01 3.696157749999999867e-03
2.444759972033563322e-01 3.653093375000000288e-03
2.449649491977630433e-01 3.595825999999999883e-03
2.454548790961585680e-01 3.454864800000000038e-03
2.459457888543508663e-01 3.371156499999999889e-03
2.464376804320595749e-01 3.339413375000000080e-03
2.469305557929236949e-01 3.289791874999999782e-03
2.474244169045095587e-01 3.200667499999999659e-03
2.479192657383185727e-01 3.137603500000000264e-03
2.484151042697951839e-01 3.097593000000000048e-03
2.489119344783347898e-01 2.999850374999999889e-03
2.494097583472914548e-01 2.955299750000000246e-03
2.499085778639860422e-01 2.904886000000000187e-03
2.504083950197140140e-01 2.889101624999999927e-03
2.509092118097534518e-01 2.869926125000000008e-03
2.514110302333729119e-01 2.799592000000000053e-03
2.519138522938396685e-01 2.717961374999999877e-03
2.524176799984273467e-01 2.723499100000000353e-03
2.529225153584241936e-01 2.708685750000000211e-03
2.534283603891410719e-01 2.660732250000000156e-03
2.539352171099192867e-01 2.619177250000000179e-03
2.544430875441391349e-01 2.622440624999999859e-03
2.549519737192273983e-01 2.586666699999999857e-03
2.554618776666658375e-01 2.517135624999999877e-03
2.559728014219991854e-01 2.531039374999999921e-03
2.564847470248432515e-01 2.558470624999999860e-03
2.569977165188929158e-01 2.542617499999999791e-03
2.575117119519306774e-01 2.522748600000000209e-03
2.580267353758345372e-01 2.513143374999999603e-03
2.585427888465862134e-01 2.440996124999999899e-03
2.590598744242793572e-01 2.429920625000000015e-03
2.595779941731279905e-01 2.516047125000000356e-03
2.600971501614742221e-01 2.520632299999999749e-03
2.606173444617971846e-01 2.436973250000000132e-03
2.611385791507207510e-01 2.471742250000000165e-03
2.616608563090221939e-01 2.522275374999999840e-03
2.621841780216402351e-01 2.496281500000000104e-03
2.627085463776834828e-01 2.485956099999999704e-03
2.632339634704388698e-01 2.573143250000000260e-03
2.637604313973797576e-01 2.581422875000000290e-03
2.642879522601745412e-01 2.533390999999999855e-03
2.648165281646948088e-01 2.552364499999999845e-03
2.653461612210242238e-01 2.606480900000000302e-03
2.658768535434662961e-01 2.602259124999999930e-03
2.664086072505532643e-01 2.654007999999999801e-03
2.669414244650543111e-01 2.729674750000000115e-03
2.674753073139844450e-01 2.729314000000000046e-03
2.680102579286124387e-01 2.746564249999999818e-03
2.685462784444696549e-01 2.843940249999999965e-03
2.690833710013585955e-01 2.912771874999999736e-03
2.696215377433612836e-01 2.882456625000000359e-03
2.701607808188479787e-01 2.927832299999999673e-03
2.707011023804857253e-01 3.044607874999999929e-03
2.712425045852466798e-01 3.101357750000000371e-03
2.717849895944172145e-01 3.125245874999999993e-03
2.723285595736060216e-01 3.194783999999999992e-03
2.728732166927532177e-01 3.288303700000000038e-03
2.734189631261387810e-01 3.377591249999999969e-03
2.739658010523910447e-01 3.522593500000000249e-03
2.745137326544958567e-01 3.627091875000000229e-03
2.750627601198047945e-01 3.643429000000000112e-03
2.756128856400444360e-01 3.796353300000000243e-03
2.761641114113245199e-01 3.909061624999999804e-03
2.767164396341471599e-01 4.031918125000000588e-03
2.772698725134154496e-01 4.120775750000000605e-03
2.778244122584422882e-01 4.268259874999999481e-03
2.783800610829592070e-01 4.453807100000000199e-03
2.789368212051250850e-01 4.633073249999999574e-03
2.794946948475353632e-01 4.786035000000000116e-03
2.800536842372304269e-01 4.920482375000000130e-03
2.806137916057048765e-01 5.200501249999999603e-03
2.811750191889162975e-01 5.396315300000000155e-03
2.817373692272941987e-01 5.787827250000000465e-03
2.823008439657487822e-01 5.963621500000000283e-03
2.828654456536803252e-01 6.204468500000000046e-03
2.834311765449876730e-01 6.273238375000000228e-03
2.839980388980776205e-01 6.737244499999999608e-03
2.845660349758737939e-01 7.120722250000000204e-03
2.851351670458255327e-01 7.483313874999999657e-03
2.857054373799171598e-01 7.858252374999999401e-03
2.862768482546770299e-01 8.127431125000000867e-03
2.868494019511863558e-01 8.587487899999999424e-03
2.874231007550887562e-01 9.018554249999999675e-03
2.879979469565989714e-01 9.725380500000000220e-03
2.885739428505121884e-01 1.022534125000000051e-02
2.891510907362132010e-01 1.080678699999999826e-02
2.897293929176856242e-01 1.150951124999999992e-02
2.903088517035209426e-01 1.203754874999999995e-02
2.908894694069280029e-01 1.262176500000000007e-02
2.914712483457418957e-01 1.350498500000000060e-02
2.920541908424333366e-01 1.458868500000000054e-02
2.926382992241182146e-01 1.527272374999999981e-02
2.932235758225664735e-01 1.624094375000000035e-02
2.938100229742116043e-01 1.748947499999999738e-02
2.943976430201600269e-01 1.830861874999999833e-02
2.949864383062003048e-01 1.950837300000000246e-02
2.955764111828127483e-01 2.122607749999999571e-02
2.961675640051783520e-01 2.269625000000000115e-02
2.967598991331887315e-01 2.388036250000000194e-02
2.973534189314551157e-01 2.558249875000000173e-02
2.979481257693180618e-01 2.781532199999999649e-02
2.985440220208566697e-01 2.964698749999999938e-02
2.991411100648984078e-01 3.146478249999999643e-02
2.997393922850282166e-01 3.426547124999999860e-02
3.003388710695982233e-01 3.620293125000000056e-02
3.009395488117374562e-01 3.915851499999999097e-02
3.015414279093609484e-01 4.289358999999999533e-02
3.021445107651796746e-01 4.493008625000000089e-02
3.027487997867099878e-01 4.864936250000000129e-02
3.033542973862833891e-01 5.309112750000000158e-02
3.039610059810559650e-01 5.585439200000000270e-02
3.045689279930180460e-01 6.016771500000000356e-02
3.051780658490040876e-01 6.671534499999999535e-02
3.057884219807021076e-01 7.072438374999999444e-02
3.063999988246635664e-01 7.326723374999999372e-02
3.070127988223129156e-01 8.057832900000000409e-02
3.076268244199575896e-01 8.925749874999999722e-02
3.082420780687974982e-01 9.212608999999999382e-02
3.088585622249351292e-01 9.604924624999999772e-02
3.094762793493849307e-01 1.057965240000000029e-01
3.100952319080837460e-01 1.140551312499999970e-01
3.107154223718998631e-01 1.192676974999999917e-01
3.113368532166437275e-01 1.231784874999999890e-01
3.119595269230769907e-01 1.365867249999999922e-01
3.125834459769231133e-01 1.498005299999999873e-01
3.132086128688770232e-01 1.535829125000000017e-01
3.138350300946147753e-01 1.550527124999999951e-01
3.144627001548039313e-01 1.735255125000000065e-01
3.150916255551135525e-01 1.810066999999999926e-01
3.157218088062238026e-01 1.773514999999999953e-01
3.163532524238362176e-01 1.959751250000000000e-01
3.169859589286838641e-01 2.018827750000000143e-01
3.176199308465412763e-01 1.979676750000000096e-01
3.182551707082343917e-01 2.116885749999999899e-01
3.188916810496508214e-01 2.323764199999999724e-01
3.195294644117501193e-01 2.221908874999999894e-01
3.201685233405736630e-01 2.215327250000000137e-01
3.208088603872547573e-01 2.471019875000000088e-01
3.214504781080292917e-01 2.602905500000000094e-01
3.220933790642453443e-01 2.433182600000000084e-01
3.227375658223737842e-01 2.416025499999999715e-01
3.233830409540185413e-01 2.701800249999999903e-01
3.240298070359265425e-01 2.828292374999999970e-01
3.246778666499984256e-01 2.689612999999999587e-01
3.253272223832984200e-01 2.613643199999999833e-01
3.259778768280650052e-01 2.809126000000000123e-01
3.266298325817211246e-01 2.960748249999999304e-01
3.272830922468845660e-01 2.884818499999999841e-01
3.279376584313783427e-01 2.744046374999999927e-01
3.285935337482410734e-01 2.869183100000000097e-01
3.292507208157375853e-01 3.046988250000000065e-01
3.299092222573690725e-01 3.052299374999999371e-01
3.305690407018838095e-01 2.918768374999999859e-01
3.312301787832875322e-01 2.868876750000000087e-01
3.318926391408540955e-01 3.011906300000000147e-01
3.325564244191357988e-01 3.098331375000000221e-01
3.332215372679740994e-01 3.059654250000000131e-01
3.338879803425100490e-01 2.940697624999999982e-01
3.345557563031950621e-01 3.039895100000000738e-01
3.352248678158014084e-01 3.105301125000000106e-01
3.358953175514330369e-01 3.111241625000000233e-01
3.365671081865359016e-01 3.058684624999999935e-01
3.372402424029089518e-01 2.996554500000000454e-01
3.379147228877147358e-01 3.034502399999999822e-01
3.385905523334902245e-01 3.088684624999999961e-01
3.392677334381571930e-01 3.085442375000000403e-01
3.399462689050334330e-01 3.052099624999999872e-01
3.406261614428435225e-01 3.035116749999999808e-01
3.413074137657292062e-01 3.071335899999999564e-01
3.419900285932606643e-01 3.074352375000000137e-01
3.426740086504471705e-01 3.067456124999999867e-01
3.433593566677480835e-01 3.047709250000000258e-01
3.440460753810836159e-01 3.011498999999999704e-01
3.447341675318457699e-01 3.022176999999999780e-01
3.454236358669094398e-01 3.032275875000000065e-01
3.461144831386432363e-01 3.028845749999999892e-01
3.468067121049205337e-01 3.023846625000000121e-01
3.475003255291303494e-01 3.007570750000000404e-01
3.481953261801886135e-01 3.009571699999999961e-01
3.488917168325489926e-01 3.004591500000000082e-01
3.495895002662141038e-01 2.995346249999999433e-01
3.502886792667465610e-01 2.987799875000000105e-01
3.509892566252800217e-01 2.978417250000000016e-01
3.516912351385305668e-01 2.958279100000000272e-01
3.523946176088076365e-01 2.956062999999999885e-01
3.530994068440251876e-01 2.950677624999999971e-01
3.538056056577132402e-01 2.944448124999999861e-01
3.545132168690287022e-01 2.936785499999999827e-01
3.552222433027667492e-01 2.926066900000000026e-01
3.559326877893722596e-01 2.917323374999999941e-01
3.566445531649510281e-01 2.908325374999999879e-01
3.573578422712808678e-01 2.899355000000000127e-01
3.580725579558234339e-01 2.890298599999999718e-01
3.587887030717350489e-01 2.881022500000000042e-01
3.595062804778785814e-01 2.870568625000000096e-01
3.602252930388343266e-01 2.863169999999999882e-01
3.609457436249119411e-01 2.857781499999999530e-01
3.616676351121618227e-01 2.851256699999999977e-01
3.623909703823861017e-01 2.843785749999999668e-01
3.631157523231508533e-01 2.837699500000000485e-01
3.638419838277971996e-01 2.831723875000000112e-01
3.645696677954528009e-01 2.825227124999999950e-01
3.652988071310436791e-01 2.817825800000000047e-01
3.660294047453057642e-01 2.810913749999999767e-01
3.667614635547964408e-01 2.804930124999999719e-01
3.674949864819060386e-01 2.798864875000000030e-01
3.682299764548698229e-01 2.792586375000000176e-01
3.689664364077795966e-01 2.785512199999999883e-01
3.697043692805951354e-01 2.778737749999999895e-01
3.704437780191563445e-01 2.771507500000000013e-01
3.711846655751946944e-01 2.763703124999999927e-01
3.719270349063450443e-01 2.755960749999999959e-01
3.726708889761577437e-01 2.747219800000000323e-01
3.734162307541100123e-01 2.738369375000000439e-01
3.741630632156182079e-01 2.730572125000000350e-01
3.749113893420494836e-01 2.722973499999999936e-01
3.756612121207335564e-01 2.715390000000000303e-01
3.764125345449750304e-01 2.706631299999999740e-01
3.771653596140650544e-01 2.697094625000000523e-01
3.779196903332932012e-01 2.690749250000000203e-01
3.786755297139597909e-01 2.683239374999999982e-01
3.794328807733876596e-01 2.675621874999999927e-01
3.801917465349344827e-01 2.667769999999999864e-01
3.809521300280043210e-01 2.660941125000000351e-01
3.817140342880603332e-01 2.654962374999999541e-01
3.824774623566364884e-01 2.649008500000000210e-01
3.832424172813497787e-01 2.642338300000000029e-01
3.840089021159124316e-01 2.635721874999999992e-01
3.847769199201442891e-01 2.629879625000000054e-01
3.855464737599845759e-01 2.624055874999999816e-01
3.863175667075045561e-01 2.618245874999999834e-01
3.870902018409195788e-01 2.611728600000000067e-01
3.878643822446014022e-01 2.605246875000000184e-01
3.886401110090906830e-01 2.599517249999999668e-01
3.894173912311088559e-01 2.593840374999999976e-01
3.901962260135710681e-01 2.587963500000000083e-01
3.909766184655981691e-01 2.580657800000000224e-01
3.917585717025293679e-01 2.573800375000000473e-01
3.925420888459344448e-01 2.567446624999999982e-01
3.933271730236262975e-01 2.559791249999999740e-01
3.941138273696735417e-01 2.554932625000000401e-01
3.949020550244128902e-01 2.547900599999999849e-01
3.956918591344616987e-01 2.540959875000000090e-01
3.964832428527306218e-01 2.534526500000000016e-01
3.972762093384361037e-01 2.528566999999999898e-01
3.980707617571129786e-01 2.520855874999999857e-01
3.988669032806272385e-01 2.515551099999999707e-01
3.996646370871884679e-01 2.508840625000000046e-01
4.004639663613628331e-01 2.503520999999999663e-01
4.012648942940855168e-01 2.498220749999999768e-01
4.020674240826737078e-01 2.492419750000000045e-01
4.028715589308390355e-01 2.485454500000000289e-01
4.036773020487006702e-01 2.478093875000000057e-01
4.044846566527980913e-01 2.472087250000000180e-01
4.052936259661036877e-01 2.466037749999999973e-01
4.061042132180359143e-01 2.460053249999999969e-01
4.069164216444720039e-01 2.453967799999999810e-01
4.077302544877609569e-01 2.447539374999999906e-01
4.085457149967364754e-01 2.442613375000000087e-01
4.093628064267299527e-01 2.437304499999999874e-01
4.101815320395834075e-01 2.431940250000000081e-01
4.110018951036625845e-01 2.425091799999999631e-01
4.118238988938699441e-01 2.418207124999999791e-01
4.126475466916577073e-01 2.412633250000000007e-01
4.134728417850409565e-01 2.407335499999999906e-01
4.142997874686110693e-01 2.401031499999999874e-01
4.151283870435482637e-01 2.396059500000000120e-01
4.159586438176353651e-01 2.391319625000000171e-01
4.167905611052706849e-01 2.384946625000000098e-01
4.176241422274811765e-01 2.380005374999999979e-01
4.184593905119361468e-01 2.373619200000000040e-01
4.192963092929599678e-01 2.365997249999999830e-01
4.201349019115458994e-01 2.360695999999999906e-01
4.209751717153689676e-01 2.355421749999999925e-01
4.218171220587997317e-01 2.350513624999999995e-01
4.226607563029173287e-01 2.345044299999999859e-01
4.235060778155231298e-01 2.339719125000000455e-01
4.243530899711541737e-01 2.335047374999999759e-01
4.252017961510964894e-01 2.329608750000000117e-01
4.260521997433986963e-01 2.323490749999999883e-01
4.269043041428854934e-01 2.317592500000000277e-01
4.277581127511712600e-01 2.311638750000000186e-01
4.286136289766736551e-01 2.306762125000000052e-01
4.294708562346269964e-01 2.302102624999999847e-01
4.303297979470962487e-01 2.297559124999999924e-01
4.311904575429904574e-01 2.292230499999999838e-01
4.320528384580764047e-01 2.286846874999999835e-01
4.329169441349925429e-01 2.282172000000000089e-01
4.337827780232624830e-01 2.277018874999999776e-01
4.346503435793090397e-01 2.271641749999999960e-01
4.355196442664676648e-01 2.265752799999999900e-01
4.363906835550006025e-01 2.260139124999999971e-01
4.372634649221106007e-01 2.254991624999999889e-01
4.381379918519547889e-01 2.250356625000000110e-01
4.390142678356587225e-01 2.245864124999999989e-01
4.398922963713300383e-01 2.240615799999999824e-01
4.407720809640727211e-01 2.234034749999999903e-01
4.416536251260008150e-01 2.220653125000000006e-01
4.425369323762528007e-01 2.221515875000000251e-01
4.434220062410053065e-01 2.214933699999999672e-01
4.443088502534873196e-01 2.210768249999999768e-01
4.451974679539942858e-01 2.206347624999999701e-01
4.460878628899022647e-01 2.201608250000000044e-01
4.469800386156820293e-01 2.200713499999999989e-01
4.478739986929134442e-01 2.196963499999999847e-01
4.487697466902992316e-01 2.191865375000000005e-01
4.496672861836799040e-01 2.186223250000000062e-01
4.505666207560472536e-01 2.180803875000000003e-01
4.514677539975593401e-01 2.175743250000000129e-01
4.523706895055544797e-01 2.170343100000000081e-01
4.532754308845656221e-01 2.165293375000000298e-01
4.541819817463347286e-01 2.161512124999999951e-01
4.550903457098274263e-01 2.156893249999999873e-01
4.560005264012471082e-01 2.152690999999999910e-01
4.569125274540495885e-01 2.146774899999999708e-01
4.578263525089577013e-01 2.140897500000000231e-01
4.587420052139756232e-01 2.134880749999999994e-01
4.596594892244035835e-01 2.128853875000000229e-01
4.605788082028524077e-01 2.123214374999999876e-01
4.614999658192581178e-01 2.117469899999999960e-01
4.624229657508966418e-01 2.112906999999999980e-01
4.633478116823984694e-01 2.110088125000000037e-01
4.642745073057632510e-01 2.107472375000000175e-01
4.652030563203747304e-01 2.104533749999999981e-01
4.661334624330154552e-01 2.100180400000000169e-01
4.670657293578814873e-01 2.094550124999999818e-01
4.679998608165972795e-01 2.088964249999999967e-01
4.689358605382304424e-01 2.081666750000000232e-01
4.698737322593069532e-01 2.077787624999999916e-01
4.708134797238255342e-01 2.073210799999999909e-01
4.717551066832731399e-01 2.068797625000000084e-01
4.726986168966397228e-01 2.065720500000000071e-01
4.736440141304329998e-01 2.062527500000000125e-01
4.745913021586939395e-01 2.057617250000000064e-01
4.755404847630113063e-01 2.050695899999999960e-01
4.764915657325373699e-01 2.042855749999999970e-01
4.774445488640024493e-01 2.035476249999999820e-01
4.783994379617304560e-01 2.027842374999999919e-01
4.793562368376539373e-01 2.020506699999999878e-01
4.803149493113292312e-01 2.014442375000000118e-01
4.812755792099518981e-01 2.010164500000000132e-01
4.822381303683718201e-01 2.006445124999999829e-01
4.832026066291085775e-01 2.003896374999999952e-01
4.841690118423668254e-01 2.001224300000000178e-01
4.851373498660515038e-01 1.999646499999999938e-01
4.861076245657836026e-01 1.998312500000000158e-01
4.870798398149152053e-01 1.994355624999999965e-01
4.880539994945450322e-01 1.992964750000000007e-01
4.890301074935341497e-01 1.988956899999999861e-01
4.900081677085211806e-01 1.984623625000000169e-01
4.909881840439382916e-01 1.981172999999999962e-01
4.919701604120261251e-01 1.976817499999999894e-01
4.929541007328501756e-01 1.974113999999999869e-01
4.939400089343158884e-01 1.969618699999999833e-01
4.949278889521845359e-01 1.964262499999999967e-01
4.959177447300888719e-01 1.959288000000000141e-01
4.969095802195490075e-01 1.954494875000000187e-01
4.979033993799881208e-01 1.949020375000000138e-01
4.988992061787480559e-01 1.942487800000000098e-01
4.998970045911055315e-01 1.935432749999999869e-01
5.008967986002876849e-01 1.928802874999999972e-01
5.018985921974883357e-01 1.915032037499999895e-01
5.029023893818832525e-01 1.913283249999999935e-01
5.039081941606470272e-01 1.902084160000000190e-01
5.049160105489682859e-01 1.898551900000000070e-01
5.059258425700663420e-01 1.894427237499999861e-01
5.069376942552064058e-01 1.881126137500000184e-01
5.079515696437167938e-01 1.890986900000000137e-01
5.089674727830042489e-01 1.889646380000000181e-01
5.099854077285701504e-01 1.889525612500000118e-01
5.110053785440273888e-01 1.883467175000000104e-01
5.120273893011153543e-01 1.883475975000000191e-01
5.130514440797175890e-01 1.877473010000000331e-01
5.140775469678771081e-01 1.872761087500000032e-01
5.151057020618128313e-01 1.868271575000000073e-01
5.161359134659364578e-01 1.864108174999999923e-01
5.171681852928683432e-01 1.860618425000000187e-01
5.182025216634540410e-01 1.856897430000000182e-01
5.192389267067809566e-01 1.853069175000000013e-01
5.202774045601945563e-01 1.849391449999999992e-01
5.213179593693149094e-01 1.844595549999999973e-01
5.223605952880534531e-01 1.838147250000000121e-01
5.234053164786296453e-01 1.830221059999999622e-01
5.244521271115868410e-01 1.822163375000000196e-01
5.255010313658099452e-01 1.816571174999999927e-01
5.265520334285416215e-01 1.810399912500000041e-01
5.276051374953987239e-01 1.804467962499999856e-01
5.286603477703895049e-01 1.797772170000000169e-01
5.297176684659302692e-01 1.790280475000000093e-01
5.307771038028621380e-01 1.784118474999999981e-01
5.318386580104679240e-01 1.779671850000000000e-01
5.329023353264887852e-01 1.774640925000000036e-01
5.339681399971416553e-01 1.770777060000000014e-01
5.350360762771360079e-01 1.768545712499999811e-01
5.361061484296902879e-01 1.767024324999999785e-01
5.371783607265496752e-01 1.765709300000000148e-01
5.382527174480027377e-01 1.764097600000000265e-01
5.393292228828987511e-01 1.761366070000000006e-01
5.404078813286645744e-01 1.754801062499999897e-01
5.414886970913218578e-01 1.732731112500000004e-01
5.425716744855044738e-01 1.745628662499999761e-01
5.436568178344756141e-01 1.738130462500000195e-01
5.447441314701444437e-01 1.734055760000000057e-01
5.458336197330847517e-01 1.728052862500000231e-01
5.469252869725509392e-01 1.727613625000000153e-01
5.480191375464960046e-01 1.724708349999999890e-01
5.491151758215888634e-01 1.721670459999999903e-01
5.502134061732321113e-01 1.718488724999999995e-01
5.513138329855785669e-01 1.714962924999999805e-01
5.524164606515497011e-01 1.711124875000000212e-01
5.535212935728528461e-01 1.707178974999999932e-01
5.546283361599984030e-01 1.702825020000000023e-01
5.557375928323184944e-01 1.698111512500000142e-01
5.568490680179830621e-01 1.694051324999999997e-01
5.579627661540189631e-01 1.689628937499999817e-01
5.590786916863270672e-01 1.684472862499999946e-01
5.601968490696997982e-01 1.677359300000000053e-01
5.613172427678392307e-01 1.669142862499999880e-01
5.624398772533748536e-01 1.662283350000000048e-01
5.635647570078816671e-01 1.655504475000000031e-01
5.646918865218973904e-01 1.649584350000000144e-01
5.658212702949412254e-01 1.644700560000000034e-01
5.669529128355310643e-01 1.640166949999999901e-01
5.680868186612021420e-01 1.635144750000000202e-01
5.692229922985245771e-01 1.624118587500000266e-01
5.703614382831215801e-01 1.626269250000000055e-01
5.715021611596877715e-01 1.620261550000000050e-01
5.726451654820071679e-01 1.608287299999999753e-01
5.737904558129711674e-01 1.611523950000000038e-01
5.749380367245970902e-01 1.608972912500000185e-01
5.760879127980462755e-01 1.604901300000000086e-01
5.772400886236424000e-01 1.606233069999999930e-01
5.783945688008896857e-01 1.604177387500000107e-01
5.795513579384914404e-01 1.605761850000000379e-01
5.807104606543684877e-01 1.606577962500000123e-01
5.818718815756771523e-01 1.608608975000000163e-01
5.830356253388285781e-01 1.608563559999999781e-01
5.842016965895062697e-01 1.607038174999999847e-01
5.853700999826851881e-01 1.608103737499999852e-01
5.865408401826505136e-01 1.608653212499999985e-01
5.877139218630158535e-01 1.612271349999999936e-01
5.888893497067417826e-01 1.578759989999999891e-01
5.900671284061553834e-01 1.560399537499999878e-01
5.912472626629676764e-01 1.602232062499999998e-01
5.924297571882934932e-01 1.594575950000000075e-01
5.936146167026701281e-01 1.577494530000000117e-01
5.948018459360754351e-01 1.493238062500000241e-01
5.959914496279475893e-01 1.585924150000000143e-01
5.971834325272035171e-01 1.581393574999999663e-01
5.983777993922578808e-01 1.571212937500000018e-01
5.995745549910425076e-01 1.572003999999999901e-01
6.007737041010245971e-01 1.567559712499999869e-01
6.019752515092265943e-01 1.572158849999999997e-01
6.031792020122450637e-01 1.570029412499999999e-01
6.043855604162695627e-01 1.567609312500000129e-01
6.055943315371020708e-01 1.568755199999999905e-01
6.068055202001763071e-01 1.569755850000000008e-01
6.080191312405766046e-01 1.571419174999999779e-01
6.092351695030577829e-01 1.573741450000000208e-01
6.104536398420639109e-01 1.576191087500000143e-01
6.116745471217479579e-01 1.578673859999999984e-01
6.128978962159914445e-01 1.580887862500000018e-01
6.141236920084234274e-01 1.582638962499999802e-01
6.153519393924402614e-01 1.583247899999999930e-01
6.165826432712251393e-01 1.583396437499999809e-01
6.178158085577676317e-01 1.583653119999999803e-01
6.190514401748832274e-01 1.584081537500000025e-01
6.202895430552329836e-01 1.584069412500000162e-01
6.215301221413433996e-01 1.584511175000000160e-01
6.227731823856261784e-01 1.585068174999999802e-01
6.240187287503973224e-01 1.584662299999999857e-01
6.252667662078981170e-01 1.582512150000000006e-01
6.265172997403138933e-01 1.581155099999999869e-01
6.277703343397945668e-01 1.467844837499999999e-01
6.290258750084741779e-01 1.571261274999999902e-01
6.302839267584912086e-01 1.577254800000000012e-01
6.315444946120081227e-01 1.569038474999999988e-01
6.328075836012321265e-01 1.585771812500000044e-01
6.340731987684345983e-01 1.589214312499999948e-01
6.353413451659715161e-01 1.592524409999999946e-01
6.366120278563034418e-01 1.594775400000000010e-01
6.378852519120159492e-01 1.596516087499999792e-01
6.391610224158400522e-01 1.597210387500000162e-01
6.404393444606717445e-01 1.601208849999999906e-01
6.417202231495930942e-01 1.604174399999999667e-01
6.430036635958922275e-01 1.606032999999999766e-01
6.442896709230840901e-01 1.607014099999999890e-01
6.455782502649303201e-01 1.609766774999999983e-01
6.468694067654601199e-01 1.608458299999999952e-01
6.481631455789910179e-01 1.589146710000000073e-01
6.494594718701489633e-01 1.589214162500000027e-01
6.507583908138891982e-01 1.605558925000000192e-01
6.520599075955170187e-01 1.601801949999999974e-01
6.533640274107079815e-01 1.604404362500000125e-01
6.546707554655294414e-01 1.613407659999999966e-01
6.559800969764604250e-01 1.544716012500000069e-01
6.572920571704133907e-01 1.616382562500000009e-01
6.586066412847542129e-01 1.610940062500000047e-01
6.599238545673237200e-01 1.618490062499999826e-01
6.612437022764583450e-01 1.619102539999999757e-01
6.625661896810113305e-01 1.617725937499999989e-01
6.638913220603732679e-01 1.620398162500000239e-01
6.652191047044940797e-01 1.621833937499999878e-01
6.665495429139030037e-01 1.623445149999999948e-01
6.678826419997307973e-01 1.625388780000000255e-01
6.692184072837303876e-01 1.626509487499999684e-01
6.705568440982978551e-01 1.626816562500000007e-01
6.718979577864944153e-01 1.626992987499999987e-01
6.732417537020674025e-01 1.626700462500000055e-01
6.745882372094715862e-01 1.626477469999999814e-01
6.759374136838904867e-01 1.626996824999999980e-01
6.772892885112582473e-01 1.628221562500000164e-01
6.786438670882807278e-01 1.629525787499999934e-01
6.800011548224572655e-01 1.630711340000000342e-01
6.813611571321021021e-01 1.631138500000000047e-01
6.827238794463663663e-01 1.631294099999999747e-01
6.840893272052590568e-01 1.630864300000000044e-01
6.854575058596696913e-01 1.629941537500000093e-01
6.868284208713890671e-01 1.294795065100000087e-01
6.882020777131317990e-01 1.572603925000000125e-01
6.895784818685580797e-01 1.187288097000000070e-01
6.909576388322952178e-01 1.595313112500000019e-01
6.923395541099597317e-01 1.398008183750000244e-01
6.937242332181796645e-01 1.577970340000000027e-01
6.951116816846160118e-01 1.625621050000000123e-01
6.965019050479852591e-01 1.628716849999999883e-01
6.978949088580812532e-01 1.589703799999999945e-01
6.992906986757974064e-01 1.620943874999999923e-01
7.006892800731490123e-01 1.607127230000000018e-01
7.020906586332953392e-01 1.627277337499999921e-01
7.034948399505618344e-01 1.631582149999999953e-01
7.049018296304629949e-01 1.598053887500000270e-01
7.063116332897239058e-01 1.631179725000000136e-01
7.077242565563033327e-01 1.624418790000000390e-01
7.091397050694159265e-01 1.631818937499999733e-01
7.105579844795547606e-01 1.621854762500000158e-01
7.119791004485138686e-01 1.625964337499999912e-01
7.134030586494108928e-01 1.627606249999999921e-01
7.148298647667097327e-01 1.620212490000000061e-01
7.162595244962430829e-01 1.582338837499999706e-01
7.176920435452356362e-01 1.484809083749999981e-01
7.191274276323260661e-01 1.468575800000000153e-01
7.205656824875906752e-01 1.417152037500000183e-01
7.220068138525659318e-01 1.613739530000000144e-01
7.234508274802710082e-01 1.558484412499999971e-01
7.248977291352315389e-01 1.500611675000000089e-01
7.263475245935020475e-01 1.541726787500000140e-01
7.278002196426889281e-01 1.324854212499999850e-01
7.292558200819743153e-01 1.556791730000000040e-01
7.307143317221382883e-01 1.441713272499999809e-01
7.321757603855825192e-01 1.553467737500000001e-01
7.336401119063536980e-01 1.567756062500000047e-01
7.351073921301664038e-01 1.593885100000000110e-01
7.365776069144267524e-01 1.623519012500000136e-01
7.380507621282555997e-01 1.624429012499999936e-01
7.395268636525120787e-01 1.614162437500000213e-01
7.410059173798171361e-01 1.627510462499999755e-01
7.424879292145767362e-01 1.627274890000000029e-01
7.439729050730057303e-01 1.606348374999999884e-01
7.454608508831517266e-01 1.615180424999999864e-01
7.469517725849180723e-01 1.624915324999999799e-01
7.484456761300879446e-01 1.623975562499999914e-01
7.499425674823481103e-01 1.621012280000000139e-01
7.514424526173126839e-01 1.624101725000000052e-01
7.529453375225474421e-01 1.624229500000000104e-01
7.544512281975925827e-01 1.625788099999999903e-01
7.559601306539878163e-01 1.626271250000000113e-01
7.574720509152956804e-01 1.626390420000000114e-01
7.589869950171262980e-01 1.556135649999999815e-01
7.605049690071605806e-01 9.096157350000000363e-02
7.620259789451748755e-01 7.979836637499999885e-02
7.635500309030651689e-01 1.084117537500000061e-01
7.650771309648712881e-01 1.356281910000000090e-01
7.666072852268009941e-01 1.400330276250000006e-01
7.681404997972545168e-01 1.520606000000000180e-01
7.696767807968490915e-01 1.615917387499999913e-01
7.712161343584428286e-01 1.622704949999999868e-01
7.727585666271596931e-01 1.621932760000000251e-01
7.743040837604140414e-01 1.616777162499999920e-01
7.758526919279349343e-01 1.619573387499999850e-01
7.774043973117907846e-01 1.617760912499999759e-01
7.789592061064143369e-01 1.615949350000000229e-01
7.805171245186270923e-01 1.613725099999999968e-01
7.820781587676643998e-01 1.615354487500000047e-01
7.836423150851996589e-01 1.614883162499999858e-01
7.852095997153700768e-01 1.615300125000000142e-01
7.867800189148008716e-01 1.605117159999999987e-01
7.883535789526303628e-01 1.614698274999999961e-01
7.899302861105357287e-01 1.576077362500000190e-01
7.915101466827567656e-01 1.608220862499999959e-01
7.930931669761223102e-01 1.616003724999999780e-01
7.946793533100744433e-01 1.617458229999999830e-01
7.962687120166946908e-01 1.591938537500000306e-01
7.978612494407281153e-01 1.604682687500000315e-01
7.994569719396096286e-01 1.599829724999999869e-01
8.010558858834887497e-01 1.604300637500000182e-01
8.026579976552556950e-01 1.530267053999999904e-01
8.042633136505661362e-01 1.579426937500000017e-01
8.058718402778672907e-01 1.609071212500000070e-01
8.074835839584230124e-01 1.606445874999999912e-01
8.090985511263398822e-01 1.603168512500000031e-01
8.107167482285926319e-01 1.597026850000000109e-01
8.123381817250497905e-01 1.602244199999999785e-01
8.139628580884998854e-01 1.519891200000000053e-01
8.155907838046769776e-01 1.565796124999999928e-01
8.172219653722863075e-01 1.566968637499999983e-01
8.188564093030309410e-01 1.337614450300000091e-01
8.204941221216369707e-01 1.474249874999999932e-01
8.221351103658802728e-01 1.558572812500000071e-01
8.237793805866120422e-01 1.564164249999999978e-01
8.254269393477852157e-01 1.326612765000000083e-01
8.270777932264807841e-01 1.552720719999999832e-01
8.287319488129337719e-01 1.438494148749999979e-01
8.303894127105596601e-01 1.572407800000000244e-01
8.320501915359808098e-01 1.574118849999999736e-01
8.337142919190527746e-01 1.567167787499999798e-01
8.353817205028908344e-01 1.598493890000000084e-01
8.370524839438966413e-01 1.596398099999999931e-01
8.387265889117843098e-01 1.602246974999999851e-01
8.404040420896079500e-01 1.595774474999999970e-01
8.420848501737872027e-01 1.603116037500000035e-01
8.437690198741347736e-01 1.599827000000000055e-01
8.454565579138830778e-01 1.607382775000000263e-01
8.471474710297107746e-01 1.606846474999999719e-01
8.488417659717701902e-01 1.604596912499999806e-01
8.505394495037137403e-01 1.601541090000000167e-01
8.522405284027212424e-01 1.591546637499999806e-01
8.539450094595266716e-01 1.597069775000000136e-01
8.556528994784455833e-01 1.600822450000000119e-01
8.573642052774025357e-01 1.602648549999999839e-01
8.590789336879574023e-01 1.602876480000000048e-01
8.607970915553332381e-01 1.603967562499999944e-01
8.625186857384439243e-01 1.603880549999999738e-01
8.642437231099207029e-01 1.604784812499999991e-01
8.659722105561405980e-01 1.604228987499999870e-01
8.677041549772528395e-01 1.604064349999999861e-01
8.694395632872073953e-01 1.603199599999999836e-01
8.711784424137818394e-01 1.601628349999999756e-01
8.729207992986094400e-01 1.603778962500000127e-01
8.746666408972065820e-01 1.603908975000000181e-01
8.764159741790010782e-01 1.603484010000000015e-01
8.781688061273591472e-01 1.604484049999999884e-01
8.799251437396138353e-01 1.597388474999999752e-01
8.816849940270929942e-01 1.583068074999999797e-01
8.834483640151471473e-01 1.595922300000000016e-01
8.852152607431775788e-01 1.597592120000000393e-01
8.869856912646638669e-01 1.590924812500000007e-01
8.887596626471931938e-01 1.592008174999999803e-01
8.905371819724876570e-01 1.596656350000000280e-01
8.923182563364325803e-01 1.592409399999999975e-01
8.941028928491054906e-01 1.427510163999999859e-01
8.958910986348036509e-01 1.553293087499999781e-01
8.976828808320732600e-01 1.518725712500000047e-01
8.994782465937374294e-01 1.526497175000000039e-01
9.012772030869248274e-01 1.551701837499999959e-01
9.030797574930986560e-01 1.555314569999999841e-01
9.048859170080848502e-01 1.576931675000000088e-01
9.066956888421009442e-01 1.551380812500000039e-01
9.085090802197851589e-01 1.510463462499999909e-01
9.103260983802247130e-01 1.313203095500000139e-01
9.121467505769851325e-01 1.488485575000000061e-01
9.139710440781392276e-01 1.426867868749999990e-01
9.157989861662954034e-01 1.232811093012499970e-01
9.176305841386280804e-01 1.445648812499999991e-01
9.194658453069053383e-01 1.530436029999999725e-01
9.213047769975191148e-01 1.489896687499999983e-01
9.231473865515140709e-01 1.580953374999999883e-01
9.249936813246171230e-01 1.424368174999999792e-01
9.268436686872664199e-01 1.549565149999999891e-01
9.286973560246409853e-01 1.380160683999999971e-01
9.305547507366902504e-01 1.434560377499999873e-01
9.324158602381635852e-01 1.322292936250000217e-01
9.342806919586399417e-01 1.197864525000000013e-01
9.361492533425572748e-01 1.400523047499999951e-01
9.380215518492422966e-01 7.199748314999999954e-02
9.398975949529408958e-01 1.307265466249999952e-01
9.417773901428466710e-01 1.089684038500000063e-01
9.436609449231323499e-01 9.488483267500000262e-02
9.455482668129786550e-01 1.276274048749999890e-01
9.474393633466045017e-01 1.379761807999999867e-01
9.493342420732977516e-01 1.040117966874999911e-01
9.512329105574443000e-01 1.253795752000000097e-01
9.531353763785591626e-01 1.412443512500000109e-01
9.550416471313163402e-01 1.041891961374999953e-01
9.569517304255790169e-01 1.092713910299999980e-01
9.588656338864300910e-01 1.300216278750000176e-01
9.607833651542030395e-01 1.440770849999999936e-01
9.627049318845114501e-01 1.340957716249999987e-01
9.646303417482804399e-01 1.492988024999999941e-01
9.665596024317769652e-01 1.421828702000000055e-01
9.684927216366405744e-01 1.415508837499999950e-01
9.704297070799138281e-01 1.476322937500000043e-01
9.723705664940736071e-01 1.529914462500000238e-01
9.743153076270618662e-01 1.428411493999999782e-01
9.762639382423159429e-01 1.432040862500000011e-01
9.782164661188006427e-01 1.468082400000000065e-01
9.801728990510382156e-01 1.536636675000000174e-01
9.821332448491403300e-01 1.543953312499999897e-01
9.840975113388386042e-01 1.566021840000000054e-01
9.860657063615162476e-01 1.541236162500000118e-01
9.880378377742392582e-01 1.571555524999999898e-01
9.900139134497877302e-01 1.554032600000000153e-01
9.919939412766873854e-01 1.551122587500000094e-01
9.939779291592407695e-01 1.573919609999999969e-01
9.959658850175592271e-01 1.576863237500000237e-01
9.979578167875942096e-01 1.578463012500000151e-01
9.999537324211694722e-01 1.577013362500000182e-01
1.001953639886011826e+00 1.575159050000000116e-01
1.003957547165783781e+00 1.562739960000000261e-01
1.005965462260115295e+00 1.578619187499999965e-01
1.007977393184635417e+00 1.578617274999999931e-01
1.009993347971004818e+00 1.573620324999999986e-01
1.012013334666946873e+00 1.579310487499999971e-01
1.014037361336280751e+00 1.580341880000000199e-01
1.016065436058953164e+00 1.581468362500000058e-01
1.018097566931071229e+00 1.582478675000000001e-01
1.020133762064933336e+00 1.563992649999999818e-01
1.022174029589063338e+00 1.577766862500000200e-01
1.024218377648241418e+00 1.585198370000000245e-01
1.026266814403537841e+00 1.586301612499999569e-01
1.028319348032344926e+00 1.584553862499999966e-01
1.030375986728409687e+00 1.586344212499999629e-01
1.032436738701866474e+00 1.587402600000000219e-01
1.034501612179270502e+00 1.587940889999999994e-01
1.036570615403628937e+00 1.588212987500000062e-01
1.038643756634436199e+00 1.588008587499999957e-01
1.040721044147705054e+00 1.587344499999999714e-01
1.042802486236000359e+00 1.587034437500000061e-01
1.044888091208472591e+00 1.587228980000000012e-01
1.046977867390889383e+00 1.587143374999999967e-01
1.049071823125671266e+00 1.586998924999999949e-01
1.051169966771922537e+00 1.587255162500000039e-01
1.053272306705466566e+00 1.587255220000000078e-01
1.055378851318877320e+00 1.586348949999999980e-01
1.057489609021515342e+00 1.585349700000000250e-01
1.059604588239558165e+00 1.583640737500000006e-01
1.061723797416037396e+00 1.583650249999999926e-01
1.063847245010869358e+00 1.583648729999999893e-01
1.065974939500891061e+00 1.564981412500000002e-01
1.068106889379893065e+00 1.583229850000000272e-01
1.070243103158652787e+00 1.580420387500000023e-01
1.072383589364970025e+00 1.586069387499999817e-01
1.074528356543700047e+00 1.586925379999999941e-01
1.076677413256787563e+00 1.584807474999999910e-01
1.078830768083300917e+00 1.589045550000000029e-01
1.080988429619467617e+00 1.579945150000000020e-01
1.083150406478706529e+00 1.589269474999999987e-01
1.085316707291664073e+00 1.558195670000000199e-01
1.087487340706247529e+00 1.589303662500000103e-01
1.089662315387660119e+00 1.578348049999999947e-01
1.091841640018435422e+00 1.542832187500000063e-01
1.094025323298472241e+00 1.582435449999999855e-01
1.096213373945069236e+00 1.576623510000000061e-01
1.098405800692959566e+00 1.576854275000000027e-01
1.100602612294345528e+00 1.561422262499999880e-01
1.102803817518934082e+00 1.518967400000000023e-01
1.105009425153971936e+00 1.529067112499999936e-01
1.107219444004279962e+00 1.454717059999999784e-01
1.109433882892288503e+00 1.347148521750000105e-01
1.111652750658073119e+00 1.497448874999999791e-01
1.113876056159389227e+00 1.259031362749999938e-01
1.116103808271708075e+00 9.752585612875000476e-02
1.118336015888251378e+00 1.213673363500000074e-01
1.120572687920027732e+00 9.799987282787500642e-02
1.122813833295867925e+00 9.688241791249999069e-02
1.125059460962459568e+00 1.101398137374999808e-01
1.127309579884384405e+00 7.643750569599999656e-02
1.129564199044153394e+00 1.127539169749999931e-01
1.131823327442241567e+00 1.453778924999999944e-01
1.134086974097126221e+00 6.732383966999999636e-02
1.136355148045320451e+00 1.291828879875000224e-01
1.138627858341410892e+00 1.340252198999999922e-01
1.140905114058093694e+00 1.292183745250000126e-01
1.143186924286210049e+00 1.355628930000000176e-01
1.145473298134782603e+00 1.372105406250000159e-01
1.147764244731052097e+00 1.282974375250000021e-01
1.150059773220514225e+00 1.306535552000000211e-01
1.152359892766955163e+00 1.291500785000000151e-01
1.154664612552489089e+00 1.093087819000000127e-01
1.156973941777594161e+00 1.358808945000000157e-01
1.159287889661149373e+00 1.485628487500000039e-01
1.161606465440471636e+00 1.474902309999999717e-01
1.163929678371352416e+00 1.069304012949999910e-01
1.166257537728095262e+00 1.473151900000000125e-01
1.168590052803551327e+00 1.419439368750000097e-01
1.170927232909158455e+00 1.442147099999999960e-01
1.173269087374976705e+00 1.513176070000000206e-01
1.175615625549726762e+00 1.492011974999999935e-01
1.177966856800826134e+00 1.447122449999999894e-01
1.180322790514427789e+00 1.538988162500000145e-01
1.182683436095456564e+00 1.400115656250000007e-01
1.185048802967647585e+00 1.447342699000000177e-01
1.187418900573582903e+00 1.419527518750000050e-01
1.189793738374729903e+00 1.521532224999999905e-01
1.192173325851479504e+00 1.514365387499999882e-01
1.194557672503182344e+00 1.410898319500000220e-01
1.196946787848188531e+00 1.396440928999999886e-01
1.199340681423884947e+00 1.427612256250000156e-01
1.201739362786732546e+00 1.466526737499999899e-01
1.204142841512306106e+00 1.386820088874999857e-01
1.206551127195330864e+00 1.527365212500000069e-01
1.208964229449721373e+00 1.536176549999999918e-01
1.211382157908620805e+00 1.510724249999999824e-01
1.213804922224438254e+00 1.524723549999999761e-01
1.216232532068886929e+00 1.529819700000000227e-01
1.218664997133024785e+00 1.518498149999999991e-01
1.221102327127290721e+00 1.416350662499999691e-01
1.223544531781545430e+00 1.510949799999999899e-01
1.225991620845108487e+00 1.545222387499999850e-01
1.228443604086798757e+00 1.545796375000000056e-01
1.230900491294972365e+00 1.538617609999999858e-01
1.233362292277562222e+00 1.542521350000000124e-01
1.235829016862117324e+00 1.551429874999999958e-01
1.238300674895841613e+00 1.551924824999999786e-01
1.240777276245633054e+00 1.550855612500000036e-01
1.243258830798124492e+00 1.553078479999999983e-01
1.245745348459720736e+00 1.552893025000000038e-01
1.248236839156640077e+00 1.551850599999999858e-01
1.250733312834953370e+00 1.551955399999999929e-01
1.253234779460623338e+00 1.550349237499999977e-01
1.255741249019544536e+00 1.548067429999999967e-01
1.258252731517583545e+00 1.545433075000000045e-01
1.260769236980618713e+00 1.521876862500000094e-01
1.263290775454580128e+00 1.525928924999999658e-01
1.265817357005489141e+00 1.503681412499999759e-01
1.268348991719500107e+00 1.094729781669999957e-01
1.270885689702939025e+00 1.350735812500000188e-01
1.273427461082345058e+00 1.519093524999999834e-01
1.275974316004509834e+00 1.544316312499999788e-01
1.278526264636518750e+00 1.542505975000000029e-01
1.281083317165791824e+00 1.528807709999999986e-01
1.283645483800123444e+00 1.552699200000000057e-01
1.286212774767723666e+00 1.553366075000000013e-01
1.288785200317259072e+00 1.548747199999999935e-01
1.291362770717893405e+00 1.546136987500000004e-01
1.293945496259329087e+00 1.536055460000000372e-01
1.296533387251847858e+00 1.504830737499999738e-01
1.299126454026351407e+00 1.533127274999999956e-01
1.301724706934404230e+00 1.480345212499999952e-01
1.304328156348272927e+00 1.520196880000000139e-01
1.306936812660969505e+00 1.326317714250000168e-01
1.309550686286291565e+00 1.343288154874999751e-01
1.312169787658864273e+00 1.509032262499999943e-01
1.314794127234181875e+00 1.083133819388749919e-01
1.317423715488650338e+00 1.450380400000000070e-01
1.320058562919627532e+00 1.374027363750000008e-01
1.322698680045466757e+00 1.428593424999999861e-01
1.325344077405557819e+00 1.422099850000000387e-01
1.327994765560368773e+00 1.338692848749999942e-01
1.330650755091489668e+00 1.113133809099999955e-01
1.333312056601672513e+00 1.121774289450000045e-01
1.335978680714875910e+00 1.365951323750000113e-01
1.338650638076305466e+00 1.378693112500000151e-01
1.341327939352458198e+00 1.265280759999999893e-01
1.344010595231163174e+00 9.199129688200000099e-02
1.346698616421625472e+00 6.894504432124999582e-02
1.349392013654468592e+00 6.115460235812500422e-02
1.352090797681777534e+00 9.799363395000000587e-02
1.354794979277141209e+00 6.783284801250000218e-02
1.357504569235695513e+00 6.653462829400000333e-02
1.360219578374167071e+00 5.097206395187500738e-02
1.362940017530915426e+00 5.811603828624999774e-02
1.365665897565977005e+00 6.440770514249999357e-02
1.368397229361109080e+00 2.952875242999999927e-02
1.371134023819831294e+00 2.879937396299999536e-02
1.373876291867470956e+00 4.382456781122499867e-02
1.376624044451205897e+00 6.778725452549999586e-02
1.379377292540108435e+00 4.889118532625000291e-02
1.382136047125188671e+00 4.397691904625000009e-02
1.384900319219438902e+00 5.406545468100000529e-02
1.387670119857877804e+00 6.491727805100000470e-02
1.390445460097593511e+00 7.945258376250000087e-02
1.393226351017788911e+00 5.821299757499999450e-02
1.396012803719824280e+00 4.686765154999999322e-02
1.398804829327263910e+00 3.561574008625000010e-02
1.401602438985918520e+00 3.395691784412500219e-02
1.404405643863890329e+00 5.060770847875000616e-02
1.407214455151617916e+00 5.122625956999999480e-02
1.410028884061921284e+00 6.118671190000000287e-02
1.412848941830045169e+00 4.976284979324999830e-02
1.415674639713705218e+00 4.366655994250000228e-02
1.418505988993132627e+00 4.152604404875000210e-02
1.421343000971118986e+00 6.027808347500000774e-02
1.424185686973061138e+00 5.625896259000000288e-02
1.427034058347007139e+00 5.744538510387500740e-02
1.429888126463701337e+00 6.379565054999999929e-02
1.432747902716628552e+00 3.529452792349999785e-02
1.435613398522062045e+00 5.341544018749999623e-02
1.438484625319106147e+00 5.260465357700000455e-02
1.441361594569744220e+00 6.296874833750000511e-02
1.444244317758883733e+00 6.970959240000000612e-02
1.447132806394401561e+00 6.885974162499999829e-02
1.450027072007190387e+00 5.685126512499999452e-02
1.452927126151204895e+00 5.776025309700000276e-02
1.455832980403507282e+00 6.373119734999999064e-02
1.458744646364314335e+00 6.024353574500000003e-02
1.461662135657042949e+00 5.819451681499999973e-02
1.464585459928356981e+00 6.293202551250000332e-02
1.467514630848213653e+00 7.071553707300000380e-02
1.470449660109910184e+00 5.918934383624999823e-02
1.473390559430129976e+00 5.392589850875000035e-02
1.476337340548990129e+00 7.833423735000000221e-02
1.479290015230088073e+00 6.912143227000000500e-02
1.482248595260548196e+00 8.077023669000001072e-02
1.485213092451069361e+00 8.366572087499998811e-02
1.488183518635971314e+00 8.835592724999999370e-02
1.491159885673243313e+00 8.123971313750000256e-02
1.494142205444589644e+00 8.528254200000000285e-02
1.497130489855478697e+00 1.000950429999999947e-01
1.500124750835189813e+00 1.004050262500000013e-01
1.503125000336860140e+00 9.689754343749998333e-02
1.506131250337534144e+00 1.071246374999999945e-01
1.509143512838209134e+00 1.086428510000000125e-01
1.512161799863885658e+00 1.030125350750000085e-01
1.515186123463613477e+00 1.091194924999999982e-01
1.518216495710540626e+00 1.144417637500000084e-01
1.521252928701961604e+00 1.154740637500000083e-01
1.524295434559365781e+00 1.148107530000000015e-01
1.527344025428484464e+00 1.175826812500000013e-01
1.530398713479341533e+00 1.198818175000000014e-01
1.533459510906300283e+00 1.195198387499999959e-01
1.536526429928112947e+00 1.213731137500000112e-01
1.539599482787969098e+00 1.212259259999999977e-01
1.542678681753545167e+00 1.232356087500000030e-01
1.545764039117052402e+00 1.241889399999999977e-01
1.548855567195286387e+00 1.253870512499999923e-01
1.551953278329677000e+00 1.254943024999999879e-01
1.555057184886336374e+00 1.270259390000000044e-01
1.558167299256108862e+00 1.277218374999999906e-01
1.561283633854621211e+00 1.285226925000000076e-01
1.564406201122330309e+00 1.292992474999999919e-01
1.567535013524575138e+00 1.291353337499999976e-01
1.570670083551624074e+00 1.230483369999999937e-01
1.573811423718727287e+00 1.204873949999999971e-01
1.576959046566164702e+00 1.253640099999999979e-01
1.580112964659297070e+00 1.307563025000000045e-01
1.583273190588615709e+00 1.324423825000000110e-01
1.586439736969792680e+00 1.311237160000000013e-01
1.589612616443732307e+00 1.335253587499999894e-01
1.592791841676620024e+00 1.324570274999999908e-01
1.595977425359973001e+00 1.346766375000000016e-01
1.599169380210692992e+00 1.344002312500000018e-01
1.602367718971114297e+00 1.300074820000000075e-01
1.605572454409056604e+00 1.325938249999999985e-01
1.608783599317874735e+00 1.341294012500000021e-01
1.612001166516510375e+00 1.355535700000000121e-01
1.615225168849543369e+00 1.374820230000000088e-01
1.618455619187242345e+00 1.379537875000000080e-01
1.621692530425617118e+00 1.383963175000000045e-01
1.624935915486468208e+00 1.384704962499999914e-01
1.628185787317441235e+00 1.390606149999999985e-01
1.631442158892076222e+00 1.373183909999999841e-01
1.634705043209860431e+00 1.387509012500000027e-01
1.637974453296279886e+00 1.370802437499999971e-01
1.641250402202872660e+00 1.335578349999999859e-01
1.644532903007278390e+00 1.345263324999999843e-01
1.647821968813293125e+00 1.391741820000000074e-01
1.651117612750919506e+00 1.248526925000000010e-01
1.654419847976421387e+00 1.384796087499999828e-01
1.657728687672374246e+00 1.399808250000000032e-01
1.661044145047719134e+00 1.408482050000000041e-01
1.664366233337814638e+00 1.293864137000000081e-01
1.667694965804490170e+00 1.404867537499999985e-01
1.671030355736099260e+00 1.413632637500000233e-01
1.674372416447571510e+00 1.361460862499999924e-01
1.677721161280466333e+00 1.407894387499999955e-01
1.681076603603027353e+00 1.407394839999999980e-01
1.684438756810233473e+00 1.412168487500000125e-01
1.687807634323853945e+00 1.410992999999999831e-01
1.691183249592501658e+00 1.369989037500000117e-01
1.694565616091686655e+00 1.412630874999999953e-01
1.697954747323870084e+00 1.403505790000000031e-01
1.701350656818517715e+00 1.384976525000000125e-01
1.704753358132154784e+00 1.388851887499999993e-01
1.708162864848419282e+00 1.358196637500000137e-01
1.711579190578115917e+00 1.401563862499999868e-01
1.715002348959272283e+00 1.390779520000000047e-01
1.718432353657190825e+00 1.370415712499999938e-01
1.721869218364505016e+00 1.303012906250000102e-01
1.725312956801233977e+00 1.375908224999999874e-01
1.728763582714836655e+00 1.316042537500000109e-01
1.732221109880266230e+00 1.361135289999999831e-01
1.735685552100026730e+00 1.358499699999999866e-01
1.739156923204226768e+00 1.357162762499999897e-01
1.742635237050635277e+00 1.303159302499999894e-01
1.746120507524736576e+00 1.285033402999999907e-01
1.749612748539786100e+00 1.349479299999999937e-01
1.753111974036865472e+00 1.346449512500000056e-01
1.756618197984939123e+00 1.298550087500000005e-01
1.760131434380908910e+00 1.326365224999999926e-01
1.763651697249670747e+00 1.297791600000000045e-01
1.767179000644169884e+00 1.282780787499999964e-01
1.770713358645458202e+00 1.306332887499999929e-01
1.774254785362749054e+00 1.250284787500000050e-01
1.777803294933474554e+00 9.241107232750001010e-02
1.781358901523341753e+00 1.235617944100000087e-01
1.784921619326388376e+00 1.041966291074999940e-01
1.788491462565041212e+00 1.260878262500000069e-01
1.792068445490171413e+00 1.095987526249999899e-01
1.795652582381151552e+00 1.187194511250000001e-01
1.799243887545913800e+00 1.065189945400000227e-01
1.802842375321005663e+00 9.908876683749999470e-02
1.806448060071647710e+00 9.940280424000000337e-02
1.810060956191791082e+00 7.359558461000000051e-02
1.813681078104174560e+00 6.370783699625000296e-02
1.817308440260382962e+00 5.799129032165999814e-02
1.820943057140903765e+00 4.393515392499999783e-02
1.824584943255185721e+00 9.698095112000000573e-02
1.828234113141696149e+00 8.599866851250000110e-02
1.831890581367979554e+00 3.723875610749999288e-02
1.835554362530715355e+00 5.509040355799999650e-02
1.839225471255776734e+00 4.525686089287499908e-02
1.842903922198288136e+00 3.818116582174999746e-02
1.846589730042684785e+00 5.332638941999999493e-02
1.850282909502769968e+00 4.222096979762499785e-02
1.853983475321775654e+00 5.082982986689999622e-02
1.857691442272419113e+00 4.607703892000000051e-02
1.861406825156963984e+00 3.870323501184999571e-02
1.865129638807277779e+00 4.039505095053749772e-02
1.868859898084892279e+00 2.217419213299999872e-02
1.872597617881062160e+00 2.514331038750000288e-02
1.876342813116824271e+00 3.351419641250000248e-02
1.880095498743057814e+00 3.360966051412499905e-02
1.883855689740544070e+00 3.947936412862499550e-02
1.887623401120025246e+00 3.948288586499999753e-02
1.891398647922265308e+00 1.554614545137499894e-02
1.895181445218109717e+00 2.634161781749999945e-02
1.898971808108545822e+00 2.386637011125000013e-02
1.902769751724763037e+00 2.798787714287499784e-02
1.906575291228212565e+00 2.331444796115599710e-02
1.910388441810669136e+00 2.796876603250000176e-02
1.914209218694290282e+00 2.159876494500000133e-02
1.918037637131678963e+00 2.925076103249999934e-02
1.921873712405942403e+00 2.527769167375000167e-02
1.925717459830754041e+00 2.411538546399999774e-02
1.929568894750415708e+00 1.310691315412500224e-02
1.933428032539916241e+00 2.446250746624999833e-02
1.937294888604996324e+00 2.583021528874999972e-02
1.941169478382206215e+00 2.963240592375000065e-02
1.945051817338970590e+00 2.823039594000000332e-02
1.948941920973648489e+00 2.984382899999999880e-02
1.952839804815595715e+00 2.623557037749999973e-02
1.956745484425226778e+00 1.747903192587500071e-02
1.960658975394077297e+00 2.958327594750000122e-02
1.964580293344865503e+00 2.681060075129999831e-02
1.968509453931555075e+00 1.836007415337499726e-02
1.972446472839417986e+00 3.730414878874999812e-02
1.976391365785096887e+00 4.551899874999999762e-02
1.980344148516667069e+00 4.242232234999999962e-02
1.984304836813700401e+00 4.798372349999999176e-02
1.988273446487327956e+00 4.624894870000000047e-02
1.992249993380302620e+00 5.327519124999999939e-02
1.996234493367063045e+00 4.914002475000000397e-02
2.000226962353797155e+00 3.494361461099999844e-02
