2.002000000000000168e-01 2.441293399999999898e-03
2.006004000000000120e-01 3.341259499999999806e-03
2.010016008000000132e-01 2.569541499999999576e-03
2.014036040016000118e-01 3.610381750000000219e-03
2.018064112096032425e-01 3.528131299999999991e-03
2.022100240320224285e-01 3.859708624999999994e-03
2.026144440800864976e-01 4.070257500000000472e-03
2.030196729682466894e-01 3.976752499999999801e-03
2.034257123141831602e-01 3.864306999999999985e-03
2.038325637388115341e-01 3.741922200000000025e-03
2.042402288662891752e-01 3.624786750000000106e-03
2.046487093240217381e-01 3.525064875000000035e-03
2.050580067426697739e-01 3.446022750000000013e-03
2.054681227561551138e-01 3.430050874999999999e-03
2.058790590016674471e-01 3.415526400000000028e-03
2.062908171196707885e-01 3.386051250000000033e-03
2.067033987539101392e-01 3.353943875000000262e-03
2.071168055514179263e-01 3.326837625000000128e-03
2.075310391625207751e-01 3.305909125000000039e-03
2.079461012408458098e-01 3.279612299999999561e-03
2.083619934433275089e-01 3.252410874999999823e-03
2.087787174302141446e-01 3.228149500000000206e-03
2.091962748650745829e-01 3.203430250000000035e-03
2.096146674148047229e-01 3.174489375000000193e-03
2.100338967496343523e-01 3.138383900000000105e-03
2.104539645431336148e-01 3.113754375000000064e-03
2.108748724722198931e-01 3.093287374999999922e-03
2.112966222171643316e-01 3.065743374999999916e-03
2.117192154615986643e-01 3.033231124999999882e-03
2.121426538925218486e-01 2.986844300000000320e-03
2.125669392003068925e-01 2.937595500000000047e-03
2.129920730787074890e-01 2.894629624999999797e-03
2.134180572248648988e-01 2.853293625000000340e-03
2.138448933393146401e-01 2.812438125000000372e-03
2.142725831259932878e-01 2.755540900000000206e-03
2.147011282922452469e-01 2.694790749999999898e-03
2.151305305488297459e-01 2.646318249999999803e-03
2.155607916099274157e-01 2.606791500000000400e-03
2.159919131931472558e-01 2.562987600000000282e-03
2.164238970195335454e-01 2.511593874999999872e-03
2.168567448135726161e-01 2.461454874999999612e-03
2.172904583031997627e-01 2.414530375000000038e-03
2.177250392198061546e-01 2.369643000000000270e-03
2.181604892982457744e-01 2.319997600000000063e-03
2.185968102768422461e-01 2.269104249999999955e-03
2.190340038973959125e-01 2.216469375000000228e-03
2.194720719051907187e-01 2.161043624999999749e-03
2.199110160490010957e-01 2.107233000000000023e-03
2.203508380810991207e-01 2.050138100000000428e-03
2.207915397572613181e-01 1.995507500000000267e-03
2.212331228367758196e-01 1.941835999999999953e-03
2.216755890824493869e-01 1.885526375000000018e-03
2.221189402606142949e-01 1.832032499999999885e-03
2.225631781411355203e-01 1.775941799999999904e-03
2.230083044974177642e-01 1.722448750000000160e-03
2.234543211064126123e-01 1.676855000000000099e-03
2.239012297486254466e-01 1.627911000000000115e-03
2.243490322081226895e-01 1.580150000000000001e-03
2.247977302725389648e-01 1.528868400000000204e-03
2.252473257330840362e-01 1.480457750000000166e-03
2.256978203845501907e-01 1.439667374999999963e-03
2.261492160253192885e-01 1.398470250000000050e-03
2.266015144573699513e-01 1.355218999999999955e-03
2.270547174862846962e-01 1.308689400000000169e-03
2.275088269212572623e-01 1.263834250000000006e-03
2.279638445750997722e-01 1.225611250000000017e-03
2.284197722642499762e-01 1.187408999999999947e-03
2.288766118087784962e-01 1.147481374999999911e-03
2.293343650323960425e-01 1.103938299999999940e-03
2.297930337624608521e-01 1.063369874999999963e-03
2.302526198299857663e-01 1.026400000000000012e-03
2.307131250696457525e-01 9.990117874999998419e-04
2.311745513197850377e-01 9.656715625000000065e-04
2.316369004224245742e-01 9.352368900000000099e-04
2.321001742232694509e-01 9.061157374999999608e-04
2.325643745717159705e-01 8.756846375000000007e-04
2.330295033208594213e-01 8.470227124999999812e-04
2.334955623275011272e-01 8.206777299999999187e-04
2.339625534521561634e-01 7.966589375000000502e-04
2.344304785590604623e-01 7.698605999999999115e-04
2.348993395161785847e-01 7.454785375000000684e-04
2.353691381952109363e-01 7.295878999999999472e-04
2.358398764716013452e-01 7.044871900000000600e-04
2.363115562245445278e-01 6.780260375000000429e-04
2.367841793369936387e-01 6.615201000000000024e-04
2.372577476956675979e-01 6.415317874999999781e-04
2.377322631910589457e-01 6.243580249999998878e-04
2.382077277174410590e-01 6.036403599999999852e-04
2.386841431728759511e-01 5.862852000000000428e-04
2.391615114592217095e-01 5.724568500000000145e-04
2.396398344821401571e-01 5.518468124999999398e-04
2.401191141511044291e-01 5.357922500000000809e-04
2.405993523794066058e-01 5.257243299999999654e-04
2.410805510841654287e-01 5.101553874999999530e-04
2.415627121863337390e-01 4.947464124999999876e-04
2.420458376107064158e-01 4.843097249999999635e-04
2.425299292859278144e-01 4.763980375000000144e-04
2.430149891444997046e-01 4.657929900000000304e-04
2.435010191227887089e-01 4.522969500000000335e-04
2.439880211610342686e-01 4.424446999999999755e-04
2.444759972033563322e-01 4.372528499999999720e-04
2.449649491977630433e-01 4.303706999999999281e-04
2.454548790961585680e-01 4.135492399999999972e-04
2.459457888543508663e-01 4.034688750000000072e-04
2.464376804320595749e-01 3.996119874999999773e-04
2.469305557929236949e-01 3.936653000000000136e-04
2.474244169045095587e-01 3.830200375000000421e-04
2.479192657383185727e-01 3.754338299999999853e-04
2.484151042697951839e-01 3.706246375000000082e-04
2.489119344783347898e-01 3.589626750000000097e-04
2.494097583472914548e-01 3.535740999999999797e-04
2.499085778639860422e-01 3.475489500000000396e-04
2.504083950197140140e-01 3.456113374999999609e-04
2.509092118097534518e-01 3.433099874999999868e-04
2.514110302333729119e-01 3.349478124999999960e-04
2.519138522938396685e-01 3.251766000000000335e-04
2.524176799984273467e-01 3.257673199999999952e-04
2.529225153584241936e-01 3.240072499999999936e-04
2.534283603891410719e-01 3.182784874999999673e-04
2.539352171099192867e-01 3.133138749999999869e-04
2.544430875441391349e-01 3.136677374999999844e-04
2.549519737192273983e-01 3.094063899999999851e-04
2.554618776666658375e-01 3.011001374999999931e-04
2.559728014219991854e-01 3.027126625000000205e-04
2.564847470248432515e-01 3.059590124999999662e-04
2.569977165188929158e-01 3.041036250000000085e-04
2.575117119519306774e-01 3.017387200000000132e-04
2.580267353758345372e-01 3.005883000000000101e-04
2.585427888465862134e-01 2.920045750000000383e-04
2.590598744242793572e-01 2.906251125000000146e-04
2.595779941731279905e-01 3.008260749999999944e-04
2.600971501614742221e-01 3.014381300000000324e-04
2.606173444617971846e-01 2.915209375000000222e-04
2.611385791507207510e-01 2.955926750000000252e-04
2.616608563090221939e-01 3.015986124999999731e-04
2.621841780216402351e-01 2.985639249999999978e-04
2.627085463776834828e-01 2.973045000000000332e-04
2.632339634704388698e-01 3.076474000000000049e-04
2.637604313973797576e-01 3.087015499999999548e-04
2.642879522601745412e-01 3.030385624999999694e-04
2.648165281646948088e-01 3.052278750000000105e-04
2.653461612210242238e-01 3.116787699999999791e-04
2.658768535434662961e-01 3.112106874999999873e-04
2.664086072505532643e-01 3.173669749999999770e-04
2.669414244650543111e-01 3.263871499999999740e-04
2.674753073139844450e-01 3.264291299999999563e-04
2.680102579286124387e-01 3.284652499999999838e-04
2.685462784444696549e-01 3.400703749999999534e-04
2.690833710013585955e-01 3.483314999999999632e-04
2.696215377433612836e-01 3.448230499999999782e-04
2.701607808188479787e-01 3.502113000000000058e-04
2.707011023804857253e-01 3.641502624999999691e-04
2.712425045852466798e-01 3.709984624999999826e-04
2.717849895944172145e-01 3.738937499999999640e-04
2.723285595736060216e-01 3.821565500000000028e-04
2.728732166927532177e-01 3.933446400000000518e-04
2.734189631261387810e-01 4.040065000000000019e-04
2.739658010523910447e-01 4.212665249999999638e-04
2.745137326544958567e-01 4.337670250000000044e-04
2.750627601198047945e-01 4.357685375000000267e-04
2.756128856400444360e-01 4.540042700000000448e-04
2.761641114113245199e-01 4.675013249999999975e-04
2.767164396341471599e-01 4.821718250000000530e-04
2.772698725134154496e-01 4.928191999999999859e-04
2.778244122584422882e-01 5.103909874999999546e-04
2.783800610829592070e-01 5.325642400000000359e-04
2.789368212051250850e-01 5.540978624999999460e-04
2.794946948475353632e-01 5.725926124999999606e-04
2.800536842372304269e-01 5.888797749999999907e-04
2.806137916057048765e-01 6.225156874999999892e-04
2.811750191889162975e-01 6.460598499999998991e-04
2.817373692272941987e-01 6.927726874999999909e-04
2.823008439657487822e-01 7.137925999999999733e-04
2.828654456536803252e-01 7.424724375000000837e-04
2.834311765449876730e-01 7.508473374999999686e-04
2.839980388980776205e-01 8.058812899999999706e-04
2.845660349758737939e-01 8.520597249999999848e-04
2.851351670458255327e-01 8.954468374999999519e-04
2.857054373799171598e-01 9.406171999999999971e-04
2.862768482546770299e-01 9.730813000000000917e-04
2.868494019511863558e-01 1.028397199999999973e-03
2.874231007550887562e-01 1.080626249999999981e-03
2.879979469565989714e-01 1.165695874999999986e-03
2.885739428505121884e-01 1.226061625000000183e-03
2.891510907362132010e-01 1.296274499999999991e-03
2.897293929176856242e-01 1.380987874999999726e-03
2.903088517035209426e-01 1.444900625000000152e-03
2.908894694069280029e-01 1.515426375000000075e-03
2.914712483457418957e-01 1.621382624999999876e-03
2.920541908424333366e-01 1.751951700000000094e-03
2.926382992241182146e-01 1.835465249999999968e-03
2.932235758225664735e-01 1.952590250000000010e-03
2.938100229742116043e-01 2.103744624999999945e-03
2.943976430201600269e-01 2.204137125000000044e-03
2.949864383062003048e-01 2.350362899999999811e-03
2.955764111828127483e-01 2.559716625000000179e-03
2.961675640051783520e-01 2.740697999999999745e-03
2.967598991331887315e-01 2.888108125000000276e-03
2.973534189314551157e-01 3.099816249999999898e-03
2.979481257693180618e-01 3.379270000000000190e-03
2.985440220208566697e-01 3.612179624999999755e-03
2.991411100648984078e-01 3.844444624999999918e-03
2.997393922850282166e-01 4.202957250000000089e-03
3.003388710695982233e-01 4.456708375000000000e-03
3.009395488117374562e-01 4.845292899999999181e-03
3.015414279093609484e-01 5.341743625000000897e-03
3.021445107651796746e-01 5.618866625000000677e-03
3.027487997867099878e-01 6.120035250000000100e-03
3.033542973862833891e-01 6.726817125000000321e-03
3.039610059810559650e-01 7.117568300000000001e-03
3.045689279930180460e-01 7.717375624999999947e-03
3.051780658490040876e-01 8.628278374999999445e-03
3.057884219807021076e-01 9.202596999999999861e-03
3.063999988246635664e-01 9.577124625000000765e-03
3.070127988223129156e-01 1.061065959999999905e-02
3.076268244199575896e-01 1.184851112499999901e-02
3.082420780687974982e-01 1.228346249999999820e-02
3.088585622249351292e-01 1.285370874999999975e-02
3.094762793493849307e-01 1.425160800000000068e-02
3.100952319080837460e-01 1.545145625000000043e-02
3.107154223718998631e-01 1.622896625000000079e-02
3.113368532166437275e-01 1.680897749999999899e-02
3.119595269230769907e-01 1.863813250000000143e-02
3.125834459769231133e-01 2.051493100000000014e-02
3.132086128688770232e-01 2.113517874999999713e-02
3.138350300946147753e-01 2.139429500000000067e-02
3.144627001548039313e-01 2.402434250000000035e-02
3.150916255551135525e-01 2.518428124999999920e-02
3.157218088062238026e-01 2.476601800000000075e-02
3.163532524238362176e-01 2.746507125000000396e-02
3.169859589286838641e-01 2.840252375000000204e-02
3.176199308465412763e-01 2.794466999999999784e-02
3.182551707082343917e-01 2.996926750000000056e-02
3.188916810496508214e-01 3.306122799999999806e-02
3.195294644117501193e-01 3.171301750000000280e-02
3.201685233405736630e-01 3.168735125000000236e-02
3.208088603872547573e-01 3.550323375000000170e-02
3.214504781080292917e-01 3.759593875000000196e-02
3.220933790642453443e-01 3.519698500000000008e-02
3.227375658223737842e-01 3.498852125000000146e-02
3.233830409540185413e-01 3.934279749999999853e-02
3.240298070359265425e-01 4.142900750000000354e-02
3.246778666499984256e-01 3.943892250000000099e-02
3.253272223832984200e-01 3.833325799999999506e-02
3.259778768280650052e-01 4.140743624999999872e-02
3.266298325817211246e-01 4.389429250000000116e-02
3.272830922468845660e-01 4.285230375000000091e-02
3.279376584313783427e-01 4.072527874999999631e-02
3.285935337482410734e-01 4.269020400000000937e-02
3.292507208157375853e-01 4.565522375000000133e-02
3.299092222573690725e-01 4.589866249999999953e-02
3.305690407018838095e-01 4.382902374999999434e-02
3.312301787832875322e-01 4.306864624999999502e-02
3.318926391408540955e-01 4.545030599999999588e-02
3.325564244191357988e-01 4.700897750000000014e-02
3.332215372679740994e-01 4.644508999999999443e-02
3.338879803425100490e-01 4.455839624999999998e-02
3.345557563031950621e-01 4.626020200000000027e-02
3.352248678158014084e-01 4.748596249999999935e-02
3.358953175514330369e-01 4.766943625000000240e-02
3.365671081865359016e-01 4.685518249999999496e-02
3.372402424029089518e-01 4.589181000000000510e-02
3.379147228877147358e-01 4.660877800000000348e-02
3.385905523334902245e-01 4.761322625000000142e-02
3.392677334381571930e-01 4.761619250000000136e-02
3.399462689050334330e-01 4.712077500000000363e-02
3.406261614428435225e-01 4.692034999999999956e-02
3.413074137657292062e-01 4.763629499999999517e-02
3.419900285932606643e-01 4.776735124999999943e-02
3.426740086504471705e-01 4.770870374999999775e-02
3.433593566677480835e-01 4.743727375000000163e-02
3.440460753810836159e-01 4.691176500000000110e-02
3.447341675318457699e-01 4.716565899999999867e-02
3.454236358669094398e-01 4.740132874999999912e-02
3.461144831386432363e-01 4.740144500000000038e-02
3.468067121049205337e-01 4.739786499999999736e-02
3.475003255291303494e-01 4.720040874999999886e-02
3.481953261801886135e-01 4.731082399999999438e-02
3.488917168325489926e-01 4.729474875000000411e-02
3.495895002662141038e-01 4.718814250000000210e-02
3.502886792667465610e-01 4.712811125000000018e-02
3.509892566252800217e-01 4.704384250000000212e-02
3.516912351385305668e-01 4.677390000000000020e-02
3.523946176088076365e-01 4.680445625000000109e-02
3.530994068440251876e-01 4.677669874999999811e-02
3.538056056577132402e-01 4.674137750000000036e-02
3.545132168690287022e-01 4.668026749999999725e-02
3.552222433027667492e-01 4.656902899999999790e-02
3.559326877893722596e-01 4.648912125000000117e-02
3.566445531649510281e-01 4.639251999999999265e-02
3.573578422712808678e-01 4.629720375000000165e-02
3.580725579558234339e-01 4.621370900000000559e-02
3.587887030717350489e-01 4.612660375000000174e-02
3.595062804778785814e-01 4.600836124999999749e-02
3.602252930388343266e-01 4.593742624999999635e-02
3.609457436249119411e-01 4.589817375000000005e-02
3.616676351121618227e-01 4.584701100000000001e-02
3.623909703823861017e-01 4.577719125000000167e-02
3.631157523231508533e-01 4.572491000000000055e-02
3.638419838277971996e-01 4.567430750000000400e-02
3.645696677954528009e-01 4.561210124999999505e-02
3.652988071310436791e-01 4.553937499999999999e-02
3.660294047453057642e-01 4.547736000000000139e-02
3.667614635547964408e-01 4.542579374999999864e-02
3.674949864819060386e-01 4.537211500000000453e-02
3.682299764548698229e-01 4.531345750000000117e-02
3.689664364077795966e-01 4.524613599999999930e-02
3.697043692805951354e-01 4.518411499999999692e-02
3.704437780191563445e-01 4.511083375000000256e-02
3.711846655751946944e-01 4.502955375000000648e-02
3.719270349063450443e-01 4.494929500000000022e-02
3.726708889761577437e-01 4.485767699999999858e-02
3.734162307541100123e-01 4.476291999999999771e-02
3.741630632156182079e-01 4.467946875000000651e-02
3.749113893420494836e-01 4.459948125000000319e-02
3.756612121207335564e-01 4.451974624999999880e-02
3.764125345449750304e-01 4.442575699999999628e-02
3.771653596140650544e-01 4.431600874999999662e-02
3.779196903332932012e-01 4.425702499999999845e-02
3.786755297139597909e-01 4.417620375000000377e-02
3.794328807733876596e-01 4.409315999999999930e-02
3.801917465349344827e-01 4.401069400000000298e-02
3.809521300280043210e-01 4.394228875000000256e-02
3.817140342880603332e-01 4.388245000000000340e-02
3.824774623566364884e-01 4.382266499999999676e-02
3.832424172813497787e-01 4.375535600000000913e-02
3.840089021159124316e-01 4.368867374999999692e-02
3.847769199201442891e-01 4.362984000000000306e-02
3.855464737599845759e-01 4.357100249999999730e-02
3.863175667075045561e-01 4.351207500000000422e-02
3.870902018409195788e-01 4.344564999999999538e-02
3.878643822446014022e-01 4.337939375000000181e-02
3.886401110090906830e-01 4.332076499999999719e-02
3.894173912311088559e-01 4.326280874999999942e-02
3.901962260135710681e-01 4.320165499999999853e-02
3.909766184655981691e-01 4.312192800000000381e-02
3.917585717025293679e-01 4.304972249999999834e-02
3.925420888459344448e-01 4.298064000000000051e-02
3.933271730236262975e-01 4.288193250000000428e-02
3.941138273696735417e-01 4.284468750000000603e-02
3.949020550244128902e-01 4.276776899999999715e-02
3.956918591344616987e-01 4.269209000000000198e-02
3.964832428527306218e-01 4.261863250000000325e-02
3.972762093384361037e-01 4.255607000000000140e-02
3.980707617571129786e-01 4.245449625000000116e-02
3.988669032806272385e-01 4.241259899999999528e-02
3.996646370871884679e-01 4.233829625000000429e-02
4.004639663613628331e-01 4.227999999999999814e-02
4.012648942940855168e-01 4.221843375000000620e-02
4.020674240826737078e-01 4.214739624999999656e-02
4.028715589308390355e-01 4.207393400000000033e-02
4.036773020487006702e-01 4.199129499999999793e-02
4.044846566527980913e-01 4.192926999999999765e-02
4.052936259661036877e-01 4.186345250000000212e-02
4.061042132180359143e-01 4.179726874999999814e-02
4.069164216444720039e-01 4.172655899999999640e-02
4.077302544877609569e-01 4.164651124999999704e-02
4.085457149967364754e-01 4.159295749999999958e-02
4.093628064267299527e-01 4.153096124999999805e-02
4.101815320395834075e-01 4.146902749999999832e-02
4.110018951036625845e-01 4.139283700000000177e-02
4.118238988938699441e-01 4.131696625000000345e-02
4.126475466916577073e-01 4.125482874999999994e-02
4.134728417850409565e-01 4.119475749999999825e-02
4.142997874686110693e-01 4.111686099999999761e-02
4.151283870435482637e-01 4.106083374999999758e-02
4.159586438176353651e-01 4.100264250000000554e-02
4.167905611052706849e-01 4.091671624999999868e-02
4.176241422274811765e-01 4.086930999999999897e-02
4.184593905119361468e-01 4.079747300000000076e-02
4.192963092929599678e-01 4.070381000000000693e-02
4.201349019115458994e-01 4.065305874999999847e-02
4.209751717153689676e-01 4.059177999999999398e-02
4.218171220587997317e-01 4.053188749999999535e-02
4.226607563029173287e-01 4.046464899999999837e-02
4.235060778155231298e-01 4.039566125000000618e-02
4.243530899711541737e-01 4.033475124999999495e-02
4.252017961510964894e-01 4.026868875000000347e-02
4.260521997433986963e-01 4.019445624999999633e-02
4.269043041428854934e-01 4.013083900000000148e-02
4.277581127511712600e-01 4.006354999999999639e-02
4.286136289766736551e-01 4.001066250000000213e-02
4.294708562346269964e-01 3.995583875000000007e-02
4.303297979470962487e-01 3.989917625000000134e-02
4.311904575429904574e-01 3.983084700000000256e-02
4.320528384580764047e-01 3.976172499999999776e-02
4.329169441349925429e-01 3.970216000000000023e-02
4.337827780232624830e-01 3.964000750000000461e-02
4.346503435793090397e-01 3.957738749999999833e-02
4.355196442664676648e-01 3.950903000000000054e-02
4.363906835550006025e-01 3.944282000000000343e-02
4.372634649221106007e-01 3.938014500000000528e-02
4.381379918519547889e-01 3.931810250000000034e-02
4.390142678356587225e-01 3.925228000000000050e-02
4.398922963713300383e-01 3.917943899999999646e-02
4.407720809640727211e-01 3.909254874999999740e-02
4.416536251260008150e-01 3.884417874999999964e-02
4.425369323762528007e-01 3.892546000000000200e-02
4.434220062410053065e-01 3.884399200000000774e-02
4.443088502534873196e-01 3.880785250000000353e-02
4.451974679539942858e-01 3.874973125000000240e-02
4.460878628899022647e-01 3.867067750000000026e-02
4.469800386156820293e-01 3.868719500000000061e-02
4.478739986929134442e-01 3.863898999999999806e-02
4.487697466902992316e-01 3.856626124999999738e-02
4.496672861836799040e-01 3.849131999999999554e-02
4.505666207560472536e-01 3.842142875000000013e-02
4.514677539975593401e-01 3.835971374999999628e-02
4.523706895055544797e-01 3.829867599999999678e-02
4.532754308845656221e-01 3.823986999999999525e-02
4.541819817463347286e-01 3.819137000000000226e-02
4.550903457098274263e-01 3.812362999999999863e-02
4.560005264012471082e-01 3.806630499999999473e-02
4.569125274540495885e-01 3.797450299999999973e-02
4.578263525089577013e-01 3.788687500000000041e-02
4.587420052139756232e-01 3.779791374999999509e-02
4.596594892244035835e-01 3.770850624999999567e-02
4.605788082028524077e-01 3.762720875000000187e-02
4.614999658192581178e-01 3.754795200000000249e-02
4.624229657508966418e-01 3.749006750000000165e-02
4.633478116823984694e-01 3.745733250000000264e-02
4.642745073057632510e-01 3.742841999999999697e-02
4.652030563203747304e-01 3.739853624999999598e-02
4.661334624330154552e-01 3.734614799999999568e-02
4.670657293578814873e-01 3.726820374999999935e-02
4.679998608165972795e-01 3.719138375000000107e-02
4.689358605382304424e-01 3.707503250000000750e-02
4.698737322593069532e-01 3.703204749999999823e-02
4.708134797238255342e-01 3.697183999999999887e-02
4.717551066832731399e-01 3.691189000000000275e-02
4.726986168966397228e-01 3.686446875000000400e-02
4.736440141304329998e-01 3.681410375000000040e-02
4.745913021586939395e-01 3.674204375000000161e-02
4.755404847630113063e-01 3.664013600000000370e-02
4.764915657325373699e-01 3.651986749999999726e-02
4.774445488640024493e-01 3.640612875000000248e-02
4.783994379617304560e-01 3.628686124999999651e-02
4.793562368376539373e-01 3.616265300000000293e-02
4.803149493113292312e-01 3.605539374999999769e-02
4.812755792099518981e-01 3.598238249999999999e-02
4.822381303683718201e-01 3.592494875000000476e-02
4.832026066291085775e-01 3.589211124999999725e-02
4.841690118423668254e-01 3.586066699999999885e-02
4.851373498660515038e-01 3.586000624999999969e-02
4.861076245657836026e-01 3.585821875000000380e-02
4.870798398149152053e-01 3.580096124999999907e-02
4.880539994945450322e-01 3.580421749999999903e-02
4.890301074935341497e-01 3.574354300000000262e-02
4.900081677085211806e-01 3.567133249999999978e-02
4.909881840439382916e-01 3.561894749999999776e-02
4.919701604120261251e-01 3.554445000000000521e-02
4.929541007328501756e-01 3.550895625000000111e-02
4.939400089343158884e-01 3.545151400000000341e-02
4.949278889521845359e-01 3.538180249999999666e-02
4.959177447300888719e-01 3.531089375000000252e-02
4.969095802195490075e-01 3.523383625000000435e-02
4.979033993799881208e-01 3.514162875000000075e-02
4.988992061787480559e-01 3.502292099999999853e-02
4.998970045911055315e-01 3.488932749999999750e-02
5.008967986002876849e-01 3.476616500000000165e-02
5.018985921974883357e-01 3.448953999999999909e-02
5.029023893818832525e-01 3.448490625000000254e-02
5.039081941606470272e-01 3.428444099999999883e-02
5.049160105489682859e-01 3.424307249999999914e-02
5.059258425700663420e-01 3.418615249999999717e-02
5.069376942552064058e-01 3.391810750000000263e-02
5.079515696437167938e-01 3.414076499999999653e-02
5.089674727830042489e-01 3.412339100000000292e-02
5.099854077285701504e-01 3.413830125000000271e-02
5.110053785440273888e-01 3.401210500000000081e-02
5.120273893011153543e-01 3.406250124999999490e-02
5.130514440797175890e-01 3.396857000000000348e-02
5.140775469678771081e-01 3.389992000000000005e-02
5.151057020618128313e-01 3.382982125000000284e-02
5.161359134659364578e-01 3.376239374999999432e-02
5.171681852928683432e-01 3.370217749999999957e-02
5.182025216634540410e-01 3.363843399999999484e-02
5.192389267067809566e-01 3.357093625000000248e-02
5.202774045601945563e-01 3.350520249999999756e-02
5.213179593693149094e-01 3.342242999999999603e-02
5.223605952880534531e-01 3.331898625000000169e-02
5.234053164786296453e-01 3.318751600000000024e-02
5.244521271115868410e-01 3.304183625000000485e-02
5.255010313658099452e-01 3.293675499999999812e-02
5.265520334285416215e-01 3.281909250000000083e-02
5.276051374953987239e-01 3.270485624999999730e-02
5.286603477703895049e-01 3.257573500000000150e-02
5.297176684659302692e-01 3.243817125000000162e-02
5.307771038028621380e-01 3.232643375000000124e-02
5.318386580104679240e-01 3.225556000000000256e-02
5.329023353264887852e-01 3.217511875000000215e-02
5.339681399971416553e-01 3.212272800000000317e-02
5.350360762771360079e-01 3.209046624999999792e-02
5.361061484296902879e-01 3.206660625000000431e-02
5.371783607265496752e-01 3.204644874999999782e-02
5.382527174480027377e-01 3.201499624999999682e-02
5.393292228828987511e-01 3.196012900000000378e-02
5.404078813286645744e-01 3.185070999999999736e-02
5.414886970913218578e-01 3.138183124999999879e-02
5.425716744855044738e-01 3.170553375000000063e-02
5.436568178344756141e-01 3.157747500000000068e-02
5.447441314701444437e-01 3.150312400000000040e-02
5.458336197330847517e-01 3.138793624999999810e-02
5.469252869725509392e-01 3.140144375000000071e-02
5.480191375464960046e-01 3.135097624999999555e-02
5.491151758215888634e-01 3.129631100000000027e-02
5.502134061732321113e-01 3.123975874999999902e-02
5.513138329855785669e-01 3.118191749999999970e-02
5.524164606515497011e-01 3.111914875000000233e-02
5.535212935728528461e-01 3.105283624999999673e-02
5.546283361599984030e-01 3.097771300000000394e-02
5.557375928323184944e-01 3.089399874999999851e-02
5.568490680179830621e-01 3.081511875000000206e-02
5.579627661540189631e-01 3.072679625000000053e-02
5.590786916863270672e-01 3.062639250000000202e-02
5.601968490696997982e-01 3.049587199999999679e-02
5.613172427678392307e-01 3.034678000000000375e-02
5.624398772533748536e-01 3.022789374999999834e-02
5.635647570078816671e-01 3.011320875000000202e-02
5.646918865218973904e-01 3.001112750000000176e-02
5.658212702949412254e-01 2.991872999999999755e-02
5.669529128355310643e-01 2.983305624999999656e-02
5.680868186612021420e-01 2.974100124999999595e-02
5.692229922985245771e-01 2.951052837499999748e-02
5.703614382831215801e-01 2.957951362500000139e-02
5.715021611596877715e-01 2.948175470000000131e-02
5.726451654820071679e-01 2.928634687500000083e-02
5.737904558129711674e-01 2.934514624999999891e-02
5.749380367245970902e-01 2.931006275000000091e-02
5.760879127980462755e-01 2.924860099999999907e-02
5.772400886236424000e-01 2.928069269999999946e-02
5.783945688008896857e-01 2.923529237500000280e-02
5.795513579384914404e-01 2.929017775000000018e-02
5.807104606543684877e-01 2.930879549999999834e-02
5.818718815756771523e-01 2.935040412500000001e-02
5.830356253388285781e-01 2.936648089999999850e-02
5.842016965895062697e-01 2.935096200000000127e-02
5.853700999826851881e-01 2.937375550000000113e-02
5.865408401826505136e-01 2.937800362499999943e-02
5.877139218630158535e-01 2.944584150000000011e-02
5.888893497067417826e-01 2.873308919999999905e-02
5.900671284061553834e-01 2.858273324999999546e-02
5.912472626629676764e-01 2.926325637499999771e-02
5.924297571882934932e-01 2.912123124999999729e-02
5.936146167026701281e-01 2.884736019999999818e-02
5.948018459360754351e-01 2.725661287500000252e-02
5.959914496279475893e-01 2.897246000000000196e-02
5.971834325272035171e-01 2.889507275000000042e-02
5.983777993922578808e-01 2.866109812500000284e-02
5.995745549910425076e-01 2.867731109999999833e-02
6.007737041010245971e-01 2.856239787499999933e-02
6.019752515092265943e-01 2.869288112499999988e-02
6.031792020122450637e-01 2.866304287499999923e-02
6.043855604162695627e-01 2.862147187499999856e-02
6.055943315371020708e-01 2.867146380000000147e-02
6.068055202001763071e-01 2.870336725000000033e-02
6.080191312405766046e-01 2.874838337499999869e-02
6.092351695030577829e-01 2.879964937499999988e-02
6.104536398420639109e-01 2.885299262499999712e-02
6.116745471217479579e-01 2.890850070000000258e-02
6.128978962159914445e-01 2.895868087500000007e-02
6.141236920084234274e-01 2.900072712499999691e-02
6.153519393924402614e-01 2.903140750000000186e-02
6.165826432712251393e-01 2.905509937500000070e-02
6.178158085577676317e-01 2.908027950000000028e-02
6.190514401748832274e-01 2.910376437500000052e-02
6.202895430552329836e-01 2.911582087500000360e-02
6.215301221413433996e-01 2.912713137500000382e-02
6.227731823856261784e-01 2.913744412500000186e-02
6.240187287503973224e-01 2.913837889999999764e-02
6.252667662078981170e-01 2.911988862499999969e-02
6.265172997403138933e-01 2.911685237499999843e-02
6.277703343397945668e-01 2.701705762500000024e-02
6.290258750084741779e-01 2.898903725000000209e-02
6.302839267584912086e-01 2.909257649999999820e-02
6.315444946120081227e-01 2.895298649999999974e-02
6.328075836012321265e-01 2.924608400000000205e-02
6.340731987684345983e-01 2.930957149999999581e-02
6.353413451659715161e-01 2.936740460000000080e-02
6.366120278563034418e-01 2.941837087499999878e-02
6.378852519120159492e-01 2.946935074999999793e-02
6.391610224158400522e-01 2.949426037499999764e-02
6.404393444606717445e-01 2.958152962499999844e-02
6.417202231495930942e-01 2.964332899999999951e-02
6.430036635958922275e-01 2.967867637499999739e-02
6.442896709230840901e-01 2.970006999999999855e-02
6.455782502649303201e-01 2.975077150000000198e-02
6.468694067654601199e-01 2.974003250000000279e-02
6.481631455789910179e-01 2.939941070000000323e-02
6.494594718701489633e-01 2.936827574999999885e-02
6.507583908138891982e-01 2.973840262500000026e-02
6.520599075955170187e-01 2.967513812500000014e-02
6.533640274107079815e-01 2.973389512499999970e-02
6.546707554655294414e-01 2.990250470000000577e-02
6.559800969764604250e-01 2.840881124999999896e-02
6.572920571704133907e-01 2.996823374999999998e-02
6.586066412847542129e-01 2.985677837500000376e-02
6.599238545673237200e-01 3.002269175000000373e-02
6.612437022764583450e-01 3.004523339999999945e-02
6.625661896810113305e-01 3.001728550000000093e-02
6.638913220603732679e-01 3.008334899999999881e-02
6.652191047044940797e-01 3.011669024999999444e-02
6.665495429139030037e-01 3.014882924999999839e-02
6.678826419997307973e-01 3.018687519999999763e-02
6.692184072837303876e-01 3.021516262499999647e-02
6.705568440982978551e-01 3.023360262499999798e-02
6.718979577864944153e-01 3.024962412499999920e-02
6.732417537020674025e-01 3.026050037499999901e-02
6.745882372094715862e-01 3.027646370000000586e-02
6.759374136838904867e-01 3.029681137499999968e-02
6.772892885112582473e-01 3.032076674999999860e-02
6.786438670882807278e-01 3.034594349999999996e-02
6.800011548224572655e-01 3.036918050000000230e-02
6.813611571321021021e-01 3.037429037500000151e-02
6.827238794463663663e-01 3.038278925000000019e-02
6.840893272052590568e-01 3.038130187499999899e-02
6.854575058596696913e-01 3.037202387499999753e-02
6.868284208713890671e-01 2.414925441899999983e-02
6.882020777131317990e-01 2.948835412500000128e-02
6.895784818685580797e-01 2.222294896749999957e-02
6.909576388322952178e-01 2.970667325000000275e-02
6.923395541099597317e-01 2.620822337500000251e-02
6.937242332181796645e-01 2.942073880000000211e-02
6.951116816846160118e-01 3.032113100000000117e-02
6.965019050479852591e-01 3.040137037500000028e-02
6.978949088580812532e-01 2.951274549999999969e-02
6.992906986757974064e-01 3.027770637499999778e-02
7.006892800731490123e-01 3.006039740000000099e-02
7.020906586332953392e-01 3.040108550000000104e-02
7.034948399505618344e-01 3.047751037499999566e-02
7.049018296304629949e-01 2.977239612499999605e-02
7.063116332897239058e-01 3.045824387499999897e-02
7.077242565563033327e-01 3.032271410000000195e-02
7.091397050694159265e-01 3.049857850000000162e-02
7.105579844795547606e-01 3.030013362499999960e-02
7.119791004485138686e-01 3.039668812500000150e-02
7.134030586494108928e-01 3.043297137499999944e-02
7.148298647667097327e-01 3.028756430000000346e-02
7.162595244962430829e-01 2.935222587499999869e-02
7.176920435452356362e-01 2.804051737500000419e-02
7.191274276323260661e-01 2.801513299999999762e-02
7.205656824875906752e-01 2.734615199999999857e-02
7.220068138525659318e-01 3.018708329999999704e-02
7.234508274802710082e-01 2.929690225000000300e-02
7.248977291352315389e-01 2.843132574999999648e-02
7.263475245935020475e-01 2.864665962500000107e-02
7.278002196426889281e-01 2.472284237499999815e-02
7.292558200819743153e-01 2.927616950000000093e-02
7.307143317221382883e-01 2.647677263749999982e-02
7.321757603855825192e-01 2.892915612500000094e-02
7.336401119063536980e-01 2.945421225000000032e-02
7.351073921301664038e-01 2.983217729999999845e-02
7.365776069144267524e-01 3.039532112499999938e-02
7.380507621282555997e-01 3.042907062499999871e-02
7.395268636525120787e-01 3.023423262499999598e-02
7.410059173798171361e-01 3.049049462499999960e-02
7.424879292145767362e-01 3.048054809999999407e-02
7.439729050730057303e-01 2.991412912500000104e-02
7.454608508831517266e-01 3.014206137499999758e-02
7.469517725849180723e-01 3.043262574999999748e-02
7.484456761300879446e-01 3.041725775000000270e-02
7.499425674823481103e-01 3.035123130000000335e-02
7.514424526173126839e-01 3.042865125000000087e-02
7.529453375225474421e-01 3.042752975000000137e-02
7.544512281975925827e-01 3.046215087499999988e-02
7.559601306539878163e-01 3.046932087500000066e-02
7.574720509152956804e-01 3.046995469999999942e-02
7.589869950171262980e-01 2.913784462500000269e-02
7.605049690071605806e-01 1.831587172499999847e-02
7.620259789451748755e-01 1.767559764999999949e-02
7.635500309030651689e-01 2.191175388750000314e-02
7.650771309648712881e-01 2.575637910000000072e-02
7.666072852268009941e-01 2.747793575000000155e-02
7.681404997972545168e-01 2.874139437499999977e-02
7.696767807968490915e-01 3.028305199999999781e-02
7.712161343584428286e-01 3.042480275000000386e-02
7.727585666271596931e-01 3.040008469999999630e-02
7.743040837604140414e-01 3.027572649999999907e-02
7.758526919279349343e-01 3.036172337499999999e-02
7.774043973117907846e-01 3.033232137499999870e-02
7.789592061064143369e-01 3.030625887499999865e-02
7.805171245186270923e-01 3.026849289999999915e-02
7.820781587676643998e-01 3.030179674999999850e-02
7.836423150851996589e-01 3.028970350000000089e-02
7.852095997153700768e-01 3.029297275000000095e-02
7.867800189148008716e-01 3.008615520000000251e-02
7.883535789526303628e-01 3.028159999999999880e-02
7.899302861105357287e-01 2.961013037499999820e-02
7.915101466827567656e-01 3.012701037499999901e-02
7.930931669761223102e-01 3.031103537499999986e-02
7.946793533100744433e-01 3.034269309999999831e-02
7.962687120166946908e-01 2.982079837499999886e-02
7.978612494407281153e-01 3.009988737500000205e-02
7.994569719396096286e-01 2.999754837500000215e-02
8.010558858834887497e-01 3.009190437499999898e-02
8.026579976552556950e-01 2.844940888999999626e-02
8.042633136505661362e-01 2.947433424999999774e-02
8.058718402778672907e-01 3.016498012499999742e-02
8.074835839584230124e-01 3.012716212500000240e-02
8.090985511263398822e-01 3.006319787499999938e-02
8.107167482285926319e-01 2.993682019999999860e-02
8.123381817250497905e-01 3.002772175000000335e-02
8.139628580884998854e-01 2.847963212500000119e-02
8.155907838046769776e-01 2.921679425000000066e-02
8.172219653722863075e-01 2.941165237499999974e-02
8.188564093030309410e-01 2.482669746999999899e-02
8.204941221216369707e-01 2.823208925000000175e-02
8.221351103658802728e-01 2.926941325000000094e-02
8.237793805866120422e-01 2.936326462500000317e-02
8.254269393477852157e-01 2.547685931249999911e-02
8.270777932264807841e-01 2.924791740000000362e-02
8.287319488129337719e-01 2.760519298749999906e-02
8.303894127105596601e-01 2.946016137500000187e-02
8.320501915359808098e-01 2.954547125000000010e-02
8.337142919190527746e-01 2.930348362499999790e-02
8.353817205028908344e-01 2.995902499999999677e-02
8.370524839438966413e-01 2.992354687499999832e-02
8.387265889117843098e-01 3.004032674999999875e-02
8.404040420896079500e-01 2.989038487500000202e-02
8.420848501737872027e-01 3.007930300000000168e-02
8.437690198741347736e-01 3.002175179999999957e-02
8.454565579138830778e-01 3.014954100000000192e-02
8.471474710297107746e-01 3.013547475000000198e-02
8.488417659717701902e-01 3.009005325000000189e-02
8.505394495037137403e-01 3.001844780000000046e-02
8.522405284027212424e-01 2.984272075000000274e-02
8.539450094595266716e-01 2.994186050000000043e-02
8.556528994784455833e-01 3.002212237500000158e-02
8.573642052774025357e-01 3.006630050000000040e-02
8.590789336879574023e-01 3.006598279999999832e-02
8.607970915553332381e-01 3.008036000000000043e-02
8.625186857384439243e-01 3.006981474999999987e-02
8.642437231099207029e-01 3.009753037500000061e-02
8.659722105561405980e-01 3.008965824999999816e-02
8.677041549772528395e-01 3.009222380000000155e-02
8.694395632872073953e-01 3.007384725000000064e-02
8.711784424137818394e-01 3.003108749999999771e-02
8.729207992986094400e-01 3.009139949999999758e-02
8.746666408972065820e-01 3.009064525000000254e-02
8.764159741790010782e-01 3.006771319999999859e-02
8.781688061273591472e-01 3.008353037500000049e-02
8.799251437396138353e-01 2.992635300000000276e-02
8.816849940270929942e-01 2.957192899999999680e-02
8.834483640151471473e-01 2.990805012499999846e-02
8.852152607431775788e-01 2.996337739999999777e-02
8.869856912646638669e-01 2.981670137500000428e-02
8.887596626471931938e-01 2.983631662499999782e-02
8.905371819724876570e-01 2.993488937499999905e-02
8.923182563364325803e-01 2.984298737499999771e-02
8.941028928491054906e-01 2.639120485999999974e-02
8.958910986348036509e-01 2.912351300000000018e-02
8.976828808320732600e-01 2.860487124999999686e-02
8.994782465937374294e-01 2.873055500000000484e-02
9.012772030869248274e-01 2.911146087500000174e-02
9.030797574930986560e-01 2.918990010000000260e-02
9.048859170080848502e-01 2.959315237500000084e-02
9.066956888421009442e-01 2.913884787499999851e-02
9.085090802197851589e-01 2.871998261250000017e-02
9.103260983802247130e-01 2.468177487499999961e-02
9.121467505769851325e-01 2.805214912499999838e-02
9.139710440781392276e-01 2.731500768750000016e-02
9.157989861662954034e-01 2.204357275374999731e-02
9.176305841386280804e-01 2.687827713750000000e-02
9.194658453069053383e-01 2.874767450000000057e-02
9.213047769975191148e-01 2.811716499999999952e-02
9.231473865515140709e-01 2.961488450000000078e-02
9.249936813246171230e-01 2.675739831249999978e-02
9.268436686872664199e-01 2.895985075000000186e-02
9.286973560246409853e-01 2.586534428000000080e-02
9.305547507366902504e-01 2.718183034999999831e-02
9.324158602381635852e-01 2.602875083750000318e-02
9.342806919586399417e-01 2.441794934999999903e-02
9.361492533425572748e-01 2.697746238749999456e-02
9.380215518492422966e-01 1.426022988199999834e-02
9.398975949529408958e-01 2.557078493749999695e-02
9.417773901428466710e-01 2.240576576249999827e-02
9.436609449231323499e-01 1.906021624875000112e-02
9.455482668129786550e-01 2.500007083749999914e-02
9.474393633466045017e-01 2.682968218000000502e-02
9.493342420732977516e-01 1.960352110000000009e-02
9.512329105574443000e-01 2.413048357500000018e-02
9.531353763785591626e-01 2.709318907499999943e-02
9.550416471313163402e-01 2.021778661875000063e-02
9.569517304255790169e-01 2.239117914999999917e-02
9.588656338864300910e-01 2.558577088750000131e-02
9.607833651542030395e-01 2.738132675000000057e-02
9.627049318845114501e-01 2.653973733750000091e-02
9.646303417482804399e-01 2.815673299999999976e-02
9.665596024317769652e-01 2.733754102999999894e-02
9.684927216366405744e-01 2.659400541249999986e-02
9.704297070799138281e-01 2.771799375000000287e-02
9.723705664940736071e-01 2.862606087499999785e-02
9.743153076270618662e-01 2.718220210000000039e-02
9.762639382423159429e-01 2.674337898750000012e-02
9.782164661188006427e-01 2.786560487499999822e-02
9.801728990510382156e-01 2.891092424999999744e-02
9.821332448491403300e-01 2.898815637499999737e-02
9.840975113388386042e-01 2.939078170000000365e-02
9.860657063615162476e-01 2.874158062499999888e-02
9.880378377742392582e-01 2.952319337499999946e-02
9.900139134497877302e-01 2.910040887499999729e-02
9.919939412766873854e-01 2.890788562500000089e-02
9.939779291592407695e-01 2.953311360000000080e-02
9.959658850175592271e-01 2.959521437500000143e-02
9.979578167875942096e-01 2.962487062499999727e-02
9.999537324211694722e-01 2.958768250000000030e-02
1.001953639886011826e+00 2.954219824999999855e-02
1.003957547165783781e+00 2.930729309999999255e-02
1.005965462260115295e+00 2.961894512500000062e-02
1.007977393184635417e+00 2.961330212499999753e-02
1.009993347971004818e+00 2.950559737499999780e-02
1.012013334666946873e+00 2.961670937500000128e-02
1.014037361336280751e+00 2.962846130000000230e-02
1.016065436058953164e+00 2.964002925000000163e-02
1.018097566931071229e+00 2.964994687500000295e-02
1.020133762064933336e+00 2.927182450000000158e-02
1.022174029589063338e+00 2.951307987500000063e-02
1.024218377648241418e+00 2.967339130000000089e-02
1.026266814403537841e+00 2.968513037499999688e-02
1.028319348032344926e+00 2.964356825000000195e-02
1.030375986728409687e+00 2.967403399999999844e-02
1.032436738701866474e+00 2.969281187499999905e-02
1.034501612179270502e+00 2.969610249999999826e-02
1.036570615403628937e+00 2.969491600000000175e-02
1.038643756634436199e+00 2.969059662500000280e-02
1.040721044147705054e+00 2.967764962500000006e-02
1.042802486236000359e+00 2.967030812500000281e-02
1.044888091208472591e+00 2.966941689999999868e-02
1.046977867390889383e+00 2.966165087500000075e-02
1.049071823125671266e+00 2.965031137499999497e-02
1.051169966771922537e+00 2.964232412500000108e-02
1.053272306705466566e+00 2.962923030000000346e-02
1.055378851318877320e+00 2.960389062499999696e-02
1.057489609021515342e+00 2.957742675000000002e-02
1.059604588239558165e+00 2.953546049999999923e-02
1.061723797416037396e+00 2.953896025000000286e-02
1.063847245010869358e+00 2.953915110000000094e-02
1.065974939500891061e+00 2.907479062499999933e-02
1.068106889379893065e+00 2.951205287500000343e-02
1.070243103158652787e+00 2.944590425000000178e-02
1.072383589364970025e+00 2.956899074999999946e-02
1.074528356543700047e+00 2.958212579999999758e-02
1.076677413256787563e+00 2.955325937500000166e-02
1.078830768083300917e+00 2.965552412500000248e-02
1.080988429619467617e+00 2.945090787500000140e-02
1.083150406478706529e+00 2.965271037499999859e-02
1.085316707291664073e+00 2.899777559999999754e-02
1.087487340706247529e+00 2.965500012500000074e-02
1.089662315387660119e+00 2.944943199999999761e-02
1.091841640018435422e+00 2.894049487500000017e-02
1.094025323298472241e+00 2.946457400000000032e-02
1.096213373945069236e+00 2.936334000000000166e-02
1.098405800692959566e+00 2.940851412500000012e-02
1.100602612294345528e+00 2.913725699999999974e-02
1.102803817518934082e+00 2.837039524999999951e-02
1.105009425153971936e+00 2.851071887500000041e-02
1.107219444004279962e+00 2.724135919999999544e-02
1.109433882892288503e+00 2.495237163124999769e-02
1.111652750658073119e+00 2.806977509999999953e-02
1.113876056159389227e+00 2.315667475249999843e-02
1.116103808271708075e+00 1.852187243700000041e-02
1.118336015888251378e+00 2.398452859500000214e-02
1.120572687920027732e+00 1.895483376981250273e-02
1.122813833295867925e+00 2.103158548874999728e-02
1.125059460962459568e+00 2.094654773374999765e-02
1.127309579884384405e+00 1.706969517900000163e-02
1.129564199044153394e+00 2.290021265999999875e-02
1.131823327442241567e+00 2.740121087499999830e-02
1.134086974097126221e+00 1.287717996012499935e-02
1.136355148045320451e+00 2.541574753750000179e-02
1.138627858341410892e+00 2.627575485999999669e-02
1.140905114058093694e+00 2.553211477499999979e-02
1.143186924286210049e+00 2.597357283750000023e-02
1.145473298134782603e+00 2.591902091250000012e-02
1.147764244731052097e+00 2.587500447499999773e-02
1.150059773220514225e+00 2.570794424000000244e-02
1.152359892766955163e+00 2.501247810874999977e-02
1.154664612552489089e+00 2.098531868124999672e-02
1.156973941777594161e+00 2.609084456249999989e-02
1.159287889661149373e+00 2.786985050000000130e-02
1.161606465440471636e+00 2.774507549999999725e-02
1.163929678371352416e+00 1.824484319637500324e-02
1.166257537728095262e+00 2.760969362500000079e-02
1.168590052803551327e+00 2.679511764999999851e-02
1.170927232909158455e+00 2.701700344999999684e-02
1.173269087374976705e+00 2.848384940000000046e-02
1.175615625549726762e+00 2.805544737500000052e-02
1.177966856800826134e+00 2.769791982500000027e-02
1.180322790514427789e+00 2.895842062500000175e-02
1.182683436095456564e+00 2.700122872499999618e-02
1.185048802967647585e+00 2.769669795999999545e-02
1.187418900573582903e+00 2.698021293750000466e-02
1.189793738374729903e+00 2.863992987499999754e-02
1.192173325851479504e+00 2.853530974999999789e-02
1.194557672503182344e+00 2.714772294500000099e-02
1.196946787848188531e+00 2.630221757999999868e-02
1.199340681423884947e+00 2.720872931249999904e-02
1.201739362786732546e+00 2.778454837499999899e-02
1.204142841512306106e+00 2.664152491249999893e-02
1.206551127195330864e+00 2.873779825000000177e-02
1.208964229449721373e+00 2.889391540000000105e-02
1.211382157908620805e+00 2.846292024999999906e-02
1.213804922224438254e+00 2.870574424999999819e-02
1.216232532068886929e+00 2.876852962500000069e-02
1.218664997133024785e+00 2.853999850000000366e-02
1.221102327127290721e+00 2.603488387499999779e-02
1.223544531781545430e+00 2.823125562499999991e-02
1.225991620845108487e+00 2.899275487500000206e-02
1.228443604086798757e+00 2.900994024999999782e-02
1.230900491294972365e+00 2.879135210000000403e-02
1.233362292277562222e+00 2.888461737500000112e-02
1.235829016862117324e+00 2.911963662500000050e-02
1.238300674895841613e+00 2.911772325000000147e-02
1.240777276245633054e+00 2.906117974999999909e-02
1.243258830798124492e+00 2.911781180000000413e-02
1.245745348459720736e+00 2.910162237500000387e-02
1.248236839156640077e+00 2.906778712499999764e-02
1.250733312834953370e+00 2.907184624999999828e-02
1.253234779460623338e+00 2.903250387500000071e-02
1.255741249019544536e+00 2.899103750000000049e-02
1.258252731517583545e+00 2.893285724999999919e-02
1.260769236980618713e+00 2.851000387499999858e-02
1.263290775454580128e+00 2.862882500000000011e-02
1.265817357005489141e+00 2.829109387499999934e-02
1.268348991719500107e+00 2.107092346179999937e-02
1.270885689702939025e+00 2.438570822499999680e-02
1.273427461082345058e+00 2.852357474999999559e-02
1.275974316004509834e+00 2.887712162499999832e-02
1.278526264636518750e+00 2.889493650000000274e-02
1.281083317165791824e+00 2.868667180000000413e-02
1.283645483800123444e+00 2.910318049999999906e-02
1.286212774767723666e+00 2.911893287499999969e-02
1.288785200317259072e+00 2.902389237499999539e-02
1.291362770717893405e+00 2.895324349999999977e-02
1.293945496259329087e+00 2.875597560000000413e-02
1.296533387251847858e+00 2.810811387500000008e-02
1.299126454026351407e+00 2.873312274999999943e-02
1.301724706934404230e+00 2.780817590000000256e-02
1.304328156348272927e+00 2.854573539999999757e-02
1.306936812660969505e+00 2.528037374125000070e-02
1.309550686286291565e+00 2.539746767625000040e-02
1.312169787658864273e+00 2.829761262499999944e-02
1.314794127234181875e+00 2.031364498653749975e-02
1.317423715488650338e+00 2.740193579999999907e-02
1.320058562919627532e+00 2.614906361499999901e-02
1.322698680045466757e+00 2.705879325000000099e-02
1.325344077405557819e+00 2.715038553750000194e-02
1.327994765560368773e+00 2.610473707499999865e-02
1.330650755091489668e+00 2.278416483999999922e-02
1.333312056601672513e+00 2.141748328875000065e-02
1.335978680714875910e+00 2.643619068749999967e-02
1.338650638076305466e+00 2.641531000000000087e-02
1.341327939352458198e+00 2.514014148749999650e-02
1.344010595231163174e+00 1.794325009340000041e-02
1.346698616421625472e+00 1.472242294162499909e-02
1.349392013654468592e+00 1.148680622020000104e-02
1.352090797681777534e+00 2.157314379375000271e-02
1.354794979277141209e+00 1.664143635500000065e-02
1.357504569235695513e+00 1.485284252279999925e-02
1.360219578374167071e+00 1.246234123528750133e-02
1.362940017530915426e+00 1.341716237099999966e-02
1.365665897565977005e+00 1.388095279837500001e-02
1.368397229361109080e+00 6.159743490500000501e-03
1.371134023819831294e+00 9.536229288699999904e-03
1.373876291867470956e+00 1.107506830936125057e-02
1.376624044451205897e+00 1.423957897947624937e-02
1.379377292540108435e+00 1.075593863537499875e-02
1.382136047125188671e+00 1.021135160562500026e-02
1.384900319219438902e+00 1.296125884729999907e-02
1.387670119857877804e+00 1.347782023366249880e-02
1.390445460097593511e+00 1.830472844874999824e-02
1.393226351017788911e+00 1.531071406374999964e-02
1.396012803719824280e+00 1.343093402499999887e-02
1.398804829327263910e+00 8.056784689375000655e-03
1.401602438985918520e+00 8.079399897624999632e-03
1.404405643863890329e+00 1.260853228124999940e-02
1.407214455151617916e+00 1.304375244587500059e-02
1.410028884061921284e+00 1.579081478999999968e-02
1.412848941830045169e+00 1.074548397791250109e-02
1.415674639713705218e+00 1.086809094281249860e-02
1.418505988993132627e+00 9.102940369625001082e-03
1.421343000971118986e+00 1.573945367750000102e-02
1.424185686973061138e+00 1.480803310499999997e-02
1.427034058347007139e+00 1.344792432913749849e-02
1.429888126463701337e+00 1.634419053500000066e-02
1.432747902716628552e+00 8.648325004225000667e-03
1.435613398522062045e+00 1.327313890675000177e-02
1.438484625319106147e+00 1.354359116710000289e-02
1.441361594569744220e+00 1.567477338625000022e-02
1.444244317758883733e+00 1.644875148624999964e-02
1.447132806394401561e+00 1.766052503374999916e-02
1.450027072007190387e+00 1.561746044500000007e-02
1.452927126151204895e+00 1.398169662770000141e-02
1.455832980403507282e+00 1.494843983625000067e-02
1.458744646364314335e+00 1.502314495750000159e-02
1.461662135657042949e+00 1.344526232637500117e-02
1.464585459928356981e+00 1.712963322124999924e-02
1.467514630848213653e+00 1.713942791989999867e-02
1.470449660109910184e+00 1.549897983874999781e-02
1.473390559430129976e+00 1.382920033974999879e-02
1.476337340548990129e+00 1.894978032749999874e-02
1.479290015230088073e+00 1.660789405499999913e-02
1.482248595260548196e+00 1.931911580900000022e-02
1.485213092451069361e+00 1.954344695249999805e-02
1.488183518635971314e+00 2.035155113499999974e-02
1.491159885673243313e+00 1.854289658874999983e-02
1.494142205444589644e+00 1.936978665124999832e-02
1.497130489855478697e+00 2.193900940000000077e-02
1.500124750835189813e+00 2.183970650000000013e-02
1.503125000336860140e+00 2.136969979124999849e-02
1.506131250337534144e+00 2.300842449999999928e-02
1.509143512838209134e+00 2.323765950000000052e-02
1.512161799863885658e+00 2.144885303249999958e-02
1.515186123463613477e+00 2.315550447500000150e-02
1.518216495710540626e+00 2.408485362499999949e-02
1.521252928701961604e+00 2.419592112499999517e-02
1.524295434559365781e+00 2.402296510000000163e-02
1.527344025428484464e+00 2.444992600000000030e-02
1.530398713479341533e+00 2.489446287500000562e-02
1.533459510906300283e+00 2.471356137500000175e-02
1.536526429928112947e+00 2.503528350000000166e-02
1.539599482787969098e+00 2.493360509999999891e-02
1.542678681753545167e+00 2.527290587499999436e-02
1.545764039117052402e+00 2.540584537499999962e-02
1.548855567195286387e+00 2.560669975000000320e-02
1.551953278329677000e+00 2.546543525000000141e-02
1.555057184886336374e+00 2.580182320000000071e-02
1.558167299256108862e+00 2.586787150000000382e-02
1.561283633854621211e+00 2.596786812500000152e-02
1.564406201122330309e+00 2.608643887499999953e-02
1.567535013524575138e+00 2.589256212499999737e-02
1.570670083551624074e+00 2.478306342999999842e-02
1.573811423718727287e+00 2.427446474999999868e-02
1.576959046566164702e+00 2.526727424999999916e-02
1.580112964659297070e+00 2.617342262499999794e-02
1.583273190588615709e+00 2.642565574999999889e-02
1.586439736969792680e+00 2.596090440000000180e-02
1.589612616443732307e+00 2.649885525000000158e-02
1.592791841676620024e+00 2.622060625000000034e-02
1.595977425359973001e+00 2.667767424999999831e-02
1.599169380210692992e+00 2.658295412499999885e-02
1.602367718971114297e+00 2.580066099999999904e-02
1.605572454409056604e+00 2.625488287499999976e-02
1.608783599317874735e+00 2.648534837500000211e-02
1.612001166516510375e+00 2.669269074999999769e-02
1.615225168849543369e+00 2.700525679999999859e-02
1.618455619187242345e+00 2.705726624999999982e-02
1.621692530425617118e+00 2.712992775000000120e-02
1.624935915486468208e+00 2.709817074999999742e-02
1.628185787317441235e+00 2.721866474999999619e-02
1.631442158892076222e+00 2.672172349999999905e-02
1.634705043209860431e+00 2.711516124999999514e-02
1.637974453296279886e+00 2.679453374999999846e-02
1.641250402202872660e+00 2.573174787500000227e-02
1.644532903007278390e+00 2.635383237500000045e-02
1.647821968813293125e+00 2.709769059999999827e-02
1.651117612750919506e+00 2.384974725000000087e-02
1.654419847976421387e+00 2.678053550000000088e-02
1.657728687672374246e+00 2.723435012499999738e-02
1.661044145047719134e+00 2.736265899999999751e-02
1.664366233337814638e+00 2.515444246999999980e-02
1.667694965804490170e+00 2.729762900000000381e-02
1.671030355736099260e+00 2.747262799999999894e-02
1.674372416447571510e+00 2.616160825000000273e-02
1.677721161280466333e+00 2.730479324999999721e-02
1.681076603603027353e+00 2.728297689999999859e-02
1.684438756810233473e+00 2.740521462500000033e-02
1.687807634323853945e+00 2.736623700000000159e-02
1.691183249592501658e+00 2.646537187499999749e-02
1.694565616091686655e+00 2.744295087500000022e-02
1.697954747323870084e+00 2.722062039999999586e-02
1.701350656818517715e+00 2.687878287499999644e-02
1.704753358132154784e+00 2.693644412500000029e-02
1.708162864848419282e+00 2.637563174999999968e-02
1.711579190578115917e+00 2.730508112499999834e-02
1.715002348959272283e+00 2.703759860000000056e-02
1.718432353657190825e+00 2.654729949999999616e-02
1.721869218364505016e+00 2.574840637500000126e-02
1.725312956801233977e+00 2.680040474999999950e-02
1.728763582714836655e+00 2.551125712499999892e-02
1.732221109880266230e+00 2.661407769999999881e-02
1.735685552100026730e+00 2.653147962499999984e-02
1.739156923204226768e+00 2.657152687500000110e-02
1.742635237050635277e+00 2.595286537499999838e-02
1.746120507524736576e+00 2.561167069999999851e-02
1.749612748539786100e+00 2.649389499999999995e-02
1.753111974036865472e+00 2.656002112499999956e-02
1.756618197984939123e+00 2.562049749999999529e-02
1.760131434380908910e+00 2.627288762500000138e-02
1.763651697249670747e+00 2.563685370000000352e-02
1.767179000644169884e+00 2.557744238749999968e-02
1.770713358645458202e+00 2.592439312500000037e-02
1.774254785362749054e+00 2.493381019999999990e-02
1.777803294933474554e+00 1.870628264149999664e-02
1.781358901523341753e+00 2.517132575600000005e-02
1.784921619326388376e+00 2.155003187112499927e-02
1.788491462565041212e+00 2.527206451249999763e-02
1.792068445490171413e+00 2.268872387375000035e-02
1.795652582381151552e+00 2.398778735000000120e-02
1.799243887545913800e+00 2.242209372099999987e-02
1.802842375321005663e+00 2.168350244000000204e-02
1.806448060071647710e+00 2.169743765000000171e-02
1.810060956191791082e+00 1.555995978749999918e-02
1.813681078104174560e+00 1.403265217799999978e-02
1.817308440260382962e+00 1.321453831674999739e-02
1.820943057140903765e+00 1.088195475324999981e-02
1.824584943255185721e+00 2.122786728875000056e-02
1.828234113141696149e+00 2.005523870250000215e-02
1.831890581367979554e+00 9.720848348250000701e-03
1.835554362530715355e+00 1.356415969030000043e-02
1.839225471255776734e+00 1.250116426280000088e-02
1.842903922198288136e+00 8.520913067200000524e-03
1.846589730042684785e+00 1.245131423287500032e-02
1.850282909502769968e+00 1.022711172940000100e-02
1.853983475321775654e+00 1.215097328916000044e-02
1.857691442272419113e+00 1.116842243537500071e-02
1.861406825156963984e+00 1.021565239102999872e-02
1.865129638807277779e+00 9.476732512150001092e-03
1.868859898084892279e+00 6.419693590499999346e-03
1.872597617881062160e+00 9.063136203500000987e-03
1.876342813116824271e+00 9.422193026124998580e-03
1.880095498743057814e+00 8.576829652475000468e-03
1.883855689740544070e+00 1.102516234879999911e-02
1.887623401120025246e+00 1.100629538510000151e-02
1.891398647922265308e+00 4.265918714374999747e-03
1.895181445218109717e+00 8.647035359875000424e-03
1.898971808108545822e+00 8.192507247499999576e-03
1.902769751724763037e+00 9.001257126474999232e-03
1.906575291228212565e+00 7.073817961589901060e-03
1.910388441810669136e+00 9.338278442875000765e-03
1.914209218694290282e+00 8.029159382625000382e-03
1.918037637131678963e+00 9.095819708125001124e-03
1.921873712405942403e+00 8.765902666999999399e-03
1.925717459830754041e+00 7.978567288600000446e-03
1.929568894750415708e+00 3.946841013866249706e-03
1.933428032539916241e+00 8.084669780374998185e-03
1.937294888604996324e+00 9.274009668749999546e-03
1.941169478382206215e+00 9.683294823750000779e-03
1.945051817338970590e+00 9.437269297999999543e-03
1.948941920973648489e+00 9.928053308749998709e-03
1.952839804815595715e+00 8.340075444875000299e-03
1.956745484425226778e+00 5.978998302375000164e-03
1.960658975394077297e+00 9.505547942624998498e-03
1.964580293344865503e+00 8.361762522890000410e-03
1.968509453931555075e+00 5.146442443900000295e-03
1.972446472839417986e+00 1.100933838162499942e-02
1.976391365785096887e+00 1.260325063749999884e-02
1.980344148516667069e+00 1.188316394049999947e-02
1.984304836813700401e+00 1.298048796300000154e-02
1.988273446487327956e+00 1.306202356499999891e-02
1.992249993380302620e+00 1.420083665000000141e-02
1.996234493367063045e+00 1.336647012500000002e-02
2.000226962353797155e+00 1.102946294450000107e-02
