2.002000000000000168e-01 5.953239500000000314e-04
2.006004000000000120e-01 8.097326624999999197e-04
2.010016008000000132e-01 6.283137875000000244e-04
2.014036040016000118e-01 8.719943125000000116e-04
2.018064112096032425e-01 8.526445000000000118e-04
2.022100240320224285e-01 9.292299374999999978e-04
2.026144440800864976e-01 9.774403375000001622e-04
2.030196729682466894e-01 9.561026499999999116e-04
2.034257123141831602e-01 9.303782250000000109e-04
2.038325637388115341e-01 9.022958400000001197e-04
2.042402288662891752e-01 8.753398124999999409e-04
2.046487093240217381e-01 8.523269499999999287e-04
2.050580067426697739e-01 8.340468749999999359e-04
2.054681227561551138e-01 8.303485374999999792e-04
2.058790590016674471e-01 8.269837000000001236e-04
2.062908171196707885e-01 8.201514500000000197e-04
2.067033987539101392e-01 8.127035125000000269e-04
2.071168055514179263e-01 8.064111249999999760e-04
2.075310391625207751e-01 8.015496750000000465e-04
2.079461012408458098e-01 7.954375800000000347e-04
2.083619934433275089e-01 7.891111124999998765e-04
2.087787174302141446e-01 7.834646499999999968e-04
2.091962748650745829e-01 7.777080749999999189e-04
2.096146674148047229e-01 7.709637374999999239e-04
2.100338967496343523e-01 7.625429300000000294e-04
2.104539645431336148e-01 7.567944250000001229e-04
2.108748724722198931e-01 7.520144875000000714e-04
2.112966222171643316e-01 7.455778374999999947e-04
2.117192154615986643e-01 7.379744374999999516e-04
2.121426538925218486e-01 7.271151900000000744e-04
2.125669392003068925e-01 7.155727000000000615e-04
2.129920730787074890e-01 7.054906500000000281e-04
2.134180572248648988e-01 6.957806875000000814e-04
2.138448933393146401e-01 6.861735875000000290e-04
2.142725831259932878e-01 6.727768799999999912e-04
2.147011282922452469e-01 6.584528375000000319e-04
2.151305305488297459e-01 6.470076500000000123e-04
2.155607916099274157e-01 6.376641749999999772e-04
2.159919131931472558e-01 6.272982700000000970e-04
2.164238970195335454e-01 6.151217749999998794e-04
2.168567448135726161e-01 6.032272499999999935e-04
2.172904583031997627e-01 5.920815500000000233e-04
2.177250392198061546e-01 5.814071749999999905e-04
2.181604892982457744e-01 5.695867400000000427e-04
2.185968102768422461e-01 5.574540625000000546e-04
2.190340038973959125e-01 5.448891875000000167e-04
2.194720719051907187e-01 5.316401125000000914e-04
2.199110160490010957e-01 5.187590374999999972e-04
2.203508380810991207e-01 5.050720799999999702e-04
2.207915397572613181e-01 4.919577374999999867e-04
2.212331228367758196e-01 4.790551249999999749e-04
2.216755890824493869e-01 4.654994750000000228e-04
2.221189402606142949e-01 4.526035375000000104e-04
2.225631781411355203e-01 4.390621799999999773e-04
2.230083044974177642e-01 4.261303500000000527e-04
2.234543211064126123e-01 4.150937624999999939e-04
2.239012297486254466e-01 4.032317499999999734e-04
2.243490322081226895e-01 3.916421500000000396e-04
2.247977302725389648e-01 3.791819899999999749e-04
2.252473257330840362e-01 3.674049249999999846e-04
2.256978203845501907e-01 3.574699375000000103e-04
2.261492160253192885e-01 3.474251750000000071e-04
2.266015144573699513e-01 3.368682000000000013e-04
2.270547174862846962e-01 3.254975800000000177e-04
2.275088269212572623e-01 3.145236749999999969e-04
2.279638445750997722e-01 3.051620750000000153e-04
2.284197722642499762e-01 2.957963124999999694e-04
2.288766118087784962e-01 2.859975000000000277e-04
2.293343650323960425e-01 2.752998100000000241e-04
2.297930337624608521e-01 2.653225374999999852e-04
2.302526198299857663e-01 2.552707999999999887e-04
2.307131250696457525e-01 2.490408499999999790e-04
2.311745513197850377e-01 2.407820875000000159e-04
2.316369004224245742e-01 2.334223900000000160e-04
2.321001742232694509e-01 2.262655624999999914e-04
2.325643745717159705e-01 2.188674750000000030e-04
2.330295033208594213e-01 2.117486625000000017e-04
2.334955623275011272e-01 2.052079799999999895e-04
2.339625534521561634e-01 1.994177374999999992e-04
2.344304785590604623e-01 1.927453749999999909e-04
2.348993395161785847e-01 1.867839499999999890e-04
2.353691381952109363e-01 1.828464500000000085e-04
2.358398764716013452e-01 1.766038400000000076e-04
2.363115562245445278e-01 1.699945374999999926e-04
2.367841793369936387e-01 1.659102624999999969e-04
2.372577476956675979e-01 1.609336499999999902e-04
2.377322631910589457e-01 1.566744249999999937e-04
2.382077277174410590e-01 1.514970500000000202e-04
2.386841431728759511e-01 1.471715124999999893e-04
2.391615114592217095e-01 1.437505749999999768e-04
2.396398344821401571e-01 1.385947124999999938e-04
2.401191141511044291e-01 1.345932624999999984e-04
2.405993523794066058e-01 1.320777100000000118e-04
2.410805510841654287e-01 1.281936999999999920e-04
2.415627121863337390e-01 1.243365375000000039e-04
2.420458376107064158e-01 1.217320749999999910e-04
2.425299292859278144e-01 1.197522875000000045e-04
2.430149891444997046e-01 1.171034300000000099e-04
2.435010191227887089e-01 1.137279875000000019e-04
2.439880211610342686e-01 1.112618750000000044e-04
2.444759972033563322e-01 1.099699624999999931e-04
2.449649491977630433e-01 1.082517750000000110e-04
2.454548790961585680e-01 1.040217699999999986e-04
2.459457888543508663e-01 1.015093499999999906e-04
2.464376804320595749e-01 1.005564874999999943e-04
2.469305557929236949e-01 9.906684500000000136e-05
2.474244169045095587e-01 9.639098750000000171e-05
2.479192657383185727e-01 9.449730699999999307e-05
2.484151042697951839e-01 9.329573874999999615e-05
2.489119344783347898e-01 9.036004375000001036e-05
2.494097583472914548e-01 8.902180749999999919e-05
2.499085778639860422e-01 8.750730299999999635e-05
2.504083950197140140e-01 8.703308624999999928e-05
2.509092118097534518e-01 8.645697625000000252e-05
2.514110302333729119e-01 8.434362874999999692e-05
2.519138522938396685e-01 8.189055875000000721e-05
2.524176799984273467e-01 8.205698499999999613e-05
2.529225153584241936e-01 8.161179625000000498e-05
2.534283603891410719e-01 8.017052875000000125e-05
2.539352171099192867e-01 7.892148374999999024e-05
2.544430875441391349e-01 7.901957875000000171e-05
2.549519737192273983e-01 7.794419800000000620e-05
2.554618776666658375e-01 7.585392499999999729e-05
2.559728014219991854e-01 7.627193374999999796e-05
2.564847470248432515e-01 7.709660500000000349e-05
2.569977165188929158e-01 7.662000750000000555e-05
2.575117119519306774e-01 7.602268199999999713e-05
2.580267353758345372e-01 7.573389124999999099e-05
2.585427888465862134e-01 7.356464375000000512e-05
2.590598744242793572e-01 7.323162125000000182e-05
2.595779941731279905e-01 7.582118250000000731e-05
2.600971501614742221e-01 7.595903399999999527e-05
2.606173444617971846e-01 7.344369000000000223e-05
2.611385791507207510e-01 7.448912125000001477e-05
2.616608563090221939e-01 7.600845250000000256e-05
2.621841780216402351e-01 7.522693875000000408e-05
2.627085463776834828e-01 7.491648499999999902e-05
2.632339634704388698e-01 7.753768749999999030e-05
2.637604313973797576e-01 7.778658000000000360e-05
2.642879522601745412e-01 7.634262999999999856e-05
2.648165281646948088e-01 7.691302499999999533e-05
2.653461612210242238e-01 7.853983700000000438e-05
2.658768535434662961e-01 7.841293750000000195e-05
2.664086072505532643e-01 7.996842874999999856e-05
2.669414244650543111e-01 8.224255875000000655e-05
2.674753073139844450e-01 8.223172399999999975e-05
2.680102579286124387e-01 8.275013499999999474e-05
2.685462784444696549e-01 8.567619874999998948e-05
2.690833710013585955e-01 8.774421500000000030e-05
2.696215377433612836e-01 8.683343874999999536e-05
2.701607808188479787e-01 8.819662499999999009e-05
2.707011023804857253e-01 9.170440750000001312e-05
2.712425045852466798e-01 9.340881250000000345e-05
2.717849895944172145e-01 9.412621000000000084e-05
2.723285595736060216e-01 9.621431750000000260e-05
2.728732166927532177e-01 9.902216900000000396e-05
2.734189631261387810e-01 1.017024500000000007e-04
2.739658010523910447e-01 1.060543125000000097e-04
2.745137326544958567e-01 1.091898749999999877e-04
2.750627601198047945e-01 1.096800000000000070e-04
2.756128856400444360e-01 1.142672400000000122e-04
2.761641114113245199e-01 1.176473875000000037e-04
2.767164396341471599e-01 1.213310000000000077e-04
2.772698725134154496e-01 1.239947249999999955e-04
2.778244122584422882e-01 1.284147875000000050e-04
2.783800610829592070e-01 1.339740600000000059e-04
2.789368212051250850e-01 1.393431750000000027e-04
2.794946948475353632e-01 1.439231625000000122e-04
2.800536842372304269e-01 1.479474875000000018e-04
2.806137916057048765e-01 1.563261875000000170e-04
2.811750191889162975e-01 1.621824800000000065e-04
2.817373692272941987e-01 1.738855125000000185e-04
2.823008439657487822e-01 1.791375999999999906e-04
2.828654456536803252e-01 1.863302000000000003e-04
2.834311765449876730e-01 1.883834000000000029e-04
2.839980388980776205e-01 2.022284800000000225e-04
2.845660349758737939e-01 2.136630500000000210e-04
2.851351670458255327e-01 2.244659999999999885e-04
2.857054373799171598e-01 2.356298999999999850e-04
2.862768482546770299e-01 2.436392375000000026e-04
2.868494019511863558e-01 2.573189000000000140e-04
2.874231007550887562e-01 2.701251999999999798e-04
2.879979469565989714e-01 2.911014374999999765e-04
2.885739428505121884e-01 3.059217124999999860e-04
2.891510907362132010e-01 3.231372200000000219e-04
2.897293929176856242e-01 3.439178625000000305e-04
2.903088517035209426e-01 3.595118374999999814e-04
2.908894694069280029e-01 3.767427499999999904e-04
2.914712483457418957e-01 4.027475624999999866e-04
2.920541908424333366e-01 4.345781699999999971e-04
2.926382992241182146e-01 4.546176750000000552e-04
2.932235758225664735e-01 4.829040625000000043e-04
2.938100229742116043e-01 5.192445875000000150e-04
2.943976430201600269e-01 5.429764625000000223e-04
2.949864383062003048e-01 5.775575399999999292e-04
2.955764111828127483e-01 6.267239499999999273e-04
2.961675640051783520e-01 6.683661250000000331e-04
2.967598991331887315e-01 7.015833374999999334e-04
2.973534189314551157e-01 7.487983125000000073e-04
2.979481257693180618e-01 8.097682400000001147e-04
2.985440220208566697e-01 8.588286999999999788e-04
2.991411100648984078e-01 9.066056000000000939e-04
2.997393922850282166e-01 9.789976000000001014e-04
3.003388710695982233e-01 1.027727625000000086e-03
3.009395488117374562e-01 1.100574100000000031e-03
3.015414279093609484e-01 1.190661124999999911e-03
3.021445107651796746e-01 1.238108874999999890e-03
3.027487997867099878e-01 1.324124500000000045e-03
3.033542973862833891e-01 1.424994374999999976e-03
3.039610059810559650e-01 1.485719199999999997e-03
3.045689279930180460e-01 1.580314124999999915e-03
3.051780658490040876e-01 1.723482125000000073e-03
3.057884219807021076e-01 1.809506499999999959e-03
3.063999988246635664e-01 1.862964500000000110e-03
3.070127988223129156e-01 2.020539600000000220e-03
3.076268244199575896e-01 2.208357125000000136e-03
3.082420780687974982e-01 2.269258625000000230e-03
3.088585622249351292e-01 2.353736500000000106e-03
3.094762793493849307e-01 2.568718099999999817e-03
3.100952319080837460e-01 2.752295999999999996e-03
3.107154223718998631e-01 2.869377375000000015e-03
3.113368532166437275e-01 2.957715000000000084e-03
3.119595269230769907e-01 3.267834124999999777e-03
3.125834459769231133e-01 3.578684900000000252e-03
3.132086128688770232e-01 3.669867999999999741e-03
3.138350300946147753e-01 3.706902375000000003e-03
3.144627001548039313e-01 4.156742499999999466e-03
3.150916255551135525e-01 4.343898000000000550e-03
3.157218088062238026e-01 4.258762499999999875e-03
3.163532524238362176e-01 4.728830749999999444e-03
3.169859589286838641e-01 4.884410875000000027e-03
3.176199308465412763e-01 4.792000499999999122e-03
3.182551707082343917e-01 5.151279749999999533e-03
3.188916810496508214e-01 5.699651800000000296e-03
3.195294644117501193e-01 5.444954000000000113e-03
3.201685233405736630e-01 5.438517375000000154e-03
3.208088603872547573e-01 6.131261750000000302e-03
3.214504781080292917e-01 6.502534000000000786e-03
3.220933790642453443e-01 6.059142999999999474e-03
3.227375658223737842e-01 6.028533875000000389e-03
3.233830409540185413e-01 6.834423000000000060e-03
3.240298070359265425e-01 7.209324750000000934e-03
3.246778666499984256e-01 6.838392999999999902e-03
3.253272223832984200e-01 6.645186099999999575e-03
3.259778768280650052e-01 7.227371875000000202e-03
3.266298325817211246e-01 7.692191250000000001e-03
3.272830922468845660e-01 7.493912749999999748e-03
3.279376584313783427e-01 7.103490500000000235e-03
3.285935337482410734e-01 7.501185399999999760e-03
3.292507208157375853e-01 8.066117250000000988e-03
3.299092222573690725e-01 8.111291124999999574e-03
3.305690407018838095e-01 7.729850124999999850e-03
3.312301787832875322e-01 7.603000625000000054e-03
3.318926391408540955e-01 8.078664099999998890e-03
3.325564244191357988e-01 8.385520625000000144e-03
3.332215372679740994e-01 8.293582250000000600e-03
3.338879803425100490e-01 7.943640000000001811e-03
3.345557563031950621e-01 8.297040699999999255e-03
3.352248678158014084e-01 8.547227750000000596e-03
3.358953175514330369e-01 8.600591875000000719e-03
3.365671081865359016e-01 8.459178749999999095e-03
3.372402424029089518e-01 8.284315375000000231e-03
3.379147228877147358e-01 8.448724799999999743e-03
3.385905523334902245e-01 8.671131874999999864e-03
3.392677334381571930e-01 8.694982999999999879e-03
3.399462689050334330e-01 8.614352875000000007e-03
3.406261614428435225e-01 8.589910625000000619e-03
3.413074137657292062e-01 8.756751800000000391e-03
3.419900285932606643e-01 8.807995750000000360e-03
3.426740086504471705e-01 8.819661124999999408e-03
3.433593566677480835e-01 8.784758874999999689e-03
3.440460753810836159e-01 8.689312000000001118e-03
3.447341675318457699e-01 8.768896500000001454e-03
3.454236358669094398e-01 8.847432875000000099e-03
3.461144831386432363e-01 8.871627624999999656e-03
3.468067121049205337e-01 8.890185499999999838e-03
3.475003255291303494e-01 8.866083000000000297e-03
3.481953261801886135e-01 8.915948499999999666e-03
3.488917168325489926e-01 8.939434500000001046e-03
3.495895002662141038e-01 8.941692375000000886e-03
3.502886792667465610e-01 8.951354875000001182e-03
3.509892566252800217e-01 8.955102249999999375e-03
3.516912351385305668e-01 8.921095900000000287e-03
3.523946176088076365e-01 8.957942749999999593e-03
3.530994068440251876e-01 8.977261624999999939e-03
3.538056056577132402e-01 8.993131750000001035e-03
3.545132168690287022e-01 9.003218250000000200e-03
3.552222433027667492e-01 9.005592399999999900e-03
3.559326877893722596e-01 9.015985000000000665e-03
3.566445531649510281e-01 9.019992000000000981e-03
3.573578422712808678e-01 9.023948250000000254e-03
3.580725579558234339e-01 9.032635000000000663e-03
3.587887030717350489e-01 9.040067750000000193e-03
3.595062804778785814e-01 9.037029125000000176e-03
3.602252930388343266e-01 9.045457999999999277e-03
3.609457436249119411e-01 9.059140874999999787e-03
3.616676351121618227e-01 9.072513100000000399e-03
3.623909703823861017e-01 9.082230125000000098e-03
3.631157523231508533e-01 9.092435500000000878e-03
3.638419838277971996e-01 9.102587500000000262e-03
3.645696677954528009e-01 9.110869750000000211e-03
3.652988071310436791e-01 9.119636000000000409e-03
3.660294047453057642e-01 9.130499375000000056e-03
3.667614635547964408e-01 9.140790249999999201e-03
3.674949864819060386e-01 9.150602500000000472e-03
3.682299764548698229e-01 9.159304624999999728e-03
3.689664364077795966e-01 9.168896299999999833e-03
3.697043692805951354e-01 9.179785999999998808e-03
3.704437780191563445e-01 9.186459250000000853e-03
3.711846655751946944e-01 9.191799250000000365e-03
3.719270349063450443e-01 9.197250125000000498e-03
3.726708889761577437e-01 9.203035400000000171e-03
3.734162307541100123e-01 9.208097624999999828e-03
3.741630632156182079e-01 9.212681375000000145e-03
3.749113893420494836e-01 9.217806374999998331e-03
3.756612121207335564e-01 9.222966875000000384e-03
3.764125345449750304e-01 9.228029400000000576e-03
3.771653596140650544e-01 9.229511374999999074e-03
3.779196903332932012e-01 9.238546874999999797e-03
3.786755297139597909e-01 9.243125375000001143e-03
3.794328807733876596e-01 9.247296375000000138e-03
3.801917465349344827e-01 9.253676299999999411e-03
3.809521300280043210e-01 9.262495499999998799e-03
3.817140342880603332e-01 9.270461375000000476e-03
3.824774623566364884e-01 9.278406124999999394e-03
3.832424172813497787e-01 9.287297600000000986e-03
3.840089021159124316e-01 9.296282999999998936e-03
3.847769199201442891e-01 9.304310874999999204e-03
3.855464737599845759e-01 9.312272624999999582e-03
3.863175667075045561e-01 9.320148874999999861e-03
3.870902018409195788e-01 9.328913700000000114e-03
3.878643822446014022e-01 9.337668874999999896e-03
3.886401110090906830e-01 9.345469874999999885e-03
3.894173912311088559e-01 9.353356999999999644e-03
3.901962260135710681e-01 9.360622750000000339e-03
3.909766184655981691e-01 9.366627900000000506e-03
3.917585717025293679e-01 9.373916249999999367e-03
3.925420888459344448e-01 9.379404125000000841e-03
3.933271730236262975e-01 9.376503625000000980e-03
3.941138273696735417e-01 9.390402750000000423e-03
3.949020550244128902e-01 9.396364599999998402e-03
3.956918591344616987e-01 9.402547625000000353e-03
3.964832428527306218e-01 9.406640875000000374e-03
3.972762093384361037e-01 9.413283499999999457e-03
3.980707617571129786e-01 9.408196875000000153e-03
3.988669032806272385e-01 9.424455700000000657e-03
3.996646370871884679e-01 9.430381499999999570e-03
4.004639663613628331e-01 9.436391250000000439e-03
4.012648942940855168e-01 9.441248749999998913e-03
4.020674240826737078e-01 9.444027250000000540e-03
4.028715589308390355e-01 9.451138200000000489e-03
4.036773020487006702e-01 9.456355999999999096e-03
4.044846566527980913e-01 9.462816500000000366e-03
4.052936259661036877e-01 9.467880624999999370e-03
4.061042132180359143e-01 9.472520749999999504e-03
4.069164216444720039e-01 9.477148100000000810e-03
4.077302544877609569e-01 9.478435500000000069e-03
4.085457149967364754e-01 9.485196500000001030e-03
4.093628064267299527e-01 9.489319625000000938e-03
4.101815320395834075e-01 9.493716374999999069e-03
4.110018951036625845e-01 9.499017599999999562e-03
4.118238988938699441e-01 9.504667750000000970e-03
4.126475466916577073e-01 9.509651124999999108e-03
4.134728417850409565e-01 9.514236249999998701e-03
4.142997874686110693e-01 9.515698399999999654e-03
4.151283870435482637e-01 9.522385000000001265e-03
4.159586438176353651e-01 9.525413624999999607e-03
4.167905611052706849e-01 9.522540374999999280e-03
4.176241422274811765e-01 9.531743999999998246e-03
4.184593905119361468e-01 9.536944299999999125e-03
4.192963092929599678e-01 9.536736500000000255e-03
4.201349019115458994e-01 9.545626125000001433e-03
4.209751717153689676e-01 9.548839124999999872e-03
4.218171220587997317e-01 9.550749375000000541e-03
4.226607563029173287e-01 9.552638900000000322e-03
4.235060778155231298e-01 9.553831125000000410e-03
4.243530899711541737e-01 9.554895125000000683e-03
4.252017961510964894e-01 9.556829750000000664e-03
4.260521997433986963e-01 9.558003999999998418e-03
4.269043041428854934e-01 9.564560300000000265e-03
4.277581127511712600e-01 9.569047625000000334e-03
4.286136289766736551e-01 9.574440249999999902e-03
4.294708562346269964e-01 9.578200250000000124e-03
4.303297979470962487e-01 9.580469624999999115e-03
4.311904575429904574e-01 9.581224600000000369e-03
4.320528384580764047e-01 9.581433125000000245e-03
4.329169441349925429e-01 9.582234874999999777e-03
4.337827780232624830e-01 9.584405625000000373e-03
4.346503435793090397e-01 9.587713750000000784e-03
4.355196442664676648e-01 9.591519800000000012e-03
4.363906835550006025e-01 9.594151874999999954e-03
4.372634649221106007e-01 9.594662874999999869e-03
4.381379918519547889e-01 9.592964499999998701e-03
4.390142678356587225e-01 9.588684874999999636e-03
4.398922963713300383e-01 9.584824700000001141e-03
4.407720809640727211e-01 9.580250749999999829e-03
4.416536251260008150e-01 9.520316375000000692e-03
4.425369323762528007e-01 9.570170374999999174e-03
4.434220062410053065e-01 9.568626900000000088e-03
4.443088502534873196e-01 9.580779625000000743e-03
4.451974679539942858e-01 9.582015624999998954e-03
4.460878628899022647e-01 9.571051375000000361e-03
4.469800386156820293e-01 9.594804125000000114e-03
4.478739986929134442e-01 9.597464400000000131e-03
4.487697466902992316e-01 9.592807749999999675e-03
4.496672861836799040e-01 9.587795374999999454e-03
4.505666207560472536e-01 9.584805499999999798e-03
4.514677539975593401e-01 9.585285375000000482e-03
4.523706895055544797e-01 9.588603399999999499e-03
4.532754308845656221e-01 9.591635375000000935e-03
4.541819817463347286e-01 9.592396999999999035e-03
4.550903457098274263e-01 9.585397124999998908e-03
4.560005264012471082e-01 9.582407375000000921e-03
4.569125274540495885e-01 9.568743100000000681e-03
4.578263525089577013e-01 9.556830375000000335e-03
4.587420052139756232e-01 9.543846999999999400e-03
4.596594892244035835e-01 9.530737125000000864e-03
4.605788082028524077e-01 9.519647625000000543e-03
4.614999658192581178e-01 9.511853500000000405e-03
4.624229657508966418e-01 9.512075874999999583e-03
4.633478116823984694e-01 9.518367999999999274e-03
4.642745073057632510e-01 9.526230499999999851e-03
4.652030563203747304e-01 9.534845374999999928e-03
4.661334624330154552e-01 9.538035800000000536e-03
4.670657293578814873e-01 9.531389750000000827e-03
4.679998608165972795e-01 9.521830000000001959e-03
4.689358605382304424e-01 9.497309499999998655e-03
4.698737322593069532e-01 9.500058124999998660e-03
4.708134797238255342e-01 9.496763200000001015e-03
4.717551066832731399e-01 9.493868874999998597e-03
4.726986168966397228e-01 9.491301374999998666e-03
4.736440141304329998e-01 9.486801124999999502e-03
4.745913021586939395e-01 9.477345499999999603e-03
4.755404847630113063e-01 9.459820199999999929e-03
4.764915657325373699e-01 9.434669499999999431e-03
4.774445488640024493e-01 9.408960125000000868e-03
4.783994379617304560e-01 9.380856374999999719e-03
4.793562368376539373e-01 9.348261000000000071e-03
4.803149493113292312e-01 9.319326875000000579e-03
4.812755792099518981e-01 9.302448999999999094e-03
4.822381303683718201e-01 9.294518124999999811e-03
4.832026066291085775e-01 9.297124625000000031e-03
4.841690118423668254e-01 9.304215200000000296e-03
4.851373498660515038e-01 9.324701625000000882e-03
4.861076245657836026e-01 9.340749250000000489e-03
4.870798398149152053e-01 9.335301249999998843e-03
4.880539994945450322e-01 9.351079999999999462e-03
4.890301074935341497e-01 9.341464399999999113e-03
4.900081677085211806e-01 9.325916874999999606e-03
4.909881840439382916e-01 9.317195874999999877e-03
4.919701604120261251e-01 9.302015250000000152e-03
4.929541007328501756e-01 9.302041999999999949e-03
4.939400089343158884e-01 9.298535700000000806e-03
4.949278889521845359e-01 9.291683250000000102e-03
4.959177447300888719e-01 9.279689500000000424e-03
4.969095802195490075e-01 9.260812999999999684e-03
4.979033993799881208e-01 9.234824625000000523e-03
4.988992061787480559e-01 9.197994399999999404e-03
4.998970045911055315e-01 9.154466749999999597e-03
5.008967986002876849e-01 9.114191500000000390e-03
5.018985921974883357e-01 9.016889125000000088e-03
5.029023893818832525e-01 9.025138624999999928e-03
5.039081941606470272e-01 8.966402400000000189e-03
5.049160105489682859e-01 8.962534249999999300e-03
5.059258425700663420e-01 8.952887999999999125e-03
5.069376942552064058e-01 8.872973124999999212e-03
5.079515696437167938e-01 8.958112125000000647e-03
5.089674727830042489e-01 8.961728200000001338e-03
5.099854077285701504e-01 8.983033249999999512e-03
5.110053785440273888e-01 8.947564250000001468e-03
5.120273893011153543e-01 8.980035250000000663e-03
5.130514440797175890e-01 8.959539199999999939e-03
5.140775469678771081e-01 8.944279375000000962e-03
5.151057020618128313e-01 8.926788750000001077e-03
5.161359134659364578e-01 8.909849249999999068e-03
5.171681852928683432e-01 8.894429250000000439e-03
5.182025216634540410e-01 8.878247100000000169e-03
5.192389267067809566e-01 8.860304124999999337e-03
5.202774045601945563e-01 8.841553749999999864e-03
5.213179593693149094e-01 8.817440375000000843e-03
5.223605952880534531e-01 8.788540124999999134e-03
5.234053164786296453e-01 8.749308299999999580e-03
5.244521271115868410e-01 8.700670250000000494e-03
5.255010313658099452e-01 8.662786624999998381e-03
5.265520334285416215e-01 8.620258874999999973e-03
5.276051374953987239e-01 8.577970875000000273e-03
5.286603477703895049e-01 8.530817699999998505e-03
5.297176684659302692e-01 8.485038125000000236e-03
5.307771038028621380e-01 8.450414999999999316e-03
5.318386580104679240e-01 8.430303374999999905e-03
5.329023353264887852e-01 8.409155124999999689e-03
5.339681399971416553e-01 8.400768100000000765e-03
5.350360762771360079e-01 8.397119750000001104e-03
5.361061484296902879e-01 8.394929375000000429e-03
5.371783607265496752e-01 8.392758624999999834e-03
5.382527174480027377e-01 8.385664749999998877e-03
5.393292228828987511e-01 8.369482299999999805e-03
5.404078813286645744e-01 8.337519749999999438e-03
5.414886970913218578e-01 8.173751874999999473e-03
5.425716744855044738e-01 8.295268875000001013e-03
5.436568178344756141e-01 8.256494374999999442e-03
5.447441314701444437e-01 8.231246899999999228e-03
5.458336197330847517e-01 8.193804125000000646e-03
5.469252869725509392e-01 8.202762500000000331e-03
5.480191375464960046e-01 8.188181875000000512e-03
5.491151758215888634e-01 8.172313800000000766e-03
5.502134061732321113e-01 8.156041624999998962e-03
5.513138329855785669e-01 8.140406124999999271e-03
5.524164606515497011e-01 8.123198249999999745e-03
5.535212935728528461e-01 8.103684999999999361e-03
5.546283361599984030e-01 8.079502500000000295e-03
5.557375928323184944e-01 8.051094250000001562e-03
5.568490680179830621e-01 8.021354624999999308e-03
5.579627661540189631e-01 7.986884125000001319e-03
5.590786916863270672e-01 7.948565500000000922e-03
5.601968490696997982e-01 7.901901099999998970e-03
5.613172427678392307e-01 7.849890750000001333e-03
5.624398772533748536e-01 7.809352250000000176e-03
5.635647570078816671e-01 7.771602249999999719e-03
5.646918865218973904e-01 7.737274250000000450e-03
5.658212702949412254e-01 7.702394300000000096e-03
5.669529128355310643e-01 7.670121499999999100e-03
5.680868186612021420e-01 7.639322500000000210e-03
5.692229922985245771e-01 7.559294250000000125e-03
5.703614382831215801e-01 7.584049250000000561e-03
5.715021611596877715e-01 7.553965399999999428e-03
5.726451654820071679e-01 7.500836125000000243e-03
5.737904558129711674e-01 7.515283249999999207e-03
5.749380367245970902e-01 7.508124375000000371e-03
5.760879127980462755e-01 7.497058625000000559e-03
5.772400886236424000e-01 7.510615699999999804e-03
5.783945688008896857e-01 7.504002124999999135e-03
5.795513579384914404e-01 7.527545624999999740e-03
5.807104606543684877e-01 7.540822875000000383e-03
5.818718815756771523e-01 7.561903999999999501e-03
5.830356253388285781e-01 7.579342900000000938e-03
5.842016965895062697e-01 7.585680500000000631e-03
5.853700999826851881e-01 7.597368499999999913e-03
5.865408401826505136e-01 7.604597500000000003e-03
5.877139218630158535e-01 7.623838750000000442e-03
5.888893497067417826e-01 7.432461500000000186e-03
5.900671284061553834e-01 7.423695250000000856e-03
5.912472626629676764e-01 7.573012375000000296e-03
5.924297571882934932e-01 7.529845499999999157e-03
5.936146167026701281e-01 7.452497399999999904e-03
5.948018459360754351e-01 7.110430875000000456e-03
5.959914496279475893e-01 7.464985750000000843e-03
5.971834325272035171e-01 7.433791999999999831e-03
5.983777993922578808e-01 7.354129874999999587e-03
5.995745549910425076e-01 7.344274100000000062e-03
6.007737041010245971e-01 7.308555000000000433e-03
6.019752515092265943e-01 7.343790374999999149e-03
6.031792020122450637e-01 7.340241375000000623e-03
6.043855604162695627e-01 7.337123249999999951e-03
6.055943315371020708e-01 7.361197599999999217e-03
6.068055202001763071e-01 7.381823874999999570e-03
6.080191312405766046e-01 7.406574250000000706e-03
6.092351695030577829e-01 7.432850374999999329e-03
6.104536398420639109e-01 7.459955500000000489e-03
6.116745471217479579e-01 7.489407900000000749e-03
6.128978962159914445e-01 7.517573750000000089e-03
6.141236920084234274e-01 7.541605749999999442e-03
6.153519393924402614e-01 7.563841249999999836e-03
6.165826432712251393e-01 7.583726750000000308e-03
6.178158085577676317e-01 7.604224300000000242e-03
6.190514401748832274e-01 7.622099250000000104e-03
6.202895430552329836e-01 7.634090375000000296e-03
6.215301221413433996e-01 7.642405875000000091e-03
6.227731823856261784e-01 7.649384874999999931e-03
6.240187287503973224e-01 7.656633799999999768e-03
6.252667662078981170e-01 7.662818749999999665e-03
6.265172997403138933e-01 7.672180625000000337e-03
6.277703343397945668e-01 6.891379999999999902e-03
6.290258750084741779e-01 7.655359500000000206e-03
6.302839267584912086e-01 7.687095999999999166e-03
6.315444946120081227e-01 7.658251000000000468e-03
6.328075836012321265e-01 7.754823124999999165e-03
6.340731987684345983e-01 7.783458124999999977e-03
6.353413451659715161e-01 7.811657699999999434e-03
6.366120278563034418e-01 7.842614374999999291e-03
6.378852519120159492e-01 7.873460250000000396e-03
6.391610224158400522e-01 7.892938125000000318e-03
6.404393444606717445e-01 7.933783374999999610e-03
6.417202231495930942e-01 7.962143199999998852e-03
6.430036635958922275e-01 7.982302125000000081e-03
6.442896709230840901e-01 7.995565374999999420e-03
6.455782502649303201e-01 8.017608750000000326e-03
6.468694067654601199e-01 8.026377750000000810e-03
6.481631455789910179e-01 7.936413100000001136e-03
6.494594718701489633e-01 7.932949750000001243e-03
6.507583908138891982e-01 8.056926375000000515e-03
6.520599075955170187e-01 8.051318624999999687e-03
6.533640274107079815e-01 8.074124250000000100e-03
6.546707554655294414e-01 8.129681399999998115e-03
6.559800969764604250e-01 7.756631424999999545e-03
6.572920571704133907e-01 8.165715250000000341e-03
6.586066412847542129e-01 8.142779374999999098e-03
6.599238545673237200e-01 8.198746874999999351e-03
6.612437022764583450e-01 8.215049400000000446e-03
6.625661896810113305e-01 8.217179124999999737e-03
6.638913220603732679e-01 8.241625500000000423e-03
6.652191047044940797e-01 8.259198625000000252e-03
6.665495429139030037e-01 8.275675499999999435e-03
6.678826419997307973e-01 8.294760800000000253e-03
6.692184072837303876e-01 8.313255125000000231e-03
6.705568440982978551e-01 8.329656750000000859e-03
6.718979577864944153e-01 8.345130624999998886e-03
6.732417537020674025e-01 8.358796499999999671e-03
6.745882372094715862e-01 8.375743500000001202e-03
6.759374136838904867e-01 8.390090499999999091e-03
6.772892885112582473e-01 8.401585874999999148e-03
6.786438670882807278e-01 8.413601750000001059e-03
6.800011548224572655e-01 8.426066099999999018e-03
6.813611571321021021e-01 8.431550999999998935e-03
6.827238794463663663e-01 8.439073750000001400e-03
6.840893272052590568e-01 8.444169124999999568e-03
6.854575058596696913e-01 8.446902249999999057e-03
6.868284208713890671e-01 6.707672747900000204e-03
6.882020777131317990e-01 8.135787624999999898e-03
6.895784818685580797e-01 6.140227340000000214e-03
6.909576388322952178e-01 8.158595124999999323e-03
6.923395541099597317e-01 7.003738437500000441e-03
6.937242332181796645e-01 8.224269999999998804e-03
6.951116816846160118e-01 8.471585375000000029e-03
6.965019050479852591e-01 8.503869125000000639e-03
6.978949088580812532e-01 8.264705887499999501e-03
6.992906986757974064e-01 8.481150874999999340e-03
7.006892800731490123e-01 8.429652899999999158e-03
7.020906586332953392e-01 8.530773499999999912e-03
7.034948399505618344e-01 8.556293499999999275e-03
7.049018296304629949e-01 8.360775375000000648e-03
7.063116332897239058e-01 8.548915625000000351e-03
7.077242565563033327e-01 8.511650500000000549e-03
7.091397050694159265e-01 8.573299875000000778e-03
7.105579844795547606e-01 8.517211375000000029e-03
7.119791004485138686e-01 8.547169375000000097e-03
7.134030586494108928e-01 8.560255749999998859e-03
7.148298647667097327e-01 8.511665200000000792e-03
7.162595244962430829e-01 8.274325374999998844e-03
7.176920435452356362e-01 8.055344137499999974e-03
7.191274276323260661e-01 8.041938699999999149e-03
7.205656824875906752e-01 7.913395762500000791e-03
7.220068138525659318e-01 8.497180800000000284e-03
7.234508274802710082e-01 8.291276749999999807e-03
7.248977291352315389e-01 8.112383100000000388e-03
7.263475245935020475e-01 8.127521087500000699e-03
7.278002196426889281e-01 7.391128430000000298e-03
7.292558200819743153e-01 8.300749619999998885e-03
7.307143317221382883e-01 7.813786774999999588e-03
7.321757603855825192e-01 8.204912700000000642e-03
7.336401119063536980e-01 8.370579837499999426e-03
7.351073921301664038e-01 8.435625700000001087e-03
7.365776069144267524e-01 8.585691624999999133e-03
7.380507621282555997e-01 8.599469375000000013e-03
7.395268636525120787e-01 8.546686875000000794e-03
7.410059173798171361e-01 8.617080249999999053e-03
7.424879292145767362e-01 8.610604799999999406e-03
7.439729050730057303e-01 8.450663499999998621e-03
7.454608508831517266e-01 8.505337499999999704e-03
7.469517725849180723e-01 8.588126625000001152e-03
7.484456761300879446e-01 8.584836375000000006e-03
7.499425674823481103e-01 8.561038299999998782e-03
7.514424526173126839e-01 8.596831374999999026e-03
7.529453375225474421e-01 8.598502625000000593e-03
7.544512281975925827e-01 8.615031125000000359e-03
7.559601306539878163e-01 8.618573875000000439e-03
7.574720509152956804e-01 8.620077400000000431e-03
7.589869950171262980e-01 8.213979412499999161e-03
7.605049690071605806e-01 4.205866512500000716e-03
7.620259789451748755e-01 4.108400037500000400e-03
7.635500309030651689e-01 5.257206324999999514e-03
7.650771309648712881e-01 6.787686780000000593e-03
7.666072852268009941e-01 7.739532662500000527e-03
7.681404997972545168e-01 8.105106399999999212e-03
7.696767807968490915e-01 8.576823875000000319e-03
7.712161343584428286e-01 8.608724249999999759e-03
7.727585666271596931e-01 8.596081900000000081e-03
7.743040837604140414e-01 8.552347749999999679e-03
7.758526919279349343e-01 8.578465500000000132e-03
7.774043973117907846e-01 8.567543375000000183e-03
7.789592061064143369e-01 8.559209499999999651e-03
7.805171245186270923e-01 8.548975700000000996e-03
7.820781587676643998e-01 8.560130374999998931e-03
7.836423150851996589e-01 8.557335750000000588e-03
7.852095997153700768e-01 8.562093624999999458e-03
7.867800189148008716e-01 8.509275700000000844e-03
7.883535789526303628e-01 8.562420375000000944e-03
7.899302861105357287e-01 8.400727462500000298e-03
7.915101466827567656e-01 8.515001750000000813e-03
7.930931669761223102e-01 8.574814124999999981e-03
7.946793533100744433e-01 8.585698600000000319e-03
7.962687120166946908e-01 8.432118500000000336e-03
7.978612494407281153e-01 8.510879750000000313e-03
7.994569719396096286e-01 8.475289375000000236e-03
8.010558858834887497e-01 8.511737874999999662e-03
8.026579976552556950e-01 8.196542657000000648e-03
8.042633136505661362e-01 8.355618525000000490e-03
8.058718402778672907e-01 8.528348875000001106e-03
8.074835839584230124e-01 8.519401000000001098e-03
8.090985511263398822e-01 8.495125374999999007e-03
8.107167482285926319e-01 8.450997400000000159e-03
8.123381817250497905e-01 8.470261749999999368e-03
8.139628580884998854e-01 8.168475712499999666e-03
8.155907838046769776e-01 8.258182374999999131e-03
8.172219653722863075e-01 8.308903212499999663e-03
8.188564093030309410e-01 7.439762089999998711e-03
8.204941221216369707e-01 8.143802612500000704e-03
8.221351103658802728e-01 8.282221887499999907e-03
8.237793805866120422e-01 8.317009274999998675e-03
8.254269393477852157e-01 7.610403506250000213e-03
8.270777932264807841e-01 8.307097680000000151e-03
8.287319488129337719e-01 8.052031587499999463e-03
8.303894127105596601e-01 8.333008624999999059e-03
8.320501915359808098e-01 8.381364437500000292e-03
8.337142919190527746e-01 8.314073737500000255e-03
8.353817205028908344e-01 8.465658999999998643e-03
8.370524839438966413e-01 8.460898250000001286e-03
8.387265889117843098e-01 8.482799374999999004e-03
8.404040420896079500e-01 8.441039250000000743e-03
8.420848501737872027e-01 8.490012124999999840e-03
8.437690198741347736e-01 8.470584399999998154e-03
8.454565579138830778e-01 8.503486625000000743e-03
8.471474710297107746e-01 8.497158500000000919e-03
8.488417659717701902e-01 8.479595875000000768e-03
8.505394495037137403e-01 8.451500299999999480e-03
8.522405284027212424e-01 8.406227999999999964e-03
8.539450094595266716e-01 8.429233124999999452e-03
8.556528994784455833e-01 8.451069749999999894e-03
8.573642052774025357e-01 8.464117499999999905e-03
8.590789336879574023e-01 8.463871599999998885e-03
8.607970915553332381e-01 8.467203124999999470e-03
8.625186857384439243e-01 8.464477749999999370e-03
8.642437231099207029e-01 8.475988874999999811e-03
8.659722105561405980e-01 8.475870749999999537e-03
8.677041549772528395e-01 8.479513100000000622e-03
8.694395632872073953e-01 8.474155375000000379e-03
8.711784424137818394e-01 8.462352750000000715e-03
8.729207992986094400e-01 8.478759750000000248e-03
8.746666408972065820e-01 8.476595874999999503e-03
8.764159741790010782e-01 8.466656099999999088e-03
8.781688061273591472e-01 8.467349750000000355e-03
8.799251437396138353e-01 8.421589250000000026e-03
8.816849940270929942e-01 8.331231550000000111e-03
8.834483640151471473e-01 8.397423875000000620e-03
8.852152607431775788e-01 8.419360999999998471e-03
8.869856912646638669e-01 8.361968375000000675e-03
8.887596626471931938e-01 8.373071625000000698e-03
8.905371819724876570e-01 8.404778624999999573e-03
8.923182563364325803e-01 8.381003374999999520e-03
8.941028928491054906e-01 7.819071364999999330e-03
8.958910986348036509e-01 8.225581762499999811e-03
8.976828808320732600e-01 8.143381187499999785e-03
8.994782465937374294e-01 8.167049962500000718e-03
9.012772030869248274e-01 8.197837124999999420e-03
9.030797574930986560e-01 8.229633590000000332e-03
9.048859170080848502e-01 8.321931037500000794e-03
9.066956888421009442e-01 8.221099562500000513e-03
9.085090802197851589e-01 8.196292600000000192e-03
9.103260983802247130e-01 7.471897570000000238e-03
9.121467505769851325e-01 8.045352449999999475e-03
9.139710440781392276e-01 7.941853799999998992e-03
9.157989861662954034e-01 6.616162725500000438e-03
9.176305841386280804e-01 7.871328811249999821e-03
9.194658453069053383e-01 8.187068799999999008e-03
9.213047769975191148e-01 8.082753725000000819e-03
9.231473865515140709e-01 8.316543375000000696e-03
9.249936813246171230e-01 7.840982112499998713e-03
9.268436686872664199e-01 8.161816800000000829e-03
9.286973560246409853e-01 7.724831971999999297e-03
9.305547507366902504e-01 7.927221112500000555e-03
9.324158602381635852e-01 7.781413437499999815e-03
9.342806919586399417e-01 7.527615674999999992e-03
9.361492533425572748e-01 7.887806900000000551e-03
9.380215518492422966e-01 4.990240529099999878e-03
9.398975949529408958e-01 7.649931666250000054e-03
9.417773901428466710e-01 7.137833593749999365e-03
9.436609449231323499e-01 6.012260382500000597e-03
9.455482668129786550e-01 7.562042333749999581e-03
9.474393633466045017e-01 7.876956520000000586e-03
9.493342420732977516e-01 6.276940483750000077e-03
9.512329105574443000e-01 7.376753788750000859e-03
9.531353763785591626e-01 7.906349087500000317e-03
9.550416471313163402e-01 6.421704126249998604e-03
9.569517304255790169e-01 7.193886359999999459e-03
9.588656338864300910e-01 7.721289775000000910e-03
9.607833651542030395e-01 7.942946725000000346e-03
9.627049318845114501e-01 7.839154500000000692e-03
9.646303417482804399e-01 8.037660612499998927e-03
9.665596024317769652e-01 7.938821279999999300e-03
9.684927216366405744e-01 7.824602518749999500e-03
9.704297070799138281e-01 7.961133387500001282e-03
9.723705664940736071e-01 8.089043487499999324e-03
9.743153076270618662e-01 7.873006109000001834e-03
9.762639382423159429e-01 7.825842405000000071e-03
9.782164661188006427e-01 8.002591812500001178e-03
9.801728990510382156e-01 8.154363000000001277e-03
9.821332448491403300e-01 8.162849850000000740e-03
9.840975113388386042e-01 8.237253699999998874e-03
9.860657063615162476e-01 8.125851412500001078e-03
9.880378377742392582e-01 8.256598699999999347e-03
9.900139134497877302e-01 8.172742400000000337e-03
9.919939412766873854e-01 8.142479075000000344e-03
9.939779291592407695e-01 8.248746740000000022e-03
9.959658850175592271e-01 8.260307124999999653e-03
9.979578167875942096e-01 8.268414124999999906e-03
9.999537324211694722e-01 8.258947387499999959e-03
1.001953639886011826e+00 8.248712949999998864e-03
1.003957547165783781e+00 8.199121170000000375e-03
1.005965462260115295e+00 8.264114375000001025e-03
1.007977393184635417e+00 8.260406624999999323e-03
1.009993347971004818e+00 8.230299299999998749e-03
1.012013334666946873e+00 8.254539850000000914e-03
1.014037361336280751e+00 8.256501240000000200e-03
1.016065436058953164e+00 8.258317737499999700e-03
1.018097566931071229e+00 8.260580275000000208e-03
1.020133762064933336e+00 8.184779537500000771e-03
1.022174029589063338e+00 8.224341924999999803e-03
1.024218377648241418e+00 8.259355000000001210e-03
1.026266814403537841e+00 8.259032899999999358e-03
1.028319348032344926e+00 8.246713612499999638e-03
1.030375986728409687e+00 8.252794600000000133e-03
1.032436738701866474e+00 8.255384762499999932e-03
1.034501612179270502e+00 8.255028390000000368e-03
1.036570615403628937e+00 8.253591800000001366e-03
1.038643756634436199e+00 8.251687300000001141e-03
1.040721044147705054e+00 8.246509187500000726e-03
1.042802486236000359e+00 8.245506412500000840e-03
1.044888091208472591e+00 8.242683549999999318e-03
1.046977867390889383e+00 8.237926575000000320e-03
1.049071823125671266e+00 8.231892100000000670e-03
1.051169966771922537e+00 8.227139437500001137e-03
1.053272306705466566e+00 8.222766569999999733e-03
1.055378851318877320e+00 8.215573387500001157e-03
1.057489609021515342e+00 8.208433012500000389e-03
1.059604588239558165e+00 8.196639775000000294e-03
1.061723797416037396e+00 8.197773412499999648e-03
1.063847245010869358e+00 8.195170889999998931e-03
1.065974939500891061e+00 7.926745625000000336e-03
1.068106889379893065e+00 8.185870050000000273e-03
1.070243103158652787e+00 8.140582112499999273e-03
1.072383589364970025e+00 8.195060912500001446e-03
1.074528356543700047e+00 8.197635210000000019e-03
1.076677413256787563e+00 8.193789087500000234e-03
1.078830768083300917e+00 8.215662037499999945e-03
1.080988429619467617e+00 8.171634287500000038e-03
1.083150406478706529e+00 8.211093024999999504e-03
1.085316707291664073e+00 8.097504349999999629e-03
1.087487340706247529e+00 8.209366800000001199e-03
1.089662315387660119e+00 8.164410237499999251e-03
1.091841640018435422e+00 8.107672012499999095e-03
1.094025323298472241e+00 8.166634012500000039e-03
1.096213373945069236e+00 8.151201389999999589e-03
1.098405800692959566e+00 8.151908287499998879e-03
1.100602612294345528e+00 8.110640875000000097e-03
1.102803817518934082e+00 7.994341362499999062e-03
1.105009425153971936e+00 8.015947687500000335e-03
1.107219444004279962e+00 7.870360209999999884e-03
1.109433882892288503e+00 7.367683927500000285e-03
1.111652750658073119e+00 7.987007037499998727e-03
1.113876056159389227e+00 6.911645543125000818e-03
1.116103808271708075e+00 5.680496308112500080e-03
1.118336015888251378e+00 7.395843016000000839e-03
1.120572687920027732e+00 5.701991180414999784e-03
1.122813833295867925e+00 6.854041331249999605e-03
1.125059460962459568e+00 6.252734232999999746e-03
1.127309579884384405e+00 5.777125098200000357e-03
1.129564199044153394e+00 7.110197555000000343e-03
1.131823327442241567e+00 7.855061749999999593e-03
1.134086974097126221e+00 4.174052628237500361e-03
1.136355148045320451e+00 7.571691203750000564e-03
1.138627858341410892e+00 7.752818754999999881e-03
1.140905114058093694e+00 7.585002746250000573e-03
1.143186924286210049e+00 7.675384620000000498e-03
1.145473298134782603e+00 7.657474508750000512e-03
1.147764244731052097e+00 7.658872988750000006e-03
1.150059773220514225e+00 7.656733528000001128e-03
1.152359892766955163e+00 7.474274647499999299e-03
1.154664612552489089e+00 6.728414055874999342e-03
1.156973941777594161e+00 7.681489602500000957e-03
1.159287889661149373e+00 7.882371362499999631e-03
1.161606465440471636e+00 7.846972600000000006e-03
1.163929678371352416e+00 5.995813134749999364e-03
1.166257537728095262e+00 7.792365624999999553e-03
1.168590052803551327e+00 7.765116137499999960e-03
1.170927232909158455e+00 7.746270366250000358e-03
1.173269087374976705e+00 7.955442029999999082e-03
1.175615625549726762e+00 7.917081512500000195e-03
1.177966856800826134e+00 7.880511361250000166e-03
1.180322790514427789e+00 8.031176649999999251e-03
1.182683436095456564e+00 7.752558222499999867e-03
1.185048802967647585e+00 7.867630973999999167e-03
1.187418900573582903e+00 7.736760048750000208e-03
1.189793738374729903e+00 7.983820649999999117e-03
1.192173325851479504e+00 7.963216712500000363e-03
1.194557672503182344e+00 7.782832056250000262e-03
1.196946787848188531e+00 7.665995826000000270e-03
1.199340681423884947e+00 7.818225503749999875e-03
1.201739362786732546e+00 7.870395675000000854e-03
1.204142841512306106e+00 7.480787238749999832e-03
1.206551127195330864e+00 7.983100899999999792e-03
1.208964229449721373e+00 8.012177849999999740e-03
1.211382157908620805e+00 7.958404574999999523e-03
1.213804922224438254e+00 7.989448850000000629e-03
1.216232532068886929e+00 7.990229774999999673e-03
1.218664997133024785e+00 7.940967099999999765e-03
1.221102327127290721e+00 6.677371561250000122e-03
1.223544531781545430e+00 7.908643675000000262e-03
1.225991620845108487e+00 8.022870787500000628e-03
1.228443604086798757e+00 8.019755837499999845e-03
1.230900491294972365e+00 7.988555450000000419e-03
1.233362292277562222e+00 7.991272049999999585e-03
1.235829016862117324e+00 8.037830162499998848e-03
1.238300674895841613e+00 8.036595812500000116e-03
1.240777276245633054e+00 8.022859212500000475e-03
1.243258830798124492e+00 8.031433209999999309e-03
1.245745348459720736e+00 8.026081237499999715e-03
1.248236839156640077e+00 8.019451787499999595e-03
1.250733312834953370e+00 8.018349162500000571e-03
1.253234779460623338e+00 8.008490825000000660e-03
1.255741249019544536e+00 7.998305539999998534e-03
1.258252731517583545e+00 7.986767162500000086e-03
1.260769236980618713e+00 7.868607112500000320e-03
1.263290775454580128e+00 7.912289512500000205e-03
1.265817357005489141e+00 7.785789537499999795e-03
1.268348991719500107e+00 5.658330636200000277e-03
1.270885689702939025e+00 6.370805799999999623e-03
1.273427461082345058e+00 7.867506399999999941e-03
1.275974316004509834e+00 7.954091150000000207e-03
1.278526264636518750e+00 7.968351749999999858e-03
1.281083317165791824e+00 7.891346090000000979e-03
1.283645483800123444e+00 8.017338625000000260e-03
1.286212774767723666e+00 8.019497324999999566e-03
1.288785200317259072e+00 8.000709012499999245e-03
1.291362770717893405e+00 7.990722062500000417e-03
1.293945496259329087e+00 7.970644690000000532e-03
1.296533387251847858e+00 7.792571787499999979e-03
1.299126454026351407e+00 7.957982299999999398e-03
1.301724706934404230e+00 7.864671701250000937e-03
1.304328156348272927e+00 7.928347090000001027e-03
1.306936812660969505e+00 7.477304777499999867e-03
1.309550686286291565e+00 7.491937332500000352e-03
1.312169787658864273e+00 7.861954549999999528e-03
1.314794127234181875e+00 5.851579393549999862e-03
1.317423715488650338e+00 7.787958378000000431e-03
1.320058562919627532e+00 7.616448179999999769e-03
1.322698680045466757e+00 7.758287182500000351e-03
1.325344077405557819e+00 7.771057293749999637e-03
1.327994765560368773e+00 7.646503497500000204e-03
1.330650755091489668e+00 7.151005234000000141e-03
1.333312056601672513e+00 6.539687094750000138e-03
1.335978680714875910e+00 7.561791147499999192e-03
1.338650638076305466e+00 7.463086231249999904e-03
1.341327939352458198e+00 7.501121127499999625e-03
1.344010595231163174e+00 5.834835265610000161e-03
1.346698616421625472e+00 5.280543253375000190e-03
1.349392013654468592e+00 4.056951175617499322e-03
1.352090797681777534e+00 6.996000199999999683e-03
1.354794979277141209e+00 6.125734503749999914e-03
1.357504569235695513e+00 5.309307801399999402e-03
1.360219578374167071e+00 4.567674233662499805e-03
1.362940017530915426e+00 4.935583610499999843e-03
1.365665897565977005e+00 4.780049718875000082e-03
1.368397229361109080e+00 2.714671781762499885e-03
1.371134023819831294e+00 4.172260214350000107e-03
1.373876291867470956e+00 4.129566902708625177e-03
1.376624044451205897e+00 4.801602008042249459e-03
1.379377292540108435e+00 4.202259770625000300e-03
1.382136047125188671e+00 3.957020418125000230e-03
1.384900319219438902e+00 4.845274386400000646e-03
1.387670119857877804e+00 4.674369810137499887e-03
1.390445460097593511e+00 6.199090987625000861e-03
1.393226351017788911e+00 5.541167282499999576e-03
1.396012803719824280e+00 5.322846019800000182e-03
1.398804829327263910e+00 3.328389787025000032e-03
1.401602438985918520e+00 3.273039215212499888e-03
1.404405643863890329e+00 4.917851362999999844e-03
1.407214455151617916e+00 4.607751844887499580e-03
1.410028884061921284e+00 5.831571822199999727e-03
1.412848941830045169e+00 3.912626747683750628e-03
1.415674639713705218e+00 4.086301942434999480e-03
1.418505988993132627e+00 4.168372784749999407e-03
1.421343000971118986e+00 5.874806611250000046e-03
1.424185686973061138e+00 5.669076624499999779e-03
1.427034058347007139e+00 4.891906686925000074e-03
1.429888126463701337e+00 5.773775457500000645e-03
1.432747902716628552e+00 3.058613200659999858e-03
1.435613398522062045e+00 4.701271196749999895e-03
1.438484625319106147e+00 4.901284488200000067e-03
1.441361594569744220e+00 5.282802793750000260e-03
1.444244317758883733e+00 5.860962020500000078e-03
1.447132806394401561e+00 6.136077003749999641e-03
1.450027072007190387e+00 5.651388487499999815e-03
1.452927126151204895e+00 4.925004119899999838e-03
1.455832980403507282e+00 5.609045377500000013e-03
1.458744646364314335e+00 5.490829642124999896e-03
1.461662135657042949e+00 5.279284407987500094e-03
1.464585459928356981e+00 6.051847616250000637e-03
1.467514630848213653e+00 5.966465894400000032e-03
1.470449660109910184e+00 5.664471873999999893e-03
1.473390559430129976e+00 5.114125232749999576e-03
1.476337340548990129e+00 6.342172522499999951e-03
1.479290015230088073e+00 5.905275910500000676e-03
1.482248595260548196e+00 6.435606879999999919e-03
1.485213092451069361e+00 6.457987936250000373e-03
1.488183518635971314e+00 6.571952932500000656e-03
1.491159885673243313e+00 6.266563501624999519e-03
1.494142205444589644e+00 6.362285223374999563e-03
1.497130489855478697e+00 6.780987719000000635e-03
1.500124750835189813e+00 6.791438209999999497e-03
1.503125000336860140e+00 6.710021199999999242e-03
1.506131250337534144e+00 6.948887875000000353e-03
1.509143512838209134e+00 6.992071199999999945e-03
1.512161799863885658e+00 6.726602022750000597e-03
1.515186123463613477e+00 7.017737710000001086e-03
1.518216495710540626e+00 7.116549375000000462e-03
1.521252928701961604e+00 7.144135450000000179e-03
1.524295434559365781e+00 7.131668316999999029e-03
1.527344025428484464e+00 7.182122299999999654e-03
1.530398713479341533e+00 7.240714687500000163e-03
1.533459510906300283e+00 7.145799062499999521e-03
1.536526429928112947e+00 7.269960087500000091e-03
1.539599482787969098e+00 7.169405410000000319e-03
1.542678681753545167e+00 7.308766787499999633e-03
1.545764039117052402e+00 7.331592750000000096e-03
1.548855567195286387e+00 7.367139824999999718e-03
1.551953278329677000e+00 7.350708912500000108e-03
1.555057184886336374e+00 7.399102149999999684e-03
1.558167299256108862e+00 7.409341837499999750e-03
1.561283633854621211e+00 7.426325825000000720e-03
1.564406201122330309e+00 7.443205437500000250e-03
1.567535013524575138e+00 7.343707412499999969e-03
1.570670083551624074e+00 6.923489861000001015e-03
1.573811423718727287e+00 6.699798461249999865e-03
1.576959046566164702e+00 7.110306558750000526e-03
1.580112964659297070e+00 7.441204487499999444e-03
1.583273190588615709e+00 7.493351400000000662e-03
1.586439736969792680e+00 7.318020920000000394e-03
1.589612616443732307e+00 7.482341537499999362e-03
1.592791841676620024e+00 7.475147462499999798e-03
1.595977425359973001e+00 7.519628774999999495e-03
1.599169380210692992e+00 7.489843874999999908e-03
1.602367718971114297e+00 7.221818798999999484e-03
1.605572454409056604e+00 7.373018787500000386e-03
1.608783599317874735e+00 7.462486475000000216e-03
1.612001166516510375e+00 7.494513200000000458e-03
1.615225168849543369e+00 7.565947320000001274e-03
1.618455619187242345e+00 7.571638725000000465e-03
1.621692530425617118e+00 7.591953587500000281e-03
1.624935915486468208e+00 7.561130587499999278e-03
1.628185787317441235e+00 7.603533337500000162e-03
1.631442158892076222e+00 7.370029259999999992e-03
1.634705043209860431e+00 7.566123587500000157e-03
1.637974453296279886e+00 7.464870199999999387e-03
1.641250402202872660e+00 6.905020087499999862e-03
1.644532903007278390e+00 7.298611799999999393e-03
1.647821968813293125e+00 7.525299919999998977e-03
1.651117612750919506e+00 6.208689633749999402e-03
1.654419847976421387e+00 7.334265212499999770e-03
1.657728687672374246e+00 7.585737174999999249e-03
1.661044145047719134e+00 7.622627224999999410e-03
1.664366233337814638e+00 6.657162976999999454e-03
1.667694965804490170e+00 7.591143574999999720e-03
1.671030355736099260e+00 7.642042962499999773e-03
1.674372416447571510e+00 7.484603875000000670e-03
1.677721161280466333e+00 7.545326875000000176e-03
1.681076603603027353e+00 7.526317159999999611e-03
1.684438756810233473e+00 7.632150712500000711e-03
1.687807634323853945e+00 7.570807987499999885e-03
1.691183249592501658e+00 7.253896450000000065e-03
1.694565616091686655e+00 7.626163350000000375e-03
1.697954747323870084e+00 7.600583409999999394e-03
1.701350656818517715e+00 7.391039949999999095e-03
1.704753358132154784e+00 7.460036399999999887e-03
1.708162864848419282e+00 7.355323274999999751e-03
1.711579190578115917e+00 7.587988262499999539e-03
1.715002348959272283e+00 7.479463530000000915e-03
1.718432353657190825e+00 7.186301299999999642e-03
1.721869218364505016e+00 7.382405583749999597e-03
1.725312956801233977e+00 7.445964375000000898e-03
1.728763582714836655e+00 6.935659424999999871e-03
1.732221109880266230e+00 7.476710075999999823e-03
1.735685552100026730e+00 7.408187512500000009e-03
1.739156923204226768e+00 7.418811800000000255e-03
1.742635237050635277e+00 7.438900158750000151e-03
1.746120507524736576e+00 7.390363426000000520e-03
1.749612748539786100e+00 7.459263275000000901e-03
1.753111974036865472e+00 7.469655749999999129e-03
1.756618197984939123e+00 7.384993935000000453e-03
1.760131434380908910e+00 7.455069092500000646e-03
1.763651697249670747e+00 7.319834786999998913e-03
1.767179000644169884e+00 7.378171866249999891e-03
1.770713358645458202e+00 7.399411350000001039e-03
1.774254785362749054e+00 7.261137249999999842e-03
1.777803294933474554e+00 5.807922276374999360e-03
1.781358901523341753e+00 7.323502450000000767e-03
1.784921619326388376e+00 6.757373660624999695e-03
1.788491462565041212e+00 7.242261411249999170e-03
1.792068445490171413e+00 6.645172743750000360e-03
1.795652582381151552e+00 7.217479626249999509e-03
1.799243887545913800e+00 7.039943404600000100e-03
1.802842375321005663e+00 6.975447264375000261e-03
1.806448060071647710e+00 6.952810496375000371e-03
1.810060956191791082e+00 5.551119981874999901e-03
1.813681078104174560e+00 4.817534457637499996e-03
1.817308440260382962e+00 4.601562031440999991e-03
1.820943057140903765e+00 4.570365948100000263e-03
1.824584943255185721e+00 6.771892144000000134e-03
1.828234113141696149e+00 6.696168604124999764e-03
1.831890581367979554e+00 4.233641557574999853e-03
1.835554362530715355e+00 5.089775442100000213e-03
1.839225471255776734e+00 4.458317183449999818e-03
1.842903922198288136e+00 3.308919269487500033e-03
1.846589730042684785e+00 4.708189027124999940e-03
1.850282909502769968e+00 4.024699635062500488e-03
1.853983475321775654e+00 4.084850926379999733e-03
1.857691442272419113e+00 4.244958600574999519e-03
1.861406825156963984e+00 3.865705174558750363e-03
1.865129638807277779e+00 3.861130294070000066e-03
1.868859898084892279e+00 3.364301742199999907e-03
1.872597617881062160e+00 4.013122781624999143e-03
1.876342813116824271e+00 3.859076840050000394e-03
1.880095498743057814e+00 3.510596009149999711e-03
1.883855689740544070e+00 3.974202472150000116e-03
1.887623401120025246e+00 4.420126760100000218e-03
1.891398647922265308e+00 2.230759768262499752e-03
1.895181445218109717e+00 3.730004491662500081e-03
1.898971808108545822e+00 3.746144119249999929e-03
1.902769751724763037e+00 3.579223709237500193e-03
1.906575291228212565e+00 2.988526550318790567e-03
1.910388441810669136e+00 4.087322254750000612e-03
1.914209218694290282e+00 3.630621437374999608e-03
1.918037637131678963e+00 3.899482609500000072e-03
1.921873712405942403e+00 3.837412583250000061e-03
1.925717459830754041e+00 3.528819304979999467e-03
1.929568894750415708e+00 1.910374784563749961e-03
1.933428032539916241e+00 3.550821376124999647e-03
1.937294888604996324e+00 3.956007116374999147e-03
1.941169478382206215e+00 4.023280224875000304e-03
1.945051817338970590e+00 3.897038873199999958e-03
1.948941920973648489e+00 4.068113766750000235e-03
1.952839804815595715e+00 3.660284551625000212e-03
1.956745484425226778e+00 2.269877955812499900e-03
1.960658975394077297e+00 3.586220539250000328e-03
1.964580293344865503e+00 3.265798801302999960e-03
1.968509453931555075e+00 1.851615362217499949e-03
1.972446472839417986e+00 4.297757308375001022e-03
1.976391365785096887e+00 4.663967902499999846e-03
1.980344148516667069e+00 4.508802151250000494e-03
1.984304836813700401e+00 4.520809227999999722e-03
1.988273446487327956e+00 4.881814350999999844e-03
1.992249993380302620e+00 5.041549992500000792e-03
1.996234493367063045e+00 4.858372187500000459e-03
2.000226962353797155e+00 3.671195310700000377e-03
