2.002000000000000168e-01 3.083840200000000087e-03
2.006004000000000120e-01 4.229839750000000467e-03
2.010016008000000132e-01 3.242687874999999713e-03
2.014036040016000118e-01 4.575936125000000000e-03
2.018064112096032425e-01 4.470752000000000580e-03
2.022100240320224285e-01 4.897400499999999407e-03
2.026144440800864976e-01 5.169095375000000089e-03
2.030196729682466894e-01 5.048299625000000554e-03
2.034257123141831602e-01 4.903155374999999989e-03
2.038325637388115341e-01 4.745337000000000513e-03
2.042402288662891752e-01 4.594432250000000592e-03
2.046487093240217381e-01 4.466080249999999745e-03
2.050580067426697739e-01 4.364417625000000314e-03
2.054681227561551138e-01 4.343882874999999838e-03
2.058790590016674471e-01 4.325211900000000553e-03
2.062908171196707885e-01 4.287329500000000050e-03
2.067033987539101392e-01 4.246074875000000262e-03
2.071168055514179263e-01 4.211254499999999082e-03
2.075310391625207751e-01 4.184375374999999529e-03
2.079461012408458098e-01 4.150608800000000348e-03
2.083619934433275089e-01 4.115688250000000027e-03
2.087787174302141446e-01 4.084548375000000148e-03
2.091962748650745829e-01 4.052827874999999705e-03
2.096146674148047229e-01 4.015699124999999245e-03
2.100338967496343523e-01 3.969390599999999061e-03
2.104539645431336148e-01 3.937809125000000382e-03
2.108748724722198931e-01 3.911569874999999696e-03
2.112966222171643316e-01 3.876265874999999805e-03
2.117192154615986643e-01 3.834604125000000072e-03
2.121426538925218486e-01 3.775184099999999605e-03
2.125669392003068925e-01 3.712122750000000464e-03
2.129920730787074890e-01 3.657128499999999678e-03
2.134180572248648988e-01 3.604239250000000269e-03
2.138448933393146401e-01 3.551983500000000047e-03
2.142725831259932878e-01 3.479241200000000173e-03
2.147011282922452469e-01 3.401610375000000026e-03
2.151305305488297459e-01 3.339698000000000319e-03
2.155607916099274157e-01 3.289231499999999836e-03
2.159919131931472558e-01 3.233324599999999865e-03
2.164238970195335454e-01 3.167757125000000146e-03
2.168567448135726161e-01 3.103818749999999980e-03
2.172904583031997627e-01 3.044004749999999933e-03
2.177250392198061546e-01 2.986810375000000135e-03
2.181604892982457744e-01 2.923580000000000276e-03
2.185968102768422461e-01 2.858788249999999996e-03
2.190340038973959125e-01 2.791809749999999736e-03
2.194720719051907187e-01 2.721313500000000114e-03
2.199110160490010957e-01 2.652904125000000134e-03
2.203508380810991207e-01 2.580355600000000093e-03
2.207915397572613181e-01 2.510971250000000165e-03
2.212331228367758196e-01 2.442839000000000035e-03
2.216755890824493869e-01 2.371391875000000010e-03
2.221189402606142949e-01 2.303550625000000233e-03
2.225631781411355203e-01 2.232451499999999617e-03
2.230083044974177642e-01 2.164676749999999966e-03
2.234543211064126123e-01 2.106936999999999699e-03
2.239012297486254466e-01 2.044980124999999996e-03
2.243490322081226895e-01 1.984547250000000002e-03
2.247977302725389648e-01 1.919688899999999997e-03
2.252473257330840362e-01 1.858487999999999937e-03
2.256978203845501907e-01 1.806941749999999881e-03
2.261492160253192885e-01 1.754901500000000071e-03
2.266015144573699513e-01 1.700286750000000111e-03
2.270547174862846962e-01 1.641556600000000166e-03
2.275088269212572623e-01 1.584962624999999761e-03
2.279638445750997722e-01 1.536755250000000194e-03
2.284197722642499762e-01 1.488591000000000046e-03
2.288766118087784962e-01 1.438269124999999983e-03
2.293343650323960425e-01 1.383411699999999777e-03
2.297930337624608521e-01 1.332320875000000092e-03
2.302526198299857663e-01 1.267877375000000173e-03
2.307131250696457525e-01 1.243142875000000005e-03
2.311745513197850377e-01 1.200504250000000109e-03
2.316369004224245742e-01 1.165079099999999888e-03
2.321001742232694509e-01 1.129140624999999936e-03
2.325643745717159705e-01 1.093216624999999824e-03
2.330295033208594213e-01 1.056657999999999816e-03
2.334955623275011272e-01 1.023196200000000156e-03
2.339625534521561634e-01 9.960299999999999623e-04
2.344304785590604623e-01 9.618135125000000681e-04
2.348993395161785847e-01 9.328217125000000994e-04
2.353691381952109363e-01 9.129857249999999771e-04
2.358398764716013452e-01 8.812944000000000506e-04
2.363115562245445278e-01 8.474353250000000093e-04
2.367841793369936387e-01 8.270878125000000105e-04
2.372577476956675979e-01 8.019203000000001223e-04
2.377322631910589457e-01 7.806516375000000993e-04
2.382077277174410590e-01 7.543103500000000175e-04
2.386841431728759511e-01 7.325031499999999597e-04
2.391615114592217095e-01 7.156375625000000081e-04
2.396398344821401571e-01 6.894753124999999927e-04
2.401191141511044291e-01 6.694101499999999998e-04
2.405993523794066058e-01 6.567301299999999233e-04
2.410805510841654287e-01 6.372603625000000226e-04
2.415627121863337390e-01 6.177782750000000191e-04
2.420458376107064158e-01 6.047499750000000273e-04
2.425299292859278144e-01 5.947826625000000346e-04
2.430149891444997046e-01 5.815277500000000160e-04
2.435010191227887089e-01 5.645961625000000010e-04
2.439880211610342686e-01 5.522134125000000525e-04
2.444759972033563322e-01 5.458361625000000654e-04
2.449649491977630433e-01 5.372833749999999641e-04
2.454548790961585680e-01 5.158385699999999078e-04
2.459457888543508663e-01 5.034215250000000606e-04
2.464376804320595749e-01 4.988316250000000319e-04
2.469305557929236949e-01 4.913774875000000934e-04
2.474244169045095587e-01 4.778734375000000104e-04
2.479192657383185727e-01 4.685048900000000341e-04
2.484151042697951839e-01 4.625502499999999714e-04
2.489119344783347898e-01 4.477138374999999884e-04
2.494097583472914548e-01 4.412030249999999922e-04
2.499085778639860422e-01 4.335908499999999925e-04
2.504083950197140140e-01 4.313818375000000099e-04
2.509092118097534518e-01 4.285201750000000023e-04
2.514110302333729119e-01 4.177569750000000373e-04
2.519138522938396685e-01 4.054943749999999694e-04
2.524176799984273467e-01 4.065716599999999589e-04
2.529225153584241936e-01 4.043025750000000260e-04
2.534283603891410719e-01 3.970637625000000056e-04
2.539352171099192867e-01 3.907934124999999886e-04
2.544430875441391349e-01 3.914084624999999854e-04
2.549519737192273983e-01 3.859691699999999752e-04
2.554618776666658375e-01 3.754799125000000005e-04
2.559728014219991854e-01 3.777420249999999843e-04
2.564847470248432515e-01 3.819843500000000454e-04
2.569977165188929158e-01 3.794618874999999684e-04
2.575117119519306774e-01 3.764354600000000017e-04
2.580267353758345372e-01 3.749969750000000063e-04
2.585427888465862134e-01 3.639994125000000280e-04
2.590598744242793572e-01 3.625215500000000595e-04
2.595779941731279905e-01 3.758072124999999931e-04
2.600971501614742221e-01 3.762796700000000131e-04
2.606173444617971846e-01 3.634034374999999765e-04
2.611385791507207510e-01 3.689240874999999420e-04
2.616608563090221939e-01 3.766494375000000458e-04
2.621841780216402351e-01 3.724887750000000224e-04
2.627085463776834828e-01 3.710203499999999654e-04
2.632339634704388698e-01 3.844186374999999782e-04
2.637604313973797576e-01 3.854456625000000024e-04
2.642879522601745412e-01 3.779444374999999987e-04
2.648165281646948088e-01 3.810700875000000388e-04
2.653461612210242238e-01 3.892822299999999661e-04
2.658768535434662961e-01 3.885217124999999880e-04
2.664086072505532643e-01 3.964193375000000207e-04
2.669414244650543111e-01 4.079086874999999753e-04
2.674753073139844450e-01 4.075637000000000227e-04
2.680102579286124387e-01 4.102529124999999876e-04
2.685462784444696549e-01 4.250573375000000131e-04
2.690833710013585955e-01 4.353292874999999682e-04
2.696215377433612836e-01 4.303615249999999436e-04
2.701607808188479787e-01 4.373315199999999866e-04
2.707011023804857253e-01 4.550298499999999883e-04
2.712425045852466798e-01 4.633818000000000160e-04
2.717849895944172145e-01 4.668553499999999719e-04
2.723285595736060216e-01 4.775341000000000329e-04
2.728732166927532177e-01 4.916435499999999119e-04
2.734189631261387810e-01 5.051902500000000646e-04
2.739658010523910447e-01 5.273924750000000619e-04
2.745137326544958567e-01 5.431919875000000087e-04
2.750627601198047945e-01 5.455014124999999717e-04
2.756128856400444360e-01 5.688422299999999071e-04
2.761641114113245199e-01 5.858606625000000682e-04
2.767164396341471599e-01 6.045696750000000182e-04
2.772698725134154496e-01 6.179825624999999139e-04
2.778244122584422882e-01 6.406086624999999309e-04
2.783800610829592070e-01 6.688701100000000056e-04
2.789368212051250850e-01 6.958220249999999205e-04
2.794946948475353632e-01 7.184234000000000713e-04
2.800536842372304269e-01 7.382032000000000611e-04
2.806137916057048765e-01 7.804283250000000052e-04
2.811750191889162975e-01 8.099216400000000581e-04
2.817373692272941987e-01 8.702283250000000196e-04
2.823008439657487822e-01 8.971940500000000467e-04
2.828654456536803252e-01 9.345973250000000126e-04
2.834311765449876730e-01 9.446420125000000445e-04
2.839980388980776205e-01 1.017655529999999739e-03
2.845660349758737939e-01 1.075696750000000156e-03
2.851351670458255327e-01 1.131677499999999940e-03
2.857054373799171598e-01 1.188603250000000184e-03
2.862768482546770299e-01 1.229434125000000103e-03
2.868494019511863558e-01 1.299948499999999943e-03
2.874231007550887562e-01 1.364798374999999985e-03
2.879979469565989714e-01 1.473466000000000099e-03
2.885739428505121884e-01 1.549906250000000069e-03
2.891510907362132010e-01 1.639065799999999719e-03
2.897293929176856242e-01 1.747693125000000184e-03
2.903088517035209426e-01 1.828693750000000198e-03
2.908894694069280029e-01 1.919252250000000066e-03
2.914712483457418957e-01 2.059071374999999794e-03
2.920541908424333366e-01 2.229554900000000218e-03
2.926382992241182146e-01 2.333800125000000392e-03
2.932235758225664735e-01 2.486002374999999980e-03
2.938100229742116043e-01 2.683109500000000099e-03
2.943976430201600269e-01 2.808943500000000114e-03
2.949864383062003048e-01 2.997533099999999742e-03
2.955764111828127483e-01 3.270142749999999793e-03
2.961675640051783520e-01 3.500020749999999993e-03
2.967598991331887315e-01 3.681221499999999883e-03
2.973534189314551157e-01 3.945732375000000208e-03
2.979481257693180618e-01 4.292062799999999539e-03
2.985440220208566697e-01 4.568225999999999884e-03
2.991411100648984078e-01 4.842976500000000309e-03
2.997393922850282166e-01 5.270685000000000647e-03
3.003388710695982233e-01 5.553151374999999897e-03
3.009395488117374562e-01 5.987229299999999831e-03
3.015414279093609484e-01 6.529441999999999885e-03
3.021445107651796746e-01 6.811476500000000073e-03
3.027487997867099878e-01 7.350478250000000435e-03
3.033542973862833891e-01 7.983597624999999934e-03
3.039610059810559650e-01 8.347940700000000547e-03
3.045689279930180460e-01 8.959102874999999577e-03
3.051780658490040876e-01 9.912535874999999636e-03
3.057884219807021076e-01 1.046664375000000077e-02
3.063999988246635664e-01 1.079912250000000101e-02
3.070127988223129156e-01 1.190696800000000041e-02
3.076268244199575896e-01 1.324479750000000060e-02
3.082420780687974982e-01 1.363501999999999943e-02
3.088585622249351292e-01 1.425291874999999944e-02
3.094762793493849307e-01 1.590954800000000252e-02
3.100952319080837460e-01 1.732717500000000022e-02
3.107154223718998631e-01 1.821512499999999868e-02
3.113368532166437275e-01 1.892381250000000140e-02
3.119595269230769907e-01 2.203852500000000325e-02
3.125834459769231133e-01 2.504108600000000059e-02
3.132086128688770232e-01 2.566654125000000092e-02
3.138350300946147753e-01 2.590761374999999908e-02
3.144627001548039313e-01 3.067582624999999966e-02
3.150916255551135525e-01 3.236133499999999802e-02
3.157218088062238026e-01 3.106209300000000242e-02
3.163532524238362176e-01 3.632945625000000289e-02
3.169859589286838641e-01 3.782841874999999521e-02
3.176199308465412763e-01 3.631584624999999872e-02
3.182551707082343917e-01 4.054617124999999878e-02
3.188916810496508214e-01 4.719895400000000130e-02
3.195294644117501193e-01 4.331284375000000325e-02
3.201685233405736630e-01 4.301016499999999604e-02
3.208088603872547573e-01 5.189699749999999306e-02
3.214504781080292917e-01 5.635080749999999555e-02
3.220933790642453443e-01 4.981720400000000382e-02
3.227375658223737842e-01 4.929646499999999765e-02
3.233830409540185413e-01 6.009724874999999855e-02
3.240298070359265425e-01 6.460067499999999630e-02
3.246778666499984256e-01 5.881395125000000307e-02
3.253272223832984200e-01 5.605149900000000462e-02
3.259778768280650052e-01 6.384783624999999796e-02
3.266298325817211246e-01 6.984005375000000571e-02
3.272830922468845660e-01 6.629568375000000069e-02
3.279376584313783427e-01 6.073170875000000191e-02
3.285935337482410734e-01 6.640011600000000902e-02
3.292507208157375853e-01 7.361936125000000108e-02
3.299092222573690725e-01 7.345499499999999515e-02
3.305690407018838095e-01 6.794294499999999071e-02
3.312301787832875322e-01 6.622308749999999966e-02
3.318926391408540955e-01 7.245604999999999407e-02
3.325564244191357988e-01 7.595392500000000546e-02
3.332215372679740994e-01 7.448680624999999556e-02
3.338879803425100490e-01 6.965204875000000073e-02
3.345557563031950621e-01 7.415931100000000553e-02
3.352248678158014084e-01 7.686124250000000990e-02
3.358953175514330369e-01 7.727838249999999243e-02
3.365671081865359016e-01 7.524498874999999143e-02
3.372402424029089518e-01 7.274246125000000118e-02
3.379147228877147358e-01 7.462173299999999565e-02
3.385905523334902245e-01 7.719014874999999276e-02
3.392677334381571930e-01 7.738163500000000417e-02
3.399462689050334330e-01 7.614785374999999412e-02
3.406261614428435225e-01 7.551512500000000239e-02
3.413074137657292062e-01 7.727450899999999123e-02
3.419900285932606643e-01 7.769521999999999540e-02
3.426740086504471705e-01 7.771216749999999840e-02
3.433593566677480835e-01 7.708779000000000325e-02
3.440460753810836159e-01 7.552048749999999699e-02
3.447341675318457699e-01 7.633374099999999662e-02
3.454236358669094398e-01 7.719266124999998868e-02
3.461144831386432363e-01 7.735674000000000716e-02
3.468067121049205337e-01 7.729175874999999474e-02
3.475003255291303494e-01 7.668949125000000533e-02
3.481953261801886135e-01 7.708465400000000245e-02
3.488917168325489926e-01 7.718950750000000416e-02
3.495895002662141038e-01 7.710996750000000122e-02
3.502886792667465610e-01 7.699808750000000646e-02
3.509892566252800217e-01 7.675148374999998802e-02
3.516912351385305668e-01 7.606405199999999311e-02
3.523946176088076365e-01 7.630783999999998790e-02
3.530994068440251876e-01 7.632869999999999933e-02
3.538056056577132402e-01 7.625649874999999855e-02
3.545132168690287022e-01 7.611758374999999521e-02
3.552222433027667492e-01 7.588872099999999232e-02
3.559326877893722596e-01 7.577397874999999838e-02
3.566445531649510281e-01 7.563468249999999449e-02
3.573578422712808678e-01 7.548677125000000099e-02
3.580725579558234339e-01 7.532985999999999849e-02
3.587887030717350489e-01 7.515263375000000301e-02
3.595062804778785814e-01 7.489337249999999946e-02
3.602252930388343266e-01 7.481846250000000198e-02
3.609457436249119411e-01 7.484462375000000556e-02
3.616676351121618227e-01 7.484142499999998921e-02
3.623909703823861017e-01 7.481098375000000411e-02
3.631157523231508533e-01 7.479333750000000114e-02
3.638419838277971996e-01 7.477411374999999583e-02
3.645696677954528009e-01 7.475016375000000102e-02
3.652988071310436791e-01 7.472199800000001169e-02
3.660294047453057642e-01 7.470143000000001310e-02
3.667614635547964408e-01 7.468328124999999706e-02
3.674949864819060386e-01 7.466210749999999119e-02
3.682299764548698229e-01 7.463436874999999915e-02
3.689664364077795966e-01 7.460620700000000771e-02
3.697043692805951354e-01 7.459018624999999569e-02
3.704437780191563445e-01 7.449962749999999856e-02
3.711846655751946944e-01 7.436690249999999835e-02
3.719270349063450443e-01 7.423379250000000651e-02
3.726708889761577437e-01 7.408280000000000420e-02
3.734162307541100123e-01 7.392946249999998720e-02
3.741630632156182079e-01 7.379471625000000312e-02
3.749113893420494836e-01 7.366333875000000142e-02
3.756612121207335564e-01 7.353097749999999710e-02
3.764125345449750304e-01 7.337573499999999749e-02
3.771653596140650544e-01 7.319896375000001232e-02
3.779196903332932012e-01 7.309908125000000312e-02
3.786755297139597909e-01 7.296746874999998633e-02
3.794328807733876596e-01 7.283277250000000369e-02
3.801917465349344827e-01 7.271506400000000980e-02
3.809521300280043210e-01 7.267073000000000282e-02
3.817140342880603332e-01 7.263648124999999567e-02
3.824774623566364884e-01 7.260288750000000457e-02
3.832424172813497787e-01 7.256616600000000139e-02
3.840089021159124316e-01 7.253059374999999698e-02
3.847769199201442891e-01 7.249933124999999312e-02
3.855464737599845759e-01 7.246790625000000541e-02
3.863175667075045561e-01 7.243614500000000733e-02
3.870902018409195788e-01 7.240051000000000125e-02
3.878643822446014022e-01 7.236597999999999642e-02
3.886401110090906830e-01 7.233585250000000577e-02
3.894173912311088559e-01 7.230669499999999028e-02
3.901962260135710681e-01 7.226394249999999742e-02
3.909766184655981691e-01 7.217090600000000689e-02
3.917585717025293679e-01 7.208722250000000609e-02
3.925420888459344448e-01 7.200550124999999246e-02
3.933271730236262975e-01 7.189144499999999827e-02
3.941138273696735417e-01 7.184409750000000927e-02
3.949020550244128902e-01 7.175242100000001066e-02
3.956918591344616987e-01 7.166370375000000181e-02
3.964832428527306218e-01 7.158067125000000530e-02
3.972762093384361037e-01 7.150495875000001389e-02
3.980707617571129786e-01 7.137970000000000426e-02
3.988669032806272385e-01 7.133791000000000437e-02
3.996646370871884679e-01 7.125431499999999863e-02
4.004639663613628331e-01 7.119021500000000113e-02
4.012648942940855168e-01 7.112663499999999361e-02
4.020674240826737078e-01 7.105329125000001134e-02
4.028715589308390355e-01 7.096532200000001123e-02
4.036773020487006702e-01 7.087522625000000631e-02
4.044846566527980913e-01 7.079412375000000701e-02
4.052936259661036877e-01 7.070951000000000319e-02
4.061042132180359143e-01 7.062494125000000345e-02
4.069164216444720039e-01 7.054300999999998933e-02
4.077302544877609569e-01 7.044892875000000054e-02
4.085457149967364754e-01 7.038794499999999343e-02
4.093628064267299527e-01 7.031773499999999233e-02
4.101815320395834075e-01 7.024819999999999676e-02
4.110018951036625845e-01 7.015969499999999415e-02
4.118238988938699441e-01 7.007285875000000830e-02
4.126475466916577073e-01 7.000092374999999922e-02
4.134728417850409565e-01 6.992958500000000244e-02
4.142997874686110693e-01 6.983743800000000168e-02
4.151283870435482637e-01 6.977334749999999919e-02
4.159586438176353651e-01 6.970650000000000457e-02
4.167905611052706849e-01 6.961229250000000590e-02
4.176241422274811765e-01 6.955479999999999996e-02
4.184593905119361468e-01 6.947477400000000303e-02
4.192963092929599678e-01 6.936580750000000128e-02
4.201349019115458994e-01 6.930099374999999784e-02
4.209751717153689676e-01 6.922231249999999392e-02
4.218171220587997317e-01 6.914136749999999498e-02
4.226607563029173287e-01 6.904942099999999972e-02
4.235060778155231298e-01 6.896816124999999298e-02
4.243530899711541737e-01 6.889857374999999728e-02
4.252017961510964894e-01 6.882121125000000006e-02
4.260521997433986963e-01 6.873724250000000369e-02
4.269043041428854934e-01 6.866652100000000813e-02
4.277581127511712600e-01 6.858505874999999696e-02
4.286136289766736551e-01 6.852241625000000946e-02
4.294708562346269964e-01 6.846191374999999191e-02
4.303297979470962487e-01 6.839883249999999248e-02
4.311904575429904574e-01 6.831412800000000174e-02
4.320528384580764047e-01 6.822293499999999844e-02
4.329169441349925429e-01 6.814819249999999606e-02
4.337827780232624830e-01 6.807707500000000078e-02
4.346503435793090397e-01 6.801060124999999679e-02
4.355196442664676648e-01 6.793629900000000554e-02
4.363906835550006025e-01 6.785233625000000601e-02
4.372634649221106007e-01 6.776402749999999031e-02
4.381379918519547889e-01 6.767598749999999275e-02
4.390142678356587225e-01 6.758445999999999898e-02
4.398922963713300383e-01 6.747555599999999210e-02
4.407720809640727211e-01 6.735012500000001068e-02
4.416536251260008150e-01 6.706455375000000552e-02
4.425369323762528007e-01 6.712487124999999555e-02
4.434220062410053065e-01 6.702072300000000427e-02
4.443088502534873196e-01 6.698969125000001079e-02
4.451974679539942858e-01 6.694189749999999994e-02
4.460878628899022647e-01 6.688491124999999815e-02
4.469800386156820293e-01 6.690498875000000512e-02
4.478739986929134442e-01 6.684690100000000024e-02
4.487697466902992316e-01 6.674655124999999412e-02
4.496672861836799040e-01 6.663232000000000876e-02
4.505666207560472536e-01 6.653307375000000468e-02
4.514677539975593401e-01 6.645892124999999706e-02
4.523706895055544797e-01 6.638755300000000192e-02
4.532754308845656221e-01 6.632233749999999484e-02
4.541819817463347286e-01 6.626446874999999959e-02
4.550903457098274263e-01 6.616914249999999997e-02
4.560005264012471082e-01 6.607388749999999755e-02
4.569125274540495885e-01 6.592491200000000218e-02
4.578263525089577013e-01 6.577101999999999948e-02
4.587420052139756232e-01 6.561838875000000626e-02
4.596594892244035835e-01 6.546772124999999942e-02
4.605788082028524077e-01 6.532058000000000308e-02
4.614999658192581178e-01 6.518579799999998925e-02
4.624229657508966418e-01 6.511472249999999962e-02
4.633478116823984694e-01 6.510774375000000225e-02
4.642745073057632510e-01 6.511434500000000403e-02
4.652030563203747304e-01 6.511098375000000382e-02
4.661334624330154552e-01 6.506088599999999833e-02
4.670657293578814873e-01 6.494550624999999300e-02
4.679998608165972795e-01 6.480006624999999632e-02
4.689358605382304424e-01 6.460765624999999235e-02
4.698737322593069532e-01 6.451292000000000137e-02
4.708134797238255342e-01 6.440899599999999614e-02
4.717551066832731399e-01 6.431736374999999506e-02
4.726986168966397228e-01 6.425976749999999516e-02
4.736440141304329998e-01 6.418633749999999583e-02
4.745913021586939395e-01 6.405960500000000557e-02
4.755404847630113063e-01 6.385567999999999800e-02
4.764915657325373699e-01 6.360041499999999348e-02
4.774445488640024493e-01 6.334499500000000116e-02
4.783994379617304560e-01 6.307552125000000232e-02
4.793562368376539373e-01 6.278909600000000257e-02
4.803149493113292312e-01 6.255654750000000375e-02
4.812755792099518981e-01 6.243439124999999867e-02
4.822381303683718201e-01 6.237547874999999770e-02
4.832026066291085775e-01 6.238845999999999975e-02
4.841690118423668254e-01 6.245114200000000809e-02
4.851373498660515038e-01 6.255265625000000496e-02
4.861076245657836026e-01 6.263717624999999567e-02
4.870798398149152053e-01 6.262602375000000943e-02
4.880539994945450322e-01 6.264388500000001025e-02
4.890301074935341497e-01 6.256415400000001070e-02
4.900081677085211806e-01 6.245376625000000070e-02
4.909881840439382916e-01 6.235174500000000009e-02
4.919701604120261251e-01 6.225427999999999518e-02
4.929541007328501756e-01 6.220802749999999881e-02
4.939400089343158884e-01 6.212942800000000043e-02
4.949278889521845359e-01 6.202360000000000512e-02
4.959177447300888719e-01 6.189370624999999959e-02
4.969095802195490075e-01 6.172720749999999895e-02
4.979033993799881208e-01 6.151484249999999987e-02
4.988992061787480559e-01 6.124343200000000736e-02
4.998970045911055315e-01 6.094258250000000182e-02
5.008967986002876849e-01 6.065720750000000439e-02
5.018985921974883357e-01 6.018943624999999881e-02
5.029023893818832525e-01 6.005177249999999606e-02
5.039081941606470272e-01 5.968445699999999632e-02
5.049160105489682859e-01 5.956752875000000114e-02
5.059258425700663420e-01 5.946221875000000379e-02
5.069376942552064058e-01 5.916525124999999496e-02
5.079515696437167938e-01 5.947794124999999932e-02
5.089674727830042489e-01 5.952604400000000018e-02
5.099854077285701504e-01 5.961248625000000606e-02
5.110053785440273888e-01 5.952608499999999941e-02
5.120273893011153543e-01 5.952439499999999384e-02
5.130514440797175890e-01 5.936989699999999093e-02
5.140775469678771081e-01 5.921248250000000352e-02
5.151057020618128313e-01 5.906233000000001010e-02
5.161359134659364578e-01 5.892687374999999728e-02
5.171681852928683432e-01 5.881420250000000266e-02
5.182025216634540410e-01 5.869372000000000478e-02
5.192389267067809566e-01 5.856625499999999762e-02
5.202774045601945563e-01 5.842975750000000551e-02
5.213179593693149094e-01 5.824570624999999419e-02
5.223605952880534531e-01 5.801200249999999281e-02
5.234053164786296453e-01 5.770956600000000380e-02
5.244521271115868410e-01 5.736908124999999525e-02
5.255010313658099452e-01 5.709417499999999701e-02
5.265520334285416215e-01 5.679823124999999751e-02
5.276051374953987239e-01 5.650043999999999900e-02
5.286603477703895049e-01 5.617462200000000738e-02
5.297176684659302692e-01 5.586417374999999574e-02
5.307771038028621380e-01 5.564906499999999756e-02
5.318386580104679240e-01 5.549514750000000135e-02
5.329023353264887852e-01 5.535586250000000541e-02
5.339681399971416553e-01 5.527781899999999193e-02
5.350360762771360079e-01 5.525833624999999805e-02
5.361061484296902879e-01 5.525791124999999970e-02
5.371783607265496752e-01 5.525190124999999203e-02
5.382527174480027377e-01 5.522424250000000645e-02
5.393292228828987511e-01 5.514144400000000473e-02
5.404078813286645744e-01 5.492888249999999806e-02
5.414886970913218578e-01 5.433638625000000028e-02
5.425716744855044738e-01 5.458307625000000107e-02
5.436568178344756141e-01 5.432366874999999817e-02
5.447441314701444437e-01 5.417274499999999438e-02
5.458336197330847517e-01 5.397909624999999711e-02
5.469252869725509392e-01 5.392034874999999949e-02
5.480191375464960046e-01 5.382084624999999845e-02
5.491151758215888634e-01 5.372006800000000276e-02
5.502134061732321113e-01 5.361431499999999573e-02
5.513138329855785669e-01 5.349903874999999837e-02
5.524164606515497011e-01 5.337240999999999513e-02
5.535212935728528461e-01 5.323213125000000184e-02
5.546283361599984030e-01 5.305617899999999498e-02
5.557375928323184944e-01 5.285362625000000064e-02
5.568490680179830621e-01 5.265183749999999968e-02
5.579627661540189631e-01 5.242169625000000360e-02
5.590786916863270672e-01 5.216376625000000711e-02
5.601968490696997982e-01 5.183126000000000400e-02
5.613172427678392307e-01 5.143685875000000157e-02
5.624398772533748536e-01 5.110613750000000260e-02
5.635647570078816671e-01 5.079407000000000366e-02
5.646918865218973904e-01 5.050828125000000196e-02
5.658212702949412254e-01 5.022414099999999992e-02
5.669529128355310643e-01 4.995892000000000388e-02
5.680868186612021420e-01 4.971368375000000117e-02
5.692229922985245771e-01 4.932857124999999454e-02
5.703614382831215801e-01 4.925979875000000008e-02
5.715021611596877715e-01 4.898939299999999220e-02
5.726451654820071679e-01 4.856830125000000109e-02
5.737904558129711674e-01 4.860788749999999520e-02
5.749380367245970902e-01 4.850713124999999487e-02
5.760879127980462755e-01 4.839583374999999882e-02
5.772400886236424000e-01 4.842668500000000403e-02
5.783945688008896857e-01 4.841811249999999900e-02
5.795513579384914404e-01 4.845274749999999714e-02
5.807104606543684877e-01 4.859629374999999835e-02
5.818718815756771523e-01 4.883998499999999549e-02
5.830356253388285781e-01 4.905963800000000263e-02
5.842016965895062697e-01 4.923031750000000234e-02
5.853700999826851881e-01 4.940690375000000856e-02
5.865408401826505136e-01 4.958003249999999584e-02
5.877139218630158535e-01 4.977521124999999963e-02
5.888893497067417826e-01 4.919028899999999815e-02
5.900671284061553834e-01 4.858341949999999548e-02
5.912472626629676764e-01 4.967690874999999839e-02
5.924297571882934932e-01 4.942635374999999887e-02
5.936146167026701281e-01 4.883281349999999549e-02
5.948018459360754351e-01 4.701575275000000054e-02
5.959914496279475893e-01 4.892986374999999666e-02
5.971834325272035171e-01 4.867273375000000235e-02
5.983777993922578808e-01 4.834768500000000135e-02
5.995745549910425076e-01 4.822029299999999741e-02
6.007737041010245971e-01 4.809439874999999615e-02
6.019752515092265943e-01 4.811048499999999450e-02
6.031792020122450637e-01 4.809172625000000117e-02
6.043855604162695627e-01 4.811834750000000549e-02
6.055943315371020708e-01 4.822118200000000132e-02
6.068055202001763071e-01 4.836402749999999667e-02
6.080191312405766046e-01 4.852733249999999915e-02
6.092351695030577829e-01 4.871605125000000314e-02
6.104536398420639109e-01 4.890540624999999836e-02
6.116745471217479579e-01 4.910345399999999777e-02
6.128978962159914445e-01 4.929556500000000646e-02
6.141236920084234274e-01 4.945225874999999854e-02
6.153519393924402614e-01 4.957863625000000218e-02
6.165826432712251393e-01 4.968599125000000560e-02
6.178158085577676317e-01 4.979740600000000239e-02
6.190514401748832274e-01 4.989726500000000314e-02
6.202895430552329836e-01 4.994641125000000292e-02
6.215301221413433996e-01 4.994108875000000114e-02
6.227731823856261784e-01 4.993071000000000315e-02
6.240187287503973224e-01 4.990480099999999170e-02
6.252667662078981170e-01 4.985816249999999727e-02
6.265172997403138933e-01 4.982741250000000122e-02
6.277703343397945668e-01 4.316063687499999829e-02
6.290258750084741779e-01 4.938259250000000267e-02
6.302839267584912086e-01 4.967868799999999863e-02
6.315444946120081227e-01 4.938143250000000262e-02
6.328075836012321265e-01 5.041358999999999424e-02
6.340731987684345983e-01 5.071711875000000508e-02
6.353413451659715161e-01 5.105918000000000262e-02
6.366120278563034418e-01 5.139414874999999328e-02
6.378852519120159492e-01 5.168911500000000075e-02
6.391610224158400522e-01 5.195316250000000385e-02
6.404393444606717445e-01 5.226214875000000093e-02
6.417202231495930942e-01 5.247838700000000134e-02
6.430036635958922275e-01 5.266504750000000623e-02
6.442896709230840901e-01 5.278725249999999952e-02
6.455782502649303201e-01 5.296868625000000080e-02
6.468694067654601199e-01 5.305526499999999729e-02
6.481631455789910179e-01 5.261543579999999887e-02
6.494594718701489633e-01 5.279563787500000244e-02
6.507583908138891982e-01 5.329030374999999681e-02
6.520599075955170187e-01 5.331796500000000189e-02
6.533640274107079815e-01 5.342060950000000752e-02
6.546707554655294414e-01 5.378470200000000367e-02
6.559800969764604250e-01 5.239498987500000593e-02
6.572920571704133907e-01 5.405389125000000655e-02
6.586066412847542129e-01 5.404094625000000623e-02
6.599238545673237200e-01 5.429204374999999777e-02
6.612437022764583450e-01 5.440548100000000553e-02
6.625661896810113305e-01 5.449173249999999386e-02
6.638913220603732679e-01 5.460807374999999964e-02
6.652191047044940797e-01 5.473142500000000021e-02
6.665495429139030037e-01 5.486117125000000011e-02
6.678826419997307973e-01 5.500981199999999821e-02
6.692184072837303876e-01 5.515136124999999584e-02
6.705568440982978551e-01 5.526805749999999517e-02
6.718979577864944153e-01 5.537874999999999742e-02
6.732417537020674025e-01 5.546832499999999888e-02
6.745882372094715862e-01 5.557032600000000322e-02
6.759374136838904867e-01 5.566901625000000159e-02
6.772892885112582473e-01 5.576121125000000484e-02
6.786438670882807278e-01 5.585649624999999840e-02
6.800011548224572655e-01 5.595936499999999703e-02
6.813611571321021021e-01 5.603913499999999687e-02
6.827238794463663663e-01 5.609253499999999198e-02
6.840893272052590568e-01 5.613971874999999778e-02
6.854575058596696913e-01 5.617265124999999693e-02
6.868284208713890671e-01 4.393113206200000009e-02
6.882020777131317990e-01 5.032555650000000019e-02
6.895784818685580797e-01 3.851532817499999511e-02
6.909576388322952178e-01 5.382272400000000234e-02
6.923395541099597317e-01 4.556056900000000215e-02
6.937242332181796645e-01 5.510289859999999845e-02
6.951116816846160118e-01 5.653864000000000112e-02
6.965019050479852591e-01 5.665957750000000237e-02
6.978949088580812532e-01 5.584287912500000145e-02
6.992906986757974064e-01 5.659071250000000108e-02
7.006892800731490123e-01 5.615089900000000411e-02
7.020906586332953392e-01 5.693768625000000805e-02
7.034948399505618344e-01 5.711080250000000191e-02
7.049018296304629949e-01 5.633578762500000142e-02
7.063116332897239058e-01 5.712446874999999730e-02
7.077242565563033327e-01 5.702583900000000872e-02
7.091397050694159265e-01 5.723711874999999616e-02
7.105579844795547606e-01 5.704179125000000822e-02
7.119791004485138686e-01 5.714612874999999703e-02
7.134030586494108928e-01 5.721598499999999698e-02
7.148298647667097327e-01 5.699217000000000172e-02
7.162595244962430829e-01 5.660197837499999357e-02
7.176920435452356362e-01 5.363085875000000308e-02
7.191274276323260661e-01 5.225291824999999529e-02
7.205656824875906752e-01 4.985527199999999215e-02
7.220068138525659318e-01 5.694630440000000154e-02
7.234508274802710082e-01 5.517304612499999983e-02
7.248977291352315389e-01 5.329316574999999612e-02
7.263475245935020475e-01 5.536242999999999720e-02
7.278002196426889281e-01 4.861316685000000026e-02
7.292558200819743153e-01 5.540562130000000612e-02
7.307143317221382883e-01 5.347324198749999619e-02
7.321757603855825192e-01 5.582747912499999576e-02
7.336401119063536980e-01 5.588202375000000249e-02
7.351073921301664038e-01 5.679187859999999810e-02
7.365776069144267524e-01 5.763673625000000078e-02
7.380507621282555997e-01 5.768299999999999816e-02
7.395268636525120787e-01 5.742169300000000975e-02
7.410059173798171361e-01 5.777589250000000204e-02
7.424879292145767362e-01 5.775876200000000515e-02
7.439729050730057303e-01 5.747557037499999993e-02
7.454608508831517266e-01 5.759058312500000415e-02
7.469517725849180723e-01 5.765860750000000035e-02
7.484456761300879446e-01 5.765547249999999901e-02
7.499425674823481103e-01 5.761832249999999933e-02
7.514424526173126839e-01 5.777902250000000600e-02
7.529453375225474421e-01 5.785301624999999309e-02
7.544512281975925827e-01 5.795379999999999976e-02
7.559601306539878163e-01 5.800381000000000287e-02
7.574720509152956804e-01 5.804677899999999280e-02
7.589869950171262980e-01 5.591150624999999263e-02
7.605049690071605806e-01 1.646940458749999656e-02
7.620259789451748755e-01 1.478706651249999879e-02
7.635500309030651689e-01 2.314045836250000140e-02
7.650771309648712881e-01 4.009606040000000121e-02
7.666072852268009941e-01 4.449699287500000211e-02
7.681404997972545168e-01 5.375245649999998987e-02
7.696767807968490915e-01 5.797499500000000139e-02
7.712161343584428286e-01 5.805455250000000206e-02
7.727585666271596931e-01 5.801408300000000795e-02
7.743040837604140414e-01 5.794648500000000590e-02
7.758526919279349343e-01 5.789853375000000163e-02
7.774043973117907846e-01 5.783088499999999854e-02
7.789592061064143369e-01 5.777574375000000401e-02
7.805171245186270923e-01 5.773991860000000920e-02
7.820781587676643998e-01 5.780965124999998955e-02
7.836423150851996589e-01 5.783210737500000392e-02
7.852095997153700768e-01 5.790619225000000203e-02
7.867800189148008716e-01 5.770103060000000145e-02
7.883535789526303628e-01 5.796226812499999381e-02
7.899302861105357287e-01 5.676506199999999808e-02
7.915101466827567656e-01 5.786458725000000192e-02
7.930931669761223102e-01 5.807711937499999977e-02
7.946793533100744433e-01 5.814877870000000754e-02
7.962687120166946908e-01 5.742318212499999963e-02
7.978612494407281153e-01 5.770394037499999851e-02
7.994569719396096286e-01 5.755675212499999915e-02
8.010558858834887497e-01 5.776660112499999722e-02
8.026579976552556950e-01 5.632504470000000013e-02
8.042633136505661362e-01 5.736757374999999770e-02
8.058718402778672907e-01 5.803626150000000539e-02
8.074835839584230124e-01 5.794069187500000551e-02
8.090985511263398822e-01 5.780789524999999790e-02
8.107167482285926319e-01 5.757583579999999562e-02
8.123381817250497905e-01 5.771618899999999414e-02
8.139628580884998854e-01 5.625859374999999524e-02
8.155907838046769776e-01 5.678289562499999610e-02
8.172219653722863075e-01 5.644854837499999750e-02
8.188564093030309410e-01 4.976319466200000013e-02
8.204941221216369707e-01 5.287718200000000174e-02
8.221351103658802728e-01 5.631314037499999398e-02
8.237793805866120422e-01 5.664121525000000157e-02
8.254269393477852157e-01 4.831082758750000067e-02
8.270777932264807841e-01 5.613608029999999499e-02
8.287319488129337719e-01 5.179941908749999963e-02
8.303894127105596601e-01 5.713682062500000103e-02
8.320501915359808098e-01 5.721353400000000339e-02
8.337142919190527746e-01 5.724402737499999921e-02
8.353817205028908344e-01 5.795866289999999227e-02
8.370524839438966413e-01 5.791896300000000386e-02
8.387265889117843098e-01 5.804185562499999951e-02
8.404040420896079500e-01 5.791004262500000499e-02
8.420848501737872027e-01 5.798786862500000111e-02
8.437690198741347736e-01 5.780466289999999785e-02
8.454565579138830778e-01 5.809134224999999707e-02
8.471474710297107746e-01 5.807350274999999173e-02
8.488417659717701902e-01 5.797051799999999866e-02
8.505394495037137403e-01 5.786444700000000635e-02
8.522405284027212424e-01 5.751775400000000427e-02
8.539450094595266716e-01 5.770866187499999744e-02
8.556528994784455833e-01 5.782299412499999902e-02
8.573642052774025357e-01 5.788180262499999923e-02
8.590789336879574023e-01 5.791411089999998901e-02
8.607970915553332381e-01 5.797006399999999476e-02
8.625186857384439243e-01 5.801689875000000385e-02
8.642437231099207029e-01 5.806532325000000883e-02
8.659722105561405980e-01 5.808640662499999635e-02
8.677041549772528395e-01 5.811426990000000126e-02
8.694395632872073953e-01 5.810959737499999528e-02
8.711784424137818394e-01 5.810381212499999420e-02
8.729207992986094400e-01 5.813520149999999720e-02
8.746666408972065820e-01 5.813832850000000274e-02
8.764159741790010782e-01 5.812918159999999612e-02
8.781688061273591472e-01 5.813398637499999494e-02
8.799251437396138353e-01 5.794037900000000019e-02
8.816849940270929942e-01 5.769126224999999997e-02
8.834483640151471473e-01 5.774703437499999203e-02
8.852152607431775788e-01 5.782585920000000296e-02
8.869856912646638669e-01 5.748567262499999775e-02
8.887596626471931938e-01 5.758495800000000553e-02
8.905371819724876570e-01 5.777514712500000232e-02
8.923182563364325803e-01 5.768315674999999892e-02
8.941028928491054906e-01 5.491253484999999296e-02
8.958910986348036509e-01 5.657337449999999546e-02
8.976828808320732600e-01 5.550171999999999745e-02
8.994782465937374294e-01 5.579517712500000476e-02
9.012772030869248274e-01 5.623377225000000118e-02
9.030797574930986560e-01 5.634317939999999858e-02
9.048859170080848502e-01 5.714068312500000107e-02
9.066956888421009442e-01 5.628625050000000268e-02
9.085090802197851589e-01 5.475487575000000801e-02
9.103260983802247130e-01 4.925695487899999642e-02
9.121467505769851325e-01 5.457793387499999815e-02
9.139710440781392276e-01 5.228120533749999049e-02
9.157989861662954034e-01 4.866129037374999911e-02
9.176305841386280804e-01 5.461824475000000984e-02
9.194658453069053383e-01 5.629578609999999483e-02
9.213047769975191148e-01 5.477573787500000096e-02
9.231473865515140709e-01 5.746389787499999596e-02
9.249936813246171230e-01 5.342490874999999972e-02
9.268436686872664199e-01 5.652928949999999619e-02
9.286973560246409853e-01 5.369394899999999776e-02
9.305547507366902504e-01 5.372367374999999223e-02
9.324158602381635852e-01 4.903680201250000537e-02
9.342806919586399417e-01 4.288907684999999914e-02
9.361492533425572748e-01 5.056076446249999773e-02
9.380215518492422966e-01 2.764270170399999935e-02
9.398975949529408958e-01 4.722220377499999899e-02
9.417773901428466710e-01 3.913423054999999595e-02
9.436609449231323499e-01 3.354029366625000536e-02
9.455482668129786550e-01 4.640738200000000396e-02
9.474393633466045017e-01 4.980598902000000355e-02
9.493342420732977516e-01 4.075694385249999802e-02
9.512329105574443000e-01 4.707326893749999575e-02
9.531353763785591626e-01 5.181362762500000413e-02
9.550416471313163402e-01 3.993103630624999373e-02
9.569517304255790169e-01 4.065165400999999623e-02
9.588656338864300910e-01 4.843225519999999618e-02
9.607833651542030395e-01 5.293777275000000060e-02
9.627049318845114501e-01 4.720076698749999661e-02
9.646303417482804399e-01 5.431198275000000131e-02
9.665596024317769652e-01 5.138965879000000070e-02
9.684927216366405744e-01 5.294919449999999778e-02
9.704297070799138281e-01 5.409838999999999620e-02
9.723705664940736071e-01 5.546114175000000507e-02
9.743153076270618662e-01 5.161056171999999637e-02
9.762639382423159429e-01 5.336558412499999710e-02
9.782164661188006427e-01 5.349726699999999419e-02
9.801728990510382156e-01 5.550339487500000057e-02
9.821332448491403300e-01 5.581975337500000300e-02
9.840975113388386042e-01 5.649025589999998737e-02
9.860657063615162476e-01 5.624547374999999683e-02
9.880378377742392582e-01 5.654543137499999650e-02
9.900139134497877302e-01 5.631996062499999844e-02
9.919939412766873854e-01 5.645989399999999658e-02
9.939779291592407695e-01 5.663383259999999614e-02
9.959658850175592271e-01 5.670461050000000225e-02
9.979578167875942096e-01 5.678646475000000138e-02
9.999537324211694722e-01 5.677975887500000263e-02
1.001953639886011826e+00 5.677381299999999936e-02
1.003957547165783781e+00 5.642990209999999146e-02
1.005965462260115295e+00 5.692754425000000340e-02
1.007977393184635417e+00 5.694602874999999537e-02
1.009993347971004818e+00 5.679247812499999687e-02
1.012013334666946873e+00 5.696885250000000012e-02
1.014037361336280751e+00 5.703009360000000499e-02
1.016065436058953164e+00 5.710257212500000068e-02
1.018097566931071229e+00 5.717856725000000639e-02
1.020133762064933336e+00 5.669621887500000262e-02
1.022174029589063338e+00 5.712223362499999763e-02
1.024218377648241418e+00 5.732021899999999864e-02
1.026266814403537841e+00 5.735797137499999698e-02
1.028319348032344926e+00 5.731291362500000319e-02
1.030375986728409687e+00 5.738477587500000199e-02
1.032436738701866474e+00 5.742512612499999641e-02
1.034501612179270502e+00 5.747868059999999835e-02
1.036570615403628937e+00 5.751951050000000260e-02
1.038643756634436199e+00 5.752871662499998984e-02
1.040721044147705054e+00 5.751926474999999317e-02
1.042802486236000359e+00 5.754991812500000192e-02
1.044888091208472591e+00 5.757013490000000705e-02
1.046977867390889383e+00 5.758001037499999725e-02
1.049071823125671266e+00 5.754858149999999423e-02
1.051169966771922537e+00 5.758368387499999963e-02
1.053272306705466566e+00 5.765230329999999209e-02
1.055378851318877320e+00 5.767273712499999816e-02
1.057489609021515342e+00 5.768543674999999926e-02
1.059604588239558165e+00 5.766912587499999771e-02
1.061723797416037396e+00 5.767714174999999388e-02
1.063847245010869358e+00 5.764317449999999815e-02
1.065974939500891061e+00 5.615896762500000028e-02
1.068106889379893065e+00 5.762377150000000392e-02
1.070243103158652787e+00 5.731786737500000478e-02
1.072383589364970025e+00 5.766066512499999630e-02
1.074528356543700047e+00 5.765981589999999435e-02
1.076677413256787563e+00 5.758270125000000683e-02
1.078830768083300917e+00 5.765766512499999330e-02
1.080988429619467617e+00 5.741641775000000392e-02
1.083150406478706529e+00 5.760460124999999820e-02
1.085316707291664073e+00 5.682009620000000316e-02
1.087487340706247529e+00 5.757670887500000029e-02
1.089662315387660119e+00 5.718785925000000048e-02
1.091841640018435422e+00 5.590239949999999819e-02
1.094025323298472241e+00 5.743980037499999552e-02
1.096213373945069236e+00 5.727570979999999090e-02
1.098405800692959566e+00 5.707093112500000176e-02
1.100602612294345528e+00 5.661972862499999731e-02
1.102803817518934082e+00 5.545598225000000076e-02
1.105009425153971936e+00 5.588008900000000084e-02
1.107219444004279962e+00 5.457825510000000047e-02
1.109433882892288503e+00 5.002475219875000129e-02
1.111652750658073119e+00 5.559109299999999421e-02
1.113876056159389227e+00 4.730847970499999638e-02
1.116103808271708075e+00 3.915702785012500214e-02
1.118336015888251378e+00 4.480952485299999344e-02
1.120572687920027732e+00 3.666563733514999895e-02
1.122813833295867925e+00 3.329944720749999920e-02
1.125059460962459568e+00 4.009375913124999663e-02
1.127309579884384405e+00 2.475594244999999860e-02
1.129564199044153394e+00 3.980089474249999537e-02
1.131823327442241567e+00 5.236131175000000026e-02
1.134086974097126221e+00 2.765501051699999907e-02
1.136355148045320451e+00 4.584448323749999721e-02
1.138627858341410892e+00 4.724258952000000289e-02
1.140905114058093694e+00 4.492475515000000225e-02
1.143186924286210049e+00 4.911283769999999493e-02
1.145473298134782603e+00 4.992945637499999340e-02
1.147764244731052097e+00 4.438354197500000292e-02
1.150059773220514225e+00 4.715602552999999253e-02
1.152359892766955163e+00 4.710679501250000095e-02
1.154664612552489089e+00 4.187137037125000100e-02
1.156973941777594161e+00 5.014051950000000119e-02
1.159287889661149373e+00 5.329560674999999498e-02
1.161606465440471636e+00 5.274842479999999889e-02
1.163929678371352416e+00 4.739090865374999406e-02
1.166257537728095262e+00 5.257735325000000015e-02
1.168590052803551327e+00 5.278556999999999694e-02
1.170927232909158455e+00 5.208180562500000499e-02
1.173269087374976705e+00 5.340818850000000895e-02
1.175615625549726762e+00 5.326784849999999932e-02
1.177966856800826134e+00 5.103786831249999822e-02
1.180322790514427789e+00 5.415912712499999782e-02
1.182683436095456564e+00 4.896644420000000053e-02
1.185048802967647585e+00 5.069548785999999918e-02
1.187418900573582903e+00 5.035803142500000495e-02
1.189793738374729903e+00 5.371047487499999717e-02
1.192173325851479504e+00 5.334953337500000087e-02
1.194557672503182344e+00 4.932660791375000076e-02
1.196946787848188531e+00 5.058058147999999754e-02
1.199340681423884947e+00 5.095391487499999900e-02
1.201739362786732546e+00 5.166416887500000638e-02
1.204142841512306106e+00 4.667583210000000177e-02
1.206551127195330864e+00 5.363848275000000082e-02
1.208964229449721373e+00 5.408506509999999601e-02
1.211382157908620805e+00 5.337030400000000036e-02
1.213804922224438254e+00 5.373248012500000254e-02
1.216232532068886929e+00 5.392712287499999702e-02
1.218664997133024785e+00 5.326558209999999322e-02
1.221102327127290721e+00 4.629628025000000202e-02
1.223544531781545430e+00 5.347972887500000716e-02
1.225991620845108487e+00 5.454270962500000486e-02
1.228443604086798757e+00 5.453317912499999753e-02
1.230900491294972365e+00 5.454176239999999898e-02
1.233362292277562222e+00 5.457754837499999290e-02
1.235829016862117324e+00 5.477743662499999500e-02
1.238300674895841613e+00 5.481835187500000428e-02
1.240777276245633054e+00 5.484526750000000284e-02
1.243258830798124492e+00 5.489534799999999659e-02
1.245745348459720736e+00 5.491236025000000021e-02
1.248236839156640077e+00 5.493260925000000711e-02
1.250733312834953370e+00 5.494694737499999926e-02
1.253234779460623338e+00 5.494343699999999775e-02
1.255741249019544536e+00 5.483131709999999881e-02
1.258252731517583545e+00 5.479424787500000033e-02
1.260769236980618713e+00 5.310703137500000226e-02
1.263290775454580128e+00 5.267811875000000255e-02
1.265817357005489141e+00 4.999147849999999865e-02
1.268348991719500107e+00 3.109314364380000306e-02
1.270885689702939025e+00 4.721891649999999940e-02
1.273427461082345058e+00 5.161340450000000135e-02
1.275974316004509834e+00 5.451796149999999647e-02
1.278526264636518750e+00 5.415502800000000089e-02
1.281083317165791824e+00 5.284109099999999282e-02
1.283645483800123444e+00 5.477962862500000002e-02
1.286212774767723666e+00 5.473560024999999524e-02
1.288785200317259072e+00 5.450957787499999263e-02
1.291362770717893405e+00 5.443266550000000481e-02
1.293945496259329087e+00 5.430899410000000066e-02
1.296533387251847858e+00 5.326518787500000157e-02
1.299126454026351407e+00 5.399320087499999421e-02
1.301724706934404230e+00 5.310910887500000510e-02
1.304328156348272927e+00 5.338099830000000295e-02
1.306936812660969505e+00 4.789266332000000764e-02
1.309550686286291565e+00 4.851881996000000086e-02
1.312169787658864273e+00 5.300222050000000240e-02
1.314794127234181875e+00 4.058077224525000193e-02
1.317423715488650338e+00 5.119732249999998930e-02
1.320058562919627532e+00 4.896375623750000294e-02
1.322698680045466757e+00 5.058776549999999955e-02
1.325344077405557819e+00 4.995747162499999949e-02
1.327994765560368773e+00 4.656968975000000399e-02
1.330650755091489668e+00 3.941278513499999608e-02
1.333312056601672513e+00 4.027489035750000251e-02
1.335978680714875910e+00 4.677199597500000111e-02
1.338650638076305466e+00 4.677518199999999154e-02
1.341327939352458198e+00 4.551070418750000068e-02
1.344010595231163174e+00 3.970595997100000163e-02
1.346698616421625472e+00 2.907736363250000219e-02
1.349392013654468592e+00 2.469742516724999712e-02
1.352090797681777534e+00 3.467355283500000301e-02
1.354794979277141209e+00 2.436159757375000109e-02
1.357504569235695513e+00 2.450765425880000251e-02
1.360219578374167071e+00 1.871976913927499847e-02
1.362940017530915426e+00 2.066949145462500248e-02
1.365665897565977005e+00 2.128863412200000110e-02
1.368397229361109080e+00 1.172095396599999971e-02
1.371134023819831294e+00 1.097709679269999808e-02
1.373876291867470956e+00 1.518887780539249915e-02
1.376624044451205897e+00 2.342466513190250010e-02
1.379377292540108435e+00 1.813510999987499872e-02
1.382136047125188671e+00 1.545618438500000018e-02
1.384900319219438902e+00 1.804364471040000029e-02
1.387670119857877804e+00 2.383422616499999980e-02
1.390445460097593511e+00 2.693238608749999943e-02
1.393226351017788911e+00 1.910821635125000209e-02
1.396012803719824280e+00 1.615902493300000117e-02
1.398804829327263910e+00 1.490919234887499827e-02
1.401602438985918520e+00 1.635342235312500087e-02
1.404405643863890329e+00 1.953694746125000242e-02
1.407214455151617916e+00 1.834741099774999870e-02
1.410028884061921284e+00 2.286522200800000099e-02
1.412848941830045169e+00 1.983326951285000264e-02
1.415674639713705218e+00 1.803800291908750145e-02
1.418505988993132627e+00 1.935089767874999950e-02
1.421343000971118986e+00 2.357074795125000191e-02
1.424185686973061138e+00 2.221657175899999920e-02
1.427034058347007139e+00 2.256275682893749829e-02
1.429888126463701337e+00 2.313879296124999804e-02
1.432747902716628552e+00 1.184911666076250009e-02
1.435613398522062045e+00 1.825937782312499896e-02
1.438484625319106147e+00 1.913095359499999981e-02
1.441361594569744220e+00 2.066174048499999985e-02
1.444244317758883733e+00 2.395120103500000125e-02
1.447132806394401561e+00 2.381045696250000399e-02
1.450027072007190387e+00 2.054436134750000156e-02
1.452927126151204895e+00 2.020885283669999685e-02
1.455832980403507282e+00 2.397180342375000023e-02
1.458744646364314335e+00 2.194485215749999996e-02
1.461662135657042949e+00 2.264469752499999669e-02
1.464585459928356981e+00 2.117501660749999959e-02
1.467514630848213653e+00 2.446598684410000030e-02
1.470449660109910184e+00 2.081768598250000046e-02
1.473390559430129976e+00 1.896252757499999886e-02
1.476337340548990129e+00 2.621591654625000239e-02
1.479290015230088073e+00 2.482386798749999790e-02
1.482248595260548196e+00 2.729279584099999698e-02
1.485213092451069361e+00 2.832524746374999805e-02
1.488183518635971314e+00 2.922771562500000100e-02
1.491159885673243313e+00 2.860745865374999738e-02
1.494142205444589644e+00 2.878791045124999906e-02
1.497130489855478697e+00 3.227346510000000251e-02
1.500124750835189813e+00 3.273702762499999808e-02
1.503125000336860140e+00 3.170286253875000126e-02
1.506131250337534144e+00 3.434563949999999699e-02
1.509143512838209134e+00 3.478146010000000149e-02
1.512161799863885658e+00 3.446801312500000214e-02
1.515186123463613477e+00 3.551821549999999855e-02
1.518216495710540626e+00 3.646517912500000375e-02
1.521252928701961604e+00 3.695712400000000092e-02
1.524295434559365781e+00 3.684474139999999870e-02
1.527344025428484464e+00 3.756646987500000118e-02
1.530398713479341533e+00 3.810054699999999850e-02
1.533459510906300283e+00 3.753097237499999905e-02
1.536526429928112947e+00 3.859521099999999733e-02
1.539599482787969098e+00 3.782673160000000340e-02
1.542678681753545167e+00 3.922400762500000138e-02
1.545764039117052402e+00 3.960807325000000045e-02
1.548855567195286387e+00 4.000352850000000321e-02
1.551953278329677000e+00 4.026692087500000072e-02
1.555057184886336374e+00 4.057879840000000460e-02
1.558167299256108862e+00 4.083327062500000104e-02
1.561283633854621211e+00 4.112414974999999834e-02
1.564406201122330309e+00 4.135677587500000141e-02
1.567535013524575138e+00 4.145339887499999848e-02
1.570670083551624074e+00 3.708836549999999788e-02
1.573811423718727287e+00 3.366551037499999899e-02
1.576959046566164702e+00 3.711073524999999873e-02
1.580112964659297070e+00 4.122078312500000036e-02
1.583273190588615709e+00 4.248936749999999291e-02
1.586439736969792680e+00 4.228708350000000282e-02
1.589612616443732307e+00 4.304873724999999651e-02
1.592791841676620024e+00 4.286312650000000113e-02
1.595977425359973001e+00 4.337227199999999644e-02
1.599169380210692992e+00 4.301251737500000338e-02
1.602367718971114297e+00 3.937824239999999920e-02
1.605572454409056604e+00 4.048345162499999983e-02
1.608783599317874735e+00 4.193752087499999504e-02
1.612001166516510375e+00 4.309505212499999821e-02
1.615225168849543369e+00 4.444676540000000453e-02
1.618455619187242345e+00 4.468027374999999912e-02
1.621692530425617118e+00 4.483661337500000066e-02
1.624935915486468208e+00 4.483005849999999876e-02
1.628185787317441235e+00 4.506738662500000409e-02
1.631442158892076222e+00 4.413292209999999938e-02
1.634705043209860431e+00 4.467525925000000175e-02
1.637974453296279886e+00 4.356643700000000646e-02
1.641250402202872660e+00 4.174677475000000693e-02
1.644532903007278390e+00 4.077672262500000450e-02
1.647821968813293125e+00 4.463313319999999418e-02
1.651117612750919506e+00 3.598053262499999877e-02
1.654419847976421387e+00 4.455991349999999934e-02
1.657728687672374246e+00 4.503565362500000502e-02
1.661044145047719134e+00 4.588074612499999649e-02
1.664366233337814638e+00 3.888642327999999870e-02
1.667694965804490170e+00 4.539219837499999105e-02
1.671030355736099260e+00 4.602095750000000096e-02
1.674372416447571510e+00 4.531348712499999598e-02
1.677721161280466333e+00 4.561413162499999840e-02
1.681076603603027353e+00 4.553683359999999986e-02
1.684438756810233473e+00 4.600826412499999657e-02
1.687807634323853945e+00 4.571443712500000006e-02
1.691183249592501658e+00 4.349650800000000317e-02
1.694565616091686655e+00 4.580019462500000554e-02
1.697954747323870084e+00 4.578515309999999644e-02
1.701350656818517715e+00 4.389919425000000236e-02
1.704753358132154784e+00 4.474989149999999971e-02
1.708162864848419282e+00 4.326239937499999633e-02
1.711579190578115917e+00 4.515304875000000079e-02
1.715002348959272283e+00 4.476845789999999575e-02
1.718432353657190825e+00 4.311909875000000114e-02
1.721869218364505016e+00 4.237277559999999554e-02
1.725312956801233977e+00 4.399716187499999598e-02
1.728763582714836655e+00 4.129402950000000266e-02
1.732221109880266230e+00 4.403567199999999793e-02
1.735685552100026730e+00 4.374085449999999542e-02
1.739156923204226768e+00 4.344365387500000175e-02
1.742635237050635277e+00 4.244514004999999646e-02
1.746120507524736576e+00 4.185337100999999421e-02
1.749612748539786100e+00 4.349359299999999706e-02
1.753111974036865472e+00 4.317142575000000593e-02
1.756618197984939123e+00 4.236308262499999949e-02
1.760131434380908910e+00 4.261835362500000085e-02
1.763651697249670747e+00 4.195839110000000594e-02
1.767179000644169884e+00 4.148021012499999993e-02
1.770713358645458202e+00 4.192921637500000159e-02
1.774254785362749054e+00 4.039157437499999587e-02
1.777803294933474554e+00 3.144538419637499943e-02
1.781358901523341753e+00 3.979453663500000238e-02
1.784921619326388376e+00 3.514948710624999501e-02
1.788491462565041212e+00 4.068253912500000014e-02
1.792068445490171413e+00 3.515916502499999430e-02
1.795652582381151552e+00 4.013370862500000719e-02
1.799243887545913800e+00 3.661955376499999998e-02
1.802842375321005663e+00 3.479839590624999451e-02
1.806448060071647710e+00 3.428084289750000374e-02
1.810060956191791082e+00 2.812864933237500115e-02
1.813681078104174560e+00 2.398682298612500249e-02
1.817308440260382962e+00 2.242166741933000057e-02
1.820943057140903765e+00 1.894907008900000023e-02
1.824584943255185721e+00 3.160339435000000113e-02
1.828234113141696149e+00 2.947267266625000146e-02
1.831890581367979554e+00 1.466128684649999937e-02
1.835554362530715355e+00 1.943729592400000178e-02
1.839225471255776734e+00 1.436217946243749898e-02
1.842903922198288136e+00 1.477488998306249884e-02
1.846589730042684785e+00 1.799531072487500077e-02
1.850282909502769968e+00 1.461026469082500091e-02
1.853983475321775654e+00 1.663818386251000175e-02
1.857691442272419113e+00 1.461165555999999893e-02
1.861406825156963984e+00 1.453862120516250141e-02
1.865129638807277779e+00 2.015656163014999808e-02
1.868859898084892279e+00 9.531687394999998481e-03
1.872597617881062160e+00 9.025406008000001409e-03
1.876342813116824271e+00 1.200087702637500121e-02
1.880095498743057814e+00 1.341312778474999974e-02
1.883855689740544070e+00 1.389044291446249815e-02
1.887623401120025246e+00 1.479208686709999887e-02
1.891398647922265308e+00 7.206617981750000103e-03
1.895181445218109717e+00 1.104492808550000017e-02
1.898971808108545822e+00 9.791425400874999296e-03
1.902769751724763037e+00 1.122897424924999832e-02
1.906575291228212565e+00 9.149572154072700692e-03
1.910388441810669136e+00 1.239512160737499952e-02
1.914209218694290282e+00 9.632737462000001347e-03
1.918037637131678963e+00 1.249273264462499866e-02
1.921873712405942403e+00 1.102959095374999969e-02
1.925717459830754041e+00 1.101644838900000048e-02
1.929568894750415708e+00 7.382597699344999737e-03
1.933428032539916241e+00 1.094369114649999808e-02
1.937294888604996324e+00 1.194369438249999991e-02
1.941169478382206215e+00 1.273826096625000140e-02
1.945051817338970590e+00 1.228065616800000197e-02
1.948941920973648489e+00 1.230409742500000042e-02
1.952839804815595715e+00 1.064080800749999875e-02
1.956745484425226778e+00 4.326156374624999697e-03
1.960658975394077297e+00 8.836389422500000312e-03
1.964580293344865503e+00 7.316985723099999825e-03
1.968509453931555075e+00 6.390562576112500393e-03
1.972446472839417986e+00 1.387478688750000064e-02
1.976391365785096887e+00 1.637205024999999897e-02
1.980344148516667069e+00 1.587670768875000180e-02
1.984304836813700401e+00 1.703585670000000094e-02
1.988273446487327956e+00 1.736030908249999727e-02
1.992249993380302620e+00 1.895609087500000137e-02
1.996234493367063045e+00 1.750821699999999953e-02
2.000226962353797155e+00 7.484838433999998868e-03
