2.002000000000000168e-01 2.441537699999999939e-03
2.006004000000000120e-01 3.341590499999999922e-03
2.010016008000000132e-01 2.569800875000000095e-03
2.014036040016000118e-01 3.610738124999999989e-03
2.018064112096032425e-01 3.528480599999999842e-03
2.022100240320224285e-01 3.860088624999999905e-03
2.026144440800864976e-01 4.070657000000000095e-03
2.030196729682466894e-01 3.977144125000000099e-03
2.034257123141831602e-01 3.864689125000000079e-03
2.038325637388115341e-01 3.742293800000000108e-03
2.042402288662891752e-01 3.625148249999999781e-03
2.046487093240217381e-01 3.525417749999999913e-03
2.050580067426697739e-01 3.446368999999999908e-03
2.054681227561551138e-01 3.430396124999999553e-03
2.058790590016674471e-01 3.415870799999999943e-03
2.062908171196707885e-01 3.386393249999999997e-03
2.067033987539101392e-01 3.354283375000000240e-03
2.071168055514179263e-01 3.327175124999999858e-03
2.075310391625207751e-01 3.306244999999999757e-03
2.079461012408458098e-01 3.279946299999999398e-03
2.083619934433275089e-01 3.252742999999999780e-03
2.087787174302141446e-01 3.228479624999999915e-03
2.091962748650745829e-01 3.203758374999999929e-03
2.096146674148047229e-01 3.174815499999999839e-03
2.100338967496343523e-01 3.138706900000000528e-03
2.104539645431336148e-01 3.114075499999999740e-03
2.108748724722198931e-01 3.093606875000000020e-03
2.112966222171643316e-01 3.066060624999999897e-03
2.117192154615986643e-01 3.033545750000000377e-03
2.121426538925218486e-01 2.987154699999999916e-03
2.125669392003068925e-01 2.937901625000000246e-03
2.129920730787074890e-01 2.894931999999999801e-03
2.134180572248648988e-01 2.853592375000000084e-03
2.138448933393146401e-01 2.812733250000000289e-03
2.142725831259932878e-01 2.755830800000000184e-03
2.147011282922452469e-01 2.695074999999999901e-03
2.151305305488297459e-01 2.646598124999999940e-03
2.155607916099274157e-01 2.607067875000000211e-03
2.159919131931472558e-01 2.563259899999999897e-03
2.164238970195335454e-01 2.511861375000000018e-03
2.168567448135726161e-01 2.461717625000000090e-03
2.172904583031997627e-01 2.414788874999999717e-03
2.177250392198061546e-01 2.369897125000000083e-03
2.181604892982457744e-01 2.320247000000000108e-03
2.185968102768422461e-01 2.269348874999999998e-03
2.190340038973959125e-01 2.216708874999999933e-03
2.194720719051907187e-01 2.161277749999999682e-03
2.199110160490010957e-01 2.107461625000000248e-03
2.203508380810991207e-01 2.050361200000000179e-03
2.207915397572613181e-01 1.995725125000000211e-03
2.212331228367758196e-01 1.942048500000000209e-03
2.216755890824493869e-01 1.885733125000000048e-03
2.221189402606142949e-01 1.832233874999999925e-03
2.225631781411355203e-01 1.776137599999999886e-03
2.230083044974177642e-01 1.722639125000000136e-03
2.234543211064126123e-01 1.677040624999999972e-03
2.239012297486254466e-01 1.628091625000000018e-03
2.243490322081226895e-01 1.580325875000000019e-03
2.247977302725389648e-01 1.529038800000000198e-03
2.252473257330840362e-01 1.480623125000000073e-03
2.256978203845501907e-01 1.439828624999999872e-03
2.261492160253192885e-01 1.398627124999999877e-03
2.266015144573699513e-01 1.355371250000000048e-03
2.270547174862846962e-01 1.308836800000000126e-03
2.275088269212572623e-01 1.263976999999999896e-03
2.279638445750997722e-01 1.225749874999999909e-03
2.284197722642499762e-01 1.187543624999999993e-03
2.288766118087784962e-01 1.147611624999999875e-03
2.293343650323960425e-01 1.104063800000000019e-03
2.297930337624608521e-01 1.063491125000000110e-03
2.302526198299857663e-01 1.028681374999999842e-03
2.307131250696457525e-01 1.000106175000000123e-03
2.311745513197850377e-01 9.668463375000001074e-04
2.316369004224245742e-01 9.360630400000000562e-04
2.321001742232694509e-01 9.068573750000000818e-04
2.325643745717159705e-01 8.761427999999999491e-04
2.330295033208594213e-01 8.475423499999999678e-04
2.334955623275011272e-01 8.212373600000000230e-04
2.339625534521561634e-01 7.968565124999999871e-04
2.344304785590604623e-01 7.701219500000000204e-04
2.348993395161785847e-01 7.455435499999999577e-04
2.353691381952109363e-01 7.296377500000000328e-04
2.358398764716013452e-01 7.045566799999999474e-04
2.363115562245445278e-01 6.781706749999999798e-04
2.367841793369936387e-01 6.616199249999999994e-04
2.372577476956675979e-01 6.416407500000000010e-04
2.377322631910589457e-01 6.244329125000000003e-04
2.382077277174410590e-01 6.037563099999999515e-04
2.386841431728759511e-01 5.864050874999999965e-04
2.391615114592217095e-01 5.725192625000001014e-04
2.396398344821401571e-01 5.519465499999999612e-04
2.401191141511044291e-01 5.358838999999998923e-04
2.405993523794066058e-01 5.258226900000000700e-04
2.410805510841654287e-01 5.102478499999999872e-04
2.415627121863337390e-01 4.948587750000000857e-04
2.420458376107064158e-01 4.844157500000000147e-04
2.425299292859278144e-01 4.765102999999999700e-04
2.430149891444997046e-01 4.659010599999999875e-04
2.435010191227887089e-01 4.524074749999999930e-04
2.439880211610342686e-01 4.425598750000000027e-04
2.444759972033563322e-01 4.373528625000000329e-04
2.449649491977630433e-01 4.304624499999999904e-04
2.454548790961585680e-01 4.136858299999999437e-04
2.459457888543508663e-01 4.035805499999999793e-04
2.464376804320595749e-01 3.996948749999999989e-04
2.469305557929236949e-01 3.937490625000000083e-04
2.474244169045095587e-01 3.831246249999999826e-04
2.479192657383185727e-01 3.755228299999999772e-04
2.484151042697951839e-01 3.707056749999999954e-04
2.489119344783347898e-01 3.590720749999999650e-04
2.494097583472914548e-01 3.536553250000000308e-04
2.499085778639860422e-01 3.476385699999999393e-04
2.504083950197140140e-01 3.456750750000000118e-04
2.509092118097534518e-01 3.433714874999999793e-04
2.514110302333729119e-01 3.350449000000000352e-04
2.519138522938396685e-01 3.252776874999999731e-04
2.524176799984273467e-01 3.258279299999999662e-04
2.529225153584241936e-01 3.240758500000000221e-04
2.534283603891410719e-01 3.183554624999999786e-04
2.539352171099192867e-01 3.133977624999999701e-04
2.544430875441391349e-01 3.137310249999999902e-04
2.549519737192273983e-01 3.094824900000000233e-04
2.554618776666658375e-01 3.011877874999999583e-04
2.559728014219991854e-01 3.027709999999999646e-04
2.564847470248432515e-01 3.059957750000000341e-04
2.569977165188929158e-01 3.041645000000000590e-04
2.575117119519306774e-01 3.018076900000000269e-04
2.580267353758345372e-01 3.006571500000000154e-04
2.585427888465862134e-01 2.921044249999999896e-04
2.590598744242793572e-01 2.906952125000000125e-04
2.595779941731279905e-01 3.008336624999999797e-04
2.600971501614742221e-01 3.014808499999999851e-04
2.606173444617971846e-01 2.916197625000000035e-04
2.611385791507207510e-01 2.956403999999999825e-04
2.616608563090221939e-01 3.016211750000000235e-04
2.621841780216402351e-01 2.986300374999999912e-04
2.627085463776834828e-01 2.973577999999999942e-04
2.632339634704388698e-01 3.076460624999999825e-04
2.637604313973797576e-01 3.087351750000000370e-04
2.642879522601745412e-01 3.031219374999999947e-04
2.648165281646948088e-01 3.052650125000000436e-04
2.653461612210242238e-01 3.116991900000000253e-04
2.658768535434662961e-01 3.112520375000000475e-04
2.664086072505532643e-01 3.173851749999999491e-04
2.669414244650543111e-01 3.263814125000000232e-04
2.674753073139844450e-01 3.264709599999999958e-04
2.680102579286124387e-01 3.284902499999999980e-04
2.685462784444696549e-01 3.400620499999999877e-04
2.690833710013585955e-01 3.483314625000000046e-04
2.696215377433612836e-01 3.448919000000000377e-04
2.701607808188479787e-01 3.502532899999999481e-04
2.707011023804857253e-01 3.641626124999999521e-04
2.712425045852466798e-01 3.710373999999999790e-04
2.717849895944172145e-01 3.739508000000000111e-04
2.723285595736060216e-01 3.821739125000000147e-04
2.728732166927532177e-01 3.933502499999999699e-04
2.734189631261387810e-01 4.039890375000000102e-04
2.739658010523910447e-01 4.211797125000000131e-04
2.745137326544958567e-01 4.336636124999999767e-04
2.750627601198047945e-01 4.356887000000000151e-04
2.756128856400444360e-01 4.538660300000000236e-04
2.761641114113245199e-01 4.673506625000000119e-04
2.767164396341471599e-01 4.819829624999999972e-04
2.772698725134154496e-01 4.926224750000000136e-04
2.778244122584422882e-01 5.101235874999999510e-04
2.783800610829592070e-01 5.322425699999999357e-04
2.789368212051250850e-01 5.537825374999999712e-04
2.794946948475353632e-01 5.723479999999999757e-04
2.800536842372304269e-01 5.887126250000000206e-04
2.806137916057048765e-01 6.223465374999999876e-04
2.811750191889162975e-01 6.458978100000001103e-04
2.817373692272941987e-01 6.924149000000000102e-04
2.823008439657487822e-01 7.133681625000000328e-04
2.828654456536803252e-01 7.418863625000000472e-04
2.834311765449876730e-01 7.503175249999999817e-04
2.839980388980776205e-01 8.049016400000000553e-04
2.845660349758737939e-01 8.510826125000000133e-04
2.851351670458255327e-01 8.943065249999999477e-04
2.857054373799171598e-01 9.394674875000000400e-04
2.862768482546770299e-01 9.719362124999999771e-04
2.868494019511863558e-01 1.027153700000000072e-03
2.874231007550887562e-01 1.079495374999999997e-03
2.879979469565989714e-01 1.164401749999999843e-03
2.885739428505121884e-01 1.224736250000000009e-03
2.891510907362132010e-01 1.294891500000000008e-03
2.897293929176856242e-01 1.379424000000000188e-03
2.903088517035209426e-01 1.443320374999999909e-03
2.908894694069280029e-01 1.513702249999999885e-03
2.914712483457418957e-01 1.619028624999999891e-03
2.920541908424333366e-01 1.749074600000000189e-03
2.926382992241182146e-01 1.832837874999999894e-03
2.932235758225664735e-01 1.949663374999999936e-03
2.938100229742116043e-01 2.100424000000000041e-03
2.943976430201600269e-01 2.201199624999999709e-03
2.949864383062003048e-01 2.347443299999999941e-03
2.955764111828127483e-01 2.556625374999999672e-03
2.961675640051783520e-01 2.738225000000000381e-03
2.967598991331887315e-01 2.886891750000000409e-03
2.973534189314551157e-01 3.099872750000000083e-03
2.979481257693180618e-01 3.381177899999999840e-03
2.985440220208566697e-01 3.616903250000000174e-03
2.991411100648984078e-01 3.851658749999999597e-03
2.997393922850282166e-01 4.212763750000000050e-03
3.003388710695982233e-01 4.470106500000000337e-03
3.009395488117374562e-01 4.862639800000000470e-03
3.015414279093609484e-01 5.363771374999999619e-03
3.021445107651796746e-01 5.644737375000000168e-03
3.027487997867099878e-01 6.147457375000000071e-03
3.033542973862833891e-01 6.756123999999999637e-03
3.039610059810559650e-01 7.151700100000000018e-03
3.045689279930180460e-01 7.750266249999999447e-03
3.051780658490040876e-01 8.653648749999999501e-03
3.057884219807021076e-01 9.227176874999999667e-03
3.063999988246635664e-01 9.603466750000001079e-03
3.070127988223129156e-01 1.061886519999999910e-02
3.076268244199575896e-01 1.183381450000000126e-02
3.082420780687974982e-01 1.226907987499999825e-02
3.088585622249351292e-01 1.282713599999999940e-02
3.094762793493849307e-01 1.418600199999999964e-02
3.100952319080837460e-01 1.535518375000000102e-02
3.107154223718998631e-01 1.611821249999999955e-02
3.113368532166437275e-01 1.668222125000000042e-02
3.119595269230769907e-01 1.839068875000000186e-02
3.125834459769231133e-01 2.017857900000000204e-02
3.132086128688770232e-01 2.080414499999999611e-02
3.138350300946147753e-01 2.106682749999999604e-02
3.144627001548039313e-01 2.356598750000000325e-02
3.150916255551135525e-01 2.470867250000000070e-02
3.157218088062238026e-01 2.434929900000000480e-02
3.163532524238362176e-01 2.692151749999999871e-02
3.169859589286838641e-01 2.784576874999999951e-02
3.176199308465412763e-01 2.745004750000000146e-02
3.182551707082343917e-01 2.938307124999999659e-02
3.188916810496508214e-01 3.235153400000000123e-02
3.195294644117501193e-01 3.111932624999999564e-02
3.201685233405736630e-01 3.111218874999999856e-02
3.208088603872547573e-01 3.475739749999999517e-02
3.214504781080292917e-01 3.680295124999999334e-02
3.220933790642453443e-01 3.455410200000000320e-02
3.227375658223737842e-01 3.435334249999999479e-02
3.233830409540185413e-01 3.852209874999999728e-02
3.240298070359265425e-01 4.057964375000000512e-02
3.246778666499984256e-01 3.871199499999999905e-02
3.253272223832984200e-01 3.764842000000000188e-02
3.259778768280650052e-01 4.060426125000000247e-02
3.266298325817211246e-01 4.303324874999999577e-02
3.272830922468845660e-01 4.207755000000000523e-02
3.279376584313783427e-01 4.003581124999999741e-02
3.285935337482410734e-01 4.189216699999999405e-02
3.292507208157375853e-01 4.479427874999999948e-02
3.299092222573690725e-01 4.507986124999999178e-02
3.305690407018838095e-01 4.308055624999999889e-02
3.312301787832875322e-01 4.233023125000000275e-02
3.318926391408540955e-01 4.463752399999999787e-02
3.325564244191357988e-01 4.618969749999999458e-02
3.332215372679740994e-01 4.564107124999999821e-02
3.338879803425100490e-01 4.380352875000000090e-02
3.345557563031950621e-01 4.545429100000000083e-02
3.352248678158014084e-01 4.668067874999999589e-02
3.358953175514330369e-01 4.686484124999999723e-02
3.365671081865359016e-01 4.606591499999999895e-02
3.372402424029089518e-01 4.512830125000000248e-02
3.379147228877147358e-01 4.582735599999999965e-02
3.385905523334902245e-01 4.681207249999999598e-02
3.392677334381571930e-01 4.680526375000000627e-02
3.399462689050334330e-01 4.631920125000000416e-02
3.406261614428435225e-01 4.613141875000000003e-02
3.413074137657292062e-01 4.683885200000000026e-02
3.419900285932606643e-01 4.696384124999999909e-02
3.426740086504471705e-01 4.689768499999999452e-02
3.433593566677480835e-01 4.662860875000000155e-02
3.440460753810836159e-01 4.612842375000000134e-02
3.447341675318457699e-01 4.636884999999999618e-02
3.454236358669094398e-01 4.658614875000000044e-02
3.461144831386432363e-01 4.657785750000000002e-02
3.468067121049205337e-01 4.657912875000000397e-02
3.475003255291303494e-01 4.639265000000000055e-02
3.481953261801886135e-01 4.649584699999999293e-02
3.488917168325489926e-01 4.647294874999999964e-02
3.495895002662141038e-01 4.635819750000000350e-02
3.502886792667465610e-01 4.629766999999999910e-02
3.509892566252800217e-01 4.621685124999999617e-02
3.516912351385305668e-01 4.595181300000000107e-02
3.523946176088076365e-01 4.597187249999999670e-02
3.530994068440251876e-01 4.593915999999999972e-02
3.538056056577132402e-01 4.590342499999999770e-02
3.545132168690287022e-01 4.584244249999999687e-02
3.552222433027667492e-01 4.572995200000000426e-02
3.559326877893722596e-01 4.564617625000000345e-02
3.566445531649510281e-01 4.554494250000000466e-02
3.573578422712808678e-01 4.544569000000000386e-02
3.580725579558234339e-01 4.536038300000000412e-02
3.587887030717350489e-01 4.527218250000000777e-02
3.595062804778785814e-01 4.515360874999999746e-02
3.602252930388343266e-01 4.507861374999999615e-02
3.609457436249119411e-01 4.503534874999999549e-02
3.616676351121618227e-01 4.498077200000000220e-02
3.623909703823861017e-01 4.490662249999999994e-02
3.631157523231508533e-01 4.485129499999999936e-02
3.638419838277971996e-01 4.479802125000000024e-02
3.645696677954528009e-01 4.473184125000000122e-02
3.652988071310436791e-01 4.465437399999999668e-02
3.660294047453057642e-01 4.458860750000000206e-02
3.667614635547964408e-01 4.453418625000000325e-02
3.674949864819060386e-01 4.447756249999999800e-02
3.682299764548698229e-01 4.441570000000000240e-02
3.689664364077795966e-01 4.434442600000000623e-02
3.697043692805951354e-01 4.427843750000000356e-02
3.704437780191563445e-01 4.420207375000000105e-02
3.711846655751946944e-01 4.411821875000000032e-02
3.719270349063450443e-01 4.403553875000000561e-02
3.726708889761577437e-01 4.394111000000000544e-02
3.734162307541100123e-01 4.384327999999999836e-02
3.741630632156182079e-01 4.375709875000000082e-02
3.749113893420494836e-01 4.367461000000000260e-02
3.756612121207335564e-01 4.359248624999999960e-02
3.764125345449750304e-01 4.349570799999999404e-02
3.771653596140650544e-01 4.338230875000000097e-02
3.779196903332932012e-01 4.332167124999999896e-02
3.786755297139597909e-01 4.323826624999999729e-02
3.794328807733876596e-01 4.315256624999999624e-02
3.801917465349344827e-01 4.306718700000000677e-02
3.809521300280043210e-01 4.299516999999999922e-02
3.817140342880603332e-01 4.293205625000000303e-02
3.824774623566364884e-01 4.286898000000000097e-02
3.832424172813497787e-01 4.279790699999999615e-02
3.840089021159124316e-01 4.272748499999999561e-02
3.847769199201442891e-01 4.266537249999999976e-02
3.855464737599845759e-01 4.260327625000000229e-02
3.863175667075045561e-01 4.254110749999999441e-02
3.870902018409195788e-01 4.247102199999999717e-02
3.878643822446014022e-01 4.240107499999999641e-02
3.886401110090906830e-01 4.233918124999999644e-02
3.894173912311088559e-01 4.227799125000000074e-02
3.901962260135710681e-01 4.221372375000000121e-02
3.909766184655981691e-01 4.213076100000000268e-02
3.917585717025293679e-01 4.205560374999999657e-02
3.925420888459344448e-01 4.198376125000000125e-02
3.933271730236262975e-01 4.187966624999999582e-02
3.941138273696735417e-01 4.184240875000000415e-02
3.949020550244128902e-01 4.176246799999999704e-02
3.956918591344616987e-01 4.168374874999999924e-02
3.964832428527306218e-01 4.160682000000000269e-02
3.972762093384361037e-01 4.154230500000000159e-02
3.980707617571129786e-01 4.143597624999999923e-02
3.988669032806272385e-01 4.139310400000000001e-02
3.996646370871884679e-01 4.131548250000000033e-02
4.004639663613628331e-01 4.125453249999999628e-02
4.012648942940855168e-01 4.118963875000000024e-02
4.020674240826737078e-01 4.111436749999999862e-02
4.028715589308390355e-01 4.103893000000000124e-02
4.036773020487006702e-01 4.095246375000000105e-02
4.044846566527980913e-01 4.088938749999999900e-02
4.052936259661036877e-01 4.082158874999999854e-02
4.061042132180359143e-01 4.075330624999999596e-02
4.069164216444720039e-01 4.067948100000000344e-02
4.077302544877609569e-01 4.059564124999999468e-02
4.085457149967364754e-01 4.053993124999999420e-02
4.093628064267299527e-01 4.047514500000000404e-02
4.101815320395834075e-01 4.041048750000000161e-02
4.110018951036625845e-01 4.033164500000000624e-02
4.118238988938699441e-01 4.025316500000000047e-02
4.126475466916577073e-01 4.018871000000000249e-02
4.134728417850409565e-01 4.012633999999999646e-02
4.142997874686110693e-01 4.004488200000000386e-02
4.151283870435482637e-01 3.998654499999999834e-02
4.159586438176353651e-01 3.992560500000000290e-02
4.167905611052706849e-01 3.983465749999999528e-02
4.176241422274811765e-01 3.978694499999999717e-02
4.184593905119361468e-01 3.971250999999999948e-02
4.192963092929599678e-01 3.961497499999999672e-02
4.201349019115458994e-01 3.956384250000000158e-02
4.209751717153689676e-01 3.950062374999999820e-02
4.218171220587997317e-01 3.943862874999999601e-02
4.226607563029173287e-01 3.936929499999999860e-02
4.235060778155231298e-01 3.929712750000000088e-02
4.243530899711541737e-01 3.923327875000000298e-02
4.252017961510964894e-01 3.916471625000000206e-02
4.260521997433986963e-01 3.908756124999999970e-02
4.269043041428854934e-01 3.902210600000000085e-02
4.277581127511712600e-01 3.895282625000000276e-02
4.286136289766736551e-01 3.889831875000000078e-02
4.294708562346269964e-01 3.884123750000000042e-02
4.303297979470962487e-01 3.878201500000000301e-02
4.311904575429904574e-01 3.871098700000000226e-02
4.320528384580764047e-01 3.863947874999999754e-02
4.329169441349925429e-01 3.857767625000000505e-02
4.337827780232624830e-01 3.851323749999999851e-02
4.346503435793090397e-01 3.844829125000000236e-02
4.355196442664676648e-01 3.837748000000000548e-02
4.363906835550006025e-01 3.830938375000000201e-02
4.372634649221106007e-01 3.824528124999999890e-02
4.381379918519547889e-01 3.818133374999999746e-02
4.390142678356587225e-01 3.811271000000000103e-02
4.398922963713300383e-01 3.803808000000000189e-02
4.407720809640727211e-01 3.794918500000000333e-02
4.416536251260008150e-01 3.768224374999999682e-02
4.425369323762528007e-01 3.777711749999999868e-02
4.434220062410053065e-01 3.769354899999999980e-02
4.443088502534873196e-01 3.765691250000000045e-02
4.451974679539942858e-01 3.759534124999999727e-02
4.460878628899022647e-01 3.750742624999999636e-02
4.469800386156820293e-01 3.752789499999999862e-02
4.478739986929134442e-01 3.747809399999999652e-02
4.487697466902992316e-01 3.740282250000000197e-02
4.496672861836799040e-01 3.732644999999999713e-02
4.505666207560472536e-01 3.725526249999999706e-02
4.514677539975593401e-01 3.719155749999999983e-02
4.523706895055544797e-01 3.712934500000000110e-02
4.532754308845656221e-01 3.706875625000000118e-02
4.541819817463347286e-01 3.701849125000000740e-02
4.550903457098274263e-01 3.694839750000000062e-02
4.560005264012471082e-01 3.689048125000000261e-02
4.569125274540495885e-01 3.679645000000000138e-02
4.578263525089577013e-01 3.670794125000000074e-02
4.587420052139756232e-01 3.661789249999999885e-02
4.596594892244035835e-01 3.652719374999999907e-02
4.605788082028524077e-01 3.644531125000000094e-02
4.614999658192581178e-01 3.636502599999999474e-02
4.624229657508966418e-01 3.630510624999999658e-02
4.633478116823984694e-01 3.626940374999999828e-02
4.642745073057632510e-01 3.623714499999999838e-02
4.652030563203747304e-01 3.620481999999999867e-02
4.661334624330154552e-01 3.614998400000000306e-02
4.670657293578814873e-01 3.606988124999999795e-02
4.679998608165972795e-01 3.599328999999999723e-02
4.689358605382304424e-01 3.587377999999999401e-02
4.698737322593069532e-01 3.583278874999999697e-02
4.708134797238255342e-01 3.577157300000000095e-02
4.717551066832731399e-01 3.570980875000000221e-02
4.726986168966397228e-01 3.565948124999999969e-02
4.736440141304329998e-01 3.560668374999999969e-02
4.745913021586939395e-01 3.553326125000000335e-02
4.755404847630113063e-01 3.543107200000000095e-02
4.764915657325373699e-01 3.531117624999999260e-02
4.774445488640024493e-01 3.519860625000000021e-02
4.783994379617304560e-01 3.508060625000000016e-02
4.793562368376539373e-01 3.495724100000000001e-02
4.803149493113292312e-01 3.485024624999999432e-02
4.812755792099518981e-01 3.477669125000000527e-02
4.822381303683718201e-01 3.471744250000000087e-02
4.832026066291085775e-01 3.468189750000000293e-02
4.841690118423668254e-01 3.464491100000000046e-02
4.851373498660515038e-01 3.464221624999999638e-02
4.861076245657836026e-01 3.463786750000000247e-02
4.870798398149152053e-01 3.457535124999999709e-02
4.880539994945450322e-01 3.458183624999999761e-02
4.890301074935341497e-01 3.452017899999999806e-02
4.900081677085211806e-01 3.444666750000000000e-02
4.909881840439382916e-01 3.439482874999999495e-02
4.919701604120261251e-01 3.431644999999999834e-02
4.929541007328501756e-01 3.428064624999999782e-02
4.939400089343158884e-01 3.422263500000000125e-02
4.949278889521845359e-01 3.415236374999999769e-02
4.959177447300888719e-01 3.408150000000000068e-02
4.969095802195490075e-01 3.400522874999999806e-02
4.979033993799881208e-01 3.391436625000000121e-02
4.988992061787480559e-01 3.379665199999999647e-02
4.998970045911055315e-01 3.366367499999999707e-02
5.008967986002876849e-01 3.354171999999999709e-02
5.018985921974883357e-01 3.325261499999999926e-02
5.029023893818832525e-01 3.326059374999999763e-02
5.039081941606470272e-01 3.305568899999999921e-02
5.049160105489682859e-01 3.301851624999999762e-02
5.059258425700663420e-01 3.296353500000000214e-02
5.069376942552064058e-01 3.267213499999999798e-02
5.079515696437167938e-01 3.291353625000000005e-02
5.089674727830042489e-01 3.289095300000000055e-02
5.099854077285701504e-01 3.290453999999999601e-02
5.110053785440273888e-01 3.276052624999999802e-02
5.120273893011153543e-01 3.282742749999999904e-02
5.130514440797175890e-01 3.273102299999999798e-02
5.140775469678771081e-01 3.266505750000000402e-02
5.151057020618128313e-01 3.259606500000000046e-02
5.161359134659364578e-01 3.252886249999999840e-02
5.171681852928683432e-01 3.246801500000000285e-02
5.182025216634540410e-01 3.240387800000000401e-02
5.192389267067809566e-01 3.233577249999999847e-02
5.202774045601945563e-01 3.226986000000000437e-02
5.213179593693149094e-01 3.218749375000000412e-02
5.223605952880534531e-01 3.208542874999999878e-02
5.234053164786296453e-01 3.195571900000000742e-02
5.244521271115868410e-01 3.181182125000000388e-02
5.255010313658099452e-01 3.170898625000000137e-02
5.265520334285416215e-01 3.159325999999999801e-02
5.276051374953987239e-01 3.148139750000000098e-02
5.286603477703895049e-01 3.135443100000000205e-02
5.297176684659302692e-01 3.121722999999999859e-02
5.307771038028621380e-01 3.110427500000000067e-02
5.318386580104679240e-01 3.103603500000000001e-02
5.329023353264887852e-01 3.095516875000000126e-02
5.339681399971416553e-01 3.090330600000000191e-02
5.350360762771360079e-01 3.086966874999999902e-02
5.361061484296902879e-01 3.084363250000000251e-02
5.371783607265496752e-01 3.082251125000000022e-02
5.382527174480027377e-01 3.078907250000000040e-02
5.393292228828987511e-01 3.073180299999999851e-02
5.404078813286645744e-01 3.062344750000000129e-02
5.414886970913218578e-01 3.010379249999999701e-02
5.425716744855044738e-01 3.048211624999999994e-02
5.436568178344756141e-01 3.035455875000000331e-02
5.447441314701444437e-01 3.027768499999999863e-02
5.458336197330847517e-01 3.015638749999999951e-02
5.469252869725509392e-01 3.018201499999999954e-02
5.480191375464960046e-01 3.013163875000000186e-02
5.491151758215888634e-01 3.007622600000000104e-02
5.502134061732321113e-01 3.001930249999999745e-02
5.513138329855785669e-01 2.996146499999999963e-02
5.524164606515497011e-01 2.989876874999999878e-02
5.535212935728528461e-01 2.983284125000000217e-02
5.546283361599984030e-01 2.975893300000000130e-02
5.557375928323184944e-01 2.967675500000000258e-02
5.568490680179830621e-01 2.959945874999999824e-02
5.579627661540189631e-01 2.951301874999999811e-02
5.590786916863270672e-01 2.941467375000000189e-02
5.601968490696997982e-01 2.928669900000000284e-02
5.613172427678392307e-01 2.913996750000000246e-02
5.624398772533748536e-01 2.902384249999999735e-02
5.635647570078816671e-01 2.891204499999999733e-02
5.646918865218973904e-01 2.881235749999999998e-02
5.658212702949412254e-01 2.872262100000000373e-02
5.669529128355310643e-01 2.863948374999999991e-02
5.680868186612021420e-01 2.854787999999999770e-02
5.692229922985245771e-01 2.829573699999999789e-02
5.703614382831215801e-01 2.838854525000000101e-02
5.715021611596877715e-01 2.829304570000000518e-02
5.726451654820071679e-01 2.809591262500000380e-02
5.737904558129711674e-01 2.815907650000000137e-02
5.749380367245970902e-01 2.812421849999999918e-02
5.760879127980462755e-01 2.805971512500000237e-02
5.772400886236424000e-01 2.809260049999999509e-02
5.783945688008896857e-01 2.803163012499999829e-02
5.795513579384914404e-01 2.809819775000000144e-02
5.807104606543684877e-01 2.811302425000000021e-02
5.818718815756771523e-01 2.815086912500000191e-02
5.830356253388285781e-01 2.816277999999999837e-02
5.842016965895062697e-01 2.814053700000000019e-02
5.853700999826851881e-01 2.816191837499999739e-02
5.865408401826505136e-01 2.816034025000000232e-02
5.877139218630158535e-01 2.823303337500000093e-02
5.888893497067417826e-01 2.739342219999999981e-02
5.900671284061553834e-01 2.730523537500000042e-02
5.912472626629676764e-01 2.804372662500000113e-02
5.924297571882934932e-01 2.789301937499999787e-02
5.936146167026701281e-01 2.762251569999999920e-02
5.948018459360754351e-01 2.568876750000000098e-02
5.959914496279475893e-01 2.775917637499999979e-02
5.971834325272035171e-01 2.769151237500000126e-02
5.983777993922578808e-01 2.742708724999999917e-02
5.995745549910425076e-01 2.746081390000000219e-02
6.007737041010245971e-01 2.732335912499999839e-02
6.019752515092265943e-01 2.749585637500000235e-02
6.031792020122450637e-01 2.746397787499999660e-02
6.043855604162695627e-01 2.741039199999999870e-02
6.055943315371020708e-01 2.746844970000000136e-02
6.068055202001763071e-01 2.749689624999999624e-02
6.080191312405766046e-01 2.753953600000000335e-02
6.092351695030577829e-01 2.758691500000000005e-02
6.104536398420639109e-01 2.763623325000000297e-02
6.116745471217479579e-01 2.768725529999999796e-02
6.128978962159914445e-01 2.773254287499999846e-02
6.141236920084234274e-01 2.777072300000000063e-02
6.153519393924402614e-01 2.779869387499999886e-02
6.165826432712251393e-01 2.782006987499999889e-02
6.178158085577676317e-01 2.784274290000000179e-02
6.190514401748832274e-01 2.786378600000000150e-02
6.202895430552329836e-01 2.787391287499999676e-02
6.215301221413433996e-01 2.788336200000000181e-02
6.227731823856261784e-01 2.789166900000000088e-02
6.240187287503973224e-01 2.789043789999999870e-02
6.252667662078981170e-01 2.786893049999999983e-02
6.265172997403138933e-01 2.786549112500000258e-02
6.277703343397945668e-01 2.582195612499999654e-02
6.290258750084741779e-01 2.773510200000000106e-02
6.302839267584912086e-01 2.783913499999999402e-02
6.315444946120081227e-01 2.768857175000000170e-02
6.328075836012321265e-01 2.798062775000000058e-02
6.340731987684345983e-01 2.804013537499999709e-02
6.353413451659715161e-01 2.809127010000000285e-02
6.366120278563034418e-01 2.813491350000000071e-02
6.378852519120159492e-01 2.818219412500000062e-02
6.391610224158400522e-01 2.819931600000000205e-02
6.404393444606717445e-01 2.828751012500000522e-02
6.417202231495930942e-01 2.834711709999999940e-02
6.430036635958922275e-01 2.837694075000000288e-02
6.442896709230840901e-01 2.839563700000000135e-02
6.455782502649303201e-01 2.844295000000000156e-02
6.468694067654601199e-01 2.842868237500000006e-02
6.481631455789910179e-01 2.806408070000000407e-02
6.494594718701489633e-01 2.799682449999999975e-02
6.507583908138891982e-01 2.842027549999999805e-02
6.520599075955170187e-01 2.834601662499999786e-02
6.533640274107079815e-01 2.840500849999999869e-02
6.546707554655294414e-01 2.858017629999999587e-02
6.559800969764604250e-01 2.675583637500000139e-02
6.572920571704133907e-01 2.864026012500000065e-02
6.586066412847542129e-01 2.851073474999999899e-02
6.599238545673237200e-01 2.869015150000000028e-02
6.612437022764583450e-01 2.871044779999999685e-02
6.625661896810113305e-01 2.867211412500000195e-02
6.638913220603732679e-01 2.874395912499999942e-02
6.652191047044940797e-01 2.877546237500000145e-02
6.665495429139030037e-01 2.880515537500000223e-02
6.678826419997307973e-01 2.884032049999999889e-02
6.692184072837303876e-01 2.886524525000000105e-02
6.705568440982978551e-01 2.888092075000000050e-02
6.718979577864944153e-01 2.889414200000000113e-02
6.732417537020674025e-01 2.890260850000000298e-02
6.745882372094715862e-01 2.891725959999999832e-02
6.759374136838904867e-01 2.893598850000000250e-02
6.772892885112582473e-01 2.895809537499999947e-02
6.786438670882807278e-01 2.898184437500000293e-02
6.800011548224572655e-01 2.900302950000000282e-02
6.813611571321021021e-01 2.900449850000000329e-02
6.827238794463663663e-01 2.901212262500000097e-02
6.840893272052590568e-01 2.900849474999999886e-02
6.854575058596696913e-01 2.899756850000000108e-02
6.868284208713890671e-01 2.305312371000000152e-02
6.882020777131317990e-01 2.815898862499999905e-02
6.895784818685580797e-01 2.121728630874999966e-02
6.909576388322952178e-01 2.835658149999999850e-02
6.923395541099597317e-01 2.498318845000000246e-02
6.937242332181796645e-01 2.794324999999999934e-02
6.951116816846160118e-01 2.892491062500000126e-02
6.965019050479852591e-01 2.901339587500000039e-02
6.978949088580812532e-01 2.791741749999999966e-02
6.992906986757974064e-01 2.888038175000000318e-02
7.006892800731490123e-01 2.865978829999999908e-02
7.020906586332953392e-01 2.899780037500000046e-02
7.034948399505618344e-01 2.907262912499999907e-02
7.049018296304629949e-01 2.826011162499999715e-02
7.063116332897239058e-01 2.905049537500000237e-02
7.077242565563033327e-01 2.890169349999999887e-02
7.091397050694159265e-01 2.909535175000000154e-02
7.105579844795547606e-01 2.888014800000000132e-02
7.119791004485138686e-01 2.898556850000000296e-02
7.134030586494108928e-01 2.902174287500000269e-02
7.148298647667097327e-01 2.887172730000000034e-02
7.162595244962430829e-01 2.771990374999999673e-02
7.176920435452356362e-01 2.627612987499999483e-02
7.191274276323260661e-01 2.645934662500000131e-02
7.205656824875906752e-01 2.578646700000000042e-02
7.220068138525659318e-01 2.876619459999999948e-02
7.234508274802710082e-01 2.783986775000000385e-02
7.248977291352315389e-01 2.688201787500000065e-02
7.263475245935020475e-01 2.687781312500000380e-02
7.278002196426889281e-01 2.225361747500000098e-02
7.292558200819743153e-01 2.779500749999999978e-02
7.307143317221382883e-01 2.400804705000000178e-02
7.321757603855825192e-01 2.725148937500000007e-02
7.336401119063536980e-01 2.793995800000000085e-02
7.351073921301664038e-01 2.836769930000000023e-02
7.365776069144267524e-01 2.896576212499999900e-02
7.380507621282555997e-01 2.900502724999999560e-02
7.395268636525120787e-01 2.879777500000000115e-02
7.410059173798171361e-01 2.907013362499999767e-02
7.424879292145767362e-01 2.905924130000000008e-02
7.439729050730057303e-01 2.833788962499999772e-02
7.454608508831517266e-01 2.863555562500000318e-02
7.469517725849180723e-01 2.901262262500000147e-02
7.484456761300879446e-01 2.899545612499999925e-02
7.499425674823481103e-01 2.891778320000000166e-02
7.514424526173126839e-01 2.900458424999999979e-02
7.529453375225474421e-01 2.899837350000000064e-02
7.544512281975925827e-01 2.903468287500000217e-02
7.559601306539878163e-01 2.904063850000000030e-02
7.574720509152956804e-01 2.903980150000000024e-02
7.589869950171262980e-01 2.766977112499999919e-02
7.605049690071605806e-01 1.766843615000000117e-02
7.620259789451748755e-01 1.738066597500000088e-02
7.635500309030651689e-01 2.116817835000000050e-02
7.650771309648712881e-01 2.449825230000000215e-02
7.666072852268009941e-01 2.615958662500000170e-02
7.681404997972545168e-01 2.730612474999999720e-02
7.696767807968490915e-01 2.883378774999999922e-02
7.712161343584428286e-01 2.899240750000000102e-02
7.727585666271596931e-01 2.896612609999999963e-02
7.743040837604140414e-01 2.883255912500000059e-02
7.758526919279349343e-01 2.893032975000000076e-02
7.774043973117907846e-01 2.890142500000000142e-02
7.789592061064143369e-01 2.887596487500000003e-02
7.805171245186270923e-01 2.883550520000000353e-02
7.820781587676643998e-01 2.887016825000000148e-02
7.836423150851996589e-01 2.885598662500000328e-02
7.852095997153700768e-01 2.885499399999999839e-02
7.867800189148008716e-01 2.862894870000000022e-02
7.883535789526303628e-01 2.884104012499999828e-02
7.899302861105357287e-01 2.813384987499999851e-02
7.915101466827567656e-01 2.865861762500000048e-02
7.930931669761223102e-01 2.886948824999999857e-02
7.946793533100744433e-01 2.890190990000000154e-02
7.962687120166946908e-01 2.832775699999999855e-02
7.978612494407281153e-01 2.865288875000000096e-02
7.994569719396096286e-01 2.854550725000000108e-02
8.010558858834887497e-01 2.864326662500000023e-02
8.026579976552556950e-01 2.648095054999999656e-02
8.042633136505661362e-01 2.785536800000000188e-02
8.058718402778672907e-01 2.870414187499999853e-02
8.074835839584230124e-01 2.866956262499999880e-02
8.090985511263398822e-01 2.860499024999999668e-02
8.107167482285926319e-01 2.847738569999999636e-02
8.123381817250497905e-01 2.857033937499999995e-02
8.139628580884998854e-01 2.676079837499999864e-02
8.155907838046769776e-01 2.761433812499999862e-02
8.172219653722863075e-01 2.794438075000000091e-02
8.188564093030309410e-01 2.255650804100000142e-02
8.204941221216369707e-01 2.669578337500000051e-02
8.221351103658802728e-01 2.778801062499999808e-02
8.237793805866120422e-01 2.787088187499999967e-02
8.254269393477852157e-01 2.325579268749999873e-02
8.270777932264807841e-01 2.777944290000000302e-02
8.287319488129337719e-01 2.574176641250000216e-02
8.303894127105596601e-01 2.795663875000000201e-02
8.320501915359808098e-01 2.804866750000000256e-02
8.337142919190527746e-01 2.772719325000000054e-02
8.353817205028908344e-01 2.847792899999999905e-02
8.370524839438966413e-01 2.844457074999999849e-02
8.387265889117843098e-01 2.856823187499999903e-02
8.404040420896079500e-01 2.839421874999999845e-02
8.420848501737872027e-01 2.862416699999999550e-02
8.437690198741347736e-01 2.857178359999999750e-02
8.454565579138830778e-01 2.869756899999999916e-02
8.471474710297107746e-01 2.868281624999999974e-02
8.488417659717701902e-01 2.863777862499999882e-02
8.505394495037137403e-01 2.855699780000000437e-02
8.522405284027212424e-01 2.838081762499999883e-02
8.539450094595266716e-01 2.848268187499999882e-02
8.556528994784455833e-01 2.856857149999999720e-02
8.573642052774025357e-01 2.861711449999999879e-02
8.590789336879574023e-01 2.861508039999999947e-02
8.607970915553332381e-01 2.862855474999999664e-02
8.625186857384439243e-01 2.861423087499999698e-02
8.642437231099207029e-01 2.864372512499999829e-02
8.659722105561405980e-01 2.863363724999999638e-02
8.677041549772528395e-01 2.863617800000000171e-02
8.694395632872073953e-01 2.861313550000000108e-02
8.711784424137818394e-01 2.855859649999999833e-02
8.729207992986094400e-01 2.863523687499999748e-02
8.746666408972065820e-01 2.863430399999999931e-02
8.764159741790010782e-01 2.860541910000000132e-02
8.781688061273591472e-01 2.862563562499999964e-02
8.799251437396138353e-01 2.845347412499999590e-02
8.816849940270929942e-01 2.802049524999999930e-02
8.834483640151471473e-01 2.843914087500000118e-02
8.852152607431775788e-01 2.850891910000000196e-02
8.869856912646638669e-01 2.836084537500000238e-02
8.887596626471931938e-01 2.837729349999999762e-02
8.905371819724876570e-01 2.847874599999999923e-02
8.923182563364325803e-01 2.837419200000000294e-02
8.941028928491054906e-01 2.395348605000000020e-02
8.958910986348036509e-01 2.762397775000000055e-02
8.976828808320732600e-01 2.706154150000000119e-02
8.994782465937374294e-01 2.717393975000000073e-02
9.012772030869248274e-01 2.763244725000000082e-02
9.030797574930986560e-01 2.767885960000000117e-02
9.048859170080848502e-01 2.813186887500000385e-02
9.066956888421009442e-01 2.765889412499999978e-02
9.085090802197851589e-01 2.720756415000000206e-02
9.103260983802247130e-01 2.208727986599999527e-02
9.121467505769851325e-01 2.633655600000000055e-02
9.139710440781392276e-01 2.565989058750000121e-02
9.157989861662954034e-01 2.017065259250000117e-02
9.176305841386280804e-01 2.469769052499999965e-02
9.194658453069053383e-01 2.716917959999999924e-02
9.213047769975191148e-01 2.641067674999999712e-02
9.231473865515140709e-01 2.812916687500000013e-02
9.249936813246171230e-01 2.473101338750000044e-02
9.268436686872664199e-01 2.739110087499999763e-02
9.286973560246409853e-01 2.354444502999999966e-02
9.305547507366902504e-01 2.531704281249999924e-02
9.324158602381635852e-01 2.427328621250000179e-02
9.342806919586399417e-01 2.233941308749999924e-02
9.361492533425572748e-01 2.533155738749999844e-02
9.380215518492422966e-01 1.171313345299999746e-02
9.398975949529408958e-01 2.351255991249999455e-02
9.417773901428466710e-01 1.989433277499999889e-02
9.436609449231323499e-01 1.732955393249999837e-02
9.455482668129786550e-01 2.291818456249999914e-02
9.474393633466045017e-01 2.514399559999999992e-02
9.493342420732977516e-01 1.717586464000000340e-02
9.512329105574443000e-01 2.166999068750000493e-02
9.531353763785591626e-01 2.546888981249999934e-02
9.550416471313163402e-01 1.820130181375000100e-02
9.569517304255790169e-01 1.978831255999999664e-02
9.588656338864300910e-01 2.362640704999999924e-02
9.607833651542030395e-01 2.572982599999999731e-02
9.627049318845114501e-01 2.481535810000000050e-02
9.646303417482804399e-01 2.662442887500000160e-02
9.665596024317769652e-01 2.572400332000000095e-02
9.684927216366405744e-01 2.442963911249999842e-02
9.704297070799138281e-01 2.597027625000000034e-02
9.723705664940736071e-01 2.699968437500000623e-02
9.743153076270618662e-01 2.530952125999999872e-02
9.762639382423159429e-01 2.457943236249999705e-02
9.782164661188006427e-01 2.631963712499999983e-02
9.801728990510382156e-01 2.742848449999999577e-02
9.821332448491403300e-01 2.748160437500000303e-02
9.840975113388386042e-01 2.792141249999999242e-02
9.860657063615162476e-01 2.703364962500000301e-02
9.880378377742392582e-01 2.807359175000000151e-02
9.900139134497877302e-01 2.757410574999999767e-02
9.919939412766873854e-01 2.722297024999999898e-02
9.939779291592407695e-01 2.807644500000000196e-02
9.959658850175592271e-01 2.815016937499999899e-02
9.979578167875942096e-01 2.818044237499999979e-02
9.999537324211694722e-01 2.813848549999999754e-02
1.001953639886011826e+00 2.808613862499999975e-02
1.003957547165783781e+00 2.783535849999999728e-02
1.005965462260115295e+00 2.816910749999999852e-02
1.007977393184635417e+00 2.816222912500000036e-02
1.009993347971004818e+00 2.804823725000000004e-02
1.012013334666946873e+00 2.816653087499999819e-02
1.014037361336280751e+00 2.817679209999999698e-02
1.016065436058953164e+00 2.818571512500000001e-02
1.018097566931071229e+00 2.819286374999999817e-02
1.020133762064933336e+00 2.776562912500000341e-02
1.022174029589063338e+00 2.802868074999999987e-02
1.024218377648241418e+00 2.821245340000000379e-02
1.026266814403537841e+00 2.822390975000000149e-02
1.028319348032344926e+00 2.817985275000000137e-02
1.030375986728409687e+00 2.821004575000000264e-02
1.032436738701866474e+00 2.823000725000000127e-02
1.034501612179270502e+00 2.823116089999999981e-02
1.036570615403628937e+00 2.822821987500000185e-02
1.038643756634436199e+00 2.822330674999999969e-02
1.040721044147705054e+00 2.821006562499999912e-02
1.042802486236000359e+00 2.820093025000000239e-02
1.044888091208472591e+00 2.819980199999999951e-02
1.046977867390889383e+00 2.819123862500000355e-02
1.049071823125671266e+00 2.817895649999999780e-02
1.051169966771922537e+00 2.816880162499999993e-02
1.053272306705466566e+00 2.815232710000000263e-02
1.055378851318877320e+00 2.812400200000000211e-02
1.057489609021515342e+00 2.809444049999999804e-02
1.059604588239558165e+00 2.804623362499999994e-02
1.061723797416037396e+00 2.805264812499999594e-02
1.063847245010869358e+00 2.805389800000000419e-02
1.065974939500891061e+00 2.762588450000000306e-02
1.068106889379893065e+00 2.801638974999999879e-02
1.070243103158652787e+00 2.796468174999999778e-02
1.072383589364970025e+00 2.808498287500000093e-02
1.074528356543700047e+00 2.809636220000000240e-02
1.076677413256787563e+00 2.806849850000000049e-02
1.078830768083300917e+00 2.818070425000000073e-02
1.080988429619467617e+00 2.795247374999999812e-02
1.083150406478706529e+00 2.817886312500000184e-02
1.085316707291664073e+00 2.740750009999999917e-02
1.087487340706247529e+00 2.818168649999999720e-02
1.089662315387660119e+00 2.797121499999999719e-02
1.091841640018435422e+00 2.743257425000000110e-02
1.094025323298472241e+00 2.794523724999999764e-02
1.096213373945069236e+00 2.784989030000000268e-02
1.098405800692959566e+00 2.792555725000000003e-02
1.100602612294345528e+00 2.763697387499999825e-02
1.102803817518934082e+00 2.681007275000000384e-02
1.105009425153971936e+00 2.693001887499999955e-02
1.107219444004279962e+00 2.548295370999999893e-02
1.109433882892288503e+00 2.255519612749999972e-02
1.111652750658073119e+00 2.642207521249999996e-02
1.113876056159389227e+00 2.102841653500000033e-02
1.116103808271708075e+00 1.672617094750000061e-02
1.118336015888251378e+00 2.159978347800000156e-02
1.120572687920027732e+00 1.737239074912500306e-02
1.122813833295867925e+00 1.864370426250000143e-02
1.125059460962459568e+00 1.936357644874999936e-02
1.127309579884384405e+00 1.480662785400000021e-02
1.129564199044153394e+00 2.076774762749999947e-02
1.131823327442241567e+00 2.578082450000000053e-02
1.134086974097126221e+00 1.179277991849999978e-02
1.136355148045320451e+00 2.340536284999999647e-02
1.138627858341410892e+00 2.459876666000000364e-02
1.140905114058093694e+00 2.369800395000000101e-02
1.143186924286210049e+00 2.390025922500000136e-02
1.145473298134782603e+00 2.380102364999999581e-02
1.147764244731052097e+00 2.429618911249999819e-02
1.150059773220514225e+00 2.398340299000000300e-02
1.152359892766955163e+00 2.291787088000000333e-02
1.154664612552489089e+00 1.853725184124999786e-02
1.156973941777594161e+00 2.432005171249999875e-02
1.159287889661149373e+00 2.631066862499999853e-02
1.161606465440471636e+00 2.616041953000000295e-02
1.163929678371352416e+00 1.542189155800000044e-02
1.166257537728095262e+00 2.599939462500000173e-02
1.168590052803551327e+00 2.499218171250000217e-02
1.170927232909158455e+00 2.509994689999999959e-02
1.173269087374976705e+00 2.704806670000000149e-02
1.175615625549726762e+00 2.651954787500000049e-02
1.177966856800826134e+00 2.616011285000000020e-02
1.180322790514427789e+00 2.754950475000000204e-02
1.182683436095456564e+00 2.530045299999999706e-02
1.185048802967647585e+00 2.620169509999999841e-02
1.187418900573582903e+00 2.518082801249999989e-02
1.189793738374729903e+00 2.721175712499999955e-02
1.192173325851479504e+00 2.709344149999999909e-02
1.194557672503182344e+00 2.543127166250000112e-02
1.196946787848188531e+00 2.419270279100000157e-02
1.199340681423884947e+00 2.564354205000000247e-02
1.201739362786732546e+00 2.633261337500000104e-02
1.204142841512306106e+00 2.501000625000000116e-02
1.206551127195330864e+00 2.732478875000000224e-02
1.208964229449721373e+00 2.748093230000000012e-02
1.211382157908620805e+00 2.702243724999999624e-02
1.213804922224438254e+00 2.728345762500000021e-02
1.216232532068886929e+00 2.735058762500000226e-02
1.218664997133024785e+00 2.709633640000000399e-02
1.221102327127290721e+00 2.484658337499999828e-02
1.223544531781545430e+00 2.656041525000000375e-02
1.225991620845108487e+00 2.756487862500000066e-02
1.228443604086798757e+00 2.759157037499999562e-02
1.230900491294972365e+00 2.728136179999999730e-02
1.233362292277562222e+00 2.741147912500000242e-02
1.235829016862117324e+00 2.770632274999999811e-02
1.238300674895841613e+00 2.770171075000000052e-02
1.240777276245633054e+00 2.762126862500000057e-02
1.243258830798124492e+00 2.769895559999999840e-02
1.245745348459720736e+00 2.767949749999999709e-02
1.248236839156640077e+00 2.763877149999999921e-02
1.250733312834953370e+00 2.764555775000000076e-02
1.253234779460623338e+00 2.760214924999999930e-02
1.255741249019544536e+00 2.756031189999999867e-02
1.258252731517583545e+00 2.749531125000000131e-02
1.260769236980618713e+00 2.706801787500000278e-02
1.263290775454580128e+00 2.720527262499999877e-02
1.265817357005489141e+00 2.689762974999999889e-02
1.268348991719500107e+00 2.007960106420000196e-02
1.270885689702939025e+00 2.298096010000000300e-02
1.273427461082345058e+00 2.711356287500000031e-02
1.275974316004509834e+00 2.742881062500000106e-02
1.278526264636518750e+00 2.746672312500000185e-02
1.281083317165791824e+00 2.727726639999999980e-02
1.283645483800123444e+00 2.768606737500000151e-02
1.286212774767723666e+00 2.770326987500000213e-02
1.288785200317259072e+00 2.760236199999999834e-02
1.291362770717893405e+00 2.751795787500000215e-02
1.293945496259329087e+00 2.729219219999999904e-02
1.296533387251847858e+00 2.660887862500000214e-02
1.299126454026351407e+00 2.729223087500000020e-02
1.301724706934404230e+00 2.608525270000000215e-02
1.304328156348272927e+00 2.711167590000000335e-02
1.306936812660969505e+00 2.306189541499999857e-02
1.309550686286291565e+00 2.316309204625000007e-02
1.312169787658864273e+00 2.684062949999999753e-02
1.314794127234181875e+00 1.919140809843749781e-02
1.317423715488650338e+00 2.579647307000000264e-02
1.320058562919627532e+00 2.417218743124999875e-02
1.322698680045466757e+00 2.546899924999999898e-02
1.325344077405557819e+00 2.566579097499999823e-02
1.327994765560368773e+00 2.453783040000000193e-02
1.330650755091489668e+00 2.037038387000000145e-02
1.333312056601672513e+00 1.953756237500000117e-02
1.335978680714875910e+00 2.502212610000000004e-02
1.338650638076305466e+00 2.502186437500000110e-02
1.341327939352458198e+00 2.346303687499999915e-02
1.344010595231163174e+00 1.591643091919999961e-02
1.346698616421625472e+00 1.231083874699999935e-02
1.349392013654468592e+00 9.160885866712499201e-03
1.352090797681777534e+00 1.932731189000000058e-02
1.354794979277141209e+00 1.356993525625000037e-02
1.357504569235695513e+00 1.248914123950000017e-02
1.360219578374167071e+00 1.049738271462499935e-02
1.362940017530915426e+00 1.117864481575000027e-02
1.365665897565977005e+00 1.182485209637500027e-02
1.368397229361109080e+00 4.586635476999999760e-03
1.371134023819831294e+00 7.862878588100001218e-03
1.373876291867470956e+00 9.395037754977499100e-03
1.376624044451205897e+00 1.202037857642499971e-02
1.379377292540108435e+00 8.313790555999999235e-03
1.382136047125188671e+00 8.337677523249998821e-03
1.384900319219438902e+00 1.105052478200000028e-02
1.387670119857877804e+00 1.139782293539999894e-02
1.390445460097593511e+00 1.617212861374999963e-02
1.393226351017788911e+00 1.347502894624999850e-02
1.396012803719824280e+00 1.093935856900000135e-02
1.398804829327263910e+00 6.104261042250000088e-03
1.401602438985918520e+00 6.999349352837500732e-03
1.404405643863890329e+00 1.050366920975000055e-02
1.407214455151617916e+00 1.202995573812500052e-02
1.410028884061921284e+00 1.381095378600000027e-02
1.412848941830045169e+00 9.397933770399999678e-03
1.415674639713705218e+00 9.652629487737500805e-03
1.418505988993132627e+00 6.326159900999999905e-03
1.421343000971118986e+00 1.380627195749999959e-02
1.424185686973061138e+00 1.285102795900000018e-02
1.427034058347007139e+00 1.231255791524999907e-02
1.429888126463701337e+00 1.504999124374999803e-02
1.432747902716628552e+00 7.846794021062499652e-03
1.435613398522062045e+00 1.263205183687499990e-02
1.438484625319106147e+00 1.222408455369999869e-02
1.441361594569744220e+00 1.442251481999999758e-02
1.444244317758883733e+00 1.476134017749999860e-02
1.447132806394401561e+00 1.698216209749999969e-02
1.450027072007190387e+00 1.437348163374999911e-02
1.452927126151204895e+00 1.312823866369999988e-02
1.455832980403507282e+00 1.254465846750000071e-02
1.458744646364314335e+00 1.367066340249999817e-02
1.461662135657042949e+00 1.124309947062500023e-02
1.464585459928356981e+00 1.636826933499999776e-02
1.467514630848213653e+00 1.585551066339999787e-02
1.470449660109910184e+00 1.415132169374999811e-02
1.473390559430129976e+00 1.253230483225000087e-02
1.476337340548990129e+00 1.820219458125000092e-02
1.479290015230088073e+00 1.492002305125000004e-02
1.482248595260548196e+00 1.855349634099999825e-02
1.485213092451069361e+00 1.859320253749999902e-02
1.488183518635971314e+00 1.960595541375000084e-02
1.491159885673243313e+00 1.696166234874999998e-02
1.494142205444589644e+00 1.798803747500000300e-02
1.497130489855478697e+00 2.122022460000000041e-02
1.500124750835189813e+00 2.102608612499999932e-02
1.503125000336860140e+00 2.030054517250000010e-02
1.506131250337534144e+00 2.227063525000000377e-02
1.509143512838209134e+00 2.248392360000000048e-02
1.512161799863885658e+00 1.973133754500000156e-02
1.515186123463613477e+00 2.222528373750000050e-02
1.518216495710540626e+00 2.328574287499999770e-02
1.521252928701961604e+00 2.336535837499999907e-02
1.524295434559365781e+00 2.312995600000000013e-02
1.527344025428484464e+00 2.360186574999999926e-02
1.530398713479341533e+00 2.407274799999999798e-02
1.533459510906300283e+00 2.387523162500000337e-02
1.536526429928112947e+00 2.417353762499999809e-02
1.539599482787969098e+00 2.408597930000000095e-02
1.542678681753545167e+00 2.438505775000000125e-02
1.545764039117052402e+00 2.450724987500000132e-02
1.548855567195286387e+00 2.471002075000000228e-02
1.551953278329677000e+00 2.446109250000000346e-02
1.555057184886336374e+00 2.487719099999999989e-02
1.558167299256108862e+00 2.492755274999999826e-02
1.561283633854621211e+00 2.501537999999999679e-02
1.564406201122330309e+00 2.513361825000000327e-02
1.567535013524575138e+00 2.490986087500000196e-02
1.570670083551624074e+00 2.385272201000000064e-02
1.573811423718727287e+00 2.338033875000000011e-02
1.576959046566164702e+00 2.433295762500000195e-02
1.580112964659297070e+00 2.517769487500000000e-02
1.583273190588615709e+00 2.540940800000000138e-02
1.586439736969792680e+00 2.489318049999999713e-02
1.589612616443732307e+00 2.545959262500000278e-02
1.592791841676620024e+00 2.507700262500000069e-02
1.595977425359973001e+00 2.563571350000000068e-02
1.599169380210692992e+00 2.552956287500000171e-02
1.602367718971114297e+00 2.476933379999999782e-02
1.605572454409056604e+00 2.521916500000000172e-02
1.608783599317874735e+00 2.542286674999999843e-02
1.612001166516510375e+00 2.562121137500000118e-02
1.615225168849543369e+00 2.592197170000000439e-02
1.618455619187242345e+00 2.596595349999999969e-02
1.621692530425617118e+00 2.603514850000000075e-02
1.624935915486468208e+00 2.600109249999999969e-02
1.628185787317441235e+00 2.611920087500000168e-02
1.631442158892076222e+00 2.561969360000000001e-02
1.634705043209860431e+00 2.600812337500000085e-02
1.637974453296279886e+00 2.568892462499999807e-02
1.641250402202872660e+00 2.467263999999999916e-02
1.644532903007278390e+00 2.528284449999999850e-02
1.647821968813293125e+00 2.597439029999999704e-02
1.651117612750919506e+00 2.290139187499999965e-02
1.654419847976421387e+00 2.566103562499999838e-02
1.657728687672374246e+00 2.610426249999999934e-02
1.661044145047719134e+00 2.621414387500000179e-02
1.664366233337814638e+00 2.417787404999999917e-02
1.667694965804490170e+00 2.615945862500000316e-02
1.671030355736099260e+00 2.633469512500000165e-02
1.674372416447571510e+00 2.459683587500000046e-02
1.677721161280466333e+00 2.617215150000000087e-02
1.681076603603027353e+00 2.615588259999999943e-02
1.684438756810233473e+00 2.625074375000000307e-02
1.687807634323853945e+00 2.623418912500000144e-02
1.691183249592501658e+00 2.533154474999999711e-02
1.694565616091686655e+00 2.630830387500000117e-02
1.697954747323870084e+00 2.604897800000000041e-02
1.701350656818517715e+00 2.577564137499999825e-02
1.704753358132154784e+00 2.579871599999999932e-02
1.708162864848419282e+00 2.520864287499999939e-02
1.711579190578115917e+00 2.619307487499999976e-02
1.715002348959272283e+00 2.592516400000000054e-02
1.718432353657190825e+00 2.549021087500000227e-02
1.721869218364505016e+00 2.438500058124999648e-02
1.725312956801233977e+00 2.568678062500000248e-02
1.728763582714836655e+00 2.441798099999999833e-02
1.732221109880266230e+00 2.547556939999999839e-02
1.735685552100026730e+00 2.541502912499999864e-02
1.739156923204226768e+00 2.547590512500000348e-02
1.742635237050635277e+00 2.476236767499999727e-02
1.746120507524736576e+00 2.444838355000000102e-02
1.749612748539786100e+00 2.536260699999999882e-02
1.753111974036865472e+00 2.550881637499999993e-02
1.756618197984939123e+00 2.443367550000000166e-02
1.760131434380908910e+00 2.521148812500000058e-02
1.763651697249670747e+00 2.450901779999999780e-02
1.767179000644169884e+00 2.447074946249999661e-02
1.770713358645458202e+00 2.485336712499999767e-02
1.774254785362749054e+00 2.372728336250000056e-02
1.777803294933474554e+00 1.748708713637499995e-02
1.781358901523341753e+00 2.407848835699999759e-02
1.784921619326388376e+00 1.978052643762499840e-02
1.788491462565041212e+00 2.423195176249999874e-02
1.792068445490171413e+00 2.143784504749999750e-02
1.795652582381151552e+00 2.274232304999999899e-02
1.799243887545913800e+00 2.078164236100000020e-02
1.802842375321005663e+00 1.991181359375000098e-02
1.806448060071647710e+00 2.004854112874999983e-02
1.810060956191791082e+00 1.315277847887499907e-02
1.813681078104174560e+00 1.246809460349999898e-02
1.817308440260382962e+00 1.188890477117400014e-02
1.820943057140903765e+00 8.685747879375000507e-03
1.824584943255185721e+00 1.940912751375000259e-02
1.828234113141696149e+00 1.809684074499999865e-02
1.831890581367979554e+00 7.295766963250000132e-03
1.835554362530715355e+00 1.133466182499999822e-02
1.839225471255776734e+00 1.150154704159999861e-02
1.842903922198288136e+00 6.744928580512499910e-03
1.846589730042684785e+00 1.013523454825000086e-02
1.850282909502769968e+00 7.924671405575000119e-03
1.853983475321775654e+00 1.119790828663000046e-02
1.857691442272419113e+00 9.372234662000000077e-03
1.861406825156963984e+00 8.913044593909999480e-03
1.865129638807277779e+00 7.315326735123749667e-03
1.868859898084892279e+00 3.930876001399999722e-03
1.872597617881062160e+00 7.409807698375000216e-03
1.876342813116824271e+00 8.027326158500000877e-03
1.880095498743057814e+00 7.447637476850000465e-03
1.883855689740544070e+00 1.060613489149999852e-02
1.887623401120025246e+00 9.863250136299999554e-03
1.891398647922265308e+00 2.772797112999999571e-03
1.895181445218109717e+00 7.885710798249999723e-03
1.898971808108545822e+00 6.613655867999999535e-03
1.902769751724763037e+00 8.667726550800001692e-03
1.906575291228212565e+00 6.307737555743899577e-03
1.910388441810669136e+00 8.141620664750000291e-03
1.914209218694290282e+00 7.093174177749999448e-03
1.918037637131678963e+00 8.066316466750000219e-03
1.921873712405942403e+00 8.057426763125000169e-03
1.925717459830754041e+00 7.292857082899999177e-03
1.929568894750415708e+00 3.330290846501249812e-03
1.933428032539916241e+00 7.523434183125000257e-03
1.937294888604996324e+00 8.866857618749999712e-03
1.941169478382206215e+00 9.076990287499999560e-03
1.945051817338970590e+00 8.968627562000000206e-03
1.948941920973648489e+00 9.664109632500000879e-03
1.952839804815595715e+00 7.350580762749999233e-03
1.956745484425226778e+00 5.348579079124999094e-03
1.960658975394077297e+00 9.200739825750000808e-03
1.964580293344865503e+00 8.168623471539999611e-03
1.968509453931555075e+00 5.031774797462500691e-03
1.972446472839417986e+00 1.052539105350000156e-02
1.976391365785096887e+00 1.243999992500000040e-02
1.980344148516667069e+00 1.133430896674999903e-02
1.984304836813700401e+00 1.278396720200000031e-02
1.988273446487327956e+00 1.273961437374999950e-02
1.992249993380302620e+00 1.398497166250000159e-02
1.996234493367063045e+00 1.307673033750000186e-02
2.000226962353797155e+00 1.092603615770000071e-02
