2.002000000000000168e-01 2.441089200000000087e-03
2.006004000000000120e-01 3.340982875000000126e-03
2.010016008000000132e-01 2.569324874999999973e-03
2.014036040016000118e-01 3.610083499999999779e-03
2.018064112096032425e-01 3.527839399999999764e-03
2.022100240320224285e-01 3.859391000000000210e-03
2.026144440800864976e-01 4.069923625000000135e-03
2.030196729682466894e-01 3.976425000000000445e-03
2.034257123141831602e-01 3.863987749999999756e-03
2.038325637388115341e-01 3.741611399999999858e-03
2.042402288662891752e-01 3.624484375000000102e-03
2.046487093240217381e-01 3.524769875000000052e-03
2.050580067426697739e-01 3.445733375000000105e-03
2.054681227561551138e-01 3.429762375000000064e-03
2.058790590016674471e-01 3.415238499999999865e-03
2.062908171196707885e-01 3.385765125000000150e-03
2.067033987539101392e-01 3.353660000000000061e-03
2.071168055514179263e-01 3.326555500000000307e-03
2.075310391625207751e-01 3.305628125000000059e-03
2.079461012408458098e-01 3.279333099999999328e-03
2.083619934433275089e-01 3.252133375000000170e-03
2.087787174302141446e-01 3.227873499999999764e-03
2.091962748650745829e-01 3.203155750000000104e-03
2.096146674148047229e-01 3.174216875000000077e-03
2.100338967496343523e-01 3.138113900000000407e-03
2.104539645431336148e-01 3.113485999999999945e-03
2.108748724722198931e-01 3.093020125000000078e-03
2.112966222171643316e-01 3.065478249999999821e-03
2.117192154615986643e-01 3.032968125000000403e-03
2.121426538925218486e-01 2.986584700000000266e-03
2.125669392003068925e-01 2.937339625000000287e-03
2.129920730787074890e-01 2.894376875000000127e-03
2.134180572248648988e-01 2.853043750000000024e-03
2.138448933393146401e-01 2.812191500000000080e-03
2.142725831259932878e-01 2.755298499999999946e-03
2.147011282922452469e-01 2.694553000000000139e-03
2.151305305488297459e-01 2.646084249999999805e-03
2.155607916099274157e-01 2.606560625000000058e-03
2.159919131931472558e-01 2.562760100000000332e-03
2.164238970195335454e-01 2.511370249999999617e-03
2.168567448135726161e-01 2.461235124999999919e-03
2.172904583031997627e-01 2.414314374999999672e-03
2.177250392198061546e-01 2.369430625000000165e-03
2.181604892982457744e-01 2.319789100000000086e-03
2.185968102768422461e-01 2.268899874999999976e-03
2.190340038973959125e-01 2.216269250000000180e-03
2.194720719051907187e-01 2.160848249999999804e-03
2.199110160490010957e-01 2.107041750000000074e-03
2.203508380810991207e-01 2.049951600000000148e-03
2.207915397572613181e-01 1.995325499999999787e-03
2.212331228367758196e-01 1.941658499999999923e-03
2.216755890824493869e-01 1.885353499999999939e-03
2.221189402606142949e-01 1.831864124999999822e-03
2.225631781411355203e-01 1.775778299999999877e-03
2.230083044974177642e-01 1.722289750000000150e-03
2.234543211064126123e-01 1.676700000000000152e-03
2.239012297486254466e-01 1.627760125000000165e-03
2.243490322081226895e-01 1.580003250000000048e-03
2.247977302725389648e-01 1.528726000000000000e-03
2.252473257330840362e-01 1.480319250000000208e-03
2.256978203845501907e-01 1.439532624999999982e-03
2.261492160253192885e-01 1.398338999999999962e-03
2.266015144573699513e-01 1.355091624999999779e-03
2.270547174862846962e-01 1.308566200000000224e-03
2.275088269212572623e-01 1.263715000000000107e-03
2.279638445750997722e-01 1.225495249999999925e-03
2.284197722642499762e-01 1.187296375000000031e-03
2.288766118087784962e-01 1.147372499999999972e-03
2.293343650323960425e-01 1.103833199999999879e-03
2.297930337624608521e-01 1.063268499999999979e-03
2.302526198299857663e-01 1.016304500000000163e-03
2.307131250696457525e-01 9.943632249999998125e-04
2.311745513197850377e-01 9.606388000000000427e-04
2.316369004224245742e-01 9.318018900000000267e-04
2.321001742232694509e-01 9.030619500000000317e-04
2.325643745717159705e-01 8.739348000000000949e-04
2.330295033208594213e-01 8.449752749999999649e-04
2.334955623275011272e-01 8.184318499999999625e-04
2.339625534521561634e-01 7.960913125000000168e-04
2.344304785590604623e-01 7.689827874999999747e-04
2.348993395161785847e-01 7.455075000000000243e-04
2.353691381952109363e-01 7.296810250000000447e-04
2.358398764716013452e-01 7.044779899999999585e-04
2.363115562245445278e-01 6.776538999999999393e-04
2.367841793369936387e-01 6.613504250000000386e-04
2.372577476956675979e-01 6.413108000000000263e-04
2.377322631910589457e-01 6.242889749999999769e-04
2.382077277174410590e-01 6.033703800000000993e-04
2.386841431728759511e-01 5.859893624999999370e-04
2.391615114592217095e-01 5.724237124999999359e-04
2.396398344821401571e-01 5.516303500000000132e-04
2.401191141511044291e-01 5.356066625000000577e-04
2.405993523794066058e-01 5.255029999999999727e-04
2.410805510841654287e-01 5.099548749999999360e-04
2.415627121863337390e-01 4.944462624999999834e-04
2.420458376107064158e-01 4.840346875000000118e-04
2.425299292859278144e-01 4.760906249999999730e-04
2.430149891444997046e-01 4.655005200000000213e-04
2.435010191227887089e-01 4.519870875000000241e-04
2.439880211610342686e-01 4.421087749999999691e-04
2.444759972033563322e-01 4.369857624999999666e-04
2.449649491977630433e-01 4.301390375000000224e-04
2.454548790961585680e-01 4.131007899999999998e-04
2.459457888543508663e-01 4.031325000000000099e-04
2.464376804320595749e-01 3.994083749999999874e-04
2.469305557929236949e-01 3.934550874999999956e-04
2.474244169045095587e-01 3.827077999999999817e-04
2.479192657383185727e-01 3.751911099999999735e-04
2.484151042697951839e-01 3.704170625000000223e-04
2.489119344783347898e-01 3.586176125000000315e-04
2.494097583472914548e-01 3.533581124999999983e-04
2.499085778639860422e-01 3.472910500000000230e-04
2.504083950197140140e-01 3.454737000000000259e-04
2.509092118097534518e-01 3.431819125000000058e-04
2.514110302333729119e-01 3.346498249999999702e-04
2.519138522938396685e-01 3.248554500000000239e-04
2.524176799984273467e-01 3.256357399999999791e-04
2.529225153584241936e-01 3.238376750000000097e-04
2.534283603891410719e-01 3.180673750000000220e-04
2.539352171099192867e-01 3.130681625000000063e-04
2.544430875441391349e-01 3.135186250000000395e-04
2.549519737192273983e-01 3.091953999999999840e-04
2.554618776666658375e-01 3.008316499999999982e-04
2.559728014219991854e-01 3.025818250000000191e-04
2.564847470248432515e-01 3.059306000000000351e-04
2.569977165188929158e-01 3.039618874999999764e-04
2.575117119519306774e-01 3.015581700000000273e-04
2.580267353758345372e-01 3.004077375000000199e-04
2.585427888465862134e-01 2.916755625000000580e-04
2.590598744242793572e-01 2.904344000000000326e-04
2.595779941731279905e-01 3.009326125000000036e-04
2.600971501614742221e-01 3.013807299999999743e-04
2.606173444617971846e-01 2.911967750000000153e-04
2.611385791507207510e-01 2.955091749999999573e-04
2.616608563090221939e-01 3.016358875000000532e-04
2.621841780216402351e-01 2.983962124999999985e-04
2.627085463776834828e-01 2.971962900000000391e-04
2.632339634704388698e-01 3.077996375000000397e-04
2.637604313973797576e-01 3.086908249999999838e-04
2.642879522601745412e-01 3.027927500000000089e-04
2.648165281646948088e-01 3.051993250000000326e-04
2.653461612210242238e-01 3.117315800000000007e-04
2.658768535434662961e-01 3.111654500000000110e-04
2.664086072505532643e-01 3.174329999999999947e-04
2.669414244650543111e-01 3.265696499999999744e-04
2.674753073139844450e-01 3.263892499999999854e-04
2.680102579286124387e-01 3.285051624999999875e-04
2.685462784444696549e-01 3.402718124999999606e-04
2.690833710013585955e-01 3.484982875000000265e-04
2.696215377433612836e-01 3.446659125000000072e-04
2.701607808188479787e-01 3.501825699999999882e-04
2.707011023804857253e-01 3.642669124999999572e-04
2.712425045852466798e-01 3.709940625000000001e-04
2.717849895944172145e-01 3.738059124999999891e-04
2.723285595736060216e-01 3.822585125000000240e-04
2.728732166927532177e-01 3.935071900000000253e-04
2.734189631261387810e-01 4.042823500000000138e-04
2.739658010523910447e-01 4.218760749999999823e-04
2.745137326544958567e-01 4.344604500000000019e-04
2.750627601198047945e-01 4.363522750000000251e-04
2.756128856400444360e-01 4.548712799999999950e-04
2.761641114113245199e-01 4.684332750000000725e-04
2.767164396341471599e-01 4.832904499999999800e-04
2.772698725134154496e-01 4.939801500000000345e-04
2.778244122584422882e-01 5.118931374999999111e-04
2.783800610829592070e-01 5.343327800000000202e-04
2.789368212051250850e-01 5.558464999999999847e-04
2.794946948475353632e-01 5.740172375000000436e-04
2.800536842372304269e-01 5.899477875000000600e-04
2.806137916057048765e-01 6.236093250000000147e-04
2.811750191889162975e-01 6.471314600000000134e-04
2.817373692272941987e-01 6.947874000000000150e-04
2.823008439657487822e-01 7.161314874999999544e-04
2.828654456536803252e-01 7.455877000000000511e-04
2.834311765449876730e-01 7.537008500000000159e-04
2.839980388980776205e-01 8.108904900000000852e-04
2.845660349758737939e-01 8.570769000000000000e-04
2.851351670458255327e-01 9.012583000000000443e-04
2.857054373799171598e-01 9.464934250000001104e-04
2.862768482546770299e-01 9.789497000000000303e-04
2.868494019511863558e-01 1.034758399999999908e-03
2.874231007550887562e-01 1.086477374999999992e-03
2.879979469565989714e-01 1.172361250000000105e-03
2.885739428505121884e-01 1.232906499999999930e-03
2.891510907362132010e-01 1.303432999999999892e-03
2.897293929176856242e-01 1.389064874999999940e-03
2.903088517035209426e-01 1.453110875000000052e-03
2.908894694069280029e-01 1.524396625000000016e-03
2.914712483457418957e-01 1.633492750000000099e-03
2.920541908424333366e-01 1.766807700000000035e-03
2.926382992241182146e-01 1.849365749999999989e-03
2.932235758225664735e-01 1.968317125000000178e-03
2.938100229742116043e-01 2.121993374999999772e-03
2.943976430201600269e-01 2.221120374999999841e-03
2.949864383062003048e-01 2.368135200000000013e-03
2.955764111828127483e-01 2.579528999999999676e-03
2.961675640051783520e-01 2.758496749999999643e-03
2.967598991331887315e-01 2.900542750000000350e-03
2.973534189314551157e-01 3.106140999999999763e-03
2.979481257693180618e-01 3.374741500000000283e-03
2.985440220208566697e-01 3.590649000000000011e-03
2.991411100648984078e-01 3.804535375000000184e-03
2.997393922850282166e-01 4.135304499999999106e-03
3.003388710695982233e-01 4.357027625000000834e-03
3.009395488117374562e-01 4.696027900000000060e-03
3.015414279093609484e-01 5.120819500000000149e-03
3.021445107651796746e-01 5.345419500000000296e-03
3.027487997867099878e-01 5.767429374999999067e-03
3.033542973862833891e-01 6.267196375000000722e-03
3.039610059810559650e-01 6.564430899999999444e-03
3.045689279930180460e-01 7.050290749999999461e-03
3.051780658490040876e-01 7.804261125000000639e-03
3.057884219807021076e-01 8.254414124999999783e-03
3.063999988246635664e-01 8.532444125000000074e-03
3.070127988223129156e-01 9.409031499999999729e-03
3.076268244199575896e-01 1.046897049999999905e-02
3.082420780687974982e-01 1.079897025000000135e-02
3.088585622249351292e-01 1.129100624999999913e-02
3.094762793493849307e-01 1.257710700000000056e-02
3.100952319080837460e-01 1.368079374999999973e-02
3.107154223718998631e-01 1.438121124999999952e-02
3.113368532166437275e-01 1.492931249999999987e-02
3.119595269230769907e-01 1.710212500000000274e-02
3.125834459769231133e-01 1.922167699999999951e-02
3.132086128688770232e-01 1.974072749999999932e-02
3.138350300946147753e-01 1.994877500000000192e-02
3.144627001548039313e-01 2.315716874999999841e-02
3.150916255551135525e-01 2.436980374999999852e-02
3.157218088062238026e-01 2.361157200000000081e-02
3.163532524238362176e-01 2.704189625000000263e-02
3.169859589286838641e-01 2.807559250000000312e-02
3.176199308465412763e-01 2.722240374999999879e-02
3.182551707082343917e-01 2.989074500000000328e-02
3.188916810496508214e-01 3.399485199999999901e-02
3.195294644117501193e-01 3.179236375000000364e-02
3.201685233405736630e-01 3.165224249999999684e-02
3.208088603872547573e-01 3.696223875000000103e-02
3.214504781080292917e-01 3.965820500000000193e-02
3.220933790642453443e-01 3.597107700000000408e-02
3.227375658223737842e-01 3.568038874999999999e-02
3.233830409540185413e-01 4.190574749999999987e-02
3.240298070359265425e-01 4.457225624999999747e-02
3.246778666499984256e-01 4.143231749999999602e-02
3.253272223832984200e-01 3.986589800000000378e-02
3.259778768280650052e-01 4.428308999999999718e-02
3.266298325817211246e-01 4.767967500000000469e-02
3.272830922468845660e-01 4.586396749999999828e-02
3.279376584313783427e-01 4.276802625000000052e-02
3.285935337482410734e-01 4.584918200000000221e-02
3.292507208157375853e-01 4.990661874999999942e-02
3.299092222573690725e-01 4.995085625000000168e-02
3.305690407018838095e-01 4.695525625000000064e-02
3.312301787832875322e-01 4.597066750000000646e-02
3.318926391408540955e-01 4.940470400000000067e-02
3.325564244191357988e-01 5.140908374999999392e-02
3.332215372679740994e-01 5.062059750000000302e-02
3.338879803425100490e-01 4.796911499999999967e-02
3.345557563031950621e-01 5.043647599999999398e-02
3.352248678158014084e-01 5.199262125000000956e-02
3.358953175514330369e-01 5.223753874999999963e-02
3.365671081865359016e-01 5.112857375000000315e-02
3.372402424029089518e-01 4.976868624999999935e-02
3.379147228877147358e-01 5.080430800000000635e-02
3.385905523334902245e-01 5.222022999999999943e-02
3.392677334381571930e-01 5.230472624999999570e-02
3.399462689050334330e-01 5.163404750000000210e-02
3.406261614428435225e-01 5.131610625000000009e-02
3.413074137657292062e-01 5.230023200000000205e-02
3.419900285932606643e-01 5.252664749999999549e-02
3.426740086504471705e-01 5.251849000000000101e-02
3.433593566677480835e-01 5.217531875000000485e-02
3.440460753810836159e-01 5.136083250000000183e-02
3.447341675318457699e-01 5.179090299999999925e-02
3.454236358669094398e-01 5.223057499999998743e-02
3.461144831386432363e-01 5.230310500000000251e-02
3.468067121049205337e-01 5.228541250000000307e-02
3.475003255291303494e-01 5.197989499999999818e-02
3.481953261801886135e-01 5.218839600000000495e-02
3.488917168325489926e-01 5.223242499999999205e-02
3.495895002662141038e-01 5.216664499999999760e-02
3.502886792667465610e-01 5.210984374999999558e-02
3.509892566252800217e-01 5.199446750000000228e-02
3.516912351385305668e-01 5.163286299999999412e-02
3.523946176088076365e-01 5.175710000000000033e-02
3.530994068440251876e-01 5.176869624999999586e-02
3.538056056577132402e-01 5.174091625000000472e-02
3.545132168690287022e-01 5.167648625000000051e-02
3.552222433027667492e-01 5.155795300000000358e-02
3.559326877893722596e-01 5.149681250000000265e-02
3.566445531649510281e-01 5.141724125000000228e-02
3.573578422712808678e-01 5.133473125000000137e-02
3.580725579558234339e-01 5.125533100000000120e-02
3.587887030717350489e-01 5.116633750000000591e-02
3.595062804778785814e-01 5.103027499999999300e-02
3.602252930388343266e-01 5.098179125000000533e-02
3.609457436249119411e-01 5.097770124999999319e-02
3.616676351121618227e-01 5.095709699999999287e-02
3.623909703823861017e-01 5.091781499999999822e-02
3.631157523231508533e-01 5.089073874999999747e-02
3.638419838277971996e-01 5.086342000000000640e-02
3.645696677954528009e-01 5.082937374999999675e-02
3.652988071310436791e-01 5.078933299999999901e-02
3.660294047453057642e-01 5.075660875000000127e-02
3.667614635547964408e-01 5.072894374999999817e-02
3.674949864819060386e-01 5.069910625000000060e-02
3.682299764548698229e-01 5.066450875000000353e-02
3.689664364077795966e-01 5.062608199999999586e-02
3.697043692805951354e-01 5.059459374999999981e-02
3.704437780191563445e-01 5.053648874999999707e-02
3.711846655751946944e-01 5.046257999999999300e-02
3.719270349063450443e-01 5.038884625000000089e-02
3.726708889761577437e-01 5.030474699999999688e-02
3.734162307541100123e-01 5.021830000000000738e-02
3.741630632156182079e-01 5.014230375000000572e-02
3.749113893420494836e-01 5.006889499999999521e-02
3.756612121207335564e-01 4.999517250000000412e-02
3.764125345449750304e-01 4.990794299999999628e-02
3.771653596140650544e-01 4.980525500000000660e-02
3.779196903332932012e-01 4.975276249999999872e-02
3.786755297139597909e-01 4.967844874999999966e-02
3.794328807733876596e-01 4.960193250000000109e-02
3.801917465349344827e-01 4.953063399999999700e-02
3.809521300280043210e-01 4.948630500000000126e-02
3.817140342880603332e-01 4.944876125000000067e-02
3.824774623566364884e-01 4.941140000000000115e-02
3.832424172813497787e-01 4.936965000000000103e-02
3.840089021159124316e-01 4.932849624999999932e-02
3.847769199201442891e-01 4.929214999999999292e-02
3.855464737599845759e-01 4.925562499999999733e-02
3.863175667075045561e-01 4.921883875000000047e-02
3.870902018409195788e-01 4.917731999999999659e-02
3.878643822446014022e-01 4.913617999999999458e-02
3.886401110090906830e-01 4.909984500000000307e-02
3.894173912311088559e-01 4.906408250000000165e-02
3.901962260135710681e-01 4.902283125000000269e-02
3.909766184655981691e-01 4.895829399999999249e-02
3.917585717025293679e-01 4.890071625000000366e-02
3.925420888459344448e-01 4.884449625000000100e-02
3.933271730236262975e-01 4.876119125000000221e-02
3.941138273696735417e-01 4.873355750000000347e-02
3.949020550244128902e-01 4.867047499999999777e-02
3.956918591344616987e-01 4.860899250000000338e-02
3.964832428527306218e-01 4.855004375000000066e-02
3.972762093384361037e-01 4.849850875000000228e-02
3.980707617571129786e-01 4.840886499999999537e-02
3.988669032806272385e-01 4.838178199999999818e-02
3.996646370871884679e-01 4.832238750000000110e-02
4.004639663613628331e-01 4.827659125000000745e-02
4.012648942940855168e-01 4.822941124999999274e-02
4.020674240826737078e-01 4.817447874999999935e-02
4.028715589308390355e-01 4.811332999999999582e-02
4.036773020487006702e-01 4.804821125000000026e-02
4.044846566527980913e-01 4.799373499999999571e-02
4.052936259661036877e-01 4.793677125000000289e-02
4.061042132180359143e-01 4.787952499999999917e-02
4.069164216444720039e-01 4.782132599999999734e-02
4.077302544877609569e-01 4.775355750000000177e-02
4.085457149967364754e-01 4.771086500000000508e-02
4.093628064267299527e-01 4.766026749999999201e-02
4.101815320395834075e-01 4.760996625000000343e-02
4.110018951036625845e-01 4.754687800000000769e-02
4.118238988938699441e-01 4.748457124999999612e-02
4.126475466916577073e-01 4.743332000000000104e-02
4.134728417850409565e-01 4.738300749999999756e-02
4.142997874686110693e-01 4.731658100000000339e-02
4.151283870435482637e-01 4.727123124999999676e-02
4.159586438176353651e-01 4.722274625000000281e-02
4.167905611052706849e-01 4.715158249999999718e-02
4.176241422274811765e-01 4.711205125000000188e-02
4.184593905119361468e-01 4.705340499999999954e-02
4.192963092929599678e-01 4.697360624999999401e-02
4.201349019115458994e-01 4.693024625000000172e-02
4.209751717153689676e-01 4.687594875000000716e-02
4.218171220587997317e-01 4.682113249999999421e-02
4.226607563029173287e-01 4.675876500000000074e-02
4.235060778155231298e-01 4.669952750000000430e-02
4.243530899711541737e-01 4.664799375000000525e-02
4.252017961510964894e-01 4.659161750000000157e-02
4.260521997433986963e-01 4.652930249999999435e-02
4.269043041428854934e-01 4.647731100000000032e-02
4.277581127511712600e-01 4.641941000000000817e-02
4.286136289766736551e-01 4.637466499999999547e-02
4.294708562346269964e-01 4.632950749999999868e-02
4.303297979470962487e-01 4.628221999999999892e-02
4.311904575429904574e-01 4.622155699999999645e-02
4.320528384580764047e-01 4.615793625000000344e-02
4.329169441349925429e-01 4.610467999999999511e-02
4.337827780232624830e-01 4.605203374999999877e-02
4.346503435793090397e-01 4.600119999999999904e-02
4.355196442664676648e-01 4.594504199999999150e-02
4.363906835550006025e-01 4.588578249999999970e-02
4.372634649221106007e-01 4.582589624999999778e-02
4.381379918519547889e-01 4.576579749999999669e-02
4.390142678356587225e-01 4.570256124999999559e-02
4.398922963713300383e-01 4.562907300000000610e-02
4.407720809640727211e-01 4.554376000000000257e-02
4.416536251260008150e-01 4.531780749999999441e-02
4.425369323762528007e-01 4.538597499999999507e-02
4.434220062410053065e-01 4.531150000000000455e-02
4.443088502534873196e-01 4.528655125000000115e-02
4.451974679539942858e-01 4.524358000000000546e-02
4.460878628899022647e-01 4.518580749999999424e-02
4.469800386156820293e-01 4.520440875000000108e-02
4.478739986929134442e-01 4.516153100000000475e-02
4.487697466902992316e-01 4.509129750000000214e-02
4.496672861836799040e-01 4.501494624999999999e-02
4.505666207560472536e-01 4.494644250000000285e-02
4.514677539975593401e-01 4.489208875000000321e-02
4.523706895055544797e-01 4.483870300000000059e-02
4.532754308845656221e-01 4.478890374999999757e-02
4.541819817463347286e-01 4.474569375000000265e-02
4.550903457098274263e-01 4.467835250000000424e-02
4.560005264012471082e-01 4.461662250000000829e-02
4.569125274540495885e-01 4.451747500000000080e-02
4.578263525089577013e-01 4.441852124999999540e-02
4.587420052139756232e-01 4.431948875000001065e-02
4.596594892244035835e-01 4.422105625000000151e-02
4.605788082028524077e-01 4.412830499999999267e-02
4.614999658192581178e-01 4.404237500000000860e-02
4.624229657508966418e-01 4.399122249999999623e-02
4.633478116823984694e-01 4.397612250000000611e-02
4.642745073057632510e-01 4.396815125000000379e-02
4.652030563203747304e-01 4.395603624999999681e-02
4.661334624330154552e-01 4.391567599999999377e-02
4.670657293578814873e-01 4.383812000000000819e-02
4.679998608165972795e-01 4.374831875000000092e-02
4.689358605382304424e-01 4.362094250000000256e-02
4.698737322593069532e-01 4.356814499999999563e-02
4.708134797238255342e-01 4.350372799999999152e-02
4.717551066832731399e-01 4.344480875000000103e-02
4.726986168966397228e-01 4.340375250000000351e-02
4.736440141304329998e-01 4.335500999999999938e-02
4.745913021586939395e-01 4.327608250000000017e-02
4.755404847630113063e-01 4.315378500000000006e-02
4.764915657325373699e-01 4.300264250000000038e-02
4.774445488640024493e-01 4.285375125000000229e-02
4.783994379617304560e-01 4.269668249999999943e-02
4.793562368376539373e-01 4.252994200000000113e-02
4.803149493113292312e-01 4.238855500000000137e-02
4.812755792099518981e-01 4.230232500000000173e-02
4.822381303683718201e-01 4.224879624999999805e-02
4.832026066291085775e-01 4.223524000000000028e-02
4.841690118423668254e-01 4.224179200000000023e-02
4.851373498660515038e-01 4.227845999999999688e-02
4.861076245657836026e-01 4.230793000000000054e-02
4.870798398149152053e-01 4.227332624999999289e-02
4.880539994945450322e-01 4.227895000000000264e-02
4.890301074935341497e-01 4.221493199999999668e-02
4.900081677085211806e-01 4.213392250000000394e-02
4.909881840439382916e-01 4.206890250000000497e-02
4.919701604120261251e-01 4.199633250000000401e-02
4.929541007328501756e-01 4.196225125000000583e-02
4.939400089343158884e-01 4.190552199999999367e-02
4.949278889521845359e-01 4.183306624999999501e-02
4.959177447300888719e-01 4.174998000000000598e-02
4.969095802195490075e-01 4.164860249999999958e-02
4.979033993799881208e-01 4.152189124999999814e-02
4.988992061787480559e-01 4.135907700000000797e-02
4.998970045911055315e-01 4.117733375000000307e-02
5.008967986002876849e-01 4.100651500000000033e-02
5.018985921974883357e-01 4.069023624999999755e-02
5.029023893818832525e-01 4.063573249999999359e-02
5.039081941606470272e-01 4.040160100000000920e-02
5.049160105489682859e-01 4.033506250000000459e-02
5.059258425700663420e-01 4.026547999999999933e-02
5.069376942552064058e-01 4.003020500000000620e-02
5.079515696437167938e-01 4.025006249999999591e-02
5.089674727830042489e-01 4.025904800000000561e-02
5.099854077285701504e-01 4.030191999999999802e-02
5.110053785440273888e-01 4.021162750000000646e-02
5.120273893011153543e-01 4.023197999999999358e-02
5.130514440797175890e-01 4.012900499999999537e-02
5.140775469678771081e-01 4.003403125000000451e-02
5.151057020618128313e-01 3.994170749999999964e-02
5.161359134659364578e-01 3.985648124999999903e-02
5.171681852928683432e-01 3.978340625000000019e-02
5.182025216634540410e-01 3.970519399999999227e-02
5.192389267067809566e-01 3.962246875000000057e-02
5.202774045601945563e-01 3.953764249999999758e-02
5.213179593693149094e-01 3.942756124999999973e-02
5.223605952880534531e-01 3.928898749999999718e-02
5.234053164786296453e-01 3.911027499999999296e-02
5.244521271115868410e-01 3.890873250000000116e-02
5.255010313658099452e-01 3.875102375000000210e-02
5.265520334285416215e-01 3.857881249999999679e-02
5.276051374953987239e-01 3.840740875000000359e-02
5.286603477703895049e-01 3.821788000000000268e-02
5.297176684659302692e-01 3.803154375000000059e-02
5.307771038028621380e-01 3.789301875000000014e-02
5.318386580104679240e-01 3.779522125000000371e-02
5.329023353264887852e-01 3.770034750000000184e-02
5.339681399971416553e-01 3.764270200000000011e-02
5.350360762771360079e-01 3.761718624999999677e-02
5.361061484296902879e-01 3.760363125000000528e-02
5.371783607265496752e-01 3.758850874999999925e-02
5.382527174480027377e-01 3.756018250000000419e-02
5.393292228828987511e-01 3.749925300000000322e-02
5.404078813286645744e-01 3.736143499999999840e-02
5.414886970913218578e-01 3.691033750000000113e-02
5.425716744855044738e-01 3.715539124999999582e-02
5.436568178344756141e-01 3.699327125000000105e-02
5.447441314701444437e-01 3.689625299999999691e-02
5.458336197330847517e-01 3.676596374999999833e-02
5.469252869725509392e-01 3.674561875000000033e-02
5.480191375464960046e-01 3.668107999999999785e-02
5.491151758215888634e-01 3.661425399999999886e-02
5.502134061732321113e-01 3.654444250000000310e-02
5.513138329855785669e-01 3.647166125000000231e-02
5.524164606515497011e-01 3.639219875000000021e-02
5.535212935728528461e-01 3.630534500000000275e-02
5.546283361599984030e-01 3.619979200000000147e-02
5.557375928323184944e-01 3.607940874999999992e-02
5.568490680179830621e-01 3.596092249999999907e-02
5.579627661540189631e-01 3.582639875000000196e-02
5.590786916863270672e-01 3.567531624999999845e-02
5.601968490696997982e-01 3.548278700000000174e-02
5.613172427678392307e-01 3.526273750000000207e-02
5.624398772533748536e-01 3.508188624999999949e-02
5.635647570078816671e-01 3.491019000000000067e-02
5.646918865218973904e-01 3.475475624999999763e-02
5.658212702949412254e-01 3.460387699999999817e-02
5.669529128355310643e-01 3.446340875000000054e-02
5.680868186612021420e-01 3.432938374999999764e-02
5.692229922985245771e-01 3.407656250000000442e-02
5.703614382831215801e-01 3.408458174999999535e-02
5.715021611596877715e-01 3.393881680000000040e-02
5.726451654820071679e-01 3.369502312500000096e-02
5.737904558129711674e-01 3.373755575000000201e-02
5.749380367245970902e-01 3.368794425000000425e-02
5.760879127980462755e-01 3.362499474999999793e-02
5.772400886236424000e-01 3.365915579999999990e-02
5.783945688008896857e-01 3.364973599999999954e-02
5.795513579384914404e-01 3.369130887499999921e-02
5.807104606543684877e-01 3.375153524999999904e-02
5.818718815756771523e-01 3.385260912499999525e-02
5.830356253388285781e-01 3.393134130000000082e-02
5.842016965895062697e-01 3.397585725000000501e-02
5.853700999826851881e-01 3.403912824999999476e-02
5.865408401826505136e-01 3.409584487500000316e-02
5.877139218630158535e-01 3.418202937499999899e-02
5.888893497067417826e-01 3.364641089999999973e-02
5.900671284061553834e-01 3.334809537499999754e-02
5.912472626629676764e-01 3.402531537500000369e-02
5.924297571882934932e-01 3.386706600000000122e-02
5.936146167026701281e-01 3.351298830000000450e-02
5.948018459360754351e-01 3.220111225000000382e-02
5.959914496279475893e-01 3.358136162500000022e-02
5.971834325272035171e-01 3.343798112500000197e-02
5.983777993922578808e-01 3.320878049999999998e-02
5.995745549910425076e-01 3.315016560000000334e-02
6.007737041010245971e-01 3.305826650000000255e-02
6.019752515092265943e-01 3.310481137500000115e-02
6.031792020122450637e-01 3.308467637500000363e-02
6.043855604162695627e-01 3.308310012500000064e-02
6.055943315371020708e-01 3.314288740000000122e-02
6.068055202001763071e-01 3.321645587499999497e-02
6.080191312405766046e-01 3.330375137499999583e-02
6.092351695030577829e-01 3.340426475000000256e-02
6.104536398420639109e-01 3.350689137500000025e-02
6.116745471217479579e-01 3.361585219999999735e-02
6.128978962159914445e-01 3.372026462499999599e-02
6.141236920084234274e-01 3.380636362500000214e-02
6.153519393924402614e-01 3.387549100000000063e-02
6.165826432712251393e-01 3.393375349999999679e-02
6.178158085577676317e-01 3.399459599999999498e-02
6.190514401748832274e-01 3.404960612499999956e-02
6.202895430552329836e-01 3.408151312500000418e-02
6.215301221413433996e-01 3.409817812500000322e-02
6.227731823856261784e-01 3.411245987500000076e-02
6.240187287503973224e-01 3.411876280000000067e-02
6.252667662078981170e-01 3.411003812499999871e-02
6.265172997403138933e-01 3.411143362499999970e-02
6.277703343397945668e-01 3.047361887500000047e-02
6.290258750084741779e-01 3.393644587499999865e-02
6.302839267584912086e-01 3.408425769999999522e-02
6.315444946120081227e-01 3.390504587499999778e-02
6.328075836012321265e-01 3.441177650000000476e-02
6.340731987684345983e-01 3.454560812500000189e-02
6.353413451659715161e-01 3.468977129999999826e-02
6.366120278563034418e-01 3.483056937500000200e-02
6.378852519120159492e-01 3.495575787500000003e-02
6.391610224158400522e-01 3.505542325000000209e-02
6.404393444606717445e-01 3.520638937499999399e-02
6.417202231495930942e-01 3.531652760000000141e-02
6.430036635958922275e-01 3.540489012500000476e-02
6.442896709230840901e-01 3.546059537500000081e-02
6.455782502649303201e-01 3.555289362499999828e-02
6.468694067654601199e-01 3.558267924999999887e-02
6.481631455789910179e-01 3.527006589999999442e-02
6.494594718701489633e-01 3.534136449999999985e-02
6.507583908138891982e-01 3.567619962500000186e-02
6.520599075955170187e-01 3.566337512500000057e-02
6.533640274107079815e-01 3.573465149999999202e-02
6.546707554655294414e-01 3.593932019999999949e-02
6.559800969764604250e-01 3.482509575000000690e-02
6.572920571704133907e-01 3.607529387499999740e-02
6.586066412847542129e-01 3.603003112500000049e-02
6.599238545673237200e-01 3.619362062500000587e-02
6.612437022764583450e-01 3.624871650000000695e-02
6.625661896810113305e-01 3.627589537499999878e-02
6.638913220603732679e-01 3.634612549999999276e-02
6.652191047044940797e-01 3.640965900000000394e-02
6.665495429139030037e-01 3.647491149999999155e-02
6.678826419997307973e-01 3.655040920000000165e-02
6.692184072837303876e-01 3.661934725000000335e-02
6.705568440982978551e-01 3.667428000000000354e-02
6.718979577864944153e-01 3.672582075000000584e-02
6.732417537020674025e-01 3.676697262499999813e-02
6.745882372094715862e-01 3.681504869999999846e-02
6.759374136838904867e-01 3.686309274999999969e-02
6.772892885112582473e-01 3.690975675000000150e-02
6.786438670882807278e-01 3.695791349999999476e-02
6.800011548224572655e-01 3.700803209999999760e-02
6.813611571321021021e-01 3.704081837499999252e-02
6.827238794463663663e-01 3.706544574999999508e-02
6.840893272052590568e-01 3.708341775000000007e-02
6.854575058596696913e-01 3.709264737499999576e-02
6.868284208713890671e-01 2.935347919200000100e-02
6.882020777131317990e-01 3.496032024999999599e-02
6.895784818685580797e-01 2.649073371249999892e-02
6.909576388322952178e-01 3.588855625000000188e-02
6.923395541099597317e-01 3.054161387499999825e-02
6.937242332181796645e-01 3.631354830000000505e-02
6.951116816846160118e-01 3.722182624999999939e-02
6.965019050479852591e-01 3.730552812499999399e-02
6.978949088580812532e-01 3.663796962500000254e-02
6.992906986757974064e-01 3.722588237499999814e-02
7.006892800731490123e-01 3.698126780000000197e-02
7.020906586332953392e-01 3.741322475000000147e-02
7.034948399505618344e-01 3.751166412500000352e-02
7.049018296304629949e-01 3.692662899999999554e-02
7.063116332897239058e-01 3.750820637499999860e-02
7.077242565563033327e-01 3.741284000000000276e-02
7.091397050694159265e-01 3.756577162500000094e-02
7.105579844795547606e-01 3.740899100000000255e-02
7.119791004485138686e-01 3.748734000000000094e-02
7.134030586494108928e-01 3.752985137500000623e-02
7.148298647667097327e-01 3.737865270000000073e-02
7.162595244962430829e-01 3.690483800000000925e-02
7.176920435452356362e-01 3.524202349999999706e-02
7.191274276323260661e-01 3.476239724999999336e-02
7.205656824875906752e-01 3.375254224999999636e-02
7.220068138525659318e-01 3.732688090000000486e-02
7.234508274802710082e-01 3.634580212499999990e-02
7.248977291352315389e-01 3.534217187499999469e-02
7.263475245935020475e-01 3.616088424999999718e-02
7.278002196426889281e-01 3.225393844999999843e-02
7.292558200819743153e-01 3.639359409999999573e-02
7.307143317221382883e-01 3.484162998749999740e-02
7.321757603855825192e-01 3.644408337499999151e-02
7.336401119063536980e-01 3.667637287500000176e-02
7.351073921301664038e-01 3.712923090000000426e-02
7.365776069144267524e-01 3.767226725000000220e-02
7.380507621282555997e-01 3.769927300000000536e-02
7.395268636525120787e-01 3.751780162499999960e-02
7.410059173798171361e-01 3.775791424999999646e-02
7.424879292145767362e-01 3.774502849999999271e-02
7.439729050730057303e-01 3.743649225000000164e-02
7.454608508831517266e-01 3.756085049999999953e-02
7.469517725849180723e-01 3.767786387500000195e-02
7.484456761300879446e-01 3.766973662499999848e-02
7.499425674823481103e-01 3.762402559999999951e-02
7.514424526173126839e-01 3.771965324999999869e-02
7.529453375225474421e-01 3.774584849999999825e-02
7.544512281975925827e-01 3.779881175000000121e-02
7.559601306539878163e-01 3.781930975000000195e-02
7.574720509152956804e-01 3.783406740000000434e-02
7.589869950171262980e-01 3.615909487500000574e-02
7.605049690071605806e-01 1.488363748749999861e-02
7.620259789451748755e-01 1.313239858750000176e-02
7.635500309030651689e-01 1.908260962500000005e-02
7.650771309648712881e-01 2.849204159999999680e-02
7.666072852268009941e-01 3.063522187500000021e-02
7.681404997972545168e-01 3.507415625000000203e-02
7.696767807968490915e-01 3.770411749999999507e-02
7.712161343584428286e-01 3.781498650000000156e-02
7.727585666271596931e-01 3.778483130000000190e-02
7.743040837604140414e-01 3.768660762500000011e-02
7.758526919279349343e-01 3.772303262499999976e-02
7.774043973117907846e-01 3.768284912499999390e-02
7.789592061064143369e-01 3.764919512499999982e-02
7.805171245186270923e-01 3.761904829999999922e-02
7.820781587676643998e-01 3.765962900000000002e-02
7.836423150851996589e-01 3.766300412499999639e-02
7.852095997153700768e-01 3.769456462500000299e-02
7.867800189148008716e-01 3.753267600000000093e-02
7.883535789526303628e-01 3.771111900000000128e-02
7.899302861105357287e-01 3.699921700000000091e-02
7.915101466827567656e-01 3.761356149999999648e-02
7.930931669761223102e-01 3.776713550000000003e-02
7.946793533100744433e-01 3.780635689999999743e-02
7.962687120166946908e-01 3.731306337499999681e-02
7.978612494407281153e-01 3.754799575000000722e-02
7.994569719396096286e-01 3.744415375000000046e-02
8.010558858834887497e-01 3.755373712500000016e-02
8.026579976552556950e-01 3.647127541999999750e-02
8.042633136505661362e-01 3.716744787500000230e-02
8.058718402778672907e-01 3.768185374999999393e-02
8.074835839584230124e-01 3.763298550000000048e-02
8.090985511263398822e-01 3.755157274999999795e-02
8.107167482285926319e-01 3.740769290000000441e-02
8.123381817250497905e-01 3.749180950000000068e-02
8.139628580884998854e-01 3.632023899999999722e-02
8.155907838046769776e-01 3.683059062499999953e-02
8.172219653722863075e-01 3.676788924999999791e-02
8.188564093030309410e-01 3.291259196699999889e-02
8.204941221216369707e-01 3.515312874999999837e-02
8.221351103658802728e-01 3.667601262499999709e-02
8.237793805866120422e-01 3.684277624999999362e-02
8.254269393477852157e-01 3.232204166250000205e-02
8.270777932264807841e-01 3.662147489999999922e-02
8.287319488129337719e-01 3.432695163749999862e-02
8.303894127105596601e-01 3.704155637499999959e-02
8.320501915359808098e-01 3.711188087499999594e-02
8.337142919190527746e-01 3.703414000000000705e-02
8.353817205028908344e-01 3.755500979999999711e-02
8.370524839438966413e-01 3.752854650000000264e-02
8.387265889117843098e-01 3.761625349999999507e-02
8.404040420896079500e-01 3.750765512499999732e-02
8.420848501737872027e-01 3.760851400000000955e-02
8.437690198741347736e-01 3.751998919999999932e-02
8.454565579138830778e-01 3.767239199999999899e-02
8.471474710297107746e-01 3.765774162499999772e-02
8.488417659717701902e-01 3.759942937499999999e-02
8.505394495037137403e-01 3.752553809999999851e-02
8.522405284027212424e-01 3.732113587499999441e-02
8.539450094595266716e-01 3.743314812500000283e-02
8.556528994784455833e-01 3.750830749999999741e-02
8.573642052774025357e-01 3.754767750000000126e-02
8.590789336879574023e-01 3.755935649999999487e-02
8.607970915553332381e-01 3.758526899999999754e-02
8.625186857384439243e-01 3.759516187499999801e-02
8.642437231099207029e-01 3.762841137499999683e-02
8.659722105561405980e-01 3.763300687500000657e-02
8.677041549772528395e-01 3.764484129999998846e-02
8.694395632872073953e-01 3.763716549999999994e-02
8.711784424137818394e-01 3.762112725000000407e-02
8.729207992986094400e-01 3.765180775000000202e-02
8.746666408972065820e-01 3.765170425000000098e-02
8.764159741790010782e-01 3.763968250000000043e-02
8.781688061273591472e-01 3.764502075000000086e-02
8.799251437396138353e-01 3.750626887499999840e-02
8.816849940270929942e-01 3.728417212500000077e-02
8.834483640151471473e-01 3.741827374999999456e-02
8.852152607431775788e-01 3.746879040000000022e-02
8.869856912646638669e-01 3.727180674999999721e-02
8.887596626471931938e-01 3.731892412500000672e-02
8.905371819724876570e-01 3.743603375000000011e-02
8.923182563364325803e-01 3.736877337499999729e-02
8.941028928491054906e-01 3.517354955000000227e-02
8.958910986348036509e-01 3.665989699999998991e-02
8.976828808320732600e-01 3.609270099999999787e-02
8.994782465937374294e-01 3.624233575000000707e-02
9.012772030869248274e-01 3.654430287500000374e-02
9.030797574930986560e-01 3.663578480000000137e-02
9.048859170080848502e-01 3.707608387500000574e-02
9.066956888421009442e-01 3.658652350000000941e-02
9.085090802197851589e-01 3.590569301249999651e-02
9.103260983802247130e-01 3.248779089500000022e-02
9.121467505769851325e-01 3.561420767500000223e-02
9.139710440781392276e-01 3.446225278750000148e-02
9.157989861662954034e-01 3.124293332624999975e-02
9.176305841386280804e-01 3.520962750000000002e-02
9.194658453069053383e-01 3.642889209999999878e-02
9.213047769975191148e-01 3.569757999999999959e-02
9.231473865515140709e-01 3.718853437499999859e-02
9.249936813246171230e-01 3.470478812499999677e-02
9.268436686872664199e-01 3.658900612499999677e-02
9.286973560246409853e-01 3.436810104000000143e-02
9.305547507366902504e-01 3.489943298749999950e-02
9.324158602381635852e-01 3.265281623749999307e-02
9.342806919586399417e-01 2.971394213750000110e-02
9.361492533425572748e-01 3.391258548749999380e-02
9.380215518492422966e-01 2.001984833700000063e-02
9.398975949529408958e-01 3.200838584999999431e-02
9.417773901428466710e-01 2.768553471249999773e-02
9.436609449231323499e-01 2.398433985124999793e-02
9.455482668129786550e-01 3.147906691249999916e-02
9.474393633466045017e-01 3.336840835999999727e-02
9.493342420732977516e-01 2.712204551375000175e-02
9.512329105574443000e-01 3.109188281249999908e-02
9.531353763785591626e-01 3.416398713750000427e-02
9.550416471313163402e-01 2.704836434250000241e-02
9.569517304255790169e-01 2.805079313000000477e-02
9.588656338864300910e-01 3.236431682499999601e-02
9.607833651542030395e-01 3.472320976249999858e-02
9.627049318845114501e-01 3.223741460000000003e-02
9.646303417482804399e-01 3.548448600000000258e-02
9.665596024317769652e-01 3.416068105000000243e-02
9.684927216366405744e-01 3.452920074999999561e-02
9.704297070799138281e-01 3.526924487500000122e-02
9.723705664940736071e-01 3.611869762500000136e-02
9.743153076270618662e-01 3.413445791999999979e-02
9.762639382423159429e-01 3.470240390000000480e-02
9.782164661188006427e-01 3.506480487500000104e-02
9.801728990510382156e-01 3.618480899999999834e-02
9.821332448491403300e-01 3.633523675000000647e-02
9.840975113388386042e-01 3.674745830000000074e-02
9.860657063615162476e-01 3.644532812499999552e-02
9.880378377742392582e-01 3.680714437499999631e-02
9.900139134497877302e-01 3.657080674999999004e-02
9.919939412766873854e-01 3.658702799999999367e-02
9.939779291592407695e-01 3.684226229999999769e-02
9.959658850175592271e-01 3.688639787500000433e-02
9.979578167875942096e-01 3.692772412499999851e-02
9.999537324211694722e-01 3.690927000000000097e-02
1.001953639886011826e+00 3.688795375000000071e-02
1.003957547165783781e+00 3.666143180000000501e-02
1.005965462260115295e+00 3.697015474999999773e-02
1.007977393184635417e+00 3.697246175000000468e-02
1.009993347971004818e+00 3.686739587500000026e-02
1.012013334666946873e+00 3.697776362499999303e-02
1.014037361336280751e+00 3.700453240000000504e-02
1.016065436058953164e+00 3.703468749999999643e-02
1.018097566931071229e+00 3.706552050000000431e-02
1.020133762064933336e+00 3.673564575000000387e-02
1.022174029589063338e+00 3.699184712500000471e-02
1.024218377648241418e+00 3.712128680000000014e-02
1.026266814403537841e+00 3.713798912499999966e-02
1.028319348032344926e+00 3.710213012500000046e-02
1.030375986728409687e+00 3.714124950000000092e-02
1.032436738701866474e+00 3.716175850000000280e-02
1.034501612179270502e+00 3.718060079999999795e-02
1.036570615403628937e+00 3.719298812499999968e-02
1.038643756634436199e+00 3.719347187500000179e-02
1.040721044147705054e+00 3.718074612499999709e-02
1.042802486236000359e+00 3.718721775000000812e-02
1.044888091208472591e+00 3.718972360000000199e-02
1.046977867390889383e+00 3.718559287500000643e-02
1.049071823125671266e+00 3.716860337499999778e-02
1.051169966771922537e+00 3.717231637500000019e-02
1.053272306705466566e+00 3.718193100000000140e-02
1.055378851318877320e+00 3.717053137500000298e-02
1.057489609021515342e+00 3.715697862500000337e-02
1.059604588239558165e+00 3.712664450000000005e-02
1.061723797416037396e+00 3.713001787499999734e-02
1.063847245010869358e+00 3.711863430000000158e-02
1.065974939500891061e+00 3.624324899999999822e-02
1.068106889379893065e+00 3.710731100000000393e-02
1.070243103158652787e+00 3.694210387500000692e-02
1.072383589364970025e+00 3.714551987499999791e-02
1.074528356543700047e+00 3.716077229999999870e-02
1.076677413256787563e+00 3.712729549999999740e-02
1.078830768083300917e+00 3.720237400000000333e-02
1.080988429619467617e+00 3.703822762499999616e-02
1.083150406478706529e+00 3.718783637499999822e-02
1.085316707291664073e+00 3.665924180000000587e-02
1.087487340706247529e+00 3.718307324999999691e-02
1.089662315387660119e+00 3.695786725000000522e-02
1.091841640018435422e+00 3.633809187499999899e-02
1.094025323298472241e+00 3.707597412500000106e-02
1.096213373945069236e+00 3.697211920000000041e-02
1.098405800692959566e+00 3.691483862500000157e-02
1.100602612294345528e+00 3.664137299999999792e-02
1.102803817518934082e+00 3.591686175000000092e-02
1.105009425153971936e+00 3.614466262499999721e-02
1.107219444004279962e+00 3.516297570000000150e-02
1.109433882892288503e+00 3.279628486124999687e-02
1.111652750658073119e+00 3.581129512499999640e-02
1.113876056159389227e+00 3.106092249000000360e-02
1.116103808271708075e+00 2.561407708287500098e-02
1.118336015888251378e+00 3.032173716999999810e-02
1.120572687920027732e+00 2.440279936218749807e-02
1.122813833295867925e+00 2.434144331499999911e-02
1.125059460962459568e+00 2.719313565499999891e-02
1.127309579884384405e+00 1.960461199800000304e-02
1.129564199044153394e+00 2.802355878999999994e-02
1.131823327442241567e+00 3.459672087500000048e-02
1.134086974097126221e+00 1.938079346537500275e-02
1.136355148045320451e+00 3.127189178999999902e-02
1.138627858341410892e+00 3.238364099999999773e-02
1.140905114058093694e+00 3.096384665375000178e-02
1.143186924286210049e+00 3.288825617499999826e-02
1.145473298134782603e+00 3.327691437500000099e-02
1.147764244731052097e+00 3.064505248749999772e-02
1.150059773220514225e+00 3.185114900000000221e-02
1.152359892766955163e+00 3.161407437125000192e-02
1.154664612552489089e+00 2.810369148624999869e-02
1.156973941777594161e+00 3.302615492500000222e-02
1.159287889661149373e+00 3.494321224999999420e-02
1.161606465440471636e+00 3.468101610000000334e-02
1.163929678371352416e+00 2.946673564112499769e-02
1.166257537728095262e+00 3.455423237500000744e-02
1.168590052803551327e+00 3.422441537499999742e-02
1.170927232909158455e+00 3.422716293749999972e-02
1.173269087374976705e+00 3.521943599999999980e-02
1.175615625549726762e+00 3.501153900000000124e-02
1.177966856800826134e+00 3.409701212499999939e-02
1.180322790514427789e+00 3.568869087499999815e-02
1.182683436095456564e+00 3.297581907500000270e-02
1.185048802967647585e+00 3.399546321000000010e-02
1.187418900573582903e+00 3.363522875000000273e-02
1.189793738374729903e+00 3.540168087500000782e-02
1.192173325851479504e+00 3.523831424999999962e-02
1.194557672503182344e+00 3.324719799625000527e-02
1.196946787848188531e+00 3.353185277000000214e-02
1.199340681423884947e+00 3.386380356250000279e-02
1.201739362786732546e+00 3.435844675000000042e-02
1.204142841512306106e+00 3.187907484250000062e-02
1.206551127195330864e+00 3.541025400000000212e-02
1.208964229449721373e+00 3.562391280000000438e-02
1.211382157908620805e+00 3.520152600000000381e-02
1.213804922224438254e+00 3.543403487499999921e-02
1.216232532068886929e+00 3.551573762499999481e-02
1.218664997133024785e+00 3.519914919999999475e-02
1.221102327127290721e+00 3.080926762500000096e-02
1.223544531781545430e+00 3.519838675000000472e-02
1.225991620845108487e+00 3.582562962500000087e-02
1.228443604086798757e+00 3.581371475000000304e-02
1.230900491294972365e+00 3.575131639999999666e-02
1.233362292277562222e+00 3.578429875000000565e-02
1.235829016862117324e+00 3.593971350000000481e-02
1.238300674895841613e+00 3.595194162500000429e-02
1.240777276245633054e+00 3.594099975000000086e-02
1.243258830798124492e+00 3.597076089999999560e-02
1.245745348459720736e+00 3.596567787499999752e-02
1.248236839156640077e+00 3.595673900000000839e-02
1.250733312834953370e+00 3.595566349999999856e-02
1.253234779460623338e+00 3.592909987499999513e-02
1.255741249019544536e+00 3.586595520000000065e-02
1.258252731517583545e+00 3.582494375000000453e-02
1.260769236980618713e+00 3.500663137499999966e-02
1.263290775454580128e+00 3.502193150000000588e-02
1.265817357005489141e+00 3.402405237500000235e-02
1.268348991719500107e+00 2.298843063780000098e-02
1.270885689702939025e+00 3.028674662499999948e-02
1.273427461082345058e+00 3.463370974999999824e-02
1.275974316004509834e+00 3.571541462499999708e-02
1.278526264636518750e+00 3.560586424999999389e-02
1.281083317165791824e+00 3.502862319999999752e-02
1.283645483800123444e+00 3.592867912499999455e-02
1.286212774767723666e+00 3.592676887500000776e-02
1.288785200317259072e+00 3.581110562500000594e-02
1.291362770717893405e+00 3.577032749999999733e-02
1.293945496259329087e+00 3.564857240000000177e-02
1.296533387251847858e+00 3.492388600000000121e-02
1.299126454026351407e+00 3.551644137499999909e-02
1.301724706934404230e+00 3.486605204999999874e-02
1.304328156348272927e+00 3.521779129999999536e-02
1.306936812660969505e+00 3.191241445500000301e-02
1.309550686286291565e+00 3.235174541750000105e-02
1.312169787658864273e+00 3.496370537500000097e-02
1.314794127234181875e+00 2.676451820417500085e-02
1.317423715488650338e+00 3.399274940000000106e-02
1.320058562919627532e+00 3.275916503750000291e-02
1.322698680045466757e+00 3.362456224999999660e-02
1.325344077405557819e+00 3.341896961250000186e-02
1.327994765560368773e+00 3.177778478749999913e-02
1.330650755091489668e+00 2.768228763700000469e-02
1.333312056601672513e+00 2.777890315250000283e-02
1.335978680714875910e+00 3.192368938750000940e-02
1.338650638076305466e+00 3.188148037500000004e-02
1.341327939352458198e+00 3.075216913750000378e-02
1.344010595231163174e+00 2.526506712689999615e-02
1.346698616421625472e+00 2.006807726937499814e-02
1.349392013654468592e+00 1.701664052856249887e-02
1.352090797681777534e+00 2.498851592624999618e-02
1.354794979277141209e+00 1.883715055500000124e-02
1.357504569235695513e+00 1.841279097070000134e-02
1.360219578374167071e+00 1.485167378800000132e-02
1.362940017530915426e+00 1.618061956662500064e-02
1.365665897565977005e+00 1.685958804325000254e-02
1.368397229361109080e+00 9.682213004624998579e-03
1.371134023819831294e+00 1.021041373719999874e-02
1.373876291867470956e+00 1.215941761451625087e-02
1.376624044451205897e+00 1.745639598602249931e-02
1.379377292540108435e+00 1.438103044799999772e-02
1.382136047125188671e+00 1.288642734587500116e-02
1.384900319219438902e+00 1.528055125760000195e-02
1.387670119857877804e+00 1.737349630820000240e-02
1.390445460097593511e+00 2.073990079624999858e-02
1.393226351017788911e+00 1.587129320000000079e-02
1.396012803719824280e+00 1.397848253799999739e-02
1.398804829327263910e+00 1.143348992062499965e-02
1.401602438985918520e+00 1.183823876762499921e-02
1.404405643863890329e+00 1.536259408937499897e-02
1.407214455151617916e+00 1.422957046187500046e-02
1.410028884061921284e+00 1.770185383700000059e-02
1.412848941830045169e+00 1.448234325669999802e-02
1.415674639713705218e+00 1.347488390731249944e-02
1.418505988993132627e+00 1.459758014237499957e-02
1.421343000971118986e+00 1.792466780500000245e-02
1.424185686973061138e+00 1.703651880300000032e-02
1.427034058347007139e+00 1.698261432592499884e-02
1.429888126463701337e+00 1.772824708000000221e-02
1.432747902716628552e+00 1.003197115713749983e-02
1.435613398522062045e+00 1.480382962462500028e-02
1.438484625319106147e+00 1.489425901399999905e-02
1.441361594569744220e+00 1.655108713624999991e-02
1.444244317758883733e+00 1.869989589374999872e-02
1.447132806394401561e+00 1.861924276750000218e-02
1.450027072007190387e+00 1.650629518500000212e-02
1.452927126151204895e+00 1.578347515790000030e-02
1.455832980403507282e+00 1.838117545125000224e-02
1.458744646364314335e+00 1.707543971875000177e-02
1.461662135657042949e+00 1.742424455387499987e-02
1.464585459928356981e+00 1.722393801499999891e-02
1.467514630848213653e+00 1.896005666529999856e-02
1.470449660109910184e+00 1.664688401000000151e-02
1.473390559430129976e+00 1.509403763024999914e-02
1.476337340548990129e+00 2.009190764000000351e-02
1.479290015230088073e+00 1.902639961500000171e-02
1.482248595260548196e+00 2.070269507300000200e-02
1.485213092451069361e+00 2.127909023874999944e-02
1.488183518635971314e+00 2.193724520000000372e-02
1.491159885673243313e+00 2.121244291124999709e-02
1.494142205444589644e+00 2.158873943250000024e-02
1.497130489855478697e+00 2.380832609999999905e-02
1.500124750835189813e+00 2.399996400000000210e-02
1.503125000336860140e+00 2.346294931875000239e-02
1.506131250337534144e+00 2.510546437500000075e-02
1.509143512838209134e+00 2.538597719999999974e-02
1.512161799863885658e+00 2.500027373624999841e-02
1.515186123463613477e+00 2.571275737499999908e-02
1.518216495710540626e+00 2.644713637499999936e-02
1.521252928701961604e+00 2.671212862500000132e-02
1.524295434559365781e+00 2.662592650000000088e-02
1.527344025428484464e+00 2.708240912499999820e-02
1.530398713479341533e+00 2.747041999999999887e-02
1.533459510906300283e+00 2.715350124999999989e-02
1.536526429928112947e+00 2.776327012499999955e-02
1.539599482787969098e+00 2.740284499999999859e-02
1.542678681753545167e+00 2.812685962500000025e-02
1.545764039117052402e+00 2.833919925000000228e-02
1.548855567195286387e+00 2.858415887500000141e-02
1.551953278329677000e+00 2.867684187500000106e-02
1.555057184886336374e+00 2.891408789999999618e-02
1.558167299256108862e+00 2.905217187499999770e-02
1.561283633854621211e+00 2.921928625000000043e-02
1.564406201122330309e+00 2.936196975000000126e-02
1.567535013524575138e+00 2.930714624999999907e-02
1.570670083551624074e+00 2.695582697999999999e-02
1.573811423718727287e+00 2.559599712499999874e-02
1.576959046566164702e+00 2.742365537500000144e-02
1.580112964659297070e+00 2.943138974999999491e-02
1.583273190588615709e+00 2.999233674999999752e-02
1.586439736969792680e+00 2.965373370000000397e-02
1.589612616443732307e+00 3.024494374999999943e-02
1.592791841676620024e+00 3.010214124999999880e-02
1.595977425359973001e+00 3.045313299999999682e-02
1.599169380210692992e+00 3.028038800000000183e-02
1.602367718971114297e+00 2.854903979999999855e-02
1.605572454409056604e+00 2.933146724999999982e-02
1.608783599317874735e+00 2.994555537499999850e-02
1.612001166516510375e+00 3.039409499999999598e-02
1.615225168849543369e+00 3.103859880000000085e-02
1.618455619187242345e+00 3.114802300000000385e-02
1.621692530425617118e+00 3.124516150000000020e-02
1.624935915486468208e+00 3.121662549999999758e-02
1.628185787317441235e+00 3.138123837499999513e-02
1.631442158892076222e+00 3.072198019999999863e-02
1.634705043209860431e+00 3.119538362499999981e-02
1.637974453296279886e+00 3.059590662500000224e-02
1.641250402202872660e+00 2.917653099999999861e-02
1.644532903007278390e+00 2.940580787500000209e-02
1.647821968813293125e+00 3.118398010000000137e-02
1.651117612750919506e+00 2.600303499999999726e-02
1.654419847976421387e+00 3.089494337500000090e-02
1.657728687672374246e+00 3.144452812500000277e-02
1.661044145047719134e+00 3.178719112500000277e-02
1.664366233337814638e+00 2.761870208999999896e-02
1.667694965804490170e+00 3.157148099999999846e-02
1.671030355736099260e+00 3.188426487500000545e-02
1.674372416447571510e+00 3.120010687500000129e-02
1.677721161280466333e+00 3.161018137499999742e-02
1.681076603603027353e+00 3.155988540000000120e-02
1.684438756810233473e+00 3.186010537500000295e-02
1.687807634323853945e+00 3.168858650000000443e-02
1.691183249592501658e+00 3.033497999999999750e-02
1.694565616091686655e+00 3.178358637499999889e-02
1.697954747323870084e+00 3.169971549999999610e-02
1.701350656818517715e+00 3.074222587500000103e-02
1.704753358132154784e+00 3.111909137499999783e-02
1.708162864848419282e+00 3.033733749999999868e-02
1.711579190578115917e+00 3.147529849999999851e-02
1.715002348959272283e+00 3.115425549999999849e-02
1.718432353657190825e+00 3.019132899999999939e-02
1.721869218364505016e+00 2.981460819999999859e-02
1.725312956801233977e+00 3.076828800000000474e-02
1.728763582714836655e+00 2.895953999999999889e-02
1.732221109880266230e+00 3.071234259999999772e-02
1.735685552100026730e+00 3.052528187499999740e-02
1.739156923204226768e+00 3.042110812499999872e-02
1.742635237050635277e+00 2.984019660000000046e-02
1.746120507524736576e+00 2.946053673999999775e-02
1.749612748539786100e+00 3.044227612500000069e-02
1.753111974036865472e+00 3.031570787500000030e-02
1.756618197984939123e+00 2.966148325000000224e-02
1.760131434380908910e+00 2.999086500000000197e-02
1.763651697249670747e+00 2.945239249999999712e-02
1.767179000644169884e+00 2.928890559999999810e-02
1.770713358645458202e+00 2.958682599999999663e-02
1.774254785362749054e+00 2.861013586249999685e-02
1.777803294933474554e+00 2.277379894624999984e-02
1.781358901523341753e+00 2.838398897600000192e-02
1.784921619326388376e+00 2.515056848787499896e-02
1.788491462565041212e+00 2.870806150000000320e-02
1.792068445490171413e+00 2.538647373749999825e-02
1.795652582381151552e+00 2.802818851250000326e-02
1.799243887545913800e+00 2.606730537500000569e-02
1.802842375321005663e+00 2.498148639874999896e-02
1.806448060071647710e+00 2.473803092999999828e-02
1.810060956191791082e+00 2.014526653825000208e-02
1.813681078104174560e+00 1.747567418700000236e-02
1.817308440260382962e+00 1.625187670096899656e-02
1.820943057140903765e+00 1.436556619324999909e-02
1.824584943255185721e+00 2.356957139124999864e-02
1.828234113141696149e+00 2.220237809624999933e-02
1.831890581367979554e+00 1.201004666799999898e-02
1.835554362530715355e+00 1.536641263709999893e-02
1.839225471255776734e+00 1.217459182160000007e-02
1.842903922198288136e+00 1.147203547042499952e-02
1.846589730042684785e+00 1.470234198225000080e-02
1.850282909502769968e+00 1.216778957271249899e-02
1.853983475321775654e+00 1.322493937582999886e-02
1.857691442272419113e+00 1.297625803837500029e-02
1.861406825156963984e+00 1.148136697491249948e-02
1.865129638807277779e+00 1.403266702933749985e-02
1.868859898084892279e+00 8.702066426599999738e-03
1.872597617881062160e+00 8.665484218374999714e-03
1.876342813116824271e+00 1.071890264487499952e-02
1.880095498743057814e+00 1.109097659499999958e-02
1.883855689740544070e+00 1.136323861111250035e-02
1.887623401120025246e+00 1.231811310999999902e-02
1.891398647922265308e+00 6.284869315874999987e-03
1.895181445218109717e+00 9.480347940250001201e-03
1.898971808108545822e+00 8.989026393374999896e-03
1.902769751724763037e+00 9.368464923962500218e-03
1.906575291228212565e+00 7.859990252881801295e-03
1.910388441810669136e+00 1.048880019712500160e-02
1.914209218694290282e+00 8.348138816375000326e-03
1.918037637131678963e+00 1.032214479799999952e-02
1.921873712405942403e+00 9.207611411374999263e-03
1.925717459830754041e+00 9.167809648900000427e-03
1.929568894750415708e+00 5.764361937431249777e-03
1.933428032539916241e+00 9.083204358250000082e-03
1.937294888604996324e+00 9.836948547500000070e-03
1.941169478382206215e+00 1.043115256749999921e-02
1.945051817338970590e+00 1.003972679000000000e-02
1.948941920973648489e+00 1.017916471374999930e-02
1.952839804815595715e+00 9.161671853125000903e-03
1.956745484425226778e+00 5.051640803249999971e-03
1.960658975394077297e+00 8.533504028750001427e-03
1.964580293344865503e+00 7.897978428579999557e-03
1.968509453931555075e+00 5.267718524900000428e-03
1.972446472839417986e+00 1.137469353749999933e-02
1.976391365785096887e+00 1.303850308750000020e-02
1.980344148516667069e+00 1.267432214350000010e-02
1.984304836813700401e+00 1.341568274000000047e-02
1.988273446487327956e+00 1.372058190374999924e-02
1.992249993380302620e+00 1.480931667499999979e-02
1.996234493367063045e+00 1.379546062500000038e-02
2.000226962353797155e+00 8.023310945000000638e-03
