2.002000000000000168e-01 9.868656400000001827e-03
2.006004000000000120e-01 1.351819375000000087e-02
2.010016008000000132e-01 1.038236612500000045e-02
2.014036040016000118e-01 1.461454875000000111e-02
2.018064112096032425e-01 1.428041700000000011e-02
2.022100240320224285e-01 1.563158499999999992e-02
2.026144440800864976e-01 1.649080374999999793e-02
2.030196729682466894e-01 1.610901500000000083e-02
2.034257123141831602e-01 1.565008749999999976e-02
2.038325637388115341e-01 1.515084599999999906e-02
2.042402288662891752e-01 1.467325250000000095e-02
2.046487093240217381e-01 1.426684249999999980e-02
2.050580067426697739e-01 1.394483250000000049e-02
2.054681227561551138e-01 1.387978125000000063e-02
2.058790590016674471e-01 1.382063399999999831e-02
2.062908171196707885e-01 1.370060249999999896e-02
2.067033987539101392e-01 1.356986875000000016e-02
2.071168055514179263e-01 1.345950874999999984e-02
2.075310391625207751e-01 1.337431499999999947e-02
2.079461012408458098e-01 1.326727399999999904e-02
2.083619934433275089e-01 1.315656375000000093e-02
2.087787174302141446e-01 1.305782999999999944e-02
2.091962748650745829e-01 1.295724125000000115e-02
2.096146674148047229e-01 1.283948749999999986e-02
2.100338967496343523e-01 1.269259900000000059e-02
2.104539645431336148e-01 1.259241374999999982e-02
2.108748724722198931e-01 1.250916749999999959e-02
2.112966222171643316e-01 1.239714624999999938e-02
2.117192154615986643e-01 1.226493124999999962e-02
2.121426538925218486e-01 1.207632600000000007e-02
2.125669392003068925e-01 1.187611874999999935e-02
2.129920730787074890e-01 1.170148625000000039e-02
2.134180572248648988e-01 1.153350749999999987e-02
2.138448933393146401e-01 1.136750624999999931e-02
2.142725831259932878e-01 1.113636999999999960e-02
2.147011282922452469e-01 1.088963625000000102e-02
2.151305305488297459e-01 1.069281000000000051e-02
2.155607916099274157e-01 1.053233999999999941e-02
2.159919131931472558e-01 1.035453299999999910e-02
2.164238970195335454e-01 1.014595499999999990e-02
2.168567448135726161e-01 9.942506624999999931e-03
2.172904583031997627e-01 9.752139874999999486e-03
2.177250392198061546e-01 9.570068375000000821e-03
2.181604892982457744e-01 9.368735499999999300e-03
2.185968102768422461e-01 9.162379874999999549e-03
2.190340038973959125e-01 8.949003500000000250e-03
2.194720719051907187e-01 8.724360750000000053e-03
2.199110160490010957e-01 8.506307375000000948e-03
2.203508380810991207e-01 8.274994899999998932e-03
2.207915397572613181e-01 8.053711125000001525e-03
2.212331228367758196e-01 7.836357500000000129e-03
2.216755890824493869e-01 7.608365125000000548e-03
2.221189402606142949e-01 7.391817125000000981e-03
2.225631781411355203e-01 7.164804299999999980e-03
2.230083044974177642e-01 6.948346250000000078e-03
2.234543211064126123e-01 6.763887249999999546e-03
2.239012297486254466e-01 6.565907250000000035e-03
2.243490322081226895e-01 6.372746624999999984e-03
2.247977302725389648e-01 6.165384399999999585e-03
2.252473257330840362e-01 5.969665875000000274e-03
2.256978203845501907e-01 5.804781125000000111e-03
2.261492160253192885e-01 5.638278124999999974e-03
2.266015144573699513e-01 5.463497875000000725e-03
2.270547174862846962e-01 5.275500199999999876e-03
2.275088269212572623e-01 5.094296374999999696e-03
2.279638445750997722e-01 4.939907375000000128e-03
2.284197722642499762e-01 4.785623999999999607e-03
2.288766118087784962e-01 4.624392499999999476e-03
2.293343650323960425e-01 4.448587800000000647e-03
2.297930337624608521e-01 4.284817499999999529e-03
2.302526198299857663e-01 4.153874000000000108e-03
2.307131250696457525e-01 4.033325250000000667e-03
2.311745513197850377e-01 3.899490375000000050e-03
2.316369004224245742e-01 3.773768299999999930e-03
2.321001742232694509e-01 3.655588375000000216e-03
2.325643745717159705e-01 3.530458999999999681e-03
2.330295033208594213e-01 3.415386000000000290e-03
2.334955623275011272e-01 3.309485399999999734e-03
2.339625534521561634e-01 3.209586749999999988e-03
2.344304785590604623e-01 3.102076999999999959e-03
2.348993395161785847e-01 3.002127124999999768e-03
2.353691381952109363e-01 2.937941125000000271e-03
2.358398764716013452e-01 2.836927599999999709e-03
2.363115562245445278e-01 2.730905624999999722e-03
2.367841793369936387e-01 2.664004749999999803e-03
2.372577476956675979e-01 2.583527749999999998e-03
2.377322631910589457e-01 2.514034249999999929e-03
2.382077277174410590e-01 2.430897200000000508e-03
2.386841431728759511e-01 2.361001250000000027e-03
2.391615114592217095e-01 2.304802250000000195e-03
2.396398344821401571e-01 2.222081249999999751e-03
2.401191141511044291e-01 2.157335375000000045e-03
2.405993523794066058e-01 2.116834399999999866e-03
2.410805510841654287e-01 2.054069000000000381e-03
2.415627121863337390e-01 1.992167999999999890e-03
2.420458376107064158e-01 1.950076999999999930e-03
2.425299292859278144e-01 1.918263000000000129e-03
2.430149891444997046e-01 1.875514700000000022e-03
2.435010191227887089e-01 1.821180250000000020e-03
2.439880211610342686e-01 1.781541125000000135e-03
2.444759972033563322e-01 1.760504625000000080e-03
2.449649491977630433e-01 1.732720375000000113e-03
2.454548790961585680e-01 1.665357399999999825e-03
2.459457888543508663e-01 1.624555874999999939e-03
2.464376804320595749e-01 1.608783250000000000e-03
2.469305557929236949e-01 1.584845374999999893e-03
2.474244169045095587e-01 1.542157000000000163e-03
2.479192657383185727e-01 1.511480600000000146e-03
2.484151042697951839e-01 1.492050124999999908e-03
2.489119344783347898e-01 1.445334374999999961e-03
2.494097583472914548e-01 1.423402875000000017e-03
2.499085778639860422e-01 1.399216000000000001e-03
2.504083950197140140e-01 1.391197624999999938e-03
2.509092118097534518e-01 1.381913499999999975e-03
2.514110302333729119e-01 1.348547249999999939e-03
2.519138522938396685e-01 1.309244375000000009e-03
2.524176799984273467e-01 1.311282100000000020e-03
2.529225153584241936e-01 1.304263874999999923e-03
2.534283603891410719e-01 1.281271999999999966e-03
2.539352171099192867e-01 1.261344874999999937e-03
2.544430875441391349e-01 1.262596124999999878e-03
2.549519737192273983e-01 1.245550000000000216e-03
2.554618776666658375e-01 1.212210124999999958e-03
2.559728014219991854e-01 1.218455124999999950e-03
2.564847470248432515e-01 1.231342125000000004e-03
2.569977165188929158e-01 1.224076125000000091e-03
2.575117119519306774e-01 1.214624399999999788e-03
2.580267353758345372e-01 1.209992624999999900e-03
2.585427888465862134e-01 1.175700750000000048e-03
2.590598744242793572e-01 1.169897999999999945e-03
2.595779941731279905e-01 1.210435374999999959e-03
2.600971501614742221e-01 1.213194600000000109e-03
2.606173444617971846e-01 1.173746124999999968e-03
2.611385791507207510e-01 1.189706874999999983e-03
2.616608563090221939e-01 1.213671500000000104e-03
2.621841780216402351e-01 1.201821875000000026e-03
2.627085463776834828e-01 1.196644599999999951e-03
2.632339634704388698e-01 1.237820624999999824e-03
2.637604313973797576e-01 1.242358250000000133e-03
2.642879522601745412e-01 1.219980000000000066e-03
2.648165281646948088e-01 1.228404375000000017e-03
2.653461612210242238e-01 1.254232599999999861e-03
2.658768535434662961e-01 1.252524125000000019e-03
2.664086072505532643e-01 1.277112500000000123e-03
2.669414244650543111e-01 1.313224375000000225e-03
2.674753073139844450e-01 1.313793299999999834e-03
2.680102579286124387e-01 1.321849000000000158e-03
2.685462784444696549e-01 1.368290000000000088e-03
2.690833710013585955e-01 1.401619124999999716e-03
2.696215377433612836e-01 1.388073125000000019e-03
2.701607808188479787e-01 1.409541200000000117e-03
2.707011023804857253e-01 1.465412750000000177e-03
2.712425045852466798e-01 1.493209374999999919e-03
2.717849895944172145e-01 1.505019499999999972e-03
2.723285595736060216e-01 1.537956000000000045e-03
2.728732166927532177e-01 1.582906900000000117e-03
2.734189631261387810e-01 1.625645874999999971e-03
2.739658010523910447e-01 1.694567624999999793e-03
2.745137326544958567e-01 1.744769249999999832e-03
2.750627601198047945e-01 1.753028125000000159e-03
2.756128856400444360e-01 1.825979100000000178e-03
2.761641114113245199e-01 1.880234875000000132e-03
2.767164396341471599e-01 1.939002874999999973e-03
2.772698725134154496e-01 1.981823500000000349e-03
2.778244122584422882e-01 2.052011250000000155e-03
2.783800610829592070e-01 2.140876799999999729e-03
2.789368212051250850e-01 2.227682124999999860e-03
2.794946948475353632e-01 2.302789750000000003e-03
2.800536842372304269e-01 2.369065249999999928e-03
2.806137916057048765e-01 2.504583749999999935e-03
2.811750191889162975e-01 2.599524699999999997e-03
2.817373692272941987e-01 2.786148500000000180e-03
2.823008439657487822e-01 2.870315874999999992e-03
2.828654456536803252e-01 2.984572125000000374e-03
2.834311765449876730e-01 3.018808374999999797e-03
2.839980388980776205e-01 3.236927300000000222e-03
2.845660349758737939e-01 3.423173749999999880e-03
2.851351670458255327e-01 3.596813625000000025e-03
2.857054373799171598e-01 3.778978125000000479e-03
2.862768482546770299e-01 3.910035750000000546e-03
2.868494019511863558e-01 4.132522500000000189e-03
2.874231007550887562e-01 4.344438625000000484e-03
2.879979469565989714e-01 4.686942625000000903e-03
2.885739428505121884e-01 4.930979125000000199e-03
2.891510907362132010e-01 5.215058499999999583e-03
2.897293929176856242e-01 5.557470500000000722e-03
2.903088517035209426e-01 5.817478124999999993e-03
2.908894694069280029e-01 6.104044375000000980e-03
2.914712483457418957e-01 6.532425999999999164e-03
2.920541908424333366e-01 7.065189799999999770e-03
2.926382992241182146e-01 7.413310249999999213e-03
2.932235758225664735e-01 7.898254749999999991e-03
2.938100229742116043e-01 8.527941125000000622e-03
2.943976430201600269e-01 8.955552250000000172e-03
2.949864383062003048e-01 9.577169099999999560e-03
2.955764111828127483e-01 1.047008049999999940e-02
2.961675640051783520e-01 1.125396999999999856e-02
2.967598991331887315e-01 1.190234125000000018e-02
2.973534189314551157e-01 1.282808125000000146e-02
2.979481257693180618e-01 1.404907399999999994e-02
2.985440220208566697e-01 1.507516875000000124e-02
2.991411100648984078e-01 1.608772874999999866e-02
2.997393922850282166e-01 1.762194250000000129e-02
3.003388710695982233e-01 1.871093249999999930e-02
3.009395488117374562e-01 2.033870000000000122e-02
3.015414279093609484e-01 2.237941499999999972e-02
3.021445107651796746e-01 2.350666875000000100e-02
3.027487997867099878e-01 2.547094999999999915e-02
3.033542973862833891e-01 2.780560624999999994e-02
3.039610059810559650e-01 2.930335499999999621e-02
3.045689279930180460e-01 3.150617999999999475e-02
3.051780658490040876e-01 3.476405625000000138e-02
3.057884219807021076e-01 3.680571375000000339e-02
3.063999988246635664e-01 3.812638749999999743e-02
3.070127988223129156e-01 4.162187700000000157e-02
3.076268244199575896e-01 4.576696874999999776e-02
3.082420780687974982e-01 4.723890374999999836e-02
3.088585622249351292e-01 4.908743000000000134e-02
3.094762793493849307e-01 5.361887199999999798e-02
3.100952319080837460e-01 5.751113750000000358e-02
3.107154223718998631e-01 6.005069625000000744e-02
3.113368532166437275e-01 6.188616999999999729e-02
3.119595269230769907e-01 6.738466875000000134e-02
3.125834459769231133e-01 7.330064699999999656e-02
3.132086128688770232e-01 7.543273500000000076e-02
3.138350300946147753e-01 7.627656250000000582e-02
3.144627001548039313e-01 8.469570249999999745e-02
3.150916255551135525e-01 8.865887375000000570e-02
3.157218088062238026e-01 8.741957200000000094e-02
3.163532524238362176e-01 9.621119000000000199e-02
3.169859589286838641e-01 9.942059624999999290e-02
3.176199308465412763e-01 9.804005250000000227e-02
3.182551707082343917e-01 1.046866350000000001e-01
3.188916810496508214e-01 1.150792189999999826e-01
3.195294644117501193e-01 1.107213449999999988e-01
3.201685233405736630e-01 1.105882137499999973e-01
3.208088603872547573e-01 1.233399624999999972e-01
3.214504781080292917e-01 1.306092624999999896e-01
3.220933790642453443e-01 1.225475400000000104e-01
3.227375658223737842e-01 1.215949500000000072e-01
3.233830409540185413e-01 1.361958999999999809e-01
3.240298070359265425e-01 1.435215125000000036e-01
3.246778666499984256e-01 1.367969125000000064e-01
3.253272223832984200e-01 1.327435399999999932e-01
3.259778768280650052e-01 1.429652124999999940e-01
3.266298325817211246e-01 1.514666375000000009e-01
3.272830922468845660e-01 1.480008375000000098e-01
3.279376584313783427e-01 1.405552874999999868e-01
3.285935337482410734e-01 1.466594199999999848e-01
3.292507208157375853e-01 1.567376375000000266e-01
3.299092222573690725e-01 1.576501124999999948e-01
3.305690407018838095e-01 1.503489499999999812e-01
3.312301787832875322e-01 1.473866000000000065e-01
3.318926391408540955e-01 1.551486499999999991e-01
3.325564244191357988e-01 1.603973625000000292e-01
3.332215372679740994e-01 1.581789749999999994e-01
3.338879803425100490e-01 1.514708625000000253e-01
3.345557563031950621e-01 1.568657600000000207e-01
3.352248678158014084e-01 1.609062749999999875e-01
3.358953175514330369e-01 1.612553749999999786e-01
3.365671081865359016e-01 1.581721500000000113e-01
3.372402424029089518e-01 1.546502624999999964e-01
3.379147228877147358e-01 1.567165199999999980e-01
3.385905523334902245e-01 1.597684750000000209e-01
3.392677334381571930e-01 1.594010124999999944e-01
3.399462689050334330e-01 1.574303374999999894e-01
3.406261614428435225e-01 1.565193750000000161e-01
3.413074137657292062e-01 1.586093499999999823e-01
3.419900285932606643e-01 1.586765749999999864e-01
3.426740086504471705e-01 1.581145374999999853e-01
3.433593566677480835e-01 1.568910874999999983e-01
3.440460753810836159e-01 1.549622250000000090e-01
3.447341675318457699e-01 1.554018799999999922e-01
3.454236358669094398e-01 1.557405374999999981e-01
3.461144831386432363e-01 1.553827249999999993e-01
3.468067121049205337e-01 1.551049250000000046e-01
3.475003255291303494e-01 1.542130374999999831e-01
3.481953261801886135e-01 1.542015099999999861e-01
3.488917168325489926e-01 1.537653750000000097e-01
3.495895002662141038e-01 1.530541375000000204e-01
3.502886792667465610e-01 1.525486249999999933e-01
3.509892566252800217e-01 1.519821500000000103e-01
3.516912351385305668e-01 1.507702200000000103e-01
3.523946176088076365e-01 1.504575874999999896e-01
3.530994068440251876e-01 1.500274625000000139e-01
3.538056056577132402e-01 1.496049624999999939e-01
3.545132168690287022e-01 1.491016874999999964e-01
3.552222433027667492e-01 1.483894500000000061e-01
3.559326877893722596e-01 1.477648125000000090e-01
3.566445531649510281e-01 1.471197750000000082e-01
3.573578422712808678e-01 1.464858249999999862e-01
3.580725579558234339e-01 1.458697399999999977e-01
3.587887030717350489e-01 1.452500374999999844e-01
3.595062804778785814e-01 1.445730625000000158e-01
3.602252930388343266e-01 1.440350374999999905e-01
3.609457436249119411e-01 1.436207624999999988e-01
3.616676351121618227e-01 1.431405600000000278e-01
3.623909703823861017e-01 1.425911749999999867e-01
3.631157523231508533e-01 1.421473500000000056e-01
3.638419838277971996e-01 1.417163249999999763e-01
3.645696677954528009e-01 1.412368874999999913e-01
3.652988071310436791e-01 1.406889799999999913e-01
3.660294047453057642e-01 1.401835499999999901e-01
3.667614635547964408e-01 1.397502124999999984e-01
3.674949864819060386e-01 1.393111874999999888e-01
3.682299764548698229e-01 1.388563250000000027e-01
3.689664364077795966e-01 1.383402200000000137e-01
3.697043692805951354e-01 1.378424249999999907e-01
3.704437780191563445e-01 1.373330249999999975e-01
3.711846655751946944e-01 1.367956624999999982e-01
3.719270349063450443e-01 1.362644375000000019e-01
3.726708889761577437e-01 1.356641700000000006e-01
3.734162307541100123e-01 1.350547375000000216e-01
3.741630632156182079e-01 1.345177874999999856e-01
3.749113893420494836e-01 1.339961749999999951e-01
3.756612121207335564e-01 1.334771250000000020e-01
3.764125345449750304e-01 1.328779700000000119e-01
3.771653596140650544e-01 1.322229749999999926e-01
3.779196903332932012e-01 1.317891875000000157e-01
3.786755297139597909e-01 1.312741125000000120e-01
3.794328807733876596e-01 1.307513750000000030e-01
3.801917465349344827e-01 1.302089900000000244e-01
3.809521300280043210e-01 1.297186375000000114e-01
3.817140342880603332e-01 1.292879499999999848e-01
3.824774623566364884e-01 1.288588124999999751e-01
3.832424172813497787e-01 1.283774699999999935e-01
3.840089021159124316e-01 1.279001000000000166e-01
3.847769199201442891e-01 1.274791124999999914e-01
3.855464737599845759e-01 1.270597499999999991e-01
3.863175667075045561e-01 1.266418249999999857e-01
3.870902018409195788e-01 1.261731000000000102e-01
3.878643822446014022e-01 1.257065749999999871e-01
3.886401110090906830e-01 1.252943374999999915e-01
3.894173912311088559e-01 1.248860749999999853e-01
3.901962260135710681e-01 1.244674624999999868e-01
3.909766184655981691e-01 1.239588899999999883e-01
3.917585717025293679e-01 1.234821124999999908e-01
3.925420888459344448e-01 1.230407749999999911e-01
3.933271730236262975e-01 1.224981624999999935e-01
3.941138273696735417e-01 1.221731000000000067e-01
3.949020550244128902e-01 1.216860800000000020e-01
3.956918591344616987e-01 1.212048874999999970e-01
3.964832428527306218e-01 1.207531250000000167e-01
3.972762093384361037e-01 1.203463124999999967e-01
3.980707617571129786e-01 1.198114875000000079e-01
3.988669032806272385e-01 1.194453339999999864e-01
3.996646370871884679e-01 1.189766637499999891e-01
4.004639663613628331e-01 1.185924312500000050e-01
4.012648942940855168e-01 1.181944850000000019e-01
4.020674240826737078e-01 1.177619362500000183e-01
4.028715589308390355e-01 1.173048700000000055e-01
4.036773020487006702e-01 1.168099275000000076e-01
4.044846566527980913e-01 1.164234337499999855e-01
4.052936259661036877e-01 1.160234275000000120e-01
4.061042132180359143e-01 1.156236862499999962e-01
4.069164216444720039e-01 1.151868269999999916e-01
4.077302544877609569e-01 1.147220649999999981e-01
4.085457149967364754e-01 1.143671549999999981e-01
4.093628064267299527e-01 1.139857599999999915e-01
4.101815320395834075e-01 1.136050987500000081e-01
4.110018951036625845e-01 1.131535910000000117e-01
4.118238988938699441e-01 1.127037025000000164e-01
4.126475466916577073e-01 1.123263224999999921e-01
4.134728417850409565e-01 1.119597224999999974e-01
4.142997874686110693e-01 1.115148890000000059e-01
4.151283870435482637e-01 1.111457287500000057e-01
4.159586438176353651e-01 1.107918637499999970e-01
4.167905611052706849e-01 1.103369137500000013e-01
4.176241422274811765e-01 1.100199574999999874e-01
4.184593905119361468e-01 1.095973860000000050e-01
4.192963092929599678e-01 1.091001487499999867e-01
4.201349019115458994e-01 1.087758799999999915e-01
4.209751717153689676e-01 1.084213787500000054e-01
4.218171220587997317e-01 1.080771412499999945e-01
4.226607563029173287e-01 1.076930229999999988e-01
4.235060778155231298e-01 1.072979525000000017e-01
4.243530899711541737e-01 1.069486312500000091e-01
4.252017961510964894e-01 1.065799612499999938e-01
4.260521997433986963e-01 1.061795749999999983e-01
4.269043041428854934e-01 1.058010409999999984e-01
4.277581127511712600e-01 1.054143887500000043e-01
4.286136289766736551e-01 1.050974875000000031e-01
4.294708562346269964e-01 1.047730187499999882e-01
4.303297979470962487e-01 1.044447950000000069e-01
4.311904575429904574e-01 1.040657249999999978e-01
4.320528384580764047e-01 1.036892312500000135e-01
4.329169441349925429e-01 1.033601724999999999e-01
4.337827780232624830e-01 1.030165874999999925e-01
4.346503435793090397e-01 1.026677687499999991e-01
4.355196442664676648e-01 1.022853390000000029e-01
4.363906835550006025e-01 1.019202912499999891e-01
4.372634649221106007e-01 1.015891862499999909e-01
4.381379918519547889e-01 1.012652162499999980e-01
4.390142678356587225e-01 1.009305900000000006e-01
4.398922963713300383e-01 1.005637380000000136e-01
4.407720809640727211e-01 1.001446087500000026e-01
4.416536251260008150e-01 9.919782750000000204e-02
4.425369323762528007e-01 9.934726625000001032e-02
4.434220062410053065e-01 9.894166599999999756e-02
4.443088502534873196e-01 9.868084874999999423e-02
4.451974679539942858e-01 9.835272624999999436e-02
4.460878628899022647e-01 9.797734375000000107e-02
4.469800386156820293e-01 9.791278124999999721e-02
4.478739986929134442e-01 9.762796099999998534e-02
4.487697466902992316e-01 9.726719749999999942e-02
4.496672861836799040e-01 9.691709249999999609e-02
4.505666207560472536e-01 9.658124875000000109e-02
4.514677539975593401e-01 9.626351249999999526e-02
4.523706895055544797e-01 9.593669900000000028e-02
4.532754308845656221e-01 9.561609500000001205e-02
4.541819817463347286e-01 9.535116874999999270e-02
4.550903457098274263e-01 9.503443000000000307e-02
4.560005264012471082e-01 9.475408999999998527e-02
4.569125274540495885e-01 9.435839799999999611e-02
4.578263525089577013e-01 9.398170625000000500e-02
4.587420052139756232e-01 9.361092249999999892e-02
4.596594892244035835e-01 9.323815750000000180e-02
4.605788082028524077e-01 9.289586874999999910e-02
4.614999658192581178e-01 9.254123100000000157e-02
4.624229657508966418e-01 9.223833750000001719e-02
4.633478116823984694e-01 9.201481999999999717e-02
4.642745073057632510e-01 9.179881624999999823e-02
4.652030563203747304e-01 9.158226499999999604e-02
4.661334624330154552e-01 9.128838400000000020e-02
4.670657293578814873e-01 9.092840499999998993e-02
4.679998608165972795e-01 9.060522749999999625e-02
4.689358605382304424e-01 9.015867125000001647e-02
4.698737322593069532e-01 8.993673500000000376e-02
4.708134797238255342e-01 8.964986599999999473e-02
4.717551066832731399e-01 8.935304499999999206e-02
4.726986168966397228e-01 8.910295625000000386e-02
4.736440141304329998e-01 8.885137749999999501e-02
4.745913021586939395e-01 8.853802375000000002e-02
4.755404847630113063e-01 8.813613700000000328e-02
4.764915657325373699e-01 8.769096375000000332e-02
4.774445488640024493e-01 8.728650749999999903e-02
4.783994379617304560e-01 8.686885750000000739e-02
4.793562368376539373e-01 8.643740200000001039e-02
4.803149493113292312e-01 8.606033374999999541e-02
4.812755792099518981e-01 8.578468124999999445e-02
4.822381303683718201e-01 8.553432749999999307e-02
4.832026066291085775e-01 8.534118999999999733e-02
4.841690118423668254e-01 8.512036500000000339e-02
4.851373498660515038e-01 8.498852125000000424e-02
4.861076245657836026e-01 8.487711500000000298e-02
4.870798398149152053e-01 8.460249000000000241e-02
4.880539994945450322e-01 8.454253250000000330e-02
4.890301074935341497e-01 8.428567800000000276e-02
4.900081677085211806e-01 8.400087124999999766e-02
4.909881840439382916e-01 8.378490624999999914e-02
4.919701604120261251e-01 8.347993249999999255e-02
4.929541007328501756e-01 8.329563749999999156e-02
4.939400089343158884e-01 8.303266800000000392e-02
4.949278889521845359e-01 8.273415874999999475e-02
4.959177447300888719e-01 8.245560625000000754e-02
4.969095802195490075e-01 8.217886374999999743e-02
4.979033993799881208e-01 8.186939875000000255e-02
4.988992061787480559e-01 8.148249700000000095e-02
4.998970045911055315e-01 8.105708999999999831e-02
5.008967986002876849e-01 8.067231750000000701e-02
5.018985921974883357e-01 7.980400875000000227e-02
5.029023893818832525e-01 7.978704999999999825e-02
5.039081941606470272e-01 7.911249200000000648e-02
5.049160105489682859e-01 7.895906625000000123e-02
5.059258425700663420e-01 7.874014125000000641e-02
5.069376942552064058e-01 7.775326000000000459e-02
5.079515696437167938e-01 7.844291999999999931e-02
5.089674727830042489e-01 7.830527599999999311e-02
5.099854077285701504e-01 7.824254125000000559e-02
5.110053785440273888e-01 7.774923999999999724e-02
5.120273893011153543e-01 7.787617874999999690e-02
5.130514440797175890e-01 7.752153800000000095e-02
5.140775469678771081e-01 7.727883250000000537e-02
5.151057020618128313e-01 7.703223874999999554e-02
5.161359134659364578e-01 7.679064374999999831e-02
5.171681852928683432e-01 7.656622875000000661e-02
5.182025216634540410e-01 7.632802099999999590e-02
5.192389267067809566e-01 7.608010500000000897e-02
5.202774045601945563e-01 7.584757624999999281e-02
5.213179593693149094e-01 7.556943624999999665e-02
5.223605952880534531e-01 7.523288250000000066e-02
5.234053164786296453e-01 7.481805299999999548e-02
5.244521271115868410e-01 7.437238499999999919e-02
5.255010313658099452e-01 7.406946500000000100e-02
5.265520334285416215e-01 7.372701000000000948e-02
5.276051374953987239e-01 7.339810125000000018e-02
5.286603477703895049e-01 7.302261200000000063e-02
5.297176684659302692e-01 7.259978000000000264e-02
5.307771038028621380e-01 7.223994250000000117e-02
5.318386580104679240e-01 7.201646875000000669e-02
5.329023353264887852e-01 7.174303750000000923e-02
5.339681399971416553e-01 7.153869399999999990e-02
5.350360762771360079e-01 7.138572500000001098e-02
5.361061484296902879e-01 7.125931624999999603e-02
5.371783607265496752e-01 7.115308249999999224e-02
5.382527174480027377e-01 7.101158000000000470e-02
5.393292228828987511e-01 7.080324899999999866e-02
5.404078813286645744e-01 7.043897375000000849e-02
5.414886970913218578e-01 6.889337375000000041e-02
5.425716744855044738e-01 6.998543249999999993e-02
5.436568178344756141e-01 6.956377250000000956e-02
5.447441314701444437e-01 6.933875999999999928e-02
5.458336197330847517e-01 6.895414499999999447e-02
5.469252869725509392e-01 6.900108624999999607e-02
5.480191375464960046e-01 6.882514750000000292e-02
5.491151758215888634e-01 6.863071199999999650e-02
5.502134061732321113e-01 6.843025250000001058e-02
5.513138329855785669e-01 6.822813750000000788e-02
5.524164606515497011e-01 6.801200625000000666e-02
5.535212935728528461e-01 6.779208500000000193e-02
5.546283361599984030e-01 6.755374799999999680e-02
5.557375928323184944e-01 6.729774249999999347e-02
5.568490680179830621e-01 6.706846625000000006e-02
5.579627661540189631e-01 6.681986500000000606e-02
5.590786916863270672e-01 6.653823749999999981e-02
5.601968490696997982e-01 6.616417999999998911e-02
5.613172427678392307e-01 6.572747749999999223e-02
5.624398772533748536e-01 6.538317874999999280e-02
5.635647570078816671e-01 6.504509625000000350e-02
5.646918865218973904e-01 6.474072499999999897e-02
5.658212702949412254e-01 6.447498299999999960e-02
5.669529128355310643e-01 6.422799750000000862e-02
5.680868186612021420e-01 6.393047875000000546e-02
5.692229922985245771e-01 6.317583000000000226e-02
5.703614382831215801e-01 6.343126999999999793e-02
5.715021611596877715e-01 6.312484799999999729e-02
5.726451654820071679e-01 6.243280875000000590e-02
5.737904558129711674e-01 6.267050625000000763e-02
5.749380367245970902e-01 6.253154250000000913e-02
5.760879127980462755e-01 6.225819250000000360e-02
5.772400886236424000e-01 6.233178499999999372e-02
5.783945688008896857e-01 6.207848625000000203e-02
5.795513579384914404e-01 6.222814374999999926e-02
5.807104606543684877e-01 6.221394499999999966e-02
5.818718815756771523e-01 6.227942875000000433e-02
5.830356253388285781e-01 6.225006899999999815e-02
5.842016965895062697e-01 6.211979374999999914e-02
5.853700999826851881e-01 6.215181374999999286e-02
5.865408401826505136e-01 6.208802000000000071e-02
5.877139218630158535e-01 6.233243625000000482e-02
5.888893497067417826e-01 5.956748499999999641e-02
5.900671284061553834e-01 5.883993124999999796e-02
5.912472626629676764e-01 6.163438749999999855e-02
5.924297571882934932e-01 6.114524500000000085e-02
5.936146167026701281e-01 6.021284799999999937e-02
5.948018459360754351e-01 5.398849375000000506e-02
5.959914496279475893e-01 6.087040875000000045e-02
5.971834325272035171e-01 6.068558500000000022e-02
5.983777993922578808e-01 5.987575000000000536e-02
5.995745549910425076e-01 6.007697199999999932e-02
6.007737041010245971e-01 5.963765499999999775e-02
6.019752515092265943e-01 6.019241250000000043e-02
6.031792020122450637e-01 6.005347875000000002e-02
6.043855604162695627e-01 5.982742249999999790e-02
6.055943315371020708e-01 5.995440800000000070e-02
6.068055202001763071e-01 5.996911499999999645e-02
6.080191312405766046e-01 6.002804250000000341e-02
6.092351695030577829e-01 6.009825500000000320e-02
6.104536398420639109e-01 6.017091874999999646e-02
6.116745471217479579e-01 6.023799300000000356e-02
6.128978962159914445e-01 6.028603624999999411e-02
6.141236920084234274e-01 6.032414874999998677e-02
6.153519393924402614e-01 6.033314999999999512e-02
6.165826432712251393e-01 6.032603125000000205e-02
6.178158085577676317e-01 6.031863999999999976e-02
6.190514401748832274e-01 6.031300749999999461e-02
6.202895430552329836e-01 6.028620625000000177e-02
6.215301221413433996e-01 6.026038499999999964e-02
6.227731823856261784e-01 6.023418124999999762e-02
6.240187287503973224e-01 6.016706200000000032e-02
6.252667662078981170e-01 6.002116249999999570e-02
6.265172997403138933e-01 5.994574625000000101e-02
6.277703343397945668e-01 5.454450000000000270e-02
6.290258750084741779e-01 5.936217250000000445e-02
6.302839267584912086e-01 5.970462700000000317e-02
6.315444946120081227e-01 5.908987875000000500e-02
6.328075836012321265e-01 6.000961624999999466e-02
6.340731987684345983e-01 6.013684750000000689e-02
6.353413451659715161e-01 6.023132999999999959e-02
6.366120278563034418e-01 6.027928500000000189e-02
6.378852519120159492e-01 6.035759625000000628e-02
6.391610224158400522e-01 6.036162625000000143e-02
6.404393444606717445e-01 6.055177124999999716e-02
6.417202231495930942e-01 6.067887700000000606e-02
6.430036635958922275e-01 6.070215124999998879e-02
6.442896709230840901e-01 6.070080124999999160e-02
6.455782502649303201e-01 6.080523499999999915e-02
6.468694067654601199e-01 6.067383249999999673e-02
6.481631455789910179e-01 5.937017999999999462e-02
6.494594718701489633e-01 5.916167750000000947e-02
6.507583908138891982e-01 6.046679124999999877e-02
6.520599075955170187e-01 6.012075249999999926e-02
6.533640274107079815e-01 6.029994500000000063e-02
6.546707554655294414e-01 6.084099800000000030e-02
6.559800969764604250e-01 5.514181625000000309e-02
6.572920571704133907e-01 6.092700499999999936e-02
6.586066412847542129e-01 6.040155875000000063e-02
6.599238545673237200e-01 6.098720125000001158e-02
6.612437022764583450e-01 6.099544899999999326e-02
6.625661896810113305e-01 6.078773875000000049e-02
6.638913220603732679e-01 6.100187625000000335e-02
6.652191047044940797e-01 6.105433250000000256e-02
6.665495429139030037e-01 6.109995625000000374e-02
6.678826419997307973e-01 6.115507200000001170e-02
6.692184072837303876e-01 6.117229250000000285e-02
6.705568440982978551e-01 6.116343250000000342e-02
6.718979577864944153e-01 6.114810625000000055e-02
6.732417537020674025e-01 6.112189625000000182e-02
6.745882372094715862e-01 6.110965699999999778e-02
6.759374136838904867e-01 6.112090625000000249e-02
6.772892885112582473e-01 6.115458749999999610e-02
6.786438670882807278e-01 6.119456375000000004e-02
6.800011548224572655e-01 6.121846299999999380e-02
6.813611571321021021e-01 6.118660500000000502e-02
6.827238794463663663e-01 6.117358999999999991e-02
6.840893272052590568e-01 6.112616625000000248e-02
6.854575058596696913e-01 6.105452499999999838e-02
6.868284208713890671e-01 4.836764387200000181e-02
6.882020777131317990e-01 5.840617124999999271e-02
6.895784818685580797e-01 4.413319571250000350e-02
6.909576388322952178e-01 5.933852624999999548e-02
6.923395541099597317e-01 5.171156424999999446e-02
6.937242332181796645e-01 5.705438899999999702e-02
6.951116816846160118e-01 6.049630125000000219e-02
6.965019050479852591e-01 6.075080749999999669e-02
6.978949088580812532e-01 5.755235999999999685e-02
6.992906986757974064e-01 6.020349875000000073e-02
7.006892800731490123e-01 5.938222699999999576e-02
7.020906586332953392e-01 6.054038999999999948e-02
7.034948399505618344e-01 6.078118750000000015e-02
7.049018296304629949e-01 5.808385000000000631e-02
7.063116332897239058e-01 6.066859500000000571e-02
7.077242565563033327e-01 6.012052899999999200e-02
7.091397050694159265e-01 6.075515250000000644e-02
7.105579844795547606e-01 5.997444625000000751e-02
7.119791004485138686e-01 6.034736375000000069e-02
7.134030586494108928e-01 6.046477249999999970e-02
7.148298647667097327e-01 5.994592399999999766e-02
7.162595244962430829e-01 5.588430124999999721e-02
7.176920435452356362e-01 5.039840449999999361e-02
7.191274276323260661e-01 5.021847775000000402e-02
7.205656824875906752e-01 4.759268549999999542e-02
7.220068138525659318e-01 5.944064200000000187e-02
7.234508274802710082e-01 5.590789125000000109e-02
7.248977291352315389e-01 5.224230625000000905e-02
7.263475245935020475e-01 5.348400374999999485e-02
7.278002196426889281e-01 4.147537443750000385e-02
7.292558200819743153e-01 5.560534699999999941e-02
7.307143317221382883e-01 4.665046033749999793e-02
7.321757603855825192e-01 5.420584750000000118e-02
7.336401119063536980e-01 5.619590124999999936e-02
7.351073921301664038e-01 5.775584300000000115e-02
7.365776069144267524e-01 5.994180625000000012e-02
7.380507621282555997e-01 6.005735874999999779e-02
7.395268636525120787e-01 5.929655500000000079e-02
7.410059173798171361e-01 6.027095250000000237e-02
7.424879292145767362e-01 6.024071799999999866e-02
7.439729050730057303e-01 5.794449499999999864e-02
7.454608508831517266e-01 5.888550374999999837e-02
7.469517725849180723e-01 6.009583249999999460e-02
7.484456761300879446e-01 6.002799249999999504e-02
7.499425674823481103e-01 5.979814800000000236e-02
7.514424526173126839e-01 5.999759874999999881e-02
7.529453375225474421e-01 5.996072000000000207e-02
7.544512281975925827e-01 6.003710374999999405e-02
7.559601306539878163e-01 6.003869250000000435e-02
7.574720509152956804e-01 6.001647000000000926e-02
7.589869950171262980e-01 5.557573875000000607e-02
7.605049690071605806e-01 3.367941124999999924e-02
7.620259789451748755e-01 3.382685800000000131e-02
7.635500309030651689e-01 4.068887237500000420e-02
7.650771309648712881e-01 4.790509369999999822e-02
7.666072852268009941e-01 5.036633775000000368e-02
7.681404997972545168e-01 5.417883437499999844e-02
7.696767807968490915e-01 5.918040750000000405e-02
7.712161343584428286e-01 5.977809375000000397e-02
7.727585666271596931e-01 5.969784399999999991e-02
7.743040837604140414e-01 5.930462750000000532e-02
7.758526919279349343e-01 5.959868874999999649e-02
7.774043973117907846e-01 5.951095124999999930e-02
7.789592061064143369e-01 5.942948624999999652e-02
7.805171245186270923e-01 5.928588500000000344e-02
7.820781587676643998e-01 5.938590250000000403e-02
7.836423150851996589e-01 5.931810374999999663e-02
7.852095997153700768e-01 5.928139249999999499e-02
7.867800189148008716e-01 5.843906000000000101e-02
7.883535789526303628e-01 5.918693250000000433e-02
7.899302861105357287e-01 5.658923124999999665e-02
7.915101466827567656e-01 5.858680500000000568e-02
7.930931669761223102e-01 5.924104125000000109e-02
7.946793533100744433e-01 5.933773399999999615e-02
7.962687120166946908e-01 5.746930375000000590e-02
7.978612494407281153e-01 5.848402875000000001e-02
7.994569719396096286e-01 5.812868499999999938e-02
8.010558858834887497e-01 5.840077999999999936e-02
8.026579976552556950e-01 5.217005330000000496e-02
8.042633136505661362e-01 5.596751624999999480e-02
8.058718402778672907e-01 5.863962124999999581e-02
8.074835839584230124e-01 5.849850499999999925e-02
8.090985511263398822e-01 5.830326999999999732e-02
8.107167482285926319e-01 5.787559999999999927e-02
8.123381817250497905e-01 5.823001000000000565e-02
8.139628580884998854e-01 5.129724562500000140e-02
8.155907838046769776e-01 5.507020749999999576e-02
8.172219653722863075e-01 5.598678125000000616e-02
8.188564093030309410e-01 4.238086882000000055e-02
8.204941221216369707e-01 5.050081112500000302e-02
8.221351103658802728e-01 5.538079374999999721e-02
8.237793805866120422e-01 5.561168249999999535e-02
8.254269393477852157e-01 4.232641332499999937e-02
8.270777932264807841e-01 5.515228099999999745e-02
8.287319488129337719e-01 4.949854012499999706e-02
8.303894127105596601e-01 5.592560249999999761e-02
8.320501915359808098e-01 5.607631125000000355e-02
8.337142919190527746e-01 5.506366999999999512e-02
8.353817205028908344e-01 5.775428999999999979e-02
8.370524839438966413e-01 5.757870500000000086e-02
8.387265889117843098e-01 5.809837625000000005e-02
8.404040420896079500e-01 5.750959125000000560e-02
8.420848501737872027e-01 5.828380249999999541e-02
8.437690198741347736e-01 5.810511499999999885e-02
8.454565579138830778e-01 5.854107875000000294e-02
8.471474710297107746e-01 5.849086124999999803e-02
8.488417659717701902e-01 5.834937124999999697e-02
8.505394495037137403e-01 5.812526400000000287e-02
8.522405284027212424e-01 5.748436875000000057e-02
8.539450094595266716e-01 5.785048749999999185e-02
8.556528994784455833e-01 5.815138499999999988e-02
8.573642052774025357e-01 5.831263375000000221e-02
8.590789336879574023e-01 5.829370199999999586e-02
8.607970915553332381e-01 5.832792875000000071e-02
8.625186857384439243e-01 5.827064375000000351e-02
8.642437231099207029e-01 5.834639249999999666e-02
8.659722105561405980e-01 5.830016250000000233e-02
8.677041549772528395e-01 5.828832000000000457e-02
8.694395632872073953e-01 5.821220250000000429e-02
8.711784424137818394e-01 5.803238374999999949e-02
8.729207992986094400e-01 5.826844374999999576e-02
8.746666408972065820e-01 5.826506000000000046e-02
8.764159741790010782e-01 5.817527799999999694e-02
8.781688061273591472e-01 5.824256375000000374e-02
8.799251437396138353e-01 5.765710624999999950e-02
8.816849940270929942e-01 5.622039499999999940e-02
8.834483640151471473e-01 5.774192124999999454e-02
8.852152607431775788e-01 5.791375099999999942e-02
8.869856912646638669e-01 5.747891125000000045e-02
8.887596626471931938e-01 5.749826124999999483e-02
8.905371819724876570e-01 5.782379749999999596e-02
8.923182563364325803e-01 5.746468874999999255e-02
8.941028928491054906e-01 4.408489454000000252e-02
8.958910986348036509e-01 5.452031125000000172e-02
8.976828808320732600e-01 5.210603374999999565e-02
8.994782465937374294e-01 5.265743250000000375e-02
9.012772030869248274e-01 5.481706749999999684e-02
9.030797574930986560e-01 5.514891199999999438e-02
9.048859170080848502e-01 5.655341374999999643e-02
9.066956888421009442e-01 5.482668749999999869e-02
9.085090802197851589e-01 5.249728987499999860e-02
9.103260983802247130e-01 4.056639430000000268e-02
9.121467505769851325e-01 4.978935062499999231e-02
9.139710440781392276e-01 4.655197575000000199e-02
9.157989861662954034e-01 3.897067201124999880e-02
9.176305841386280804e-01 4.472309099999999954e-02
9.194658453069053383e-01 5.254565199999999825e-02
9.213047769975191148e-01 4.994928837499999774e-02
9.231473865515140709e-01 5.656311374999999780e-02
9.249936813246171230e-01 4.415788250000000220e-02
9.268436686872664199e-01 5.403818874999999355e-02
9.286973560246409853e-01 3.997986320000000010e-02
9.305547507366902504e-01 4.542153849999999715e-02
9.324158602381635852e-01 4.043534112500000305e-02
9.342806919586399417e-01 3.538682895000000439e-02
9.361492533425572748e-01 4.517073275000000471e-02
9.380215518492422966e-01 1.708924075900000034e-02
9.398975949529408958e-01 4.032205462499999921e-02
9.417773901428466710e-01 3.020739662500000061e-02
9.436609449231323499e-01 2.906863337499999977e-02
9.455482668129786550e-01 3.833318556249999676e-02
9.474393633466045017e-01 4.447463060000000218e-02
9.493342420732977516e-01 2.774233828749999783e-02
9.512329105574443000e-01 3.854168456249999763e-02
9.531353763785591626e-01 4.568192375000000582e-02
9.550416471313163402e-01 3.027825928749999784e-02
9.569517304255790169e-01 3.012130811000000158e-02
9.588656338864300910e-01 3.837755399999999428e-02
9.607833651542030395e-01 4.696576775000000509e-02
9.627049318845114501e-01 4.422095890000000279e-02
9.646303417482804399e-01 5.079160250000000487e-02
9.665596024317769652e-01 4.690106270000000271e-02
9.684927216366405744e-01 4.391394350000000363e-02
9.704297070799138281e-01 4.902314874999999517e-02
9.723705664940736071e-01 5.305540499999999993e-02
9.743153076270618662e-01 4.836498592999999985e-02
9.762639382423159429e-01 4.508083849999999781e-02
9.782164661188006427e-01 4.928202312500000459e-02
9.801728990510382156e-01 5.414650625000000383e-02
9.821332448491403300e-01 5.442494875000000037e-02
9.840975113388386042e-01 5.607400800000000851e-02
9.860657063615162476e-01 5.315201124999999888e-02
9.880378377742392582e-01 5.669626000000000526e-02
9.900139134497877302e-01 5.479055374999999839e-02
9.919939412766873854e-01 5.382487125000000316e-02
9.939779291592407695e-01 5.670028600000000252e-02
9.959658850175592271e-01 5.695017750000000434e-02
9.979578167875942096e-01 5.703785124999999345e-02
9.999537324211694722e-01 5.687475374999999972e-02
1.001953639886011826e+00 5.666898125000000008e-02
1.003957547165783781e+00 5.575162900000000393e-02
1.005965462260115295e+00 5.694673125000000724e-02
1.007977393184635417e+00 5.691785875000000133e-02
1.009993347971004818e+00 5.652821874999999774e-02
1.012013334666946873e+00 5.693504624999999597e-02
1.014037361336280751e+00 5.695257800000000370e-02
1.016065436058953164e+00 5.696616624999999851e-02
1.018097566931071229e+00 5.697092624999999105e-02
1.020133762064933336e+00 5.546120874999999756e-02
1.022174029589063338e+00 5.639837375000000125e-02
1.024218377648241418e+00 5.701382299999999820e-02
1.026266814403537841e+00 5.705109000000000569e-02
1.028319348032344926e+00 5.689166999999999141e-02
1.030375986728409687e+00 5.699110000000000287e-02
1.032436738701866474e+00 5.705906749999999084e-02
1.034501612179270502e+00 5.705036699999999766e-02
1.036570615403628937e+00 5.702617625000000467e-02
1.038643756634436199e+00 5.700416125000000445e-02
1.040721044147705054e+00 5.696113124999999805e-02
1.042802486236000359e+00 5.691651124999999589e-02
1.044888091208472591e+00 5.691434299999999918e-02
1.046977867390889383e+00 5.688627500000000003e-02
1.049071823125671266e+00 5.684642125000000101e-02
1.051169966771922537e+00 5.681103625000000212e-02
1.053272306705466566e+00 5.674698799999999821e-02
1.055378851318877320e+00 5.664419749999999310e-02
1.057489609021515342e+00 5.653641874999999761e-02
1.059604588239558165e+00 5.638071000000000055e-02
1.061723797416037396e+00 5.638462500000000072e-02
1.063847245010869358e+00 5.639608499999999858e-02
1.065974939500891061e+00 5.571860500000000438e-02
1.068106889379893065e+00 5.627383125000000319e-02
1.070243103158652787e+00 5.622305874999999897e-02
1.072383589364970025e+00 5.650728500000000432e-02
1.074528356543700047e+00 5.654291099999999431e-02
1.076677413256787563e+00 5.642665499999999917e-02
1.078830768083300917e+00 5.684984125000000499e-02
1.080988429619467617e+00 5.601991874999999454e-02
1.083150406478706529e+00 5.684785749999999444e-02
1.085316707291664073e+00 5.410715199999999170e-02
1.087487340706247529e+00 5.686536125000000302e-02
1.089662315387660119e+00 5.611678374999999608e-02
1.091841640018435422e+00 5.384762249999999750e-02
1.094025323298472241e+00 5.605710874999999399e-02
1.096213373945069236e+00 5.561515100000000156e-02
1.098405800692959566e+00 5.596348625000000659e-02
1.100602612294345528e+00 5.479825875000000207e-02
1.102803817518934082e+00 5.150613250000000282e-02
1.105009425153971936e+00 5.198315375000000377e-02
1.107219444004279962e+00 4.571136320000000058e-02
1.109433882892288503e+00 4.228745132499999587e-02
1.111652750658073119e+00 4.933292387500000375e-02
1.113876056159389227e+00 4.006096938249999878e-02
1.116103808271708075e+00 2.905679486900000080e-02
1.118336015888251378e+00 3.502799252000000224e-02
1.120572687920027732e+00 2.815821275726250114e-02
1.122813833295867925e+00 2.948666885000000154e-02
1.125059460962459568e+00 3.536216722625000475e-02
1.127309579884384405e+00 2.194605515699999884e-02
1.129564199044153394e+00 3.466649703750000061e-02
1.131823327442241567e+00 4.770293624999999427e-02
1.134086974097126221e+00 1.819183087987499836e-02
1.136355148045320451e+00 4.060156263750000494e-02
1.138627858341410892e+00 4.219063540000000251e-02
1.140905114058093694e+00 4.172810716249999302e-02
1.143186924286210049e+00 4.152894587500000068e-02
1.145473298134782603e+00 4.181718974999999727e-02
1.147764244731052097e+00 4.310179640000000312e-02
1.150059773220514225e+00 4.035182841999999936e-02
1.152359892766955163e+00 3.875853542500000415e-02
1.154664612552489089e+00 3.144176896624999856e-02
1.156973941777594161e+00 4.167831837500000219e-02
1.159287889661149373e+00 5.039487500000000564e-02
1.161606465440471636e+00 4.996109340000000343e-02
1.163929678371352416e+00 2.598271460250000178e-02
1.166257537728095262e+00 4.977658625000000447e-02
1.168590052803551327e+00 4.492609162499999753e-02
1.170927232909158455e+00 4.686643087500000360e-02
1.173269087374976705e+00 5.358237500000000153e-02
1.175615625549726762e+00 5.127429874999999554e-02
1.177966856800826134e+00 4.968141775000000510e-02
1.180322790514427789e+00 5.553947624999999721e-02
1.182683436095456564e+00 4.789118916250000024e-02
1.185048802967647585e+00 5.005392289999999189e-02
1.187418900573582903e+00 4.757125862500000135e-02
1.189793738374729903e+00 5.418519500000000544e-02
1.192173325851479504e+00 5.388705499999999621e-02
1.194557672503182344e+00 4.846720302500000244e-02
1.196946787848188531e+00 4.477566149999999412e-02
1.199340681423884947e+00 4.740783237499999331e-02
1.201739362786732546e+00 5.066840499999999969e-02
1.204142841512306106e+00 4.755199973749999615e-02
1.206551127195330864e+00 5.472392749999999834e-02
1.208964229449721373e+00 5.527199299999999149e-02
1.211382157908620805e+00 5.338433875000000300e-02
1.213804922224438254e+00 5.449230374999999849e-02
1.216232532068886929e+00 5.477264999999999912e-02
1.218664997133024785e+00 5.375705499999999804e-02
1.221102327127290721e+00 5.117664125000000175e-02
1.223544531781545430e+00 5.234443875000000662e-02
1.225991620845108487e+00 5.552979125000000182e-02
1.228443604086798757e+00 5.567144624999999930e-02
1.230900491294972365e+00 5.464145700000000438e-02
1.233362292277562222e+00 5.513656375000000609e-02
1.235829016862117324e+00 5.608910000000000284e-02
1.238300674895841613e+00 5.605062375000000041e-02
1.240777276245633054e+00 5.579039124999999461e-02
1.243258830798124492e+00 5.603273400000000765e-02
1.245745348459720736e+00 5.596063874999999965e-02
1.248236839156640077e+00 5.579683624999999536e-02
1.250733312834953370e+00 5.582539125000000879e-02
1.253234779460623338e+00 5.566869249999999159e-02
1.255741249019544536e+00 5.551712799999999892e-02
1.258252731517583545e+00 5.527454874999999934e-02
1.260769236980618713e+00 5.386566624999999942e-02
1.263290775454580128e+00 5.426698624999999609e-02
1.265817357005489141e+00 5.340174250000000178e-02
1.268348991719500107e+00 3.840251882100000763e-02
1.270885689702939025e+00 4.549149225000000130e-02
1.273427461082345058e+00 5.404353999999999408e-02
1.275974316004509834e+00 5.517973749999999233e-02
1.278526264636518750e+00 5.520217125000000113e-02
1.281083317165791824e+00 5.468281800000000109e-02
1.283645483800123444e+00 5.601694125000000052e-02
1.286212774767723666e+00 5.610172249999999250e-02
1.288785200317259072e+00 5.575802749999999447e-02
1.291362770717893405e+00 5.538229999999999542e-02
1.293945496259329087e+00 5.440281299999999431e-02
1.296533387251847858e+00 5.203162124999999305e-02
1.299126454026351407e+00 5.456418874999999918e-02
1.301724706934404230e+00 5.008098787500000343e-02
1.304328156348272927e+00 5.395756300000000005e-02
1.306936812660969505e+00 4.279179729999999654e-02
1.309550686286291565e+00 4.272551112499999720e-02
1.312169787658864273e+00 5.311188249999999889e-02
1.314794127234181875e+00 3.564064368125000049e-02
1.317423715488650338e+00 4.907578449999999703e-02
1.320058562919627532e+00 4.471953280000000308e-02
1.322698680045466757e+00 4.747883299999999807e-02
1.325344077405557819e+00 4.796696825000000552e-02
1.327994765560368773e+00 4.370480638750000313e-02
1.330650755091489668e+00 3.227212614000000285e-02
1.333312056601672513e+00 3.559564611375000409e-02
1.335978680714875910e+00 4.635127099999999944e-02
1.338650638076305466e+00 4.704946525000000546e-02
1.341327939352458198e+00 3.952505393749999874e-02
1.344010595231163174e+00 2.748196929990000259e-02
1.346698616421625472e+00 1.769594245625000228e-02
1.349392013654468592e+00 1.365831521298749990e-02
1.352090797681777534e+00 2.894440707500000112e-02
1.354794979277141209e+00 1.951679864624999983e-02
1.357504569235695513e+00 1.805294503300000283e-02
1.360219578374167071e+00 1.539660320025000063e-02
1.362940017530915426e+00 1.636009631374999926e-02
1.365665897565977005e+00 1.870831998749999600e-02
1.368397229361109080e+00 6.658038701499999386e-03
1.371134023819831294e+00 1.151572763270000167e-02
1.373876291867470956e+00 1.403184268611249938e-02
1.376624044451205897e+00 1.792306797731249915e-02
1.379377292540108435e+00 1.156861214125000023e-02
1.382136047125188671e+00 1.223685454750000033e-02
1.384900319219438902e+00 1.647508781399999872e-02
1.387670119857877804e+00 1.692061803349999977e-02
1.390445460097593511e+00 2.426954875374999834e-02
1.393226351017788911e+00 2.034795913624999966e-02
1.396012803719824280e+00 1.595736931099999908e-02
1.398804829327263910e+00 8.456819475124999208e-03
1.401602438985918520e+00 1.041106626324999999e-02
1.404405643863890329e+00 1.533276253374999884e-02
1.407214455151617916e+00 1.890671075200000065e-02
1.410028884061921284e+00 2.029888137000000065e-02
1.412848941830045169e+00 1.555311437682499985e-02
1.415674639713705218e+00 1.448093138132500006e-02
1.418505988993132627e+00 8.317732313749999495e-03
1.421343000971118986e+00 2.021893406375000271e-02
1.424185686973061138e+00 1.885673268699999960e-02
1.427034058347007139e+00 2.045788569112499955e-02
1.429888126463701337e+00 2.592463394999999782e-02
1.432747902716628552e+00 1.267353245289999999e-02
1.435613398522062045e+00 2.108212001750000078e-02
1.438484625319106147e+00 2.004535430800000184e-02
1.441361594569744220e+00 2.437442650500000127e-02
1.444244317758883733e+00 2.604906998499999932e-02
1.447132806394401561e+00 2.803505431250000179e-02
1.450027072007190387e+00 2.211615831749999886e-02
1.452927126151204895e+00 2.370453554500000226e-02
1.455832980403507282e+00 1.844631717374999730e-02
1.458744646364314335e+00 2.190305004750000076e-02
1.461662135657042949e+00 1.734605985250000162e-02
1.464585459928356981e+00 2.739229243750000362e-02
1.467514630848213653e+00 2.759852172900000011e-02
1.470449660109910184e+00 2.241669051874999735e-02
1.473390559430129976e+00 2.252847963874999790e-02
1.476337340548990129e+00 3.319747948750000066e-02
1.479290015230088073e+00 2.515487123374999731e-02
1.482248595260548196e+00 3.280337430000000026e-02
1.485213092451069361e+00 3.324319202499999987e-02
1.488183518635971314e+00 3.667759883749999866e-02
1.491159885673243313e+00 2.993644486875000205e-02
1.494142205444589644e+00 3.362280737125000057e-02
1.497130489855478697e+00 4.317324699999999793e-02
1.500124750835189813e+00 4.161104562500000242e-02
1.503125000336860140e+00 3.983998646249999748e-02
1.506131250337534144e+00 4.618398875000000181e-02
1.509143512838209134e+00 4.653842400000000185e-02
1.512161799863885658e+00 3.930635037500000012e-02
1.515186123463613477e+00 4.429906025000000108e-02
1.518216495710540626e+00 4.891363625000000326e-02
1.521252928701961604e+00 4.880704000000000292e-02
1.524295434559365781e+00 4.751285150000000845e-02
1.527344025428484464e+00 4.916465999999999892e-02
1.530398713479341533e+00 5.089758625000000147e-02
1.533459510906300283e+00 5.019172875000000450e-02
1.536526429928112947e+00 5.078098375000000136e-02
1.539599482787969098e+00 5.058118600000000020e-02
1.542678681753545167e+00 5.113288250000000423e-02
1.545764039117052402e+00 5.141449250000000581e-02
1.548855567195286387e+00 5.199032375000000455e-02
1.551953278329677000e+00 5.093241500000000171e-02
1.555057184886336374e+00 5.225387299999999929e-02
1.558167299256108862e+00 5.225225499999999745e-02
1.561283633854621211e+00 5.240258875000000649e-02
1.564406201122330309e+00 5.273026999999999576e-02
1.567535013524575138e+00 5.217946125000000324e-02
1.570670083551624074e+00 4.888084200000000074e-02
1.573811423718727287e+00 4.759082750000000195e-02
1.576959046566164702e+00 4.982192499999999608e-02
1.580112964659297070e+00 5.226860749999999445e-02
1.583273190588615709e+00 5.300633750000000033e-02
1.586439736969792680e+00 5.157001099999999894e-02
1.589612616443732307e+00 5.310960374999999789e-02
1.592791841676620024e+00 5.148763625000000316e-02
1.595977425359973001e+00 5.343648749999999753e-02
1.599169380210692992e+00 5.296719499999999470e-02
1.602367718971114297e+00 5.052285299999999951e-02
1.605572454409056604e+00 5.184414874999999923e-02
1.608783599317874735e+00 5.233023624999999512e-02
1.612001166516510375e+00 5.299336875000000557e-02
1.615225168849543369e+00 5.398152399999999601e-02
1.618455619187242345e+00 5.407712750000000235e-02
1.621692530425617118e+00 5.420618750000000263e-02
1.624935915486468208e+00 5.414872375000000237e-02
1.628185787317441235e+00 5.440853125000000290e-02
1.631442158892076222e+00 5.327544099999999283e-02
1.634705043209860431e+00 5.394427499999999986e-02
1.637974453296279886e+00 5.284883625000000307e-02
1.641250402202872660e+00 5.145603500000000413e-02
1.644532903007278390e+00 5.160083124999999965e-02
1.647821968813293125e+00 5.386551900000000059e-02
1.651117612750919506e+00 4.772495000000000209e-02
1.654419847976421387e+00 5.341418500000000291e-02
1.657728687672374246e+00 5.402755124999999992e-02
1.661044145047719134e+00 5.431063749999999468e-02
1.664366233337814638e+00 4.987865140000000141e-02
1.667694965804490170e+00 5.415986625000000082e-02
1.671030355736099260e+00 5.471050000000000219e-02
1.674372416447571510e+00 4.851807499999999385e-02
1.677721161280466333e+00 5.444131374999999773e-02
1.681076603603027353e+00 5.443932199999999832e-02
1.684438756810233473e+00 5.434119750000000054e-02
1.687807634323853945e+00 5.458792625000000870e-02
1.691183249592501658e+00 5.199574125000000491e-02
1.694565616091686655e+00 5.466498000000000190e-02
1.697954747323870084e+00 5.356261600000000039e-02
1.701350656818517715e+00 5.340228500000000766e-02
1.704753358132154784e+00 5.319372499999999726e-02
1.708162864848419282e+00 5.082338749999999739e-02
1.711579190578115917e+00 5.451400374999999798e-02
1.715002348959272283e+00 5.385331399999999935e-02
1.718432353657190825e+00 5.331602624999999540e-02
1.721869218364505016e+00 4.743568332499999846e-02
1.725312956801233977e+00 5.300181625000000007e-02
1.728763582714836655e+00 4.978869625000000021e-02
1.732221109880266230e+00 5.200570200000000087e-02
1.735685552100026730e+00 5.226251875000000047e-02
1.739156923204226768e+00 5.263602625000000229e-02
1.742635237050635277e+00 4.889889124999999975e-02
1.746120507524736576e+00 4.748503949999999252e-02
1.749612748539786100e+00 5.232151250000000031e-02
1.753111974036865472e+00 5.295913875000000243e-02
1.756618197984939123e+00 4.815794625000000689e-02
1.760131434380908910e+00 5.165835124999999806e-02
1.763651697249670747e+00 4.917860099999999540e-02
1.767179000644169884e+00 4.863475987500000264e-02
1.770713358645458202e+00 5.064998874999999956e-02
1.774254785362749054e+00 4.610399175000000349e-02
1.777803294933474554e+00 3.253365970574999960e-02
1.781358901523341753e+00 4.755956604999999476e-02
1.784921619326388376e+00 3.601772641374999945e-02
1.788491462565041212e+00 4.845992887500000235e-02
1.792068445490171413e+00 3.810461987499999537e-02
1.795652582381151552e+00 4.081829012500000353e-02
1.799243887545913800e+00 3.515488797700000445e-02
1.802842375321005663e+00 3.240239704500000317e-02
1.806448060071647710e+00 3.288612024500000425e-02
1.810060956191791082e+00 2.061716047649999814e-02
1.813681078104174560e+00 1.914956514624999856e-02
1.817308440260382962e+00 1.929869842817000247e-02
1.820943057140903765e+00 1.232021186912499872e-02
1.824584943255185721e+00 3.445850337749999798e-02
1.828234113141696149e+00 2.778212684750000147e-02
1.831890581367979554e+00 1.000786237099999913e-02
1.835554362530715355e+00 1.675989057300000112e-02
1.839225471255776734e+00 1.777823007687499846e-02
1.842903922198288136e+00 9.609985300375000622e-03
1.846589730042684785e+00 1.590215097162499952e-02
1.850282909502769968e+00 1.118332865687499990e-02
1.853983475321775654e+00 1.747725176452000206e-02
1.857691442272419113e+00 1.606198563637499868e-02
1.861406825156963984e+00 1.455808820514999970e-02
1.865129638807277779e+00 1.019431039575000031e-02
1.868859898084892279e+00 4.568554677400000520e-03
1.872597617881062160e+00 1.065735214374999990e-02
1.876342813116824271e+00 1.217734593812500044e-02
1.880095498743057814e+00 1.146560259137499940e-02
1.883855689740544070e+00 1.837787066762500143e-02
1.887623401120025246e+00 1.667034771250000200e-02
1.891398647922265308e+00 3.097333493124999892e-03
1.895181445218109717e+00 1.194138881537499912e-02
1.898971808108545822e+00 9.237002133750000024e-03
1.902769751724763037e+00 1.400148705262500154e-02
1.906575291228212565e+00 1.125169684616099917e-02
1.910388441810669136e+00 1.181479639125000182e-02
1.914209218694290282e+00 9.997190857499999375e-03
1.918037637131678963e+00 1.409351384625000085e-02
1.921873712405942403e+00 1.296446182375000054e-02
1.925717459830754041e+00 1.154372688680000217e-02
1.929568894750415708e+00 5.239406291200000149e-03
1.933428032539916241e+00 1.272282844212500007e-02
1.937294888604996324e+00 1.352144596625000014e-02
1.941169478382206215e+00 1.568164667374999724e-02
1.945051817338970590e+00 1.427712077399999856e-02
1.948941920973648489e+00 1.572577755000000022e-02
1.952839804815595715e+00 1.179616894625000120e-02
1.956745484425226778e+00 8.072993564499999358e-03
1.960658975394077297e+00 1.645503151124999910e-02
1.964580293344865503e+00 1.443137540819999787e-02
1.968509453931555075e+00 1.002692954597499998e-02
1.972446472839417986e+00 1.967801830000000252e-02
1.976391365785096887e+00 2.659718049999999778e-02
1.980344148516667069e+00 2.242100747250000067e-02
1.984304836813700401e+00 2.781734945999999806e-02
1.988273446487327956e+00 2.484218728375000088e-02
1.992249993380302620e+00 3.035593537500000036e-02
1.996234493367063045e+00 2.555773949999999919e-02
2.000226962353797155e+00 1.918587630300000110e-02
