2.002000000000000168e-01 3.934584999999999992e-03
2.006004000000000120e-01 5.403784750000000490e-03
2.010016008000000132e-01 4.134780875000000633e-03
2.014036040016000118e-01 5.850130000000000260e-03
2.018064112096032425e-01 5.714937600000000867e-03
2.022100240320224285e-01 6.265349249999999787e-03
2.026144440800864976e-01 6.616460375000000026e-03
2.030196729682466894e-01 6.460251499999999925e-03
2.034257123141831602e-01 6.272649249999999801e-03
2.038325637388115341e-01 6.068785900000000025e-03
2.042402288662891752e-01 5.873965874999999628e-03
2.046487093240217381e-01 5.708352374999999673e-03
2.050580067426697739e-01 5.577233500000000621e-03
2.054681227561551138e-01 5.550755249999999967e-03
2.058790590016674471e-01 5.526683000000000116e-03
2.062908171196707885e-01 5.477846249999999625e-03
2.067033987539101392e-01 5.424670374999999295e-03
2.071168055514179263e-01 5.379794250000000111e-03
2.075310391625207751e-01 5.345157625000000225e-03
2.079461012408458098e-01 5.301650399999999902e-03
2.083619934433275089e-01 5.256662500000000224e-03
2.087787174302141446e-01 5.216550999999999827e-03
2.091962748650745829e-01 5.175696250000000331e-03
2.096146674148047229e-01 5.127882125000000207e-03
2.100338967496343523e-01 5.068256400000000286e-03
2.104539645431336148e-01 5.027599125000000585e-03
2.108748724722198931e-01 4.993823374999999468e-03
2.112966222171643316e-01 4.948384624999999787e-03
2.117192154615986643e-01 4.894771750000000490e-03
2.121426538925218486e-01 4.818321999999999883e-03
2.125669392003068925e-01 4.737205999999999882e-03
2.129920730787074890e-01 4.666483250000000652e-03
2.134180572248648988e-01 4.598482875000000497e-03
2.138448933393146401e-01 4.531311249999999541e-03
2.142725831259932878e-01 4.437830000000000247e-03
2.147011282922452469e-01 4.338095000000000145e-03
2.151305305488297459e-01 4.258576499999999765e-03
2.155607916099274157e-01 4.193774250000000675e-03
2.159919131931472558e-01 4.122001599999999474e-03
2.164238970195335454e-01 4.037847750000000263e-03
2.168567448135726161e-01 3.955806125000000881e-03
2.172904583031997627e-01 3.879076250000000267e-03
2.177250392198061546e-01 3.805724374999999715e-03
2.181604892982457744e-01 3.724652200000000239e-03
2.185968102768422461e-01 3.641598999999999704e-03
2.190340038973959125e-01 3.555766624999999806e-03
2.194720719051907187e-01 3.465452249999999811e-03
2.199110160490010957e-01 3.377836250000000248e-03
2.203508380810991207e-01 3.284946799999999799e-03
2.207915397572613181e-01 3.196134375000000017e-03
2.212331228367758196e-01 3.108950625000000186e-03
2.216755890824493869e-01 3.017551624999999932e-03
2.221189402606142949e-01 2.930790749999999563e-03
2.225631781411355203e-01 2.839890699999999667e-03
2.230083044974177642e-01 2.753265250000000268e-03
2.234543211064126123e-01 2.679486000000000021e-03
2.239012297486254466e-01 2.600338749999999820e-03
2.243490322081226895e-01 2.523158374999999974e-03
2.247977302725389648e-01 2.440348499999999907e-03
2.252473257330840362e-01 2.362228875000000044e-03
2.256978203845501907e-01 2.296449375000000123e-03
2.261492160253192885e-01 2.230054125000000345e-03
2.266015144573699513e-01 2.160390249999999748e-03
2.270547174862846962e-01 2.085495799999999983e-03
2.275088269212572623e-01 2.013342999999999904e-03
2.279638445750997722e-01 1.951896250000000142e-03
2.284197722642499762e-01 1.890517750000000018e-03
2.288766118087784962e-01 1.826403500000000051e-03
2.293343650323960425e-01 1.756526500000000178e-03
2.297930337624608521e-01 1.691462874999999887e-03
2.302526198299857663e-01 1.623299250000000225e-03
2.307131250696457525e-01 1.584278625000000050e-03
2.311745513197850377e-01 1.530545500000000080e-03
2.316369004224245742e-01 1.483251599999999872e-03
2.321001742232694509e-01 1.436996375000000083e-03
2.325643745717159705e-01 1.389484249999999943e-03
2.330295033208594213e-01 1.343401749999999966e-03
2.334955623275011272e-01 1.301128600000000125e-03
2.339625534521561634e-01 1.264246750000000159e-03
2.344304785590604623e-01 1.221183124999999968e-03
2.348993395161785847e-01 1.183066124999999913e-03
2.353691381952109363e-01 1.157766250000000045e-03
2.358398764716013452e-01 1.117636200000000045e-03
2.363115562245445278e-01 1.075121000000000063e-03
2.367841793369936387e-01 1.048987999999999830e-03
2.372577476956675979e-01 1.017088625000000081e-03
2.377322631910589457e-01 9.898616499999998708e-04
2.382077277174410590e-01 9.566868000000000507e-04
2.386841431728759511e-01 9.290293999999999722e-04
2.391615114592217095e-01 9.072474625000000181e-04
2.396398344821401571e-01 8.742851874999999374e-04
2.401191141511044291e-01 8.487682749999999471e-04
2.405993523794066058e-01 8.327213000000000193e-04
2.410805510841654287e-01 8.079781000000000289e-04
2.415627121863337390e-01 7.833889875000000537e-04
2.420458376107064158e-01 7.668190374999999228e-04
2.425299292859278144e-01 7.542146125000000591e-04
2.430149891444997046e-01 7.373730499999999518e-04
2.435010191227887089e-01 7.159119875000000219e-04
2.439880211610342686e-01 7.002361499999999652e-04
2.444759972033563322e-01 6.920490499999999365e-04
2.449649491977630433e-01 6.811484499999999548e-04
2.454548790961585680e-01 6.542430399999999389e-04
2.459457888543508663e-01 6.383355124999999779e-04
2.464376804320595749e-01 6.323287499999999655e-04
2.469305557929236949e-01 6.228824374999999362e-04
2.474244169045095587e-01 6.058950999999999920e-04
2.479192657383185727e-01 5.939159000000000712e-04
2.484151042697951839e-01 5.863147499999999280e-04
2.489119344783347898e-01 5.676890999999999448e-04
2.494097583472914548e-01 5.592530000000000071e-04
2.499085778639860422e-01 5.496577399999999156e-04
2.504083950197140140e-01 5.466895750000000300e-04
2.509092118097534518e-01 5.430473749999999719e-04
2.514110302333729119e-01 5.296345499999999349e-04
2.519138522938396685e-01 5.141175000000000866e-04
2.524176799984273467e-01 5.152206699999999692e-04
2.529225153584241936e-01 5.123962250000000003e-04
2.534283603891410719e-01 5.032755000000000301e-04
2.539352171099192867e-01 4.953732124999999254e-04
2.544430875441391349e-01 4.960190750000000211e-04
2.549519737192273983e-01 4.892085199999999644e-04
2.554618776666658375e-01 4.759896375000000133e-04
2.559728014219991854e-01 4.786666875000000049e-04
2.564847470248432515e-01 4.839030375000000044e-04
2.569977165188929158e-01 4.808622500000000631e-04
2.575117119519306774e-01 4.770790900000000103e-04
2.580267353758345372e-01 4.752553499999999593e-04
2.585427888465862134e-01 4.615188250000000188e-04
2.590598744242793572e-01 4.594536749999999798e-04
2.595779941731279905e-01 4.758841874999999956e-04
2.600971501614742221e-01 4.767106400000000258e-04
2.606173444617971846e-01 4.607563874999999606e-04
2.611385791507207510e-01 4.674215749999999616e-04
2.616608563090221939e-01 4.770479624999999775e-04
2.621841780216402351e-01 4.720575125000000226e-04
2.627085463776834828e-01 4.701133199999999986e-04
2.632339634704388698e-01 4.867380749999999858e-04
2.637604313973797576e-01 4.882664124999999819e-04
2.642879522601745412e-01 4.790822500000000090e-04
2.648165281646948088e-01 4.827437000000000178e-04
2.653461612210242238e-01 4.930423600000000389e-04
2.658768535434662961e-01 4.922142125000000595e-04
2.664086072505532643e-01 5.020729750000001157e-04
2.669414244650543111e-01 5.164789375000000595e-04
2.674753073139844450e-01 5.163503500000000664e-04
2.680102579286124387e-01 5.196494125000000438e-04
2.685462784444696549e-01 5.381973499999999268e-04
2.690833710013585955e-01 5.512713624999999486e-04
2.696215377433612836e-01 5.454214625000000302e-04
2.701607808188479787e-01 5.540821199999999662e-04
2.707011023804857253e-01 5.763249624999999690e-04
2.712425045852466798e-01 5.870856375000000488e-04
2.717849895944172145e-01 5.916070249999999704e-04
2.723285595736060216e-01 6.048876625000000878e-04
2.728732166927532177e-01 6.226999700000000228e-04
2.734189631261387810e-01 6.397261749999999178e-04
2.739658010523910447e-01 6.674268625000000666e-04
2.745137326544958567e-01 6.873545250000000087e-04
2.750627601198047945e-01 6.904376750000000302e-04
2.756128856400444360e-01 7.196578899999999789e-04
2.761641114113245199e-01 7.411624374999999489e-04
2.767164396341471599e-01 7.646440750000000047e-04
2.772698725134154496e-01 7.816075374999999388e-04
2.778244122584422882e-01 8.098479624999999895e-04
2.783800610829592070e-01 8.453491600000000248e-04
2.789368212051250850e-01 8.795935749999999990e-04
2.794946948475353632e-01 9.087437249999999727e-04
2.800536842372304269e-01 9.343597249999999795e-04
2.806137916057048765e-01 9.879487374999998666e-04
2.811750191889162975e-01 1.025441700000000005e-03
2.817373692272941987e-01 1.100735250000000123e-03
2.823008439657487822e-01 1.134544249999999786e-03
2.828654456536803252e-01 1.180986125000000123e-03
2.834311765449876730e-01 1.194121124999999962e-03
2.839980388980776205e-01 1.283895499999999912e-03
2.845660349758737939e-01 1.357687624999999888e-03
2.851351670458255327e-01 1.427764750000000025e-03
2.857054373799171598e-01 1.500093749999999908e-03
2.862768482546770299e-01 1.552062874999999859e-03
2.868494019511863558e-01 1.641114900000000031e-03
2.874231007550887562e-01 1.724407125000000218e-03
2.879979469565989714e-01 1.861660499999999961e-03
2.885739428505121884e-01 1.958808125000000185e-03
2.891510907362132010e-01 2.072019599999999802e-03
2.897293929176856242e-01 2.209249249999999803e-03
2.903088517035209426e-01 2.312415874999999930e-03
2.908894694069280029e-01 2.426936125000000131e-03
2.914712483457418957e-01 2.601035124999999740e-03
2.920541908424333366e-01 2.815031099999999557e-03
2.926382992241182146e-01 2.949781624999999949e-03
2.932235758225664735e-01 3.142012625000000121e-03
2.938100229742116043e-01 3.390930125000000267e-03
2.943976430201600269e-01 3.554128125000000082e-03
2.949864383062003048e-01 3.794990099999999856e-03
2.955764111828127483e-01 4.142115374999999836e-03
2.961675640051783520e-01 4.440491625000000074e-03
2.967598991331887315e-01 4.681269499999999792e-03
2.973534189314551157e-01 5.030576624999999816e-03
2.979481257693180618e-01 5.492713899999999635e-03
2.985440220208566697e-01 5.873889624999999864e-03
2.991411100648984078e-01 6.256323874999999805e-03
2.997393922850282166e-01 6.852872375000000106e-03
3.003388710695982233e-01 7.268621500000000887e-03
3.009395488117374562e-01 7.912792700000000762e-03
3.015414279093609484e-01 8.738692374999999096e-03
3.021445107651796746e-01 9.195407250000000796e-03
3.027487997867099878e-01 1.004641612500000065e-02
3.033542973862833891e-01 1.107999499999999873e-02
3.039610059810559650e-01 1.173148499999999983e-02
3.045689279930180460e-01 1.277428125000000005e-02
3.051780658490040876e-01 1.439343124999999807e-02
3.057884219807021076e-01 1.540128500000000067e-02
3.063999988246635664e-01 1.605015250000000129e-02
3.070127988223129156e-01 1.796427400000000230e-02
3.076268244199575896e-01 2.028306625000000224e-02
3.082420780687974982e-01 2.106117249999999580e-02
3.088585622249351292e-01 2.214898250000000082e-02
3.094762793493849307e-01 2.489244899999999705e-02
3.100952319080837460e-01 2.724953249999999966e-02
3.107154223718998631e-01 2.876181624999999895e-02
3.113368532166437275e-01 2.992122875000000071e-02
3.119595269230769907e-01 3.401730875000000265e-02
3.125834459769231133e-01 3.806993899999999709e-02
3.132086128688770232e-01 3.921523124999999610e-02
3.138350300946147753e-01 3.968447749999999552e-02
3.144627001548039313e-01 4.551133124999999502e-02
3.150916255551135525e-01 4.785676999999999987e-02
3.157218088062238026e-01 4.668541199999999558e-02
3.163532524238362176e-01 5.269934874999999963e-02
3.169859589286838641e-01 5.460938625000000268e-02
3.176199308465412763e-01 5.332447125000000510e-02
3.182551707082343917e-01 5.784883375000000189e-02
3.188916810496508214e-01 6.470803699999999603e-02
3.195294644117501193e-01 6.130978000000000122e-02
3.201685233405736630e-01 6.112836624999999635e-02
3.208088603872547573e-01 6.972043999999999464e-02
3.214504781080292917e-01 7.416160250000000675e-02
3.220933790642453443e-01 6.844724200000000536e-02
3.227375658223737842e-01 6.794820999999999500e-02
3.233830409540185413e-01 7.770554000000000350e-02
3.240298070359265425e-01 8.201703500000001590e-02
3.246778666499984256e-01 7.728372249999999888e-02
3.253272223832984200e-01 7.478383999999999032e-02
3.259778768280650052e-01 8.156051500000000010e-02
3.266298325817211246e-01 8.681748750000001236e-02
3.272830922468845660e-01 8.419902874999998788e-02
3.279376584313783427e-01 7.942804875000000764e-02
3.285935337482410734e-01 8.389919299999999691e-02
3.292507208157375853e-01 9.010003999999999236e-02
3.299092222573690725e-01 9.029543624999999962e-02
3.305690407018838095e-01 8.573794875000000093e-02
3.312301787832875322e-01 8.412151375000000153e-02
3.318926391408540955e-01 8.919339800000000706e-02
3.325564244191357988e-01 9.225072125000000067e-02
3.332215372679740994e-01 9.099385125000000740e-02
3.338879803425100490e-01 8.694422625000000626e-02
3.345557563031950621e-01 9.051470400000000138e-02
3.352248678158014084e-01 9.285783625000000596e-02
3.358953175514330369e-01 9.315349875000000779e-02
3.365671081865359016e-01 9.141294499999999545e-02
3.372402424029089518e-01 8.932807249999999422e-02
3.379147228877147358e-01 9.076270899999999697e-02
3.385905523334902245e-01 9.276445375000000326e-02
3.392677334381571930e-01 9.276123875000000241e-02
3.399462689050334330e-01 9.168625125000000320e-02
3.406261614428435225e-01 9.116985250000000929e-02
3.413074137657292062e-01 9.253926499999999555e-02
3.419900285932606643e-01 9.275740250000000242e-02
3.426740086504471705e-01 9.262271749999999304e-02
3.433593566677480835e-01 9.202536624999999026e-02
3.440460753810836159e-01 9.081855875000000022e-02
3.447341675318457699e-01 9.131321800000000155e-02
3.454236358669094398e-01 9.179696000000001077e-02
3.461144831386432363e-01 9.178215249999999159e-02
3.468067121049205337e-01 9.169106124999998331e-02
3.475003255291303494e-01 9.119671625000000392e-02
3.481953261801886135e-01 9.138013300000000227e-02
3.488917168325489926e-01 9.131928749999999873e-02
3.495895002662141038e-01 9.109998999999999181e-02
3.502886792667465610e-01 9.092844999999999400e-02
3.509892566252800217e-01 9.068786999999998988e-02
3.516912351385305668e-01 9.007977200000000240e-02
3.523946176088076365e-01 9.012312375000000597e-02
3.530994068440251876e-01 9.003494624999999751e-02
3.538056056577132402e-01 8.990939000000000569e-02
3.545132168690287022e-01 8.973258124999999863e-02
3.552222433027667492e-01 8.946143400000000634e-02
3.559326877893722596e-01 8.926347249999999622e-02
3.566445531649510281e-01 8.904600374999999124e-02
3.573578422712808678e-01 8.882799874999999790e-02
3.580725579558234339e-01 8.861457699999999993e-02
3.587887030717350489e-01 8.839152375000000617e-02
3.595062804778785814e-01 8.811413499999999621e-02
3.602252930388343266e-01 8.794804624999999487e-02
3.609457436249119411e-01 8.784784249999999517e-02
3.616676351121618227e-01 8.771688099999999655e-02
3.623909703823861017e-01 8.755522500000000041e-02
3.631157523231508533e-01 8.742727499999999874e-02
3.638419838277971996e-01 8.730164749999999585e-02
3.645696677954528009e-01 8.716056750000000797e-02
3.652988071310436791e-01 8.699865099999999629e-02
3.660294047453057642e-01 8.685206374999998591e-02
3.667614635547964408e-01 8.672635875000000993e-02
3.674949864819060386e-01 8.659757499999999608e-02
3.682299764548698229e-01 8.646133500000000027e-02
3.689664364077795966e-01 8.630781900000000784e-02
3.697043692805951354e-01 8.616461999999999732e-02
3.704437780191563445e-01 8.599692750000000052e-02
3.711846655751946944e-01 8.580961500000000575e-02
3.719270349063450443e-01 8.562389874999999650e-02
3.726708889761577437e-01 8.541364800000000868e-02
3.734162307541100123e-01 8.519959374999999668e-02
3.741630632156182079e-01 8.501133750000000600e-02
3.749113893420494836e-01 8.482896624999999857e-02
3.756612121207335564e-01 8.464690749999999320e-02
3.764125345449750304e-01 8.443496400000000124e-02
3.771653596140650544e-01 8.419858250000000766e-02
3.779196903332932012e-01 8.405385749999999545e-02
3.786755297139597909e-01 8.387308124999999503e-02
3.794328807733876596e-01 8.368886999999999854e-02
3.801917465349344827e-01 8.350423900000000788e-02
3.809521300280043210e-01 8.335398250000000675e-02
3.817140342880603332e-01 8.322321124999999820e-02
3.824774623566364884e-01 8.309306625000000002e-02
3.832424172813497787e-01 8.294735799999999881e-02
3.840089021159124316e-01 8.280313625000000621e-02
3.847769199201442891e-01 8.267596624999999644e-02
3.855464737599845759e-01 8.254908999999999164e-02
3.863175667075045561e-01 8.242237999999998954e-02
3.870902018409195788e-01 8.228016600000000180e-02
3.878643822446014022e-01 8.213889624999999584e-02
3.886401110090906830e-01 8.201414499999999663e-02
3.894173912311088559e-01 8.189084625000001005e-02
3.901962260135710681e-01 8.176076499999998526e-02
3.909766184655981691e-01 8.159117999999998538e-02
3.917585717025293679e-01 8.143479249999999170e-02
3.925420888459344448e-01 8.128774249999999590e-02
3.933271730236262975e-01 8.109975875000000056e-02
3.941138273696735417e-01 8.099855624999999226e-02
3.949020550244128902e-01 8.083574799999999894e-02
3.956918591344616987e-01 8.067578999999999723e-02
3.964832428527306218e-01 8.052590375000000245e-02
3.972762093384361037e-01 8.038985125000000509e-02
3.980707617571129786e-01 8.019822500000001186e-02
3.988669032806272385e-01 8.008974400000000438e-02
3.996646370871884679e-01 7.993601375000000675e-02
4.004639663613628331e-01 7.981740375000000165e-02
4.012648942940855168e-01 7.969897249999999267e-02
4.020674240826737078e-01 7.956584499999999616e-02
4.028715589308390355e-01 7.940547700000000209e-02
4.036773020487006702e-01 7.923449124999999704e-02
4.044846566527980913e-01 7.909560374999999310e-02
4.052936259661036877e-01 7.895446000000000408e-02
4.061042132180359143e-01 7.881473875000000184e-02
4.069164216444720039e-01 7.867579099999999492e-02
4.077302544877609569e-01 7.852523250000000010e-02
4.085457149967364754e-01 7.841637124999999153e-02
4.093628064267299527e-01 7.829566374999999412e-02
4.101815320395834075e-01 7.817388000000000114e-02
4.110018951036625845e-01 7.801526100000000241e-02
4.118238988938699441e-01 7.785617124999999472e-02
4.126475466916577073e-01 7.772891374999998937e-02
4.134728417850409565e-01 7.760821874999999925e-02
4.142997874686110693e-01 7.746070299999999187e-02
4.151283870435482637e-01 7.735260499999999095e-02
4.159586438176353651e-01 7.724594499999999642e-02
4.167905611052706849e-01 7.709267000000000203e-02
4.176241422274811765e-01 7.698466625000000008e-02
4.184593905119361468e-01 7.683866999999999781e-02
4.192963092929599678e-01 7.665539874999999226e-02
4.201349019115458994e-01 7.653698374999999554e-02
4.209751717153689676e-01 7.641464374999999698e-02
4.218171220587997317e-01 7.630022625000000558e-02
4.226607563029173287e-01 7.617251499999999620e-02
4.235060778155231298e-01 7.605061750000000065e-02
4.243530899711541737e-01 7.594427000000000816e-02
4.252017961510964894e-01 7.581794625000000398e-02
4.260521997433986963e-01 7.567367625000000209e-02
4.269043041428854934e-01 7.554124600000000633e-02
4.277581127511712600e-01 7.540456125000000176e-02
4.286136289766736551e-01 7.529523500000000202e-02
4.294708562346269964e-01 7.519155999999999063e-02
4.303297979470962487e-01 7.508990499999999846e-02
4.311904575429904574e-01 7.496693100000000054e-02
4.320528384580764047e-01 7.484091500000000785e-02
4.329169441349925429e-01 7.473289499999999363e-02
4.337827780232624830e-01 7.461449624999999530e-02
4.346503435793090397e-01 7.449199624999999769e-02
4.355196442664676648e-01 7.435813800000000418e-02
4.363906835550006025e-01 7.422837000000000185e-02
4.372634649221106007e-01 7.410593125000000669e-02
4.381379918519547889e-01 7.399546500000001026e-02
4.390142678356587225e-01 7.388714749999999998e-02
4.398922963713300383e-01 7.375933599999999479e-02
4.407720809640727211e-01 7.359569000000000527e-02
4.416536251260008150e-01 7.322012624999998942e-02
4.425369323762528007e-01 7.328403999999999474e-02
4.434220062410053065e-01 7.312555699999999381e-02
4.443088502534873196e-01 7.304322374999999701e-02
4.451974679539942858e-01 7.294643250000000523e-02
4.460878628899022647e-01 7.283727375000000059e-02
4.469800386156820293e-01 7.284511124999999698e-02
4.478739986929134442e-01 7.276574299999999385e-02
4.487697466902992316e-01 7.264319124999998878e-02
4.496672861836799040e-01 7.250180375000001010e-02
4.505666207560472536e-01 7.236891749999999068e-02
4.514677539975593401e-01 7.225069374999999738e-02
4.523706895055544797e-01 7.212757499999999933e-02
4.532754308845656221e-01 7.201441250000001348e-02
4.541819817463347286e-01 7.193063500000000665e-02
4.550903457098274263e-01 7.181705624999999704e-02
4.560005264012471082e-01 7.171438750000000417e-02
4.569125274540495885e-01 7.155919299999999317e-02
4.578263525089577013e-01 7.140395499999999118e-02
4.587420052139756232e-01 7.124287749999999586e-02
4.596594892244035835e-01 7.108184625000001089e-02
4.605788082028524077e-01 7.093167374999999331e-02
4.614999658192581178e-01 7.078496099999999347e-02
4.624229657508966418e-01 7.068194999999999339e-02
4.633478116823984694e-01 7.063372625000000071e-02
4.642745073057632510e-01 7.059379999999999822e-02
4.652030563203747304e-01 7.054432249999999238e-02
4.661334624330154552e-01 7.045239999999999836e-02
4.670657293578814873e-01 7.031377375000000263e-02
4.679998608165972795e-01 7.016617499999999730e-02
4.689358605382304424e-01 6.996458749999999449e-02
4.698737322593069532e-01 6.987072249999999596e-02
4.708134797238255342e-01 6.976033599999999224e-02
4.717551066832731399e-01 6.965752125000000683e-02
4.726986168966397228e-01 6.959196500000000563e-02
4.736440141304329998e-01 6.952003375000000152e-02
4.745913021586939395e-01 6.939416000000001028e-02
4.755404847630113063e-01 6.920413799999999838e-02
4.764915657325373699e-01 6.897920750000000045e-02
4.774445488640024493e-01 6.876213875000000697e-02
4.783994379617304560e-01 6.853529625000000236e-02
4.793562368376539373e-01 6.831363799999999598e-02
4.803149493113292312e-01 6.813206750000000422e-02
4.812755792099518981e-01 6.801344749999999051e-02
4.822381303683718201e-01 6.792343124999999926e-02
4.832026066291085775e-01 6.787916499999999131e-02
4.841690118423668254e-01 6.784526600000000129e-02
4.851373498660515038e-01 6.784915874999999930e-02
4.861076245657836026e-01 6.785260625000000267e-02
4.870798398149152053e-01 6.776832499999999038e-02
4.880539994945450322e-01 6.775588625000000809e-02
4.890301074935341497e-01 6.765654300000001342e-02
4.900081677085211806e-01 6.754206749999999704e-02
4.909881840439382916e-01 6.745265374999999397e-02
4.919701604120261251e-01 6.734130250000000539e-02
4.929541007328501756e-01 6.728371874999999891e-02
4.939400089343158884e-01 6.717733800000000310e-02
4.949278889521845359e-01 6.704365000000001018e-02
4.959177447300888719e-01 6.691096250000000412e-02
4.969095802195490075e-01 6.677339500000001316e-02
4.979033993799881208e-01 6.660807750000000138e-02
4.988992061787480559e-01 6.640475999999999324e-02
4.998970045911055315e-01 6.618062750000000549e-02
5.008967986002876849e-01 6.596832125000000324e-02
5.018985921974883357e-01 6.553480250000000285e-02
5.029023893818832525e-01 6.547832250000000520e-02
5.039081941606470272e-01 6.513690099999999705e-02
5.049160105489682859e-01 6.504161499999999707e-02
5.059258425700663420e-01 6.493301249999999802e-02
5.069376942552064058e-01 6.455212374999999558e-02
5.079515696437167938e-01 6.488497875000000248e-02
5.089674727830042489e-01 6.488312300000000088e-02
5.099854077285701504e-01 6.492127875000000548e-02
5.110053785440273888e-01 6.476711250000000142e-02
5.120273893011153543e-01 6.479007250000000384e-02
5.130514440797175890e-01 6.462711399999999939e-02
5.140775469678771081e-01 6.449443374999999645e-02
5.151057020618128313e-01 6.436640500000000154e-02
5.161359134659364578e-01 6.424920124999999871e-02
5.171681852928683432e-01 6.415371875000000501e-02
5.182025216634540410e-01 6.405269500000000671e-02
5.192389267067809566e-01 6.394697624999999552e-02
5.202774045601945563e-01 6.384151999999999882e-02
5.213179593693149094e-01 6.369835875000000314e-02
5.223605952880534531e-01 6.350339124999999918e-02
5.234053164786296453e-01 6.325749900000000869e-02
5.244521271115868410e-01 6.299791999999999892e-02
5.255010313658099452e-01 6.281175500000001077e-02
5.265520334285416215e-01 6.260557375000000424e-02
5.276051374953987239e-01 6.240527249999999748e-02
5.286603477703895049e-01 6.218063599999999747e-02
5.297176684659302692e-01 6.194045125000000040e-02
5.307771038028621380e-01 6.175061750000000044e-02
5.318386580104679240e-01 6.161780000000000035e-02
5.329023353264887852e-01 6.147377375000000199e-02
5.339681399971416553e-01 6.137548000000000309e-02
5.350360762771360079e-01 6.133083624999999955e-02
5.361061484296902879e-01 6.130644625000000042e-02
5.371783607265496752e-01 6.128624124999999812e-02
5.382527174480027377e-01 6.125330625000000029e-02
5.393292228828987511e-01 6.118108299999999722e-02
5.404078813286645744e-01 6.098496500000000209e-02
5.414886970913218578e-01 6.031008749999999807e-02
5.425716744855044738e-01 6.070749374999999393e-02
5.436568178344756141e-01 6.047657124999999967e-02
5.447441314701444437e-01 6.035452399999999273e-02
5.458336197330847517e-01 6.017490124999999579e-02
5.469252869725509392e-01 6.016580374999999647e-02
5.480191375464960046e-01 6.008382500000000043e-02
5.491151758215888634e-01 6.000071900000000791e-02
5.502134061732321113e-01 5.991270625000000294e-02
5.513138329855785669e-01 5.981336375000000094e-02
5.524164606515497011e-01 5.970359625000000448e-02
5.535212935728528461e-01 5.958726000000000300e-02
5.546283361599984030e-01 5.945397399999999277e-02
5.557375928323184944e-01 5.930493624999999547e-02
5.568490680179830621e-01 5.916960875000000508e-02
5.579627661540189631e-01 5.901780500000000651e-02
5.590786916863270672e-01 5.884109250000000430e-02
5.601968490696997982e-01 5.860224800000000261e-02
5.613172427678392307e-01 5.832641375000000017e-02
5.624398772533748536e-01 5.809772124999999787e-02
5.635647570078816671e-01 5.787518999999999997e-02
5.646918865218973904e-01 5.768031625000000218e-02
5.658212702949412254e-01 5.751215799999999378e-02
5.669529128355310643e-01 5.735693875000000275e-02
5.680868186612021420e-01 5.719454624999999875e-02
5.692229922985245771e-01 5.684788625000000706e-02
5.703614382831215801e-01 5.690562124999999638e-02
5.715021611596877715e-01 5.671588700000000649e-02
5.726451654820071679e-01 5.634965499999999849e-02
5.737904558129711674e-01 5.645249499999999837e-02
5.749380367245970902e-01 5.638629000000000557e-02
5.760879127980462755e-01 5.628180250000000551e-02
5.772400886236424000e-01 5.634598700000000016e-02
5.783945688008896857e-01 5.631641875000000658e-02
5.795513579384914404e-01 5.638842499999999897e-02
5.807104606543684877e-01 5.645054750000000343e-02
5.818718815756771523e-01 5.655646500000000021e-02
5.830356253388285781e-01 5.660534300000000241e-02
5.842016965895062697e-01 5.660463250000000168e-02
5.853700999826851881e-01 5.666932749999999824e-02
5.865408401826505136e-01 5.671869125000000150e-02
5.877139218630158535e-01 5.685010624999999734e-02
5.888893497067417826e-01 5.588050800000000234e-02
5.900671284061553834e-01 5.536089737500000246e-02
5.912472626629676764e-01 5.658408249999999362e-02
5.924297571882934932e-01 5.634860750000000862e-02
5.936146167026701281e-01 5.581155200000000038e-02
5.948018459360754351e-01 5.344137537499999563e-02
5.959914496279475893e-01 5.604095374999999712e-02
5.971834325272035171e-01 5.587618250000000314e-02
5.983777993922578808e-01 5.554823750000000004e-02
5.995745549910425076e-01 5.554477300000000561e-02
6.007737041010245971e-01 5.541264499999999649e-02
6.019752515092265943e-01 5.554533249999999561e-02
6.031792020122450637e-01 5.550022500000000025e-02
6.043855604162695627e-01 5.545943625000000071e-02
6.055943315371020708e-01 5.553001600000000842e-02
6.068055202001763071e-01 5.560486374999999704e-02
6.080191312405766046e-01 5.570026624999999121e-02
6.092351695030577829e-01 5.581761999999999835e-02
6.104536398420639109e-01 5.593948125000000604e-02
6.116745471217479579e-01 5.606761999999999163e-02
6.128978962159914445e-01 5.618766750000000337e-02
6.141236920084234274e-01 5.628620000000000151e-02
6.153519393924402614e-01 5.634923125000000643e-02
6.165826432712251393e-01 5.639588375000000042e-02
6.178158085577676317e-01 5.644799999999999818e-02
6.190514401748832274e-01 5.650106625000000243e-02
6.202895430552329836e-01 5.653135000000000104e-02
6.215301221413433996e-01 5.656722749999999744e-02
6.227731823856261784e-01 5.660452875000000078e-02
6.240187287503973224e-01 5.661788400000000721e-02
6.252667662078981170e-01 5.658423875000000158e-02
6.265172997403138933e-01 5.657126125000000449e-02
6.277703343397945668e-01 5.219276325000000299e-02
6.290258750084741779e-01 5.630284500000000414e-02
6.302839267584912086e-01 5.651975799999999633e-02
6.315444946120081227e-01 5.627075125000000760e-02
6.328075836012321265e-01 5.689351250000000693e-02
6.340731987684345983e-01 5.704680624999999838e-02
6.353413451659715161e-01 5.720280200000000398e-02
6.366120278563034418e-01 5.733443625000000238e-02
6.378852519120159492e-01 5.744410499999999531e-02
6.391610224158400522e-01 5.751858249999999839e-02
6.404393444606717445e-01 5.769295499999999716e-02
6.417202231495930942e-01 5.782849699999999260e-02
6.430036635958922275e-01 5.792791250000000475e-02
6.442896709230840901e-01 5.799008875000000174e-02
6.455782502649303201e-01 5.811029624999999865e-02
6.468694067654601199e-01 5.810723375000000773e-02
6.481631455789910179e-01 5.752944699999999745e-02
6.494594718701489633e-01 5.758218749999999969e-02
6.507583908138891982e-01 5.812623874999999635e-02
6.520599075955170187e-01 5.804548500000000083e-02
6.533640274107079815e-01 5.815206874999999387e-02
6.546707554655294414e-01 5.847166200000000758e-02
6.559800969764604250e-01 5.641774424999999871e-02
6.572920571704133907e-01 5.863283250000000252e-02
6.586066412847542129e-01 5.849721374999999890e-02
6.599238545673237200e-01 5.876407875000000391e-02
6.612437022764583450e-01 5.881905800000000045e-02
6.625661896810113305e-01 5.881299625000000614e-02
6.638913220603732679e-01 5.892068874999999845e-02
6.652191047044940797e-01 5.899634000000000128e-02
6.665495429139030037e-01 5.907678125000000169e-02
6.678826419997307973e-01 5.917161799999998834e-02
6.692184072837303876e-01 5.924451875000000256e-02
6.705568440982978551e-01 5.929070999999999647e-02
6.718979577864944153e-01 5.933203249999999956e-02
6.732417537020674025e-01 5.935711750000000064e-02
6.745882372094715862e-01 5.938772899999999327e-02
6.759374136838904867e-01 5.943508125000000059e-02
6.772892885112582473e-01 5.949640750000000089e-02
6.786438670882807278e-01 5.955983624999999781e-02
6.800011548224572655e-01 5.962425100000001005e-02
6.813611571321021021e-01 5.966208875000000161e-02
6.827238794463663663e-01 5.968892499999998991e-02
6.840893272052590568e-01 5.969868750000000002e-02
6.854575058596696913e-01 5.969204374999999979e-02
6.868284208713890671e-01 4.741360819800000126e-02
6.882020777131317990e-01 5.751065624999999321e-02
6.895784818685580797e-01 4.341187925000000031e-02
6.909576388322952178e-01 5.835031499999999982e-02
6.923395541099597317e-01 5.083635087500000538e-02
6.937242332181796645e-01 5.818351999999998858e-02
6.951116816846160118e-01 5.972922625000000318e-02
6.965019050479852591e-01 5.985258124999999485e-02
6.978949088580812532e-01 5.864985987500000164e-02
6.992906986757974064e-01 5.964929749999999670e-02
7.006892800731490123e-01 5.921999200000000602e-02
7.020906586332953392e-01 5.991206375000000112e-02
7.034948399505618344e-01 6.007215124999999711e-02
7.049018296304629949e-01 5.902159724999999496e-02
7.063116332897239058e-01 6.007857999999999948e-02
7.077242565563033327e-01 5.988294400000000045e-02
7.091397050694159265e-01 6.014548750000000416e-02
7.105579844795547606e-01 5.984113625000000297e-02
7.119791004485138686e-01 5.998779875000000150e-02
7.134030586494108928e-01 6.005720249999999677e-02
7.148298647667097327e-01 5.981668700000000033e-02
7.162595244962430829e-01 5.870944375000000659e-02
7.176920435452356362e-01 5.586451687499999208e-02
7.191274276323260661e-01 5.524906024999999554e-02
7.205656824875906752e-01 5.367657362500000140e-02
7.220068138525659318e-01 5.968140899999999083e-02
7.234508274802710082e-01 5.794171337499999519e-02
7.248977291352315389e-01 5.624245412499999375e-02
7.263475245935020475e-01 5.748162924999999923e-02
7.278002196426889281e-01 5.082478379999999518e-02
7.292558200819743153e-01 5.797801050000001011e-02
7.307143317221382883e-01 5.477877170000000628e-02
7.321757603855825192e-01 5.791795825000000536e-02
7.336401119063536980e-01 5.841361975000000650e-02
7.351073921301664038e-01 5.919918400000000885e-02
7.365776069144267524e-01 6.017668999999999796e-02
7.380507621282555997e-01 6.022041999999999673e-02
7.395268636525120787e-01 5.989448750000000293e-02
7.410059173798171361e-01 6.033932499999999921e-02
7.424879292145767362e-01 6.033586900000000031e-02
7.439729050730057303e-01 5.969777625000000087e-02
7.454608508831517266e-01 5.997355999999999521e-02
7.469517725849180723e-01 6.027294124999999642e-02
7.484456761300879446e-01 6.025499999999999606e-02
7.499425674823481103e-01 6.017192000000000374e-02
7.514424526173126839e-01 6.029958250000001102e-02
7.529453375225474421e-01 6.032279499999999850e-02
7.544512281975925827e-01 6.039218250000000232e-02
7.559601306539878163e-01 6.042001499999999359e-02
7.574720509152956804e-01 6.043741399999999486e-02
7.589869950171262980e-01 5.793206887499999930e-02
7.605049690071605806e-01 3.171407700000000024e-02
7.620259789451748755e-01 2.784007781249999564e-02
7.635500309030651689e-01 3.833787096249999943e-02
7.650771309648712881e-01 4.968646020000000441e-02
7.666072852268009941e-01 5.202933362500000714e-02
7.681404997972545168e-01 5.670353849999999751e-02
7.696767807968490915e-01 6.018839250000000002e-02
7.712161343584428286e-01 6.041314375000000902e-02
7.727585666271596931e-01 6.038649499999999837e-02
7.743040837604140414e-01 6.021315374999999803e-02
7.758526919279349343e-01 6.031877625000000437e-02
7.774043973117907846e-01 6.026396249999999705e-02
7.789592061064143369e-01 6.021179374999999917e-02
7.805171245186270923e-01 6.015134700000000084e-02
7.820781587676643998e-01 6.021736499999999492e-02
7.836423150851996589e-01 6.021207875000000181e-02
7.852095997153700768e-01 6.024350374999999647e-02
7.867800189148008716e-01 5.992355500000000335e-02
7.883535789526303628e-01 6.025209249999999295e-02
7.899302861105357287e-01 5.899057987500000433e-02
7.915101466827567656e-01 6.006015249999999833e-02
7.930931669761223102e-01 6.033235000000000681e-02
7.946793533100744433e-01 6.039449300000000048e-02
7.962687120166946908e-01 5.953819249999999647e-02
7.978612494407281153e-01 5.996532749999999856e-02
7.994569719396096286e-01 5.979996874999999462e-02
8.010558858834887497e-01 5.997171499999999489e-02
8.026579976552556950e-01 5.777628700000000950e-02
8.042633136505661362e-01 5.920432725000000090e-02
8.058718402778672907e-01 6.017680124999999491e-02
8.074835839584230124e-01 6.009512000000000187e-02
8.090985511263398822e-01 5.998019874999999806e-02
8.107167482285926319e-01 5.976195600000000496e-02
8.123381817250497905e-01 5.993913624999999690e-02
8.139628580884998854e-01 5.744845600000000191e-02
8.155907838046769776e-01 5.873777474999999915e-02
8.172219653722863075e-01 5.874167649999999935e-02
8.188564093030309410e-01 5.176243972700000917e-02
8.204941221216369707e-01 5.599933725000000306e-02
8.221351103658802728e-01 5.851233887500000008e-02
8.237793805866120422e-01 5.873825537499999944e-02
8.254269393477852157e-01 5.136192142499999835e-02
8.270777932264807841e-01 5.837448709999999708e-02
8.287319488129337719e-01 5.497258011250000242e-02
8.303894127105596601e-01 5.904684499999999364e-02
8.320501915359808098e-01 5.914676449999999724e-02
8.337142919190527746e-01 5.893690787499999972e-02
8.353817205028908344e-01 5.996549800000000596e-02
8.370524839438966413e-01 5.990595499999999685e-02
8.387265889117843098e-01 6.010094124999999787e-02
8.404040420896079500e-01 5.989229500000000511e-02
8.420848501737872027e-01 6.012875499999999901e-02
8.437690198741347736e-01 6.000715099999999469e-02
8.454565579138830778e-01 6.027658125000000255e-02
8.471474710297107746e-01 6.026311874999999707e-02
8.488417659717701902e-01 6.018518250000000347e-02
8.505394495037137403e-01 6.008058399999999938e-02
8.522405284027212424e-01 5.973830999999999586e-02
8.539450094595266716e-01 5.993555625000000081e-02
8.556528994784455833e-01 6.007173749999999285e-02
8.573642052774025357e-01 6.014197999999999766e-02
8.590789336879574023e-01 6.015769899999999504e-02
8.607970915553332381e-01 6.020154500000000908e-02
8.625186857384439243e-01 6.020704749999999938e-02
8.642437231099207029e-01 6.025347124999999582e-02
8.659722105561405980e-01 6.024829500000000032e-02
8.677041549772528395e-01 6.025643100000000613e-02
8.694395632872073953e-01 6.023725124999999847e-02
8.711784424137818394e-01 6.019478624999999999e-02
8.729207992986094400e-01 6.026826250000000273e-02
8.746666408972065820e-01 6.027551125000000370e-02
8.764159741790010782e-01 6.026272700000000898e-02
8.781688061273591472e-01 6.029437749999999596e-02
8.799251437396138353e-01 6.005133124999999933e-02
8.816849940270929942e-01 5.959179124999999799e-02
8.834483640151471473e-01 5.998936625000000911e-02
8.852152607431775788e-01 6.006041699999999789e-02
8.869856912646638669e-01 5.979946124999999807e-02
8.887596626471931938e-01 5.985359875000000052e-02
8.905371819724876570e-01 6.003358874999999151e-02
8.923182563364325803e-01 5.989705999999999503e-02
8.941028928491054906e-01 5.504925285000000779e-02
8.958910986348036509e-01 5.858660599999999941e-02
8.976828808320732600e-01 5.752248237500000305e-02
8.994782465937374294e-01 5.778972062499999895e-02
9.012772030869248274e-01 5.848773000000000166e-02
9.030797574930986560e-01 5.864380380000000503e-02
9.048859170080848502e-01 5.939633074999999679e-02
9.066956888421009442e-01 5.852215874999999040e-02
9.085090802197851589e-01 5.737632399999999938e-02
9.103260983802247130e-01 5.132675370999999903e-02
9.121467505769851325e-01 5.665178224999999762e-02
9.139710440781392276e-01 5.470201637500000241e-02
9.157989861662954034e-01 4.812304381499999534e-02
9.176305841386280804e-01 5.540872562500000209e-02
9.194658453069053383e-01 5.800203079999999289e-02
9.213047769975191148e-01 5.673660512500000586e-02
9.231473865515140709e-01 5.959506124999999765e-02
9.249936813246171230e-01 5.468302887499999765e-02
9.268436686872664199e-01 5.851509137500000152e-02
9.286973560246409853e-01 5.355016456000000202e-02
9.305547507366902504e-01 5.513331587499999825e-02
9.324158602381635852e-01 5.165173395000000056e-02
9.342806919586399417e-01 4.771733214999999972e-02
9.361492533425572748e-01 5.387675399999999892e-02
9.380215518492422966e-01 3.055412411200000150e-02
9.398975949529408958e-01 5.113580175000000116e-02
9.417773901428466710e-01 4.413661212500000208e-02
9.436609449231323499e-01 3.808352726874999344e-02
9.455482668129786550e-01 5.003946852499999848e-02
9.474393633466045017e-01 5.333184320000001338e-02
9.493342420732977516e-01 4.162138792250000274e-02
9.512329105574443000e-01 4.910483254999999797e-02
9.531353763785591626e-01 5.423271162500000603e-02
9.550416471313163402e-01 4.190571320500000030e-02
9.569517304255790169e-01 4.438741275999999458e-02
9.588656338864300910e-01 5.109665236250000159e-02
9.607833651542030395e-01 5.514719600000000249e-02
9.627049318845114501e-01 5.208802112500000164e-02
9.646303417482804399e-01 5.669605112500000071e-02
9.665596024317769652e-01 5.459776747000000263e-02
9.684927216366405744e-01 5.453455687499999399e-02
9.704297070799138281e-01 5.620930724999999989e-02
9.723705664940736071e-01 5.791796987500000271e-02
9.743153076270618662e-01 5.480051686999999616e-02
9.762639382423159429e-01 5.494807724999999782e-02
9.782164661188006427e-01 5.597821549999999757e-02
9.801728990510382156e-01 5.814468225000000989e-02
9.821332448491403300e-01 5.840137250000000668e-02
9.840975113388386042e-01 5.916100700000000850e-02
9.860657063615162476e-01 5.839818812500000011e-02
9.880378377742392582e-01 5.934222374999999911e-02
9.900139134497877302e-01 5.877548274999999656e-02
9.919939412766873854e-01 5.871873299999999518e-02
9.939779291592407695e-01 5.942036200000000434e-02
9.959658850175592271e-01 5.951663625000000457e-02
9.979578167875942096e-01 5.957983875000000262e-02
9.999537324211694722e-01 5.953487250000000230e-02
1.001953639886011826e+00 5.947848124999999958e-02
1.003957547165783781e+00 5.905082180000000014e-02
1.005965462260115295e+00 5.961611250000000556e-02
1.007977393184635417e+00 5.961717750000000010e-02
1.009993347971004818e+00 5.943385749999999940e-02
1.012013334666946873e+00 5.963670249999999950e-02
1.014037361336280751e+00 5.967691799999999547e-02
1.016065436058953164e+00 5.972133375000000105e-02
1.018097566931071229e+00 5.976269249999999894e-02
1.020133762064933336e+00 5.912910250000000256e-02
1.022174029589063338e+00 5.960213000000000316e-02
1.024218377648241418e+00 5.986049600000000609e-02
1.026266814403537841e+00 5.989713875000000215e-02
1.028319348032344926e+00 5.983333125000000335e-02
1.030375986728409687e+00 5.990001500000000090e-02
1.032436738701866474e+00 5.993856625000000549e-02
1.034501612179270502e+00 5.996391400000000010e-02
1.036570615403628937e+00 5.997939000000000048e-02
1.038643756634436199e+00 5.997675750000000527e-02
1.040721044147705054e+00 5.995558000000000137e-02
1.042802486236000359e+00 5.995175999999999977e-02
1.044888091208472591e+00 5.995851600000000337e-02
1.046977867390889383e+00 5.995456249999999571e-02
1.049071823125671266e+00 5.994390499999999178e-02
1.051169966771922537e+00 5.995051125000000480e-02
1.053272306705466566e+00 5.995299800000000734e-02
1.055378851318877320e+00 5.992481750000000496e-02
1.057489609021515342e+00 5.989321749999999833e-02
1.059604588239558165e+00 5.983521249999999847e-02
1.061723797416037396e+00 5.984001500000000334e-02
1.063847245010869358e+00 5.983840399999999782e-02
1.065974939500891061e+00 5.890897250000000362e-02
1.068106889379893065e+00 5.982356625000000150e-02
1.070243103158652787e+00 5.967133874999999699e-02
1.072383589364970025e+00 5.991707250000000151e-02
1.074528356543700047e+00 5.995068100000000566e-02
1.076677413256787563e+00 5.988418250000000082e-02
1.078830768083300917e+00 6.003842874999999746e-02
1.080988429619467617e+00 5.971913125000000155e-02
1.083150406478706529e+00 6.004027124999999909e-02
1.085316707291664073e+00 5.898526359999999719e-02
1.087487340706247529e+00 6.004423375000000201e-02
1.089662315387660119e+00 5.964664374999999880e-02
1.091841640018435422e+00 5.850251362500000218e-02
1.094025323298472241e+00 5.981746750000000584e-02
1.096213373945069236e+00 5.961913309999999910e-02
1.098405800692959566e+00 5.959792625000000232e-02
1.100602612294345528e+00 5.907496524999999998e-02
1.102803817518934082e+00 5.764120712500000326e-02
1.105009425153971936e+00 5.801276999999999823e-02
1.107219444004279962e+00 5.572938739999999669e-02
1.109433882892288503e+00 5.226297263500000873e-02
1.111652750658073119e+00 5.715365637499999346e-02
1.113876056159389227e+00 4.905789212125000187e-02
1.116103808271708075e+00 3.914571916112499772e-02
1.118336015888251378e+00 4.833044697200000045e-02
1.120572687920027732e+00 3.836416280675000040e-02
1.122813833295867925e+00 3.977742162625000355e-02
1.125059460962459568e+00 4.318937507875000165e-02
1.127309579884384405e+00 3.237209820800000110e-02
1.129564199044153394e+00 4.486378347750000217e-02
1.131823327442241567e+00 5.544919987499999370e-02
1.134086974097126221e+00 2.834821100312500189e-02
1.136355148045320451e+00 5.056526606250000277e-02
1.138627858341410892e+00 5.211592481999999943e-02
1.140905114058093694e+00 5.028307053750000200e-02
1.143186924286210049e+00 5.263136653749999477e-02
1.145473298134782603e+00 5.298370437499999586e-02
1.147764244731052097e+00 5.010612613749999833e-02
1.150059773220514225e+00 5.099066162000000235e-02
1.152359892766955163e+00 5.053303488749999461e-02
1.154664612552489089e+00 4.405754821500000584e-02
1.156973941777594161e+00 5.260840808750000264e-02
1.159287889661149373e+00 5.645069212500000017e-02
1.161606465440471636e+00 5.610618439999999485e-02
1.163929678371352416e+00 4.370570718400000609e-02
1.166257537728095262e+00 5.595433699999999982e-02
1.168590052803551327e+00 5.457359437499999938e-02
1.170927232909158455e+00 5.512679312499999679e-02
1.173269087374976705e+00 5.730579709999999299e-02
1.175615625549726762e+00 5.668667762500000096e-02
1.177966856800826134e+00 5.537205847500000638e-02
1.180322790514427789e+00 5.821823337500000445e-02
1.182683436095456564e+00 5.384376332500000195e-02
1.185048802967647585e+00 5.528236529000000316e-02
1.187418900573582903e+00 5.445116586249999779e-02
1.189793738374729903e+00 5.762796262499999406e-02
1.192173325851479504e+00 5.737219500000000083e-02
1.194557672503182344e+00 5.424308845000000434e-02
1.196946787848188531e+00 5.382078050000001224e-02
1.199340681423884947e+00 5.464093700000000053e-02
1.201739362786732546e+00 5.573379487499999230e-02
1.204142841512306106e+00 5.297507562499999267e-02
1.206551127195330864e+00 5.779323949999999599e-02
1.208964229449721373e+00 5.813135250000001086e-02
1.211382157908620805e+00 5.727103237500000277e-02
1.213804922224438254e+00 5.774003187500000023e-02
1.216232532068886929e+00 5.790299087499999747e-02
1.218664997133024785e+00 5.748732349999999963e-02
1.221102327127290721e+00 5.238427987499999494e-02
1.223544531781545430e+00 5.730033487500000439e-02
1.225991620845108487e+00 5.845837749999999861e-02
1.228443604086798757e+00 5.846329124999999349e-02
1.230900491294972365e+00 5.824584360000000655e-02
1.233362292277562222e+00 5.836079874999999806e-02
1.235829016862117324e+00 5.867932000000000009e-02
1.238300674895841613e+00 5.869474625000000584e-02
1.240777276245633054e+00 5.865526874999999613e-02
1.243258830798124492e+00 5.872867999999999145e-02
1.245745348459720736e+00 5.871988375000000704e-02
1.248236839156640077e+00 5.868689875000000084e-02
1.250733312834953370e+00 5.869016124999999057e-02
1.253234779460623338e+00 5.863386874999999832e-02
1.255741249019544536e+00 5.854813099999999632e-02
1.258252731517583545e+00 5.845860249999999814e-02
1.260769236980618713e+00 5.750287549999999470e-02
1.263290775454580128e+00 5.764126537499999342e-02
1.265817357005489141e+00 5.666910862500000590e-02
1.268348991719500107e+00 4.082420623690000139e-02
1.270885689702939025e+00 5.036406949999999716e-02
1.273427461082345058e+00 5.731818387499999778e-02
1.275974316004509834e+00 5.838350462499999893e-02
1.278526264636518750e+00 5.831259999999999916e-02
1.281083317165791824e+00 5.772577329999999812e-02
1.283645483800123444e+00 5.872064250000000318e-02
1.286212774767723666e+00 5.874182124999999255e-02
1.288785200317259072e+00 5.856244624999999704e-02
1.291362770717893405e+00 5.848050875000000010e-02
1.293945496259329087e+00 5.816365529999999867e-02
1.296533387251847858e+00 5.699500812499999625e-02
1.299126454026351407e+00 5.802209237499999367e-02
1.301724706934404230e+00 5.648017449999999384e-02
1.304328156348272927e+00 5.755414770000000929e-02
1.306936812660969505e+00 5.157356156625000909e-02
1.309550686286291565e+00 5.213631811999999699e-02
1.312169787658864273e+00 5.714856349999999918e-02
1.314794127234181875e+00 4.191142415063749821e-02
1.317423715488650338e+00 5.527097730000000986e-02
1.320058562919627532e+00 5.298292469999999615e-02
1.322698680045466757e+00 5.452482324999999991e-02
1.325344077405557819e+00 5.431693762499999883e-02
1.327994765560368773e+00 5.167163867500000618e-02
1.330650755091489668e+00 4.481261263899999348e-02
1.333312056601672513e+00 4.432651180000000274e-02
1.335978680714875910e+00 5.228032043750000663e-02
1.338650638076305466e+00 5.246255137499999943e-02
1.341327939352458198e+00 4.951526556250000766e-02
1.344010595231163174e+00 3.804291347750000246e-02
1.346698616421625472e+00 3.022740802912499830e-02
1.349392013654468592e+00 2.551271729555000187e-02
1.352090797681777534e+00 4.051594522624999556e-02
1.354794979277141209e+00 3.018294688125000222e-02
1.357504569235695513e+00 2.893211885190000512e-02
1.360219578374167071e+00 2.289656370561249724e-02
1.362940017530915426e+00 2.539999646999999833e-02
1.365665897565977005e+00 2.688400477237500377e-02
1.368397229361109080e+00 1.413373306637500000e-02
1.371134023819831294e+00 1.493491271419999933e-02
1.373876291867470956e+00 1.907154231077499984e-02
1.376624044451205897e+00 2.809255939595249607e-02
1.379377292540108435e+00 2.183352367137500125e-02
1.382136047125188671e+00 1.985137472549999837e-02
1.384900319219438902e+00 2.393548934700000241e-02
1.387670119857877804e+00 2.699717333337500400e-02
1.390445460097593511e+00 3.342819168249999695e-02
1.393226351017788911e+00 2.551016071125000034e-02
1.396012803719824280e+00 2.187735296699999665e-02
1.398804829327263910e+00 1.656748981962500103e-02
1.401602438985918520e+00 1.619786746025000251e-02
1.404405643863890329e+00 2.300687612624999906e-02
1.407214455151617916e+00 2.182120056474999917e-02
1.410028884061921284e+00 2.700054262399999641e-02
1.412848941830045169e+00 2.127997662052500197e-02
1.415674639713705218e+00 1.933068799021249798e-02
1.418505988993132627e+00 2.011448409250000263e-02
1.421343000971118986e+00 2.675574967249999894e-02
1.424185686973061138e+00 2.521073201699999822e-02
1.427034058347007139e+00 2.491026545637500117e-02
1.429888126463701337e+00 2.727710275249999733e-02
1.432747902716628552e+00 1.533432131826250114e-02
1.435613398522062045e+00 2.255878890050000071e-02
1.438484625319106147e+00 2.274504624800000388e-02
1.441361594569744220e+00 2.627030593000000136e-02
1.444244317758883733e+00 2.888616259499999714e-02
1.447132806394401561e+00 2.871735694999999824e-02
1.450027072007190387e+00 2.503653150250000070e-02
1.452927126151204895e+00 2.413355885389999872e-02
1.455832980403507282e+00 2.742149476125000165e-02
1.458744646364314335e+00 2.581341107375000055e-02
1.461662135657042949e+00 2.568263289912500053e-02
1.464585459928356981e+00 2.685861487874999926e-02
1.467514630848213653e+00 2.942890060400000368e-02
1.470449660109910184e+00 2.550327823500000285e-02
1.473390559430129976e+00 2.321109483124999748e-02
1.476337340548990129e+00 3.180733868999999908e-02
1.479290015230088073e+00 2.933752872750000282e-02
1.482248595260548196e+00 3.275856079900000412e-02
1.485213092451069361e+00 3.380687570875000325e-02
1.488183518635971314e+00 3.522782415000000333e-02
1.491159885673243313e+00 3.333364876624999446e-02
1.494142205444589644e+00 3.452690497750000170e-02
1.497130489855478697e+00 3.904652809999999835e-02
1.500124750835189813e+00 3.919982700000000653e-02
1.503125000336860140e+00 3.829132676500000138e-02
1.506131250337534144e+00 4.153355662500000239e-02
1.509143512838209134e+00 4.207094449999999874e-02
1.512161799863885658e+00 4.065173910500000098e-02
1.515186123463613477e+00 4.238394724999999807e-02
1.518216495710540626e+00 4.410991549999999234e-02
1.521252928701961604e+00 4.450893724999999829e-02
1.524295434559365781e+00 4.428438059999999926e-02
1.527344025428484464e+00 4.521405812499999788e-02
1.530398713479341533e+00 4.603637625000000372e-02
1.533459510906300283e+00 4.577136500000000136e-02
1.536526429928112947e+00 4.654387912499999280e-02
1.539599482787969098e+00 4.632821300000000697e-02
1.542678681753545167e+00 4.719801249999999726e-02
1.545764039117052402e+00 4.754540812499999380e-02
1.548855567195286387e+00 4.798180249999999675e-02
1.551953278329677000e+00 4.802894812500000526e-02
1.555057184886336374e+00 4.855448899999999929e-02
1.558167299256108862e+00 4.879057624999999510e-02
1.561283633854621211e+00 4.907666874999999651e-02
1.564406201122330309e+00 4.934615999999999308e-02
1.567535013524575138e+00 4.922661875000000631e-02
1.570670083551624074e+00 4.654552999999999469e-02
1.573811423718727287e+00 4.525486950000000286e-02
1.576959046566164702e+00 4.744489125000000973e-02
1.580112964659297070e+00 4.975323412500000375e-02
1.583273190588615709e+00 5.043429625000000333e-02
1.586439736969792680e+00 4.984441279999999447e-02
1.589612616443732307e+00 5.079984750000000188e-02
1.592791841676620024e+00 5.043403925000000676e-02
1.595977425359973001e+00 5.120365624999999310e-02
1.599169380210692992e+00 5.105198487500001159e-02
1.602367718971114297e+00 4.913496029999999543e-02
1.605572454409056604e+00 5.017512275000000216e-02
1.608783599317874735e+00 5.083923487500000005e-02
1.612001166516510375e+00 5.139787987499999655e-02
1.615225168849543369e+00 5.218308899999999501e-02
1.618455619187242345e+00 5.235157000000000699e-02
1.621692530425617118e+00 5.251548124999999567e-02
1.624935915486468208e+00 5.250814499999999913e-02
1.628185787317441235e+00 5.274983124999999690e-02
1.631442158892076222e+00 5.192023010000000605e-02
1.634705043209860431e+00 5.257663999999999394e-02
1.637974453296279886e+00 5.186582024999999985e-02
1.641250402202872660e+00 5.008128400000000369e-02
1.644532903007278390e+00 5.068331300000000067e-02
1.647821968813293125e+00 5.265706179999999487e-02
1.651117612750919506e+00 4.614744762500000430e-02
1.654419847976421387e+00 5.225984649999999843e-02
1.657728687672374246e+00 5.298856737499999664e-02
1.661044145047719134e+00 5.336906500000000025e-02
1.664366233337814638e+00 4.829674089999999587e-02
1.667694965804490170e+00 5.318256974999999859e-02
1.671030355736099260e+00 5.355842125000000176e-02
1.674372416447571510e+00 5.182625312499999914e-02
1.677721161280466333e+00 5.325667874999999440e-02
1.681076603603027353e+00 5.321420800000000589e-02
1.684438756810233473e+00 5.349796199999999613e-02
1.687807634323853945e+00 5.337808874999999675e-02
1.691183249592501658e+00 5.161618162500000023e-02
1.694565616091686655e+00 5.348569125000000174e-02
1.697954747323870084e+00 5.319025690000000334e-02
1.701350656818517715e+00 5.224771987500000103e-02
1.704753358132154784e+00 5.251967062500000061e-02
1.708162864848419282e+00 5.135824937499999798e-02
1.711579190578115917e+00 5.306559249999999450e-02
1.715002348959272283e+00 5.259649639999999793e-02
1.718432353657190825e+00 5.155363774999999898e-02
1.721869218364505016e+00 4.990765252499999860e-02
1.725312956801233977e+00 5.204091562499999629e-02
1.728763582714836655e+00 4.951538387499999916e-02
1.732221109880266230e+00 5.164224520000000596e-02
1.735685552100026730e+00 5.146152262499999880e-02
1.739156923204226768e+00 5.139568000000000608e-02
1.742635237050635277e+00 4.988480515000000282e-02
1.746120507524736576e+00 4.916521580000000197e-02
1.749612748539786100e+00 5.122497850000000408e-02
1.753111974036865472e+00 5.109177837499999375e-02
1.756618197984939123e+00 4.950287700000000762e-02
1.760131434380908910e+00 5.043561325000000400e-02
1.763651697249670747e+00 4.938794290000000919e-02
1.767179000644169884e+00 4.897949800000000325e-02
1.770713358645458202e+00 4.971369937500000336e-02
1.774254785362749054e+00 4.779563724999999486e-02
1.777803294933474554e+00 3.683538132237500207e-02
1.781358901523341753e+00 4.754242650599999759e-02
1.784921619326388376e+00 4.111526901624999730e-02
1.788491462565041212e+00 4.815151349999999275e-02
1.792068445490171413e+00 4.251535288749999641e-02
1.795652582381151552e+00 4.593394774999999541e-02
1.799243887545913800e+00 4.227634481500000541e-02
1.802842375321005663e+00 4.021496934000000356e-02
1.806448060071647710e+00 4.009361006375000008e-02
1.810060956191791082e+00 3.112066556574999768e-02
1.813681078104174560e+00 2.681612617712499785e-02
1.817308440260382962e+00 2.462766744341800262e-02
1.820943057140903765e+00 2.086225167949999626e-02
1.824584943255185721e+00 3.891850864500000229e-02
1.828234113141696149e+00 3.586950793250000269e-02
1.831890581367979554e+00 1.789861705599999839e-02
1.835554362530715355e+00 2.415709387220000073e-02
1.839225471255776734e+00 1.980864431544999624e-02
1.842903922198288136e+00 1.725608537075000101e-02
1.846589730042684785e+00 2.319140680924999809e-02
1.850282909502769968e+00 1.905016853416250169e-02
1.853983475321775654e+00 2.135321133299000057e-02
1.857691442272419113e+00 2.020575084637500282e-02
1.861406825156963984e+00 1.705384803002499977e-02
1.865129638807277779e+00 1.892683516090000115e-02
1.868859898084892279e+00 1.203402426220000210e-02
1.872597617881062160e+00 1.284958009312500010e-02
1.876342813116824271e+00 1.569572036974999779e-02
1.880095498743057814e+00 1.593078875124999752e-02
1.883855689740544070e+00 1.698311795156250484e-02
1.887623401120025246e+00 1.776179288400000014e-02
1.891398647922265308e+00 8.203436675625000105e-03
1.895181445218109717e+00 1.296955708962499801e-02
1.898971808108545822e+00 1.234282914024999872e-02
1.902769751724763037e+00 1.294848845153750115e-02
1.906575291228212565e+00 1.095085175970069921e-02
1.910388441810669136e+00 1.397416008300000033e-02
1.914209218694290282e+00 1.108459300750000084e-02
1.918037637131678963e+00 1.393982670362500093e-02
1.921873712405942403e+00 1.228867531999999936e-02
1.925717459830754041e+00 1.190932887769999976e-02
1.929568894750415708e+00 6.776696621009999956e-03
1.933428032539916241e+00 1.188101904125000129e-02
1.937294888604996324e+00 1.272908307500000141e-02
1.941169478382206215e+00 1.401884449249999817e-02
1.945051817338970590e+00 1.334945940600000026e-02
1.948941920973648489e+00 1.382494237500000132e-02
1.952839804815595715e+00 1.253306124200000149e-02
1.956745484425226778e+00 8.240762930374999698e-03
1.960658975394077297e+00 1.307416550125000028e-02
1.964580293344865503e+00 1.227674097663000036e-02
1.968509453931555075e+00 7.769379855212500512e-03
1.972446472839417986e+00 1.638614746750000073e-02
1.976391365785096887e+00 1.918570512499999728e-02
1.980344148516667069e+00 1.833974557625000015e-02
1.984304836813700401e+00 2.013451306999999857e-02
1.988273446487327956e+00 1.992960316125000006e-02
1.992249993380302620e+00 2.224820187499999824e-02
1.996234493367063045e+00 2.062901274999999826e-02
2.000226962353797155e+00 1.461621686700000089e-02
