2.002000000000000168e-01 1.194348119999999978e-03
2.006004000000000120e-01 1.627475374999999991e-03
2.010016008000000132e-01 1.259532250000000141e-03
2.014036040016000118e-01 1.754361749999999893e-03
2.018064112096032425e-01 1.715126400000000113e-03
2.022100240320224285e-01 1.871279874999999971e-03
2.026144440800864976e-01 1.969837000000000324e-03
2.030196729682466894e-01 1.926172500000000037e-03
2.034257123141831602e-01 1.873571125000000025e-03
2.038325637388115341e-01 1.816200100000000053e-03
2.042402288662891752e-01 1.761178499999999916e-03
2.046487093240217381e-01 1.714245125000000026e-03
2.050580067426697739e-01 1.676988500000000087e-03
2.054681227561551138e-01 1.669454500000000074e-03
2.058790590016674471e-01 1.662600900000000062e-03
2.062908171196707885e-01 1.648686249999999987e-03
2.067033987539101392e-01 1.633520750000000106e-03
2.071168055514179263e-01 1.620710999999999940e-03
2.075310391625207751e-01 1.610816625000000045e-03
2.079461012408458098e-01 1.598379099999999850e-03
2.083619934433275089e-01 1.585507250000000191e-03
2.087787174302141446e-01 1.574021624999999772e-03
2.091962748650745829e-01 1.562313999999999977e-03
2.096146674148047229e-01 1.548600375000000039e-03
2.100338967496343523e-01 1.531481400000000038e-03
2.104539645431336148e-01 1.519798500000000109e-03
2.108748724722198931e-01 1.510085375000000006e-03
2.112966222171643316e-01 1.497008125000000127e-03
2.117192154615986643e-01 1.481563750000000016e-03
2.121426538925218486e-01 1.459512599999999820e-03
2.125669392003068925e-01 1.436081750000000115e-03
2.129920730787074890e-01 1.415622999999999968e-03
2.134180572248648988e-01 1.395925749999999939e-03
2.138448933393146401e-01 1.376442875000000047e-03
2.142725831259932878e-01 1.349285500000000151e-03
2.147011282922452469e-01 1.320260374999999986e-03
2.151305305488297459e-01 1.297078374999999922e-03
2.155607916099274157e-01 1.278159875000000039e-03
2.159919131931472558e-01 1.257177900000000037e-03
2.164238970195335454e-01 1.232539874999999917e-03
2.168567448135726161e-01 1.208481374999999984e-03
2.172904583031997627e-01 1.185945874999999854e-03
2.177250392198061546e-01 1.164370875000000048e-03
2.181604892982457744e-01 1.140488299999999934e-03
2.185968102768422461e-01 1.115983750000000118e-03
2.190340038973959125e-01 1.090616625000000086e-03
2.194720719051907187e-01 1.063878500000000043e-03
2.199110160490010957e-01 1.037894125000000077e-03
2.203508380810991207e-01 1.010295679999999915e-03
2.207915397572613181e-01 9.838628749999998174e-04
2.212331228367758196e-01 9.578676500000000548e-04
2.216755890824493869e-01 9.305679749999999899e-04
2.221189402606142949e-01 9.046076499999999854e-04
2.225631781411355203e-01 8.773595799999999324e-04
2.230083044974177642e-01 8.513484499999999719e-04
2.234543211064126123e-01 8.291579750000000783e-04
2.239012297486254466e-01 8.053163499999999421e-04
2.243490322081226895e-01 7.820306999999999866e-04
2.247977302725389648e-01 7.570055299999999899e-04
2.252473257330840362e-01 7.333608750000000396e-04
2.256978203845501907e-01 7.134214249999999268e-04
2.261492160253192885e-01 6.932680000000000309e-04
2.266015144573699513e-01 6.720934874999999128e-04
2.270547174862846962e-01 6.492949700000000485e-04
2.275088269212572623e-01 6.272991874999999003e-04
2.279638445750997722e-01 6.085410750000000120e-04
2.284197722642499762e-01 5.897800875000000108e-04
2.288766118087784962e-01 5.701574125000000420e-04
2.293343650323960425e-01 5.487415000000000044e-04
2.297930337624608521e-01 5.287738874999998832e-04
2.302526198299857663e-01 5.127955374999999382e-04
2.307131250696457525e-01 4.980761874999999755e-04
2.311745513197850377e-01 4.817223875000000441e-04
2.316369004224245742e-01 4.663493899999999765e-04
2.321001742232694509e-01 4.518893000000000172e-04
2.325643745717159705e-01 4.365688875000000029e-04
2.330295033208594213e-01 4.224704125000000175e-04
2.334955623275011272e-01 4.094880100000000212e-04
2.339625534521561634e-01 3.972345625000000277e-04
2.344304785590604623e-01 3.840398999999999549e-04
2.348993395161785847e-01 3.717666750000000043e-04
2.353691381952109363e-01 3.638813250000000376e-04
2.358398764716013452e-01 3.514657999999999715e-04
2.363115562245445278e-01 3.384280250000000012e-04
2.367841793369936387e-01 3.301969999999999558e-04
2.372577476956675979e-01 3.202917249999999764e-04
2.377322631910589457e-01 3.117348750000000076e-04
2.382077277174410590e-01 3.014937199999999503e-04
2.386841431728759511e-01 2.928803250000000307e-04
2.391615114592217095e-01 2.859522750000000014e-04
2.396398344821401571e-01 2.757509249999999979e-04
2.401191141511044291e-01 2.677632374999999905e-04
2.405993523794066058e-01 2.627650699999999734e-04
2.410805510841654287e-01 2.550172624999999960e-04
2.415627121863337390e-01 2.473735624999999798e-04
2.420458376107064158e-01 2.421746124999999946e-04
2.425299292859278144e-01 2.382442375000000043e-04
2.430149891444997046e-01 2.329618599999999868e-04
2.435010191227887089e-01 2.262461624999999896e-04
2.439880211610342686e-01 2.213455625000000182e-04
2.444759972033563322e-01 2.187443750000000109e-04
2.449649491977630433e-01 2.153082875000000092e-04
2.454548790961585680e-01 2.069754400000000066e-04
2.459457888543508663e-01 2.019269249999999945e-04
2.464376804320595749e-01 1.999750000000000225e-04
2.469305557929236949e-01 1.970122000000000041e-04
2.474244169045095587e-01 1.917277500000000008e-04
2.479192657383185727e-01 1.879295599999999944e-04
2.484151042697951839e-01 1.855234249999999745e-04
2.489119344783347898e-01 1.797374750000000168e-04
2.494097583472914548e-01 1.770206625000000185e-04
2.499085778639860422e-01 1.740240800000000050e-04
2.504083950197140140e-01 1.730305874999999989e-04
2.509092118097534518e-01 1.718801999999999743e-04
2.514110302333729119e-01 1.677452624999999954e-04
2.519138522938396685e-01 1.628737624999999998e-04
2.524176799984273467e-01 1.631263799999999823e-04
2.529225153584241936e-01 1.622563625000000148e-04
2.534283603891410719e-01 1.594059875000000074e-04
2.539352171099192867e-01 1.569352875000000177e-04
2.544430875441391349e-01 1.570904624999999971e-04
2.549519737192273983e-01 1.549766700000000078e-04
2.554618776666658375e-01 1.508421000000000241e-04
2.559728014219991854e-01 1.516166250000000029e-04
2.564847470248432515e-01 1.532148625000000100e-04
2.569977165188929158e-01 1.523137249999999797e-04
2.575117119519306774e-01 1.511415500000000064e-04
2.580267353758345372e-01 1.505670749999999682e-04
2.585427888465862134e-01 1.463134375000000069e-04
2.590598744242793572e-01 1.455936250000000099e-04
2.595779941731279905e-01 1.506219499999999784e-04
2.600971501614742221e-01 1.509641399999999962e-04
2.606173444617971846e-01 1.460710000000000047e-04
2.611385791507207510e-01 1.480508625000000167e-04
2.616608563090221939e-01 1.510233250000000233e-04
2.621841780216402351e-01 1.495536374999999966e-04
2.627085463776834828e-01 1.489114300000000143e-04
2.632339634704388698e-01 1.540182250000000105e-04
2.637604313973797576e-01 1.545809124999999865e-04
2.642879522601745412e-01 1.518057250000000042e-04
2.648165281646948088e-01 1.528504875000000055e-04
2.653461612210242238e-01 1.560533799999999638e-04
2.658768535434662961e-01 1.558415500000000123e-04
2.664086072505532643e-01 1.588903125000000168e-04
2.669414244650543111e-01 1.633670749999999812e-04
2.674753073139844450e-01 1.634376200000000169e-04
2.680102579286124387e-01 1.644361625000000104e-04
2.685462784444696549e-01 1.701919624999999867e-04
2.690833710013585955e-01 1.743218125000000197e-04
2.696215377433612836e-01 1.726434124999999987e-04
2.701607808188479787e-01 1.753032300000000011e-04
2.707011023804857253e-01 1.822244374999999956e-04
2.712425045852466798e-01 1.856670000000000098e-04
2.717849895944172145e-01 1.871295250000000064e-04
2.723285595736060216e-01 1.912076124999999792e-04
2.728732166927532177e-01 1.967722499999999828e-04
2.734189631261387810e-01 2.020617250000000191e-04
2.739658010523910447e-01 2.105890874999999884e-04
2.745137326544958567e-01 2.167984749999999792e-04
2.750627601198047945e-01 2.178197875000000071e-04
2.756128856400444360e-01 2.268392100000000023e-04
2.761641114113245199e-01 2.335452500000000185e-04
2.767164396341471599e-01 2.408065250000000009e-04
2.772698725134154496e-01 2.460959750000000015e-04
2.778244122584422882e-01 2.547630124999999772e-04
2.783800610829592070e-01 2.657321800000000088e-04
2.789368212051250850e-01 2.764416624999999463e-04
2.794946948475353632e-01 2.857042625000000497e-04
2.800536842372304269e-01 2.938738750000000240e-04
2.806137916057048765e-01 3.105708125000000361e-04
2.811750191889162975e-01 3.222603799999999939e-04
2.817373692272941987e-01 3.452218999999999752e-04
2.823008439657487822e-01 3.555702125000000037e-04
2.828654456536803252e-01 3.696096749999999774e-04
2.834311765449876730e-01 3.738149624999999852e-04
2.839980388980776205e-01 4.005849600000000116e-04
2.845660349758737939e-01 4.234214374999999836e-04
2.851351670458255327e-01 4.446870375000000464e-04
2.857054373799171598e-01 4.669757124999999792e-04
2.862768482546770299e-01 4.829934375000000156e-04
2.868494019511863558e-01 5.101559000000000735e-04
2.874231007550887562e-01 5.359869625000000717e-04
2.879979469565989714e-01 5.776528499999999695e-04
2.885739428505121884e-01 6.072660874999999446e-04
2.891510907362132010e-01 6.416407300000000809e-04
2.897293929176856242e-01 6.829385125000000251e-04
2.903088517035209426e-01 7.141669499999999098e-04
2.908894694069280029e-01 7.484419875000000374e-04
2.914712483457418957e-01 7.994005499999999945e-04
2.920541908424333366e-01 8.622433199999999728e-04
2.926382992241182146e-01 9.028721500000000356e-04
2.932235758225664735e-01 9.589632124999999778e-04
2.938100229742116043e-01 1.030929125000000024e-03
2.943976430201600269e-01 1.079008749999999829e-03
2.949864383062003048e-01 1.147942800000000159e-03
2.955764111828127483e-01 1.245395000000000052e-03
2.961675640051783520e-01 1.329071749999999850e-03
2.967598991331887315e-01 1.396991750000000027e-03
2.973534189314551157e-01 1.492600000000000177e-03
2.979481257693180618e-01 1.616540999999999985e-03
2.985440220208566697e-01 1.718711874999999910e-03
2.991411100648984078e-01 1.818371750000000089e-03
2.997393922850282166e-01 1.968923875000000000e-03
3.003388710695982233e-01 2.074491125000000290e-03
3.009395488117374562e-01 2.232701699999999935e-03
3.015414279093609484e-01 2.432006999999999919e-03
3.021445107651796746e-01 2.541857499999999968e-03
3.027487997867099878e-01 2.736372499999999673e-03
3.033542973862833891e-01 2.970615250000000103e-03
3.039610059810559650e-01 3.122103700000000009e-03
3.045689279930180460e-01 3.348876124999999697e-03
3.051780658490040876e-01 3.690663999999999750e-03
3.057884219807021076e-01 3.908270374999999949e-03
3.063999988246635664e-01 4.051126250000000248e-03
3.070127988223129156e-01 4.433215699999999704e-03
3.076268244199575896e-01 4.892386999999999778e-03
3.082420780687974982e-01 5.059556375000000446e-03
3.088585622249351292e-01 5.270069874999999161e-03
3.094762793493849307e-01 5.784061000000000931e-03
3.100952319080837460e-01 6.228803125000000572e-03
3.107154223718998631e-01 6.522169625000000075e-03
3.113368532166437275e-01 6.737272375000000549e-03
3.119595269230769907e-01 7.362318249999999509e-03
3.125834459769231133e-01 8.032222199999999521e-03
3.132086128688770232e-01 8.282398999999999317e-03
3.138350300946147753e-01 8.389276124999999265e-03
3.144627001548039313e-01 9.322642125000000710e-03
3.150916255551135525e-01 9.767498375000000996e-03
3.157218088062238026e-01 9.654583499999997570e-03
3.163532524238362176e-01 1.061641412500000103e-02
3.169859589286838641e-01 1.097753187499999998e-02
3.176199308465412763e-01 1.085421699999999934e-02
3.182551707082343917e-01 1.157799849999999880e-02
3.188916810496508214e-01 1.268919200000000018e-02
3.195294644117501193e-01 1.226851525000000054e-02
3.201685233405736630e-01 1.228227462500000068e-02
3.208088603872547573e-01 1.363656750000000195e-02
3.214504781080292917e-01 1.441848874999999974e-02
3.220933790642453443e-01 1.362386499999999889e-02
3.227375658223737842e-01 1.356346124999999875e-02
3.233830409540185413e-01 1.511656750000000063e-02
3.240298070359265425e-01 1.591455624999999971e-02
3.246778666499984256e-01 1.525840374999999985e-02
3.253272223832984200e-01 1.488089099999999852e-02
3.259778768280650052e-01 1.600039624999999993e-02
3.266298325817211246e-01 1.693856000000000181e-02
3.272830922468845660e-01 1.662209750000000208e-02
3.279376584313783427e-01 1.587822499999999928e-02
3.285935337482410734e-01 1.658239199999999788e-02
3.292507208157375853e-01 1.771680500000000213e-02
3.299092222573690725e-01 1.786907499999999815e-02
3.305690407018838095e-01 1.713394875000000261e-02
3.312301787832875322e-01 1.686276000000000094e-02
3.318926391408540955e-01 1.777047199999999896e-02
3.325564244191357988e-01 1.841064250000000110e-02
3.332215372679740994e-01 1.822366375000000066e-02
3.338879803425100490e-01 1.753459000000000267e-02
3.345557563031950621e-01 1.820115200000000169e-02
3.352248678158014084e-01 1.872265000000000040e-02
3.358953175514330369e-01 1.882367624999999739e-02
3.365671081865359016e-01 1.853368874999999916e-02
3.372402424029089518e-01 1.819006125000000029e-02
3.379147228877147358e-01 1.849562399999999870e-02
3.385905523334902245e-01 1.891865250000000082e-02
3.392677334381571930e-01 1.893890500000000240e-02
3.399462689050334330e-01 1.877047874999999977e-02
3.406261614428435225e-01 1.872562249999999706e-02
3.413074137657292062e-01 1.904486099999999973e-02
3.419900285932606643e-01 1.912535750000000229e-02
3.426740086504471705e-01 1.912257500000000277e-02
3.433593566677480835e-01 1.903930250000000074e-02
3.440460753810836159e-01 1.886876500000000262e-02
3.447341675318457699e-01 1.899489799999999617e-02
3.454236358669094398e-01 1.910979999999999970e-02
3.461144831386432363e-01 1.913070625000000066e-02
3.468067121049205337e-01 1.916177749999999763e-02
3.475003255291303494e-01 1.911577999999999888e-02
3.481953261801886135e-01 1.918858500000000106e-02
3.488917168325489926e-01 1.920788000000000009e-02
3.495895002662141038e-01 1.918350875000000150e-02
3.502886792667465610e-01 1.918647625000000079e-02
3.509892566252800217e-01 1.918336125000000281e-02
3.516912351385305668e-01 1.910459599999999800e-02
3.523946176088076365e-01 1.914237500000000314e-02
3.530994068440251876e-01 1.915607874999999960e-02
3.538056056577132402e-01 1.917052875000000225e-02
3.545132168690287022e-01 1.917420250000000104e-02
3.552222433027667492e-01 1.915810999999999903e-02
3.559326877893722596e-01 1.915335624999999972e-02
3.566445531649510281e-01 1.913657749999999810e-02
3.573578422712808678e-01 1.912084875000000239e-02
3.580725579558234339e-01 1.911601799999999851e-02
3.587887030717350489e-01 1.911000375000000001e-02
3.595062804778785814e-01 1.908678500000000194e-02
3.602252930388343266e-01 1.908027625000000005e-02
3.609457436249119411e-01 1.908585250000000011e-02
3.616676351121618227e-01 1.908996300000000146e-02
3.623909703823861017e-01 1.908471000000000126e-02
3.631157523231508533e-01 1.908514749999999996e-02
3.638419838277971996e-01 1.908628874999999947e-02
3.645696677954528009e-01 1.908101750000000194e-02
3.652988071310436791e-01 1.907344600000000084e-02
3.660294047453057642e-01 1.907163124999999848e-02
3.667614635547964408e-01 1.907203124999999957e-02
3.674949864819060386e-01 1.907128624999999966e-02
3.682299764548698229e-01 1.906787874999999952e-02
3.689664364077795966e-01 1.906296900000000252e-02
3.697043692805951354e-01 1.906041499999999722e-02
3.704437780191563445e-01 1.905167624999999990e-02
3.711846655751946944e-01 1.904047625000000049e-02
3.719270349063450443e-01 1.902975625000000170e-02
3.726708889761577437e-01 1.901681599999999889e-02
3.734162307541100123e-01 1.900195375000000159e-02
3.741630632156182079e-01 1.898891374999999923e-02
3.749113893420494836e-01 1.897743125000000280e-02
3.756612121207335564e-01 1.896612500000000034e-02
3.764125345449750304e-01 1.895145300000000005e-02
3.771653596140650544e-01 1.892774500000000276e-02
3.779196903332932012e-01 1.892630124999999941e-02
3.786755297139597909e-01 1.891351749999999748e-02
3.794328807733876596e-01 1.889964624999999898e-02
3.801917465349344827e-01 1.888816599999999790e-02
3.809521300280043210e-01 1.888121000000000244e-02
3.817140342880603332e-01 1.887519250000000218e-02
3.824774623566364884e-01 1.886905374999999982e-02
3.832424172813497787e-01 1.886189900000000141e-02
3.840089021159124316e-01 1.885492375000000220e-02
3.847769199201442891e-01 1.884883874999999931e-02
3.855464737599845759e-01 1.884264000000000078e-02
3.863175667075045561e-01 1.883627625000000236e-02
3.870902018409195788e-01 1.882887299999999944e-02
3.878643822446014022e-01 1.882135625000000076e-02
3.886401110090906830e-01 1.881468499999999766e-02
3.894173912311088559e-01 1.880822249999999918e-02
3.901962260135710681e-01 1.880050375000000273e-02
3.909766184655981691e-01 1.878743299999999922e-02
3.917585717025293679e-01 1.877772875000000008e-02
3.925420888459344448e-01 1.876668625000000104e-02
3.933271730236262975e-01 1.873480875000000170e-02
3.941138273696735417e-01 1.874507749999999862e-02
3.949020550244128902e-01 1.873247499999999843e-02
3.956918591344616987e-01 1.872025374999999880e-02
3.964832428527306218e-01 1.870505249999999953e-02
3.972762093384361037e-01 1.869764874999999688e-02
3.980707617571129786e-01 1.866332625000000078e-02
3.988669032806272385e-01 1.867334200000000249e-02
3.996646370871884679e-01 1.866030999999999940e-02
4.004639663613628331e-01 1.865189249999999951e-02
4.012648942940855168e-01 1.864062874999999897e-02
4.020674240826737078e-01 1.862314250000000199e-02
4.028715589308390355e-01 1.861408600000000191e-02
4.036773020487006702e-01 1.859726499999999824e-02
4.044846566527980913e-01 1.859045624999999813e-02
4.052936259661036877e-01 1.857905375000000123e-02
4.061042132180359143e-01 1.856696500000000125e-02
4.069164216444720039e-01 1.855294200000000282e-02
4.077302544877609569e-01 1.853192500000000117e-02
4.085457149967364754e-01 1.852556374999999797e-02
4.093628064267299527e-01 1.851310500000000192e-02
4.101815320395834075e-01 1.850099250000000056e-02
4.110018951036625845e-01 1.848697599999999872e-02
4.118238988938699441e-01 1.847339000000000273e-02
4.126475466916577073e-01 1.846196749999999900e-02
4.134728417850409565e-01 1.845032124999999856e-02
4.142997874686110693e-01 1.842913100000000137e-02
4.151283870435482637e-01 1.842152000000000026e-02
4.159586438176353651e-01 1.840834375000000023e-02
4.167905611052706849e-01 1.837827499999999947e-02
4.176241422274811765e-01 1.837923125000000268e-02
4.184593905119361468e-01 1.836582800000000071e-02
4.192963092929599678e-01 1.833870875000000178e-02
4.201349019115458994e-01 1.833741374999999993e-02
4.209751717153689676e-01 1.832398375000000162e-02
4.218171220587997317e-01 1.830874375000000193e-02
4.226607563029173287e-01 1.829235200000000131e-02
4.235060778155231298e-01 1.827419375000000068e-02
4.243530899711541737e-01 1.825803749999999753e-02
4.252017961510964894e-01 1.824217875000000086e-02
4.260521997433986963e-01 1.822262749999999792e-02
4.269043041428854934e-01 1.821291900000000102e-02
4.277581127511712600e-01 1.819857125000000006e-02
4.286136289766736551e-01 1.818888874999999988e-02
4.294708562346269964e-01 1.817678749999999954e-02
4.303297979470962487e-01 1.816270749999999989e-02
4.311904575429904574e-01 1.814421800000000015e-02
4.320528384580764047e-01 1.812511249999999852e-02
4.329169441349925429e-01 1.810886999999999913e-02
4.337827780232624830e-01 1.809370249999999944e-02
4.346503435793090397e-01 1.807969000000000243e-02
4.355196442664676648e-01 1.806440400000000265e-02
4.363906835550006025e-01 1.804834749999999904e-02
4.372634649221106007e-01 1.803169749999999905e-02
4.381379918519547889e-01 1.801260874999999900e-02
4.390142678356587225e-01 1.798854125000000012e-02
4.398922963713300383e-01 1.796564500000000231e-02
4.407720809640727211e-01 1.793853749999999719e-02
4.416536251260008150e-01 1.778244249999999874e-02
4.425369323762528007e-01 1.788211124999999901e-02
4.434220062410053065e-01 1.785752999999999993e-02
4.443088502534873196e-01 1.786057500000000006e-02
4.451974679539942858e-01 1.784179375000000123e-02
4.460878628899022647e-01 1.779246374999999755e-02
4.469800386156820293e-01 1.782988875000000167e-02
4.478739986929134442e-01 1.781976500000000130e-02
4.487697466902992316e-01 1.779454374999999908e-02
4.496672861836799040e-01 1.776990374999999969e-02
4.505666207560472536e-01 1.774882374999999998e-02
4.514677539975593401e-01 1.773094374999999862e-02
4.523706895055544797e-01 1.771727299999999866e-02
4.532754308845656221e-01 1.770256499999999997e-02
4.541819817463347286e-01 1.768813999999999803e-02
4.550903457098274263e-01 1.766017250000000149e-02
4.560005264012471082e-01 1.764339374999999988e-02
4.569125274540495885e-01 1.760497199999999998e-02
4.578263525089577013e-01 1.757224500000000023e-02
4.587420052139756232e-01 1.753748750000000065e-02
4.596594892244035835e-01 1.750208124999999906e-02
4.605788082028524077e-01 1.747079124999999927e-02
4.614999658192581178e-01 1.744147100000000006e-02
4.624229657508966418e-01 1.742320124999999914e-02
4.633478116823984694e-01 1.741577874999999942e-02
4.642745073057632510e-01 1.740992750000000186e-02
4.652030563203747304e-01 1.740674125000000322e-02
4.661334624330154552e-01 1.739323199999999806e-02
4.670657293578814873e-01 1.736441749999999978e-02
4.679998608165972795e-01 1.733710249999999981e-02
4.689358605382304424e-01 1.727830375000000140e-02
4.698737322593069532e-01 1.727472874999999922e-02
4.708134797238255342e-01 1.725378899999999854e-02
4.717551066832731399e-01 1.723239374999999823e-02
4.726986168966397228e-01 1.721385749999999881e-02
4.736440141304329998e-01 1.719372375000000064e-02
4.745913021586939395e-01 1.716539250000000127e-02
4.755404847630113063e-01 1.712422400000000039e-02
4.764915657325373699e-01 1.707244624999999794e-02
4.774445488640024493e-01 1.702235875000000093e-02
4.783994379617304560e-01 1.696888250000000084e-02
4.793562368376539373e-01 1.690923500000000163e-02
4.803149493113292312e-01 1.685593875000000047e-02
4.812755792099518981e-01 1.682089624999999825e-02
4.822381303683718201e-01 1.679631925000000039e-02
4.832026066291085775e-01 1.678573100000000165e-02
4.841690118423668254e-01 1.677322330000000083e-02
4.851373498660515038e-01 1.678902200000000067e-02
4.861076245657836026e-01 1.679794637499999743e-02
4.870798398149152053e-01 1.676571475000000061e-02
4.880539994945450322e-01 1.678739774999999865e-02
4.890301074935341497e-01 1.676048579999999885e-02
4.900081677085211806e-01 1.672477400000000128e-02
4.909881840439382916e-01 1.670487274999999869e-02
4.919701604120261251e-01 1.666443862499999984e-02
4.929541007328501756e-01 1.665599662500000244e-02
4.939400089343158884e-01 1.663731059999999998e-02
4.949278889521845359e-01 1.661204299999999995e-02
4.959177447300888719e-01 1.658275062499999994e-02
4.969095802195490075e-01 1.654652424999999982e-02
4.979033993799881208e-01 1.650115674999999907e-02
4.988992061787480559e-01 1.644008190000000036e-02
4.998970045911055315e-01 1.636920012499999688e-02
5.008967986002876849e-01 1.630495574999999905e-02
5.018985921974883357e-01 1.611798587500000088e-02
5.029023893818832525e-01 1.615462474999999898e-02
5.039081941606470272e-01 1.604145230000000172e-02
5.049160105489682859e-01 1.603652687499999840e-02
5.059258425700663420e-01 1.601711075000000067e-02
5.069376942552064058e-01 1.582497449999999833e-02
5.079515696437167938e-01 1.599831737499999781e-02
5.089674727830042489e-01 1.598427469999999864e-02
5.099854077285701504e-01 1.600662074999999879e-02
5.110053785440273888e-01 1.590157787500000308e-02
5.120273893011153543e-01 1.598317137500000068e-02
5.130514440797175890e-01 1.593600709999999990e-02
5.140775469678771081e-01 1.590976325000000025e-02
5.151057020618128313e-01 1.587735387499999984e-02
5.161359134659364578e-01 1.584447149999999860e-02
5.171681852928683432e-01 1.581357499999999985e-02
5.182025216634540410e-01 1.578158259999999646e-02
5.192389267067809566e-01 1.574677987499999848e-02
5.202774045601945563e-01 1.571267525000000220e-02
5.213179593693149094e-01 1.567072099999999857e-02
5.223605952880534531e-01 1.562134187499999993e-02
5.234053164786296453e-01 1.555646609999999930e-02
5.244521271115868410e-01 1.547946050000000018e-02
5.255010313658099452e-01 1.542270737499999884e-02
5.265520334285416215e-01 1.535810637499999964e-02
5.276051374953987239e-01 1.529505737500000059e-02
5.286603477703895049e-01 1.522349110000000005e-02
5.297176684659302692e-01 1.514888887500000052e-02
5.307771038028621380e-01 1.508828437500000022e-02
5.318386580104679240e-01 1.505839050000000109e-02
5.329023353264887852e-01 1.501717637499999994e-02
5.339681399971416553e-01 1.499660929999999982e-02
5.350360762771360079e-01 1.498092037500000154e-02
5.361061484296902879e-01 1.496694337499999972e-02
5.371783607265496752e-01 1.495687187499999959e-02
5.382527174480027377e-01 1.493838987499999937e-02
5.393292228828987511e-01 1.490492459999999929e-02
5.404078813286645744e-01 1.485181875000000061e-02
5.414886970913218578e-01 1.446451237500000035e-02
5.425716744855044738e-01 1.478436412499999943e-02
5.436568178344756141e-01 1.471905062500000055e-02
5.447441314701444437e-01 1.466863859999999881e-02
5.458336197330847517e-01 1.458976925000000056e-02
5.469252869725509392e-01 1.462910762499999850e-02
5.480191375464960046e-01 1.460277912500000143e-02
5.491151758215888634e-01 1.457316020000000087e-02
5.502134061732321113e-01 1.454391699999999996e-02
5.513138329855785669e-01 1.451548674999999892e-02
5.524164606515497011e-01 1.448455162499999796e-02
5.535212935728528461e-01 1.445087212499999996e-02
5.546283361599984030e-01 1.441144790000000071e-02
5.557375928323184944e-01 1.436675349999999921e-02
5.568490680179830621e-01 1.432239174999999989e-02
5.579627661540189631e-01 1.427207125000000063e-02
5.590786916863270672e-01 1.421620162499999916e-02
5.601968490696997982e-01 1.414766039999999780e-02
5.613172427678392307e-01 1.406955962500000025e-02
5.624398772533748536e-01 1.400900287500000084e-02
5.635647570078816671e-01 1.395239299999999870e-02
5.646918865218973904e-01 1.390020837500000050e-02
5.658212702949412254e-01 1.384848380000000025e-02
5.669529128355310643e-01 1.380056674999999983e-02
5.680868186612021420e-01 1.375167387499999852e-02
5.692229922985245771e-01 1.356993537499999979e-02
5.703614382831215801e-01 1.366723912500000110e-02
5.715021611596877715e-01 1.362044520000000106e-02
5.726451654820071679e-01 1.352308475000000079e-02
5.737904558129711674e-01 1.355609749999999933e-02
5.749380367245970902e-01 1.354018087499999842e-02
5.760879127980462755e-01 1.350951662500000060e-02
5.772400886236424000e-01 1.352855850000000103e-02
5.783945688008896857e-01 1.347417449999999822e-02
5.795513579384914404e-01 1.353704274999999874e-02
5.807104606543684877e-01 1.354600100000000022e-02
5.818718815756771523e-01 1.356710512499999938e-02
5.830356253388285781e-01 1.357740589999999886e-02
5.842016965895062697e-01 1.356410450000000018e-02
5.853700999826851881e-01 1.357607674999999903e-02
5.865408401826505136e-01 1.357262637500000063e-02
5.877139218630158535e-01 1.361255012499999750e-02
5.888893497067417826e-01 1.298040989999999992e-02
5.900671284061553834e-01 1.310465375000000043e-02
5.912472626629676764e-01 1.350973962499999945e-02
5.924297571882934932e-01 1.341668212499999915e-02
5.936146167026701281e-01 1.329396630000000135e-02
5.948018459360754351e-01 1.186115962500000100e-02
5.959914496279475893e-01 1.334990887500000015e-02
5.971834325272035171e-01 1.332277762499999886e-02
5.983777993922578808e-01 1.312235274999999993e-02
5.995745549910425076e-01 1.315122430000000009e-02
6.007737041010245971e-01 1.303807724999999848e-02
6.019752515092265943e-01 1.319880087499999965e-02
6.031792020122450637e-01 1.318516400000000095e-02
6.043855604162695627e-01 1.314548800000000031e-02
6.055943315371020708e-01 1.319769120000000018e-02
6.068055202001763071e-01 1.321520025000000147e-02
6.080191312405766046e-01 1.324223750000000019e-02
6.092351695030577829e-01 1.326933074999999893e-02
6.104536398420639109e-01 1.329754399999999968e-02
6.116745471217479579e-01 1.332787100000000155e-02
6.128978962159914445e-01 1.335576312499999960e-02
6.141236920084234274e-01 1.337983787499999987e-02
6.153519393924402614e-01 1.340058462499999978e-02
6.165826432712251393e-01 1.341800887500000164e-02
6.178158085577676317e-01 1.343579399999999917e-02
6.190514401748832274e-01 1.345102825000000016e-02
6.202895430552329836e-01 1.345950012499999918e-02
6.215301221413433996e-01 1.346546737500000160e-02
6.227731823856261784e-01 1.346988537499999895e-02
6.240187287503973224e-01 1.347202160000000003e-02
6.252667662078981170e-01 1.346742874999999964e-02
6.265172997403138933e-01 1.347420624999999886e-02
6.277703343397945668e-01 1.238950400000000084e-02
6.290258750084741779e-01 1.342358700000000071e-02
6.302839267584912086e-01 1.347387860000000097e-02
6.315444946120081227e-01 1.339987949999999969e-02
6.328075836012321265e-01 1.354294649999999989e-02
6.340731987684345983e-01 1.357541375000000106e-02
6.353413451659715161e-01 1.360037959999999858e-02
6.366120278563034418e-01 1.362484749999999870e-02
6.378852519120159492e-01 1.365547850000000014e-02
6.391610224158400522e-01 1.365838249999999990e-02
6.404393444606717445e-01 1.371907412500000117e-02
6.417202231495930942e-01 1.375213039999999970e-02
6.430036635958922275e-01 1.376578837499999909e-02
6.442896709230840901e-01 1.377641287499999957e-02
6.455782502649303201e-01 1.379898274999999917e-02
6.468694067654601199e-01 1.379943674999999960e-02
6.481631455789910179e-01 1.358957390000000050e-02
6.494594718701489633e-01 1.348548487499999851e-02
6.507583908138891982e-01 1.380857249999999960e-02
6.520599075955170187e-01 1.376933325000000152e-02
6.533640274107079815e-01 1.379345387500000020e-02
6.546707554655294414e-01 1.389580790000000121e-02
6.559800969764604250e-01 1.245575787500000087e-02
6.572920571704133907e-01 1.392942024999999778e-02
6.586066412847542129e-01 1.385109199999999888e-02
6.599238545673237200e-01 1.396091299999999841e-02
6.612437022764583450e-01 1.397529269999999921e-02
6.625661896810113305e-01 1.395112050000000062e-02
6.638913220603732679e-01 1.399507575000000052e-02
6.652191047044940797e-01 1.401232875000000058e-02
6.665495429139030037e-01 1.402789825000000032e-02
6.678826419997307973e-01 1.404620059999999934e-02
6.692184072837303876e-01 1.406143912500000016e-02
6.705568440982978551e-01 1.407452587499999873e-02
6.718979577864944153e-01 1.408598687499999953e-02
6.732417537020674025e-01 1.409389799999999880e-02
6.745882372094715862e-01 1.410824719999999831e-02
6.759374136838904867e-01 1.411966074999999876e-02
6.772892885112582473e-01 1.412836249999999995e-02
6.786438670882807278e-01 1.413919200000000008e-02
6.800011548224572655e-01 1.415060439999999906e-02
6.813611571321021021e-01 1.414860250000000118e-02
6.827238794463663663e-01 1.415536112499999992e-02
6.840893272052590568e-01 1.415473924999999938e-02
6.854575058596696913e-01 1.415121549999999971e-02
6.868284208713890671e-01 1.125241870099999777e-02
6.882020777131317990e-01 1.376962262500000013e-02
6.895784818685580797e-01 1.036842618124999942e-02
6.909576388322952178e-01 1.379344912499999923e-02
6.923395541099597317e-01 1.205332563750000086e-02
6.937242332181796645e-01 1.353042249999999828e-02
6.951116816846160118e-01 1.411032824999999997e-02
6.965019050479852591e-01 1.417142425000000004e-02
6.978949088580812532e-01 1.324205937500000027e-02
6.992906986757974064e-01 1.410455625000000060e-02
7.006892800731490123e-01 1.400199579999999999e-02
7.020906586332953392e-01 1.415526812500000030e-02
7.034948399505618344e-01 1.418763562500000019e-02
7.049018296304629949e-01 1.361787300000000082e-02
7.063116332897239058e-01 1.416909774999999816e-02
7.077242565563033327e-01 1.408483829999999937e-02
7.091397050694159265e-01 1.420967000000000063e-02
7.105579844795547606e-01 1.408900112500000024e-02
7.119791004485138686e-01 1.414738549999999991e-02
7.134030586494108928e-01 1.416174812499999998e-02
7.148298647667097327e-01 1.408114050000000041e-02
7.162595244962430829e-01 1.320411424999999930e-02
7.176920435452356362e-01 1.249933258750000019e-02
7.191274276323260661e-01 1.296024972499999935e-02
7.205656824875906752e-01 1.268691887499999969e-02
7.220068138525659318e-01 1.403111450000000225e-02
7.234508274802710082e-01 1.359459112500000129e-02
7.248977291352315389e-01 1.306768037500000146e-02
7.263475245935020475e-01 1.252295868750000034e-02
7.278002196426889281e-01 9.815223137499998890e-03
7.292558200819743153e-01 1.355010809999999954e-02
7.307143317221382883e-01 1.074373719999999893e-02
7.321757603855825192e-01 1.289792987500000022e-02
7.336401119063536980e-01 1.355781074999999961e-02
7.351073921301664038e-01 1.381687749999999971e-02
7.365776069144267524e-01 1.411831049999999997e-02
7.380507621282555997e-01 1.414765100000000067e-02
7.395268636525120787e-01 1.403957387500000091e-02
7.410059173798171361e-01 1.417931337500000048e-02
7.424879292145767362e-01 1.416689510000000186e-02
7.439729050730057303e-01 1.353789587500000072e-02
7.454608508831517266e-01 1.379944125000000070e-02
7.469517725849180723e-01 1.413829387500000097e-02
7.484456761300879446e-01 1.412739549999999893e-02
7.499425674823481103e-01 1.406030209999999982e-02
7.514424526173126839e-01 1.413423375000000086e-02
7.529453375225474421e-01 1.412174874999999954e-02
7.544512281975925827e-01 1.414766574999999985e-02
7.559601306539878163e-01 1.414792175000000041e-02
7.574720509152956804e-01 1.414487269999999824e-02
7.589869950171262980e-01 1.348119637500000065e-02
7.605049690071605806e-01 8.500526624999999240e-03
7.620259789451748755e-01 8.810294487500000202e-03
7.635500309030651689e-01 1.042664421249999904e-02
7.650771309648712881e-01 1.183773844000000040e-02
7.666072852268009941e-01 1.305951925000000020e-02
7.681404997972545168e-01 1.336821607499999974e-02
7.696767807968490915e-01 1.403320874999999801e-02
7.712161343584428286e-01 1.410991300000000170e-02
7.727585666271596931e-01 1.408958110000000166e-02
7.743040837604140414e-01 1.401011362500000079e-02
7.758526919279349343e-01 1.407078275000000003e-02
7.774043973117907846e-01 1.405539524999999991e-02
7.789592061064143369e-01 1.404228562499999951e-02
7.805171245186270923e-01 1.401839439999999840e-02
7.820781587676643998e-01 1.403495412499999873e-02
7.836423150851996589e-01 1.402427112499999781e-02
7.852095997153700768e-01 1.402043537499999756e-02
7.867800189148008716e-01 1.389922909999999866e-02
7.883535789526303628e-01 1.401356150000000050e-02
7.899302861105357287e-01 1.366412250000000050e-02
7.915101466827567656e-01 1.387371462499999847e-02
7.930931669761223102e-01 1.402609887500000201e-02
7.946793533100744433e-01 1.404119909999999860e-02
7.962687120166946908e-01 1.367556862500000046e-02
7.978612494407281153e-01 1.391108550000000159e-02
7.994569719396096286e-01 1.384853675000000117e-02
8.010558858834887497e-01 1.390935099999999862e-02
8.026579976552556950e-01 1.216587306999999951e-02
8.042633136505661362e-01 1.322864562500000035e-02
8.058718402778672907e-01 1.390713675000000010e-02
8.074835839584230124e-01 1.390082425000000073e-02
8.090985511263398822e-01 1.386257312499999950e-02
8.107167482285926319e-01 1.379830280000000041e-02
8.123381817250497905e-01 1.383255599999999932e-02
8.139628580884998854e-01 1.272742613749999925e-02
8.155907838046769776e-01 1.313323862499999987e-02
8.172219653722863075e-01 1.354652574999999984e-02
8.188564093030309410e-01 1.051749895700000020e-02
8.204941221216369707e-01 1.307281871249999991e-02
8.221351103658802728e-01 1.346458700000000008e-02
8.237793805866120422e-01 1.349147462500000123e-02
8.254269393477852157e-01 1.048911780000000120e-02
8.270777932264807841e-01 1.350889220000000071e-02
8.287319488129337719e-01 1.208971316249999976e-02
8.303894127105596601e-01 1.350146962499999825e-02
8.320501915359808098e-01 1.358389262499999986e-02
8.337142919190527746e-01 1.328793687500000147e-02
8.353817205028908344e-01 1.375381430000000189e-02
8.370524839438966413e-01 1.375611449999999958e-02
8.387265889117843098e-01 1.379631262499999948e-02
8.404040420896079500e-01 1.367561474999999874e-02
8.420848501737872027e-01 1.384441437500000087e-02
8.437690198741347736e-01 1.382507200000000075e-02
8.454565579138830778e-01 1.387416275000000199e-02
8.471474710297107746e-01 1.386622312500000037e-02
8.488417659717701902e-01 1.384368374999999859e-02
8.505394495037137403e-01 1.377939149999999821e-02
8.522405284027212424e-01 1.370936450000000140e-02
8.539450094595266716e-01 1.375368699999999882e-02
8.556528994784455833e-01 1.379593037499999945e-02
8.573642052774025357e-01 1.382207262500000089e-02
8.590789336879574023e-01 1.381773199999999924e-02
8.607970915553332381e-01 1.382126812499999934e-02
8.625186857384439243e-01 1.380965799999999896e-02
8.642437231099207029e-01 1.382803450000000094e-02
8.659722105561405980e-01 1.382128449999999939e-02
8.677041549772528395e-01 1.382519980000000183e-02
8.694395632872073953e-01 1.380318187499999898e-02
8.711784424137818394e-01 1.375486612499999921e-02
8.729207992986094400e-01 1.382054512499999825e-02
8.746666408972065820e-01 1.381718962500000022e-02
8.764159741790010782e-01 1.378882890000000111e-02
8.781688061273591472e-01 1.380354437499999899e-02
8.799251437396138353e-01 1.370291012500000211e-02
8.816849940270929942e-01 1.337694474999999959e-02
8.834483640151471473e-01 1.367122499999999866e-02
8.852152607431775788e-01 1.374017669999999872e-02
8.869856912646638669e-01 1.365767287499999871e-02
8.887596626471931938e-01 1.366496262499999892e-02
8.905371819724876570e-01 1.371504962499999966e-02
8.923182563364325803e-01 1.364591750000000020e-02
8.941028928491054906e-01 1.073139057599999981e-02
8.958910986348036509e-01 1.335056500000000000e-02
8.976828808320732600e-01 1.310620270000000150e-02
8.994782465937374294e-01 1.309273472499999924e-02
9.012772030869248274e-01 1.332297950000000016e-02
9.030797574930986560e-01 1.325388619999999865e-02
9.048859170080848502e-01 1.355803187500000118e-02
9.066956888421009442e-01 1.334328525000000147e-02
9.085090802197851589e-01 1.320865964999999934e-02
9.103260983802247130e-01 9.617232550999998963e-03
9.121467505769851325e-01 1.244222708749999871e-02
9.139710440781392276e-01 1.242665137500000190e-02
9.157989861662954034e-01 9.309136317875001468e-03
9.176305841386280804e-01 1.110634925000000134e-02
9.194658453069053383e-01 1.307754315000000077e-02
9.213047769975191148e-01 1.250846149999999997e-02
9.231473865515140709e-01 1.350130424999999856e-02
9.249936813246171230e-01 1.135462655000000001e-02
9.268436686872664199e-01 1.303778075000000015e-02
9.286973560246409853e-01 1.053142002999999868e-02
9.305547507366902504e-01 1.194514092500000013e-02
9.324158602381635852e-01 1.196585583750000084e-02
9.342806919586399417e-01 1.067747881249999850e-02
9.361492533425572748e-01 1.232832317499999927e-02
9.380215518492422966e-01 4.788485913999999261e-03
9.398975949529408958e-01 1.089632168750000012e-02
9.417773901428466710e-01 8.827028091250001263e-03
9.436609449231323499e-01 8.324006049999999046e-03
9.455482668129786550e-01 1.069533845000000122e-02
9.474393633466045017e-01 1.227576661999999971e-02
9.493342420732977516e-01 7.392311491250000248e-03
9.512329105574443000e-01 9.429971105000000547e-03
9.531353763785591626e-01 1.242172096250000052e-02
9.550416471313163402e-01 8.554879068750000093e-03
9.569517304255790169e-01 8.724138336000001465e-03
9.588656338864300910e-01 1.130234818750000016e-02
9.607833651542030395e-01 1.243675902500000069e-02
9.627049318845114501e-01 1.204340502500000215e-02
9.646303417482804399e-01 1.290247501250000109e-02
9.665596024317769652e-01 1.250802519000000085e-02
9.684927216366405744e-01 1.099640733749999988e-02
9.704297070799138281e-01 1.216595272499999825e-02
9.723705664940736071e-01 1.270258993749999975e-02
9.743153076270618662e-01 1.174272577899999892e-02
9.762639382423159429e-01 1.100232180999999830e-02
9.782164661188006427e-01 1.280826427499999996e-02
9.801728990510382156e-01 1.319598262500000160e-02
9.821332448491403300e-01 1.315723087499999847e-02
9.840975113388386042e-01 1.338252439999999995e-02
9.860657063615162476e-01 1.258871862500000188e-02
9.880378377742392582e-01 1.344909537500000099e-02
9.900139134497877302e-01 1.315509162500000037e-02
9.919939412766873854e-01 1.268287500000000144e-02
9.939779291592407695e-01 1.342872800000000089e-02
9.959658850175592271e-01 1.347533475000000161e-02
9.979578167875942096e-01 1.348973174999999920e-02
9.999537324211694722e-01 1.346763849999999853e-02
1.001953639886011826e+00 1.343952712499999966e-02
1.003957547165783781e+00 1.331936249999999926e-02
1.005965462260115295e+00 1.348014462499999913e-02
1.007977393184635417e+00 1.347326874999999792e-02
1.009993347971004818e+00 1.341257849999999939e-02
1.012013334666946873e+00 1.346889899999999946e-02
1.014037361336280751e+00 1.347146680000000166e-02
1.016065436058953164e+00 1.347164375000000150e-02
1.018097566931071229e+00 1.347204812499999856e-02
1.020133762064933336e+00 1.322479149999999937e-02
1.022174029589063338e+00 1.335609000000000102e-02
1.024218377648241418e+00 1.347170060000000072e-02
1.026266814403537841e+00 1.347350062500000077e-02
1.028319348032344926e+00 1.345065299999999991e-02
1.030375986728409687e+00 1.346069787500000017e-02
1.032436738701866474e+00 1.346821974999999789e-02
1.034501612179270502e+00 1.346658360000000006e-02
1.036570615403628937e+00 1.346448050000000063e-02
1.038643756634436199e+00 1.346102449999999999e-02
1.040721044147705054e+00 1.345328800000000075e-02
1.042802486236000359e+00 1.344776787499999890e-02
1.044888091208472591e+00 1.344428059999999876e-02
1.046977867390889383e+00 1.343704499999999989e-02
1.049071823125671266e+00 1.342832725000000019e-02
1.051169966771922537e+00 1.341964800000000103e-02
1.053272306705466566e+00 1.340864530000000082e-02
1.055378851318877320e+00 1.339386050000000196e-02
1.057489609021515342e+00 1.337858075000000063e-02
1.059604588239558165e+00 1.334605600000000024e-02
1.061723797416037396e+00 1.335741762499999957e-02
1.063847245010869358e+00 1.335641089999999899e-02
1.065974939500891061e+00 1.308696962500000005e-02
1.068106889379893065e+00 1.331647062499999833e-02
1.070243103158652787e+00 1.329611187499999889e-02
1.072383589364970025e+00 1.336113675000000049e-02
1.074528356543700047e+00 1.336138169999999924e-02
1.076677413256787563e+00 1.335485087499999925e-02
1.078830768083300917e+00 1.340476525000000065e-02
1.080988429619467617e+00 1.328370062500000039e-02
1.083150406478706529e+00 1.340126037499999971e-02
1.085316707291664073e+00 1.291263812000000011e-02
1.087487340706247529e+00 1.339798949999999877e-02
1.089662315387660119e+00 1.330960049999999929e-02
1.091841640018435422e+00 1.310940272500000191e-02
1.094025323298472241e+00 1.321991324999999967e-02
1.096213373945069236e+00 1.322251110000000063e-02
1.098405800692959566e+00 1.328192150000000009e-02
1.100602612294345528e+00 1.316959906250000228e-02
1.102803817518934082e+00 1.282792335000000096e-02
1.105009425153971936e+00 1.282505612499999781e-02
1.107219444004279962e+00 1.215827244999999855e-02
1.109433882892288503e+00 9.918748486250000135e-03
1.111652750658073119e+00 1.264690579999999849e-02
1.113876056159389227e+00 9.688077239999998841e-03
1.116103808271708075e+00 7.419370570625000161e-03
1.118336015888251378e+00 9.799995279999999462e-03
1.120572687920027732e+00 8.004556179317501297e-03
1.122813833295867925e+00 8.581685902500000435e-03
1.125059460962459568e+00 9.233241866250000221e-03
1.127309579884384405e+00 6.706066376999999905e-03
1.129564199044153394e+00 9.604169628749999188e-03
1.131823327442241567e+00 1.232796348749999951e-02
1.134086974097126221e+00 5.907037535387500357e-03
1.136355148045320451e+00 1.087357107499999954e-02
1.138627858341410892e+00 1.197174456999999977e-02
1.140905114058093694e+00 1.124084484750000057e-02
1.143186924286210049e+00 1.086064737500000085e-02
1.145473298134782603e+00 1.075296524999999961e-02
1.147764244731052097e+00 1.213773987375000099e-02
1.150059773220514225e+00 1.169172635999999807e-02
1.152359892766955163e+00 1.056949923250000145e-02
1.154664612552489089e+00 8.513272540000000124e-03
1.156973941777594161e+00 1.170238830000000160e-02
1.159287889661149373e+00 1.256048153749999771e-02
1.161606465440471636e+00 1.241623728999999982e-02
1.163929678371352416e+00 6.296358578499999803e-03
1.166257537728095262e+00 1.224913231250000095e-02
1.168590052803551327e+00 1.176912500000000007e-02
1.170927232909158455e+00 1.135372348750000003e-02
1.173269087374976705e+00 1.292736297999999909e-02
1.175615625549726762e+00 1.264362694999999863e-02
1.177966856800826134e+00 1.252755788749999877e-02
1.180322790514427789e+00 1.312329775000000039e-02
1.182683436095456564e+00 1.189561360250000061e-02
1.185048802967647585e+00 1.257037151000000089e-02
1.187418900573582903e+00 1.156981161875000191e-02
1.189793738374729903e+00 1.299670792500000165e-02
1.192173325851479504e+00 1.289498412499999989e-02
1.194557672503182344e+00 1.188493413875000085e-02
1.196946787848188531e+00 1.084627651899999941e-02
1.199340681423884947e+00 1.236259909999999976e-02
1.201739362786732546e+00 1.268066016250000115e-02
1.204142841512306106e+00 1.170274867000000059e-02
1.206551127195330864e+00 1.302914287500000004e-02
1.208964229449721373e+00 1.308798389999999735e-02
1.211382157908620805e+00 1.291475174999999996e-02
1.213804922224438254e+00 1.300634501250000005e-02
1.216232532068886929e+00 1.303485312500000069e-02
1.218664997133024785e+00 1.291817825999999961e-02
1.221102327127290721e+00 1.154474940000000012e-02
1.223544531781545430e+00 1.224472886250000010e-02
1.225991620845108487e+00 1.309756725000000080e-02
1.228443604086798757e+00 1.311026387500000175e-02
1.230900491294972365e+00 1.282265429000000075e-02
1.233362292277562222e+00 1.292016487499999915e-02
1.235829016862117324e+00 1.315522625000000063e-02
1.238300674895841613e+00 1.315076537499999983e-02
1.240777276245633054e+00 1.306852537500000078e-02
1.243258830798124492e+00 1.314389930000000109e-02
1.245745348459720736e+00 1.313221174999999914e-02
1.248236839156640077e+00 1.311084375000000010e-02
1.250733312834953370e+00 1.311638812500000133e-02
1.253234779460623338e+00 1.309493287499999964e-02
1.255741249019544536e+00 1.307953679999999952e-02
1.258252731517583545e+00 1.304741987500000061e-02
1.260769236980618713e+00 1.285964830000000010e-02
1.263290775454580128e+00 1.295101637499999903e-02
1.265817357005489141e+00 1.282525452499999954e-02
1.268348991719500107e+00 9.707870390399999175e-03
1.270885689702939025e+00 1.059970150249999951e-02
1.273427461082345058e+00 1.291207919999999912e-02
1.275974316004509834e+00 1.296840487500000062e-02
1.278526264636518750e+00 1.303978562499999959e-02
1.281083317165791824e+00 1.296473032999999851e-02
1.283645483800123444e+00 1.312687437499999825e-02
1.286212774767723666e+00 1.313085024999999934e-02
1.288785200317259072e+00 1.308068924999999938e-02
1.291362770717893405e+00 1.304789803750000012e-02
1.293945496259329087e+00 1.295229401999999953e-02
1.296533387251847858e+00 1.263027917500000007e-02
1.299126454026351407e+00 1.296251907499999974e-02
1.301724706934404230e+00 1.206791398374999942e-02
1.304328156348272927e+00 1.290074873999999885e-02
1.306936812660969505e+00 1.031924558000000061e-02
1.309550686286291565e+00 1.034070972750000122e-02
1.312169787658864273e+00 1.275532043750000032e-02
1.314794127234181875e+00 9.316392480650000432e-03
1.317423715488650338e+00 1.216585623599999999e-02
1.320058562919627532e+00 1.096861078749999940e-02
1.322698680045466757e+00 1.214573201250000040e-02
1.325344077405557819e+00 1.242074404999999986e-02
1.327994765560368773e+00 1.194098227124999918e-02
1.330650755091489668e+00 9.002943933000001273e-03
1.333312056601672513e+00 9.309198199249999611e-03
1.335978680714875910e+00 1.217566569749999918e-02
1.338650638076305466e+00 1.210618517500000081e-02
1.341327939352458198e+00 1.144519873375000017e-02
1.344010595231163174e+00 7.030354844940000722e-03
1.346698616421625472e+00 5.057687774874999181e-03
1.349392013654468592e+00 3.314387758331250027e-03
1.352090797681777534e+00 9.054046326250000595e-03
1.354794979277141209e+00 5.211149123749999820e-03
1.357504569235695513e+00 5.151610075300000653e-03
1.360219578374167071e+00 4.489093269400000995e-03
1.362940017530915426e+00 4.684264889250000508e-03
1.365665897565977005e+00 4.690070146374999971e-03
1.368397229361109080e+00 1.953947222625000181e-03
1.371134023819831294e+00 4.085883494740000059e-03
1.373876291867470956e+00 4.047693252779999834e-03
1.376624044451205897e+00 4.586707611768750005e-03
1.379377292540108435e+00 3.063440992124999949e-03
1.382136047125188671e+00 3.568095659374999774e-03
1.384900319219438902e+00 5.251105763300000298e-03
1.387670119857877804e+00 4.734553762878749607e-03
1.390445460097593511e+00 7.530069971499999716e-03
1.393226351017788911e+00 6.594692817250000401e-03
1.396012803719824280e+00 4.514888371499999921e-03
1.398804829327263910e+00 2.017864982175000474e-03
1.401602438985918520e+00 3.406735460300000084e-03
1.404405643863890329e+00 4.468087098250000076e-03
1.407214455151617916e+00 6.213103665750000469e-03
1.410028884061921284e+00 6.344045292000000114e-03
1.412848941830045169e+00 4.607194190507499752e-03
1.415674639713705218e+00 4.963253185624999682e-03
1.418505988993132627e+00 2.104124003250000281e-03
1.421343000971118986e+00 6.287853341249999978e-03
1.424185686973061138e+00 5.878421399999999263e-03
1.427034058347007139e+00 6.230303199224999748e-03
1.429888126463701337e+00 7.655316534999999714e-03
1.432747902716628552e+00 4.167765088593749882e-03
1.435613398522062045e+00 6.853082614874999798e-03
1.438484625319106147e+00 6.332732647699999308e-03
1.441361594569744220e+00 6.988804254999999785e-03
1.444244317758883733e+00 6.701378251875000046e-03
1.447132806394401561e+00 9.465661867499999133e-03
1.450027072007190387e+00 7.442760069999999374e-03
1.452927126151204895e+00 6.784741130099999733e-03
1.455832980403507282e+00 4.613058438499999941e-03
1.458744646364314335e+00 6.984110225125001077e-03
1.461662135657042949e+00 4.823790817999999876e-03
1.464585459928356981e+00 9.401955097499999428e-03
1.467514630848213653e+00 7.930591019399997957e-03
1.470449660109910184e+00 7.116712627499999742e-03
1.473390559430129976e+00 6.564936842374999998e-03
1.476337340548990129e+00 9.787377793750001373e-03
1.479290015230088073e+00 7.246025525624999811e-03
1.482248595260548196e+00 1.005468059700000139e-02
1.485213092451069361e+00 9.626703296249998834e-03
1.488183518635971314e+00 1.036216579250000096e-02
1.491159885673243313e+00 8.027006487499998427e-03
1.494142205444589644e+00 8.599409167500000548e-03
1.497130489855478697e+00 1.093244568000000146e-02
1.500124750835189813e+00 1.080359772499999912e-02
1.503125000336860140e+00 1.002972650125000080e-02
1.506131250337534144e+00 1.135449222500000202e-02
1.509143512838209134e+00 1.143218130999999922e-02
1.512161799863885658e+00 9.093702406875001087e-03
1.515186123463613477e+00 1.114387787499999949e-02
1.518216495710540626e+00 1.165537967500000077e-02
1.521252928701961604e+00 1.168431344999999906e-02
1.524295434559365781e+00 1.152407714999999916e-02
1.527344025428484464e+00 1.179478098749999967e-02
1.530398713479341533e+00 1.197273825000000000e-02
1.533459510906300283e+00 1.184254347499999992e-02
1.536526429928112947e+00 1.198974312500000056e-02
1.539599482787969098e+00 1.192642205000000143e-02
1.542678681753545167e+00 1.205656912500000129e-02
1.545764039117052402e+00 1.209510450000000036e-02
1.548855567195286387e+00 1.218234375000000133e-02
1.551953278329677000e+00 1.190184566250000048e-02
1.555057184886336374e+00 1.222492440000000000e-02
1.558167299256108862e+00 1.223572550000000085e-02
1.561283633854621211e+00 1.226431542500000006e-02
1.564406201122330309e+00 1.230860337500000110e-02
1.567535013524575138e+00 1.213210123749999987e-02
1.570670083551624074e+00 1.167637409000000029e-02
1.573811423718727287e+00 1.144782318750000097e-02
1.576959046566164702e+00 1.196581538750000027e-02
1.580112964659297070e+00 1.230711922499999958e-02
1.583273190588615709e+00 1.236272537499999956e-02
1.586439736969792680e+00 1.202330461000000045e-02
1.589612616443732307e+00 1.234245237500000009e-02
1.592791841676620024e+00 1.204716875000000006e-02
1.595977425359973001e+00 1.243542362500000241e-02
1.599169380210692992e+00 1.239010901250000088e-02
1.602367718971114297e+00 1.204977234999999799e-02
1.605572454409056604e+00 1.226648181250000053e-02
1.608783599317874735e+00 1.235063128750000030e-02
1.612001166516510375e+00 1.241120506250000151e-02
1.615225168849543369e+00 1.251043810000000180e-02
1.618455619187242345e+00 1.251986625000000089e-02
1.621692530425617118e+00 1.255257649999999905e-02
1.624935915486468208e+00 1.251994762499999969e-02
1.628185787317441235e+00 1.258059899999999960e-02
1.631442158892076222e+00 1.227728764000000049e-02
1.634705043209860431e+00 1.253084831249999878e-02
1.637974453296279886e+00 1.240101305000000133e-02
1.641250402202872660e+00 1.172403395000000056e-02
1.644532903007278390e+00 1.224185862500000097e-02
1.647821968813293125e+00 1.245985747999999935e-02
1.651117612750919506e+00 1.079843844999999955e-02
1.654419847976421387e+00 1.224011427500000006e-02
1.657728687672374246e+00 1.254808343749999958e-02
1.661044145047719134e+00 1.257989718749999951e-02
1.664366233337814638e+00 1.155551252700000135e-02
1.667694965804490170e+00 1.256321154999999988e-02
1.671030355736099260e+00 1.263822312499999871e-02
1.674372416447571510e+00 1.127158526249999980e-02
1.677721161280466333e+00 1.252541599999999929e-02
1.681076603603027353e+00 1.251807333000000064e-02
1.684438756810233473e+00 1.259474475000000107e-02
1.687807634323853945e+00 1.256351712500000141e-02
1.691183249592501658e+00 1.212756363749999990e-02
1.694565616091686655e+00 1.262344062499999933e-02
1.697954747323870084e+00 1.251312979000000075e-02
1.701350656818517715e+00 1.236410788749999975e-02
1.704753358132154784e+00 1.238341559999999938e-02
1.708162864848419282e+00 1.215815197499999986e-02
1.711579190578115917e+00 1.258268887499999766e-02
1.715002348959272283e+00 1.243543680000000137e-02
1.718432353657190825e+00 1.216650718749999992e-02
1.721869218364505016e+00 1.159592278249999865e-02
1.725312956801233977e+00 1.236285192499999956e-02
1.728763582714836655e+00 1.167185621249999979e-02
1.732221109880266230e+00 1.229698142000000029e-02
1.735685552100026730e+00 1.224294256249999942e-02
1.739156923204226768e+00 1.227309637500000050e-02
1.742635237050635277e+00 1.201463668625000168e-02
1.746120507524736576e+00 1.199844025099999940e-02
1.749612748539786100e+00 1.217038844999999980e-02
1.753111974036865472e+00 1.235693393750000001e-02
1.756618197984939123e+00 1.190193475000000077e-02
1.760131434380908910e+00 1.228572820000000190e-02
1.763651697249670747e+00 1.192815434999999931e-02
1.767179000644169884e+00 1.201390722500000202e-02
1.770713358645458202e+00 1.213045662499999920e-02
1.774254785362749054e+00 1.152627524125000164e-02
1.777803294933474554e+00 8.763329784999999289e-03
1.781358901523341753e+00 1.190255955500000087e-02
1.784921619326388376e+00 9.272926958999998248e-03
1.788491462565041212e+00 1.193661633875000086e-02
1.792068445490171413e+00 1.046424979874999855e-02
1.795652582381151552e+00 1.142549252875000101e-02
1.799243887545913800e+00 1.005116182200000048e-02
1.802842375321005663e+00 9.646289773499999026e-03
1.806448060071647710e+00 9.999939495499999761e-03
1.810060956191791082e+00 5.423338505625000840e-03
1.813681078104174560e+00 5.894069634600000197e-03
1.817308440260382962e+00 6.077748100223000043e-03
1.820943057140903765e+00 4.090390819625000854e-03
1.824584943255185721e+00 8.983864184000000391e-03
1.828234113141696149e+00 8.605097140000001962e-03
1.831890581367979554e+00 3.186586204749999873e-03
1.835554362530715355e+00 4.724978622799999410e-03
1.839225471255776734e+00 6.454807154149999962e-03
1.842903922198288136e+00 2.482619560937500153e-03
1.846589730042684785e+00 3.900631054000000108e-03
1.850282909502769968e+00 3.066736405499999926e-03
1.853983475321775654e+00 5.693014137909999106e-03
1.857691442272419113e+00 3.878887884749999525e-03
1.861406825156963984e+00 4.094723072964999259e-03
1.865129638807277779e+00 2.560452635298749759e-03
1.868859898084892279e+00 7.279251552999999996e-04
1.872597617881062160e+00 3.456606452374999961e-03
1.876342813116824271e+00 3.788132762749999924e-03
1.880095498743057814e+00 4.061872656812500447e-03
1.883855689740544070e+00 5.975388147175000365e-03
1.887623401120025246e+00 5.161544923500000111e-03
1.891398647922265308e+00 8.512972502874999181e-04
1.895181445218109717e+00 4.847651571249999257e-03
1.898971808108545822e+00 2.647556365874999262e-03
1.902769751724763037e+00 5.212397464412499466e-03
1.906575291228212565e+00 3.246322812635300033e-03
1.910388441810669136e+00 4.008151287125000586e-03
1.914209218694290282e+00 3.693914535374999940e-03
1.918037637131678963e+00 4.008443380249999445e-03
1.921873712405942403e+00 4.529937471875000385e-03
1.925717459830754041e+00 4.126892022199999711e-03
1.929568894750415708e+00 1.701553831040000233e-03
1.933428032539916241e+00 4.619543454249999855e-03
1.937294888604996324e+00 5.476265743624999377e-03
1.941169478382206215e+00 4.899485146375000093e-03
1.945051817338970590e+00 5.117201169599999017e-03
1.948941920973648489e+00 5.992262817499999922e-03
1.952839804815595715e+00 3.687217476624999896e-03
1.956745484425226778e+00 2.593943340874999698e-03
1.960658975394077297e+00 5.332917973374999912e-03
1.964580293344865503e+00 5.085254567459999986e-03
1.968509453931555075e+00 2.936243116762500115e-03
1.972446472839417986e+00 6.020727864874999766e-03
1.976391365785096887e+00 7.381559402500000554e-03
1.980344148516667069e+00 6.200632255000000474e-03
1.984304836813700401e+00 7.290366579299999844e-03
1.988273446487327956e+00 7.416893893750000147e-03
1.992249993380302620e+00 8.025314451249999578e-03
1.996234493367063045e+00 7.623152085000000321e-03
2.000226962353797155e+00 6.532983776399998999e-03
