2.002000000000000168e-01 7.195662099999999839e-03
2.006004000000000120e-01 9.871185750000000675e-03
2.010016008000000132e-01 7.565378874999999746e-03
2.014036040016000118e-01 1.068015874999999996e-02
2.018064112096032425e-01 1.043449899999999986e-02
2.022100240320224285e-01 1.143184000000000040e-02
2.026144440800864976e-01 1.206722749999999955e-02
2.030196729682466894e-01 1.178469000000000044e-02
2.034257123141831602e-01 1.144524624999999907e-02
2.038325637388115341e-01 1.107621700000000105e-02
2.042402288662891752e-01 1.072340750000000051e-02
2.046487093240217381e-01 1.042336249999999999e-02
2.050580067426697739e-01 1.018573499999999958e-02
2.054681227561551138e-01 1.013774249999999967e-02
2.058790590016674471e-01 1.009410599999999852e-02
2.062908171196707885e-01 1.000557099999999956e-02
2.067033987539101392e-01 9.909155875000000627e-03
2.071168055514179263e-01 9.827781250000000579e-03
2.075310391625207751e-01 9.764968374999998674e-03
2.079461012408458098e-01 9.686061299999999818e-03
2.083619934433275089e-01 9.604459874999998759e-03
2.087787174302141446e-01 9.531695749999999356e-03
2.091962748650745829e-01 9.457576375000000327e-03
2.096146674148047229e-01 9.370821875000000939e-03
2.100338967496343523e-01 9.262621499999998398e-03
2.104539645431336148e-01 9.188834249999999759e-03
2.108748724722198931e-01 9.127530749999999624e-03
2.112966222171643316e-01 9.045049375000000988e-03
2.117192154615986643e-01 8.947717750000000470e-03
2.121426538925218486e-01 8.808903499999999609e-03
2.125669392003068925e-01 8.661588875000000853e-03
2.129920730787074890e-01 8.533124999999999044e-03
2.134180572248648988e-01 8.409584875000000737e-03
2.138448933393146401e-01 8.287528999999998341e-03
2.142725831259932878e-01 8.117630499999998681e-03
2.147011282922452469e-01 7.936324000000001544e-03
2.151305305488297459e-01 7.791735250000000022e-03
2.155607916099274157e-01 7.673883124999999333e-03
2.159919131931472558e-01 7.543330500000000605e-03
2.164238970195335454e-01 7.390226374999999542e-03
2.168567448135726161e-01 7.240932000000000271e-03
2.172904583031997627e-01 7.101275124999999709e-03
2.177250392198061546e-01 6.967739750000000176e-03
2.181604892982457744e-01 6.820118400000000150e-03
2.185968102768422461e-01 6.668858124999999665e-03
2.190340038973959125e-01 6.512499124999999653e-03
2.194720719051907187e-01 6.347936749999999809e-03
2.199110160490010957e-01 6.188251875000000055e-03
2.203508380810991207e-01 6.018913500000000472e-03
2.207915397572613181e-01 5.856968750000000196e-03
2.212331228367758196e-01 5.697952499999999788e-03
2.216755890824493869e-01 5.531207124999999725e-03
2.221189402606142949e-01 5.372883624999999844e-03
2.225631781411355203e-01 5.206964300000000226e-03
2.230083044974177642e-01 5.048809124999999523e-03
2.234543211064126123e-01 4.914075250000000256e-03
2.239012297486254466e-01 4.769507125000000021e-03
2.243490322081226895e-01 4.628498874999999527e-03
2.247977302725389648e-01 4.477169700000000266e-03
2.252473257330840362e-01 4.334379874999999722e-03
2.256978203845501907e-01 4.214118874999999743e-03
2.261492160253192885e-01 4.092708124999999524e-03
2.266015144573699513e-01 3.965294749999999889e-03
2.270547174862846962e-01 3.828284500000000111e-03
2.275088269212572623e-01 3.696261125000000099e-03
2.279638445750997722e-01 3.583804749999999935e-03
2.284197722642499762e-01 3.471451375000000200e-03
2.288766118087784962e-01 3.354067750000000112e-03
2.293343650323960425e-01 3.226107199999999828e-03
2.297930337624608521e-01 3.106936250000000115e-03
2.302526198299857663e-01 3.004730250000000030e-03
2.307131250696457525e-01 2.920854374999999874e-03
2.311745513197850377e-01 2.823260000000000179e-03
2.316369004224245742e-01 2.732959699999999888e-03
2.321001742232694509e-01 2.647312124999999690e-03
2.325643745717159705e-01 2.557264999999999538e-03
2.330295033208594213e-01 2.473441250000000136e-03
2.334955623275011272e-01 2.396365200000000195e-03
2.339625534521561634e-01 2.324945000000000137e-03
2.344304785590604623e-01 2.246649750000000341e-03
2.348993395161785847e-01 2.174686124999999828e-03
2.353691381952109363e-01 2.128124625000000006e-03
2.358398764716013452e-01 2.054719799999999829e-03
2.363115562245445278e-01 1.977513624999999858e-03
2.367841793369936387e-01 1.929096124999999870e-03
2.372577476956675979e-01 1.870659749999999816e-03
2.377322631910589457e-01 1.820338250000000206e-03
2.382077277174410590e-01 1.759884200000000039e-03
2.386841431728759511e-01 1.709161749999999879e-03
2.391615114592217095e-01 1.668576499999999910e-03
2.396398344821401571e-01 1.608456375000000098e-03
2.401191141511044291e-01 1.561524374999999918e-03
2.405993523794066058e-01 1.532131599999999932e-03
2.410805510841654287e-01 1.486636500000000118e-03
2.415627121863337390e-01 1.441690999999999936e-03
2.420458376107064158e-01 1.411194875000000137e-03
2.425299292859278144e-01 1.388110750000000164e-03
2.430149891444997046e-01 1.357135099999999799e-03
2.435010191227887089e-01 1.317742125000000153e-03
2.439880211610342686e-01 1.288996499999999889e-03
2.444759972033563322e-01 1.273798124999999965e-03
2.449649491977630433e-01 1.253687375000000093e-03
2.454548790961585680e-01 1.204727999999999962e-03
2.459457888543508663e-01 1.175241374999999849e-03
2.464376804320595749e-01 1.163903874999999959e-03
2.469305557929236949e-01 1.146556374999999984e-03
2.474244169045095587e-01 1.115561000000000157e-03
2.479192657383185727e-01 1.093385899999999977e-03
2.484151042697951839e-01 1.079334749999999975e-03
2.489119344783347898e-01 1.045403125000000022e-03
2.494097583472914548e-01 1.029605500000000014e-03
2.499085778639860422e-01 1.012059000000000049e-03
2.504083950197140140e-01 1.006333249999999966e-03
2.509092118097534518e-01 9.996156125000000767e-04
2.514110302333729119e-01 9.753356124999999635e-04
2.519138522938396685e-01 9.468572624999999857e-04
2.524176799984273467e-01 9.484615200000000345e-04
2.529225153584241936e-01 9.433532750000000588e-04
2.534283603891410719e-01 9.266757875000000656e-04
2.539352171099192867e-01 9.122226625000000311e-04
2.544430875441391349e-01 9.131941874999999946e-04
2.549519737192273983e-01 9.008092000000000963e-04
2.554618776666658375e-01 8.766299999999999874e-04
2.559728014219991854e-01 8.812449625000000515e-04
2.564847470248432515e-01 8.906450749999999389e-04
2.569977165188929158e-01 8.853069374999999238e-04
2.575117119519306774e-01 8.784370099999999930e-04
2.580267353758345372e-01 8.750833499999999265e-04
2.585427888465862134e-01 8.501544750000000457e-04
2.590598744242793572e-01 8.460471499999999961e-04
2.595779941731279905e-01 8.755979375000000342e-04
2.600971501614742221e-01 8.774844099999999777e-04
2.606173444617971846e-01 8.487417874999999678e-04
2.611385791507207510e-01 8.604607249999999879e-04
2.616608563090221939e-01 8.778932624999999596e-04
2.621841780216402351e-01 8.691746874999999734e-04
2.627085463776834828e-01 8.654664200000001216e-04
2.632339634704388698e-01 8.954557375000000595e-04
2.637604313973797576e-01 8.986305625000000092e-04
2.642879522601745412e-01 8.822679000000000372e-04
2.648165281646948088e-01 8.885149874999999278e-04
2.653461612210242238e-01 9.072710299999999558e-04
2.658768535434662961e-01 9.059674749999999804e-04
2.664086072505532643e-01 9.238470750000000184e-04
2.669414244650543111e-01 9.500753749999998974e-04
2.674753073139844450e-01 9.503364200000000324e-04
2.680102579286124387e-01 9.562238875000000004e-04
2.685462784444696549e-01 9.899652749999999710e-04
2.690833710013585955e-01 1.014079374999999998e-03
2.696215377433612836e-01 1.004049237500000049e-03
2.701607808188479787e-01 1.019684149999999919e-03
2.707011023804857253e-01 1.060249999999999995e-03
2.712425045852466798e-01 1.080302375000000018e-03
2.717849895944172145e-01 1.088800374999999813e-03
2.723285595736060216e-01 1.112787875000000037e-03
2.728732166927532177e-01 1.145393099999999793e-03
2.734189631261387810e-01 1.176433374999999969e-03
2.739658010523910447e-01 1.226596749999999975e-03
2.745137326544958567e-01 1.263030249999999924e-03
2.750627601198047945e-01 1.268940999999999993e-03
2.756128856400444360e-01 1.322000399999999961e-03
2.761641114113245199e-01 1.361367124999999980e-03
2.767164396341471599e-01 1.404090999999999890e-03
2.772698725134154496e-01 1.435159750000000126e-03
2.778244122584422882e-01 1.486274000000000102e-03
2.783800610829592070e-01 1.550886400000000154e-03
2.789368212051250850e-01 1.613821750000000131e-03
2.794946948475353632e-01 1.668075624999999871e-03
2.800536842372304269e-01 1.715907750000000061e-03
2.806137916057048765e-01 1.814238125000000069e-03
2.811750191889162975e-01 1.883111800000000086e-03
2.817373692272941987e-01 2.019191000000000041e-03
2.823008439657487822e-01 2.080506374999999998e-03
2.828654456536803252e-01 2.163980749999999849e-03
2.834311765449876730e-01 2.188663625000000085e-03
2.839980388980776205e-01 2.348519599999999638e-03
2.845660349758737939e-01 2.483824124999999862e-03
2.851351670458255327e-01 2.610531374999999939e-03
2.857054373799171598e-01 2.742973249999999981e-03
2.862768482546770299e-01 2.838240875000000094e-03
2.868494019511863558e-01 3.000337100000000090e-03
2.874231007550887562e-01 3.154104250000000324e-03
2.879979469565989714e-01 3.403774750000000508e-03
2.885739428505121884e-01 3.581406999999999993e-03
2.891510907362132010e-01 3.788249100000000077e-03
2.897293929176856242e-01 4.037901499999999727e-03
2.903088517035209426e-01 4.227030249999999545e-03
2.908894694069280029e-01 4.435827624999999497e-03
2.914712483457418957e-01 4.749233749999999879e-03
2.920541908424333366e-01 5.138034700000000329e-03
2.926382992241182146e-01 5.389994125000000316e-03
2.932235758225664735e-01 5.743198749999999311e-03
2.938100229742116043e-01 6.202132875000000364e-03
2.943976430201600269e-01 6.511818124999999881e-03
2.949864383062003048e-01 6.964761700000000541e-03
2.955764111828127483e-01 7.618469125000000043e-03
2.961675640051783520e-01 8.193079875000000220e-03
2.967598991331887315e-01 8.668433624999999365e-03
2.973534189314551157e-01 9.354522375000000334e-03
2.979481257693180618e-01 1.026890660000000059e-02
2.985440220208566697e-01 1.104281124999999947e-02
2.991411100648984078e-01 1.181782250000000187e-02
2.997393922850282166e-01 1.301105249999999838e-02
3.003388710695982233e-01 1.386638249999999975e-02
3.009395488117374562e-01 1.516854000000000119e-02
3.015414279093609484e-01 1.682625750000000045e-02
3.021445107651796746e-01 1.775658374999999900e-02
3.027487997867099878e-01 1.940776749999999912e-02
3.033542973862833891e-01 2.139437750000000235e-02
3.039610059810559650e-01 2.268128800000000084e-02
3.045689279930180460e-01 2.461239375000000285e-02
3.051780658490040876e-01 2.750121875000000049e-02
3.057884219807021076e-01 2.932324250000000257e-02
3.063999988246635664e-01 3.051188499999999901e-02
3.070127988223129156e-01 3.370064799999999972e-02
3.076268244199575896e-01 3.749258999999999925e-02
3.082420780687974982e-01 3.883822875000000202e-02
3.088585622249351292e-01 4.056065874999999904e-02
3.094762793493849307e-01 4.475445100000000065e-02
3.100952319080837460e-01 4.835036249999999369e-02
3.107154223718998631e-01 5.068537749999998954e-02
3.113368532166437275e-01 5.240170999999999718e-02
3.119595269230769907e-01 5.765462874999999904e-02
3.125834459769231133e-01 6.315294300000000305e-02
3.132086128688770232e-01 6.504670875000000130e-02
3.138350300946147753e-01 6.581720624999999603e-02
3.144627001548039313e-01 7.354310499999999751e-02
3.150916255551135525e-01 7.705077750000000059e-02
3.157218088062238026e-01 7.586149000000000364e-02
3.163532524238362176e-01 8.382428999999999575e-02
3.169859589286838641e-01 8.664552625000000730e-02
3.176199308465412763e-01 8.533061749999999723e-02
3.182551707082343917e-01 9.130160500000000789e-02
3.188916810496508214e-01 1.005123220000000150e-01
3.195294644117501193e-01 9.653866125000000464e-02
3.201685233405736630e-01 9.642106500000000024e-02
3.208088603872547573e-01 1.077261300000000033e-01
3.214504781080292917e-01 1.140141074999999893e-01
3.220933790642453443e-01 1.068505470000000040e-01
3.227375658223737842e-01 1.060930537499999993e-01
3.233830409540185413e-01 1.189507699999999973e-01
3.240298070359265425e-01 1.252107450000000122e-01
3.246778666499984256e-01 1.192668500000000076e-01
3.253272223832984200e-01 1.158142050000000034e-01
3.259778768280650052e-01 1.247907012499999968e-01
3.266298325817211246e-01 1.321223874999999937e-01
3.272830922468845660e-01 1.290185375000000023e-01
3.279376584313783427e-01 1.225940862500000117e-01
3.285935337482410734e-01 1.281030139999999873e-01
3.292507208157375853e-01 1.367772750000000037e-01
3.299092222573690725e-01 1.374664875000000119e-01
3.305690407018838095e-01 1.312159374999999906e-01
3.312301787832875322e-01 1.287735124999999925e-01
3.318926391408540955e-01 1.355591399999999946e-01
3.325564244191357988e-01 1.400320250000000044e-01
3.332215372679740994e-01 1.381965749999999882e-01
3.338879803425100490e-01 1.325025999999999982e-01
3.345557563031950621e-01 1.372428799999999838e-01
3.352248678158014084e-01 1.406899499999999803e-01
3.358953175514330369e-01 1.410452375000000036e-01
3.365671081865359016e-01 1.384851500000000013e-01
3.372402424029089518e-01 1.355236874999999896e-01
3.379147228877147358e-01 1.373818800000000118e-01
3.385905523334902245e-01 1.400713625000000184e-01
3.392677334381571930e-01 1.398601875000000105e-01
3.399462689050334330e-01 1.382467874999999957e-01
3.406261614428435225e-01 1.375102250000000137e-01
3.413074137657292062e-01 1.393621600000000127e-01
3.419900285932606643e-01 1.395117624999999972e-01
3.426740086504471705e-01 1.391298374999999921e-01
3.433593566677480835e-01 1.381625625000000024e-01
3.440460753810836159e-01 1.365322999999999953e-01
3.447341675318457699e-01 1.370168900000000023e-01
3.454236358669094398e-01 1.374319499999999972e-01
3.461144831386432363e-01 1.372228124999999854e-01
3.468067121049205337e-01 1.370409250000000079e-01
3.475003255291303494e-01 1.363241874999999992e-01
3.481953261801886135e-01 1.364108699999999896e-01
3.488917168325489926e-01 1.361391000000000129e-01
3.495895002662141038e-01 1.356311624999999854e-01
3.502886792667465610e-01 1.352740250000000199e-01
3.509892566252800217e-01 1.348548125000000042e-01
3.516912351385305668e-01 1.338956000000000035e-01
3.523946176088076365e-01 1.337398000000000198e-01
3.530994068440251876e-01 1.334598624999999983e-01
3.538056056577132402e-01 1.331726749999999904e-01
3.545132168690287022e-01 1.328156875000000015e-01
3.552222433027667492e-01 1.322944600000000026e-01
3.559326877893722596e-01 1.318546250000000031e-01
3.566445531649510281e-01 1.313910125000000151e-01
3.573578422712808678e-01 1.309344500000000078e-01
3.580725579558234339e-01 1.304950699999999908e-01
3.587887030717350489e-01 1.300500437500000106e-01
3.595062804778785814e-01 1.295456762499999914e-01
3.602252930388343266e-01 1.291682962500000087e-01
3.609457436249119411e-01 1.288923975000000055e-01
3.616676351121618227e-01 1.285667580000000032e-01
3.623909703823861017e-01 1.281869174999999972e-01
3.631157523231508533e-01 1.278819274999999922e-01
3.638419838277971996e-01 1.275856537499999999e-01
3.645696677954528009e-01 1.272532700000000017e-01
3.652988071310436791e-01 1.268725669999999917e-01
3.660294047453057642e-01 1.265248449999999969e-01
3.667614635547964408e-01 1.262277075000000082e-01
3.674949864819060386e-01 1.259257475000000182e-01
3.682299764548698229e-01 1.256108900000000306e-01
3.689664364077795966e-01 1.252535679999999818e-01
3.697043692805951354e-01 1.249116325000000083e-01
3.704437780191563445e-01 1.245513900000000118e-01
3.711846655751946944e-01 1.241668737499999897e-01
3.719270349063450443e-01 1.237868700000000072e-01
3.726708889761577437e-01 1.233571279999999964e-01
3.734162307541100123e-01 1.229199562500000037e-01
3.741630632156182079e-01 1.225350737500000009e-01
3.749113893420494836e-01 1.221621250000000103e-01
3.756612121207335564e-01 1.217909624999999885e-01
3.764125345449750304e-01 1.213610960000000016e-01
3.771653596140650544e-01 1.208881124999999918e-01
3.779196903332932012e-01 1.205830212499999915e-01
3.786755297139597909e-01 1.202145099999999966e-01
3.794328807733876596e-01 1.198399725000000027e-01
3.801917465349344827e-01 1.194552389999999908e-01
3.809521300280043210e-01 1.191150925000000194e-01
3.817140342880603332e-01 1.188169262500000101e-01
3.824774623566364884e-01 1.185199399999999903e-01
3.832424172813497787e-01 1.181868849999999915e-01
3.840089021159124316e-01 1.178568687499999962e-01
3.847769199201442891e-01 1.175659500000000024e-01
3.855464737599845759e-01 1.172761812500000000e-01
3.863175667075045561e-01 1.169873125000000097e-01
3.870902018409195788e-01 1.166633060000000222e-01
3.878643822446014022e-01 1.163409687499999956e-01
3.886401110090906830e-01 1.160562450000000023e-01
3.894173912311088559e-01 1.157745374999999965e-01
3.901962260135710681e-01 1.154839649999999940e-01
3.909766184655981691e-01 1.151252570000000086e-01
3.917585717025293679e-01 1.147912162500000083e-01
3.925420888459344448e-01 1.144803587500000108e-01
3.933271730236262975e-01 1.140934287500000033e-01
3.941138273696735417e-01 1.138696487499999965e-01
3.949020550244128902e-01 1.135266740000000080e-01
3.956918591344616987e-01 1.131883424999999971e-01
3.964832428527306218e-01 1.128702512499999977e-01
3.972762093384361037e-01 1.125842512500000031e-01
3.980707617571129786e-01 1.122002787499999932e-01
3.988669032806272385e-01 1.119506259999999975e-01
3.996646370871884679e-01 1.116224912500000110e-01
4.004639663613628331e-01 1.113606612500000065e-01
4.012648942940855168e-01 1.110924112499999949e-01
4.020674240826737078e-01 1.107960637500000067e-01
4.028715589308390355e-01 1.104636930000000156e-01
4.036773020487006702e-01 1.101033049999999985e-01
4.044846566527980913e-01 1.098251775000000097e-01
4.052936259661036877e-01 1.095416575000000003e-01
4.061042132180359143e-01 1.092595249999999962e-01
4.069164216444720039e-01 1.089616810000000047e-01
4.077302544877609569e-01 1.086432937500000084e-01
4.085457149967364754e-01 1.084042412500000052e-01
4.093628064267299527e-01 1.081443737499999946e-01
4.101815320395834075e-01 1.078829624999999848e-01
4.110018951036625845e-01 1.075556559999999995e-01
4.118238988938699441e-01 1.072275999999999924e-01
4.126475466916577073e-01 1.069628137499999965e-01
4.134728417850409565e-01 1.067115675000000069e-01
4.142997874686110693e-01 1.064060149999999927e-01
4.151283870435482637e-01 1.061651862500000154e-01
4.159586438176353651e-01 1.059319537500000019e-01
4.167905611052706849e-01 1.056100600000000056e-01
4.176241422274811765e-01 1.053826162500000052e-01
4.184593905119361468e-01 1.050771340000000165e-01
4.192963092929599678e-01 1.047095337500000001e-01
4.201349019115458994e-01 1.044709149999999975e-01
4.209751717153689676e-01 1.042252149999999961e-01
4.218171220587997317e-01 1.039963312500000042e-01
4.226607563029173287e-01 1.037398599999999893e-01
4.235060778155231298e-01 1.034755325000000087e-01
4.243530899711541737e-01 1.032420450000000045e-01
4.252017961510964894e-01 1.029790975000000053e-01
4.260521997433986963e-01 1.026840387499999840e-01
4.269043041428854934e-01 1.024099810000000110e-01
4.277581127511712600e-01 1.021377950000000034e-01
4.286136289766736551e-01 1.019181175000000023e-01
4.294708562346269964e-01 1.016979024999999925e-01
4.303297979470962487e-01 1.014772250000000042e-01
4.311904575429904574e-01 1.012197900000000039e-01
4.320528384580764047e-01 1.009636937499999998e-01
4.329169441349925429e-01 1.007410662500000109e-01
4.337827780232624830e-01 1.004958937499999955e-01
4.346503435793090397e-01 1.002402800000000010e-01
4.355196442664676648e-01 9.996281500000001041e-02
4.363906835550006025e-01 9.970616875000000434e-02
4.372634649221106007e-01 9.947209874999998758e-02
4.381379918519547889e-01 9.925346249999998649e-02
4.390142678356587225e-01 9.903305749999999352e-02
4.398922963713300383e-01 9.878354500000000038e-02
4.407720809640727211e-01 9.847243125000000596e-02
4.416536251260008150e-01 9.775625374999999395e-02
4.425369323762528007e-01 9.787603875000000508e-02
4.434220062410053065e-01 9.757378699999999516e-02
4.443088502534873196e-01 9.739501250000001664e-02
4.451974679539942858e-01 9.717954000000000869e-02
4.460878628899022647e-01 9.693441000000001251e-02
4.469800386156820293e-01 9.692019500000000065e-02
4.478739986929134442e-01 9.674084799999999040e-02
4.487697466902992316e-01 9.649360625000000247e-02
4.496672861836799040e-01 9.623202999999999618e-02
4.505666207560472536e-01 9.598163499999999571e-02
4.514677539975593401e-01 9.574918250000000186e-02
4.523706895055544797e-01 9.551014800000000304e-02
4.532754308845656221e-01 9.528323874999999887e-02
4.541819817463347286e-01 9.511043624999998558e-02
4.550903457098274263e-01 9.489452499999999346e-02
4.560005264012471082e-01 9.470149249999999796e-02
4.569125274540495885e-01 9.441748299999999650e-02
4.578263525089577013e-01 9.414197625000000902e-02
4.587420052139756232e-01 9.385969624999999927e-02
4.596594892244035835e-01 9.357588999999999491e-02
4.605788082028524077e-01 9.332033500000001813e-02
4.614999658192581178e-01 9.306378399999998274e-02
4.624229657508966418e-01 9.285733000000000181e-02
4.633478116823984694e-01 9.272148750000000494e-02
4.642745073057632510e-01 9.259385624999999509e-02
4.652030563203747304e-01 9.245579000000000991e-02
4.661334624330154552e-01 9.225112200000001872e-02
4.670657293578814873e-01 9.198714374999999999e-02
4.679998608165972795e-01 9.174050499999999997e-02
4.689358605382304424e-01 9.139705749999998963e-02
4.698737322593069532e-01 9.123842249999999932e-02
4.708134797238255342e-01 9.103972000000000453e-02
4.717551066832731399e-01 9.083899874999999680e-02
4.726986168966397228e-01 9.068253125000000359e-02
4.736440141304329998e-01 9.052270499999999498e-02
4.745913021586939395e-01 9.029240624999998466e-02
4.755404847630113063e-01 8.997658000000000045e-02
4.764915657325373699e-01 8.962053500000000117e-02
4.774445488640024493e-01 8.929353999999999070e-02
4.783994379617304560e-01 8.895446625000000274e-02
4.793562368376539373e-01 8.862311499999998843e-02
4.803149493113292312e-01 8.834724500000000480e-02
4.812755792099518981e-01 8.815187500000000453e-02
4.822381303683718201e-01 8.797528124999999533e-02
4.832026066291085775e-01 8.785202750000001282e-02
4.841690118423668254e-01 8.771484599999999909e-02
4.851373498660515038e-01 8.764535874999998533e-02
4.861076245657836026e-01 8.758944874999999297e-02
4.870798398149152053e-01 8.740113250000000611e-02
4.880539994945450322e-01 8.737315125000000293e-02
4.890301074935341497e-01 8.719665499999999791e-02
4.900081677085211806e-01 8.699937500000000379e-02
4.909881840439382916e-01 8.684994625000000412e-02
4.919701604120261251e-01 8.663320625000001107e-02
4.929541007328501756e-01 8.651167124999999125e-02
4.939400089343158884e-01 8.631464699999999435e-02
4.949278889521845359e-01 8.608036250000000722e-02
4.959177447300888719e-01 8.586354499999998557e-02
4.969095802195490075e-01 8.565733749999998592e-02
4.979033993799881208e-01 8.542010499999999618e-02
4.988992061787480559e-01 8.512105699999998609e-02
4.998970045911055315e-01 8.478871624999997914e-02
5.008967986002876849e-01 8.448088000000000819e-02
5.018985921974883357e-01 8.377856750000001185e-02
5.029023893818832525e-01 8.375229624999999678e-02
5.039081941606470272e-01 8.320316199999999718e-02
5.049160105489682859e-01 8.307569249999999239e-02
5.059258425700663420e-01 8.290655375000000049e-02
5.069376942552064058e-01 8.216666250000000116e-02
5.079515696437167938e-01 8.275486249999999822e-02
5.089674727830042489e-01 8.269126999999999728e-02
5.099854077285701504e-01 8.268481125000000376e-02
5.110053785440273888e-01 8.233116125000000673e-02
5.120273893011153543e-01 8.241819250000000097e-02
5.130514440797175890e-01 8.213549300000000386e-02
5.140775469678771081e-01 8.194387250000000067e-02
5.151057020618128313e-01 8.175393124999999483e-02
5.161359134659364578e-01 8.157271750000000266e-02
5.171681852928683432e-01 8.141435499999999381e-02
5.182025216634540410e-01 8.124760500000000052e-02
5.192389267067809566e-01 8.107282125000001005e-02
5.202774045601945563e-01 8.090548375000000680e-02
5.213179593693149094e-01 8.068886375000000610e-02
5.223605952880534531e-01 8.040247875000000599e-02
5.234053164786296453e-01 8.004716400000000398e-02
5.244521271115868410e-01 7.967885124999998792e-02
5.255010313658099452e-01 7.943246375000000137e-02
5.265520334285416215e-01 7.915448375000000425e-02
5.276051374953987239e-01 7.889130125000000382e-02
5.286603477703895049e-01 7.859043800000001245e-02
5.297176684659302692e-01 7.823885375000000364e-02
5.307771038028621380e-01 7.794038875000000588e-02
5.318386580104679240e-01 7.775049374999999652e-02
5.329023353264887852e-01 7.752604625000000804e-02
5.339681399971416553e-01 7.736519499999999772e-02
5.350360762771360079e-01 7.727096249999999833e-02
5.361061484296902879e-01 7.720363125000000160e-02
5.371783607265496752e-01 7.715056000000000691e-02
5.382527174480027377e-01 7.707021749999999616e-02
5.393292228828987511e-01 7.693397300000000272e-02
5.404078813286645744e-01 7.663303999999999949e-02
5.414886970913218578e-01 7.539543749999999545e-02
5.425716744855044738e-01 7.624395374999999586e-02
5.436568178344756141e-01 7.589323000000000596e-02
5.447441314701444437e-01 7.571454399999999474e-02
5.458336197330847517e-01 7.541876999999999609e-02
5.469252869725509392e-01 7.546104750000000305e-02
5.480191375464960046e-01 7.533406749999999041e-02
5.491151758215888634e-01 7.519392099999999690e-02
5.502134061732321113e-01 7.504705750000000009e-02
5.513138329855785669e-01 7.488806500000000366e-02
5.524164606515497011e-01 7.471479500000000051e-02
5.535212935728528461e-01 7.453876874999999791e-02
5.546283361599984030e-01 7.435201500000000741e-02
5.557375928323184944e-01 7.414840624999999297e-02
5.568490680179830621e-01 7.397062249999999950e-02
5.579627661540189631e-01 7.377500250000000592e-02
5.590786916863270672e-01 7.354319249999999308e-02
5.601968490696997982e-01 7.321738399999999647e-02
5.613172427678392307e-01 7.283655750000000983e-02
5.624398772533748536e-01 7.253070874999999196e-02
5.635647570078816671e-01 7.222992250000000169e-02
5.646918865218973904e-01 7.196981874999999751e-02
5.658212702949412254e-01 7.176530500000000146e-02
5.669529128355310643e-01 7.157699749999998917e-02
5.680868186612021420e-01 7.133953875000000056e-02
5.692229922985245771e-01 7.073487875000000757e-02
5.703614382831215801e-01 7.093155874999999833e-02
5.715021611596877715e-01 7.066666700000000245e-02
5.726451654820071679e-01 7.008357375000000278e-02
5.737904558129711674e-01 7.028951499999999686e-02
5.749380367245970902e-01 7.018683624999999537e-02
5.760879127980462755e-01 6.998476000000000696e-02
5.772400886236424000e-01 7.007905799999999963e-02
5.783945688008896857e-01 6.992950375000001051e-02
5.795513579384914404e-01 7.006774374999999444e-02
5.807104606543684877e-01 7.009666624999999485e-02
5.818718815756771523e-01 7.018835249999999526e-02
5.830356253388285781e-01 7.018658500000000966e-02
5.842016965895062697e-01 7.010100500000000789e-02
5.853700999826851881e-01 7.015983374999999744e-02
5.865408401826505136e-01 7.015602499999999686e-02
5.877139218630158535e-01 7.038107624999999368e-02
5.888893497067417826e-01 6.823192899999999672e-02
5.900671284061553834e-01 6.755921499999999191e-02
5.912472626629676764e-01 6.986698250000000776e-02
5.924297571882934932e-01 6.946093374999999515e-02
5.936146167026701281e-01 6.864163500000000639e-02
5.948018459360754351e-01 6.349428987499999844e-02
5.959914496279475893e-01 6.916621124999999815e-02
5.971834325272035171e-01 6.899975624999998836e-02
5.983777993922578808e-01 6.837635875000000474e-02
5.995745549910425076e-01 6.852325099999999336e-02
6.007737041010245971e-01 6.821001624999999124e-02
6.019752515092265943e-01 6.862563624999999667e-02
6.031792020122450637e-01 6.851934249999999671e-02
6.043855604162695627e-01 6.835826624999999379e-02
6.055943315371020708e-01 6.847096799999999317e-02
6.068055202001763071e-01 6.852504750000000533e-02
6.080191312405766046e-01 6.861479750000000488e-02
6.092351695030577829e-01 6.872451624999999231e-02
6.104536398420639109e-01 6.883890000000000842e-02
6.116745471217479579e-01 6.895199500000000203e-02
6.128978962159914445e-01 6.904563499999999410e-02
6.141236920084234274e-01 6.912233250000000828e-02
6.153519393924402614e-01 6.916028999999999927e-02
6.165826432712251393e-01 6.917984625000000998e-02
6.178158085577676317e-01 6.920472999999999208e-02
6.190514401748832274e-01 6.923518000000000727e-02
6.202895430552329836e-01 6.924273749999999839e-02
6.215301221413433996e-01 6.926380874999998882e-02
6.227731823856261784e-01 6.928707249999999096e-02
6.240187287503973224e-01 6.926751800000000014e-02
6.252667662078981170e-01 6.916334999999999844e-02
6.265172997403138933e-01 6.911250499999999075e-02
6.277703343397945668e-01 6.386439999999998784e-02
6.290258750084741779e-01 6.864833624999999717e-02
6.302839267584912086e-01 6.896879000000000204e-02
6.315444946120081227e-01 6.850275625000000479e-02
6.328075836012321265e-01 6.935102749999999538e-02
6.340731987684345983e-01 6.950533250000000274e-02
6.353413451659715161e-01 6.963834399999999092e-02
6.366120278563034418e-01 6.972491875000000339e-02
6.378852519120159492e-01 6.981380125000000159e-02
6.391610224158400522e-01 6.984153750000000882e-02
6.404393444606717445e-01 7.004607749999999800e-02
6.417202231495930942e-01 7.020051400000000552e-02
6.430036635958922275e-01 7.027529124999999655e-02
6.442896709230840901e-01 7.031853999999999882e-02
6.455782502649303201e-01 7.045184374999999277e-02
6.468694067654601199e-01 7.036766124999999095e-02
6.481631455789910179e-01 6.928678000000000614e-02
6.494594718701489633e-01 6.917997374999999838e-02
6.507583908138891982e-01 7.024494250000000439e-02
6.520599075955170187e-01 6.999553875000000258e-02
6.533640274107079815e-01 7.017287874999998676e-02
6.546707554655294414e-01 7.067343300000000772e-02
6.559800969764604250e-01 6.606486125000000931e-02
6.572920571704133907e-01 7.081746499999999611e-02
6.586066412847542129e-01 7.042980125000000702e-02
6.599238545673237200e-01 7.092169250000000813e-02
6.612437022764583450e-01 7.095461999999999603e-02
6.625661896810113305e-01 7.082855500000000137e-02
6.638913220603732679e-01 7.102481624999999743e-02
6.652191047044940797e-01 7.110412874999999522e-02
6.665495429139030037e-01 7.118256874999999428e-02
6.678826419997307973e-01 7.127588399999999769e-02
6.692184072837303876e-01 7.132578624999999506e-02
6.705568440982978551e-01 7.133782125000000252e-02
6.718979577864944153e-01 7.134376374999999715e-02
6.732417537020674025e-01 7.133741250000000256e-02
6.745882372094715862e-01 7.134187900000001081e-02
6.759374136838904867e-01 7.138066249999999724e-02
6.772892885112582473e-01 7.144963999999999482e-02
6.786438670882807278e-01 7.152208250000000045e-02
6.800011548224572655e-01 7.157820200000000743e-02
6.813611571321021021e-01 7.158508375000000035e-02
6.827238794463663663e-01 7.159505124999999970e-02
6.840893272052590568e-01 7.157175250000000211e-02
6.854575058596696913e-01 7.152563375000001167e-02
6.868284208713890671e-01 5.679550403600000519e-02
6.882020777131317990e-01 6.906349749999998733e-02
6.895784818685580797e-01 5.210568302500000193e-02
6.909576388322952178e-01 6.994596000000000147e-02
6.923395541099597317e-01 6.142390924999999863e-02
6.937242332181796645e-01 6.837652799999999198e-02
6.951116816846160118e-01 7.125289375000000425e-02
6.965019050479852591e-01 7.147413375000000180e-02
6.978949088580812532e-01 6.884776374999999893e-02
6.992906986757974064e-01 7.104634625000000314e-02
7.006892800731490123e-01 7.034315100000000653e-02
7.020906586332953392e-01 7.139254999999999907e-02
7.034948399505618344e-01 7.162765375000000601e-02
7.049018296304629949e-01 6.943520999999999721e-02
7.063116332897239058e-01 7.159287375000000786e-02
7.077242565563033327e-01 7.115701199999999171e-02
7.091397050694159265e-01 7.167393375000000177e-02
7.105579844795547606e-01 7.104388249999998850e-02
7.119791004485138686e-01 7.135017624999999419e-02
7.134030586494108928e-01 7.146170749999999905e-02
7.148298647667097327e-01 7.104224899999998788e-02
7.162595244962430829e-01 6.794716249999999125e-02
7.176920435452356362e-01 6.294740287500000253e-02
7.191274276323260661e-01 6.280227787500000658e-02
7.205656824875906752e-01 6.044478300000000193e-02
7.220068138525659318e-01 7.071480700000000452e-02
7.234508274802710082e-01 6.769129749999999723e-02
7.248977291352315389e-01 6.455401499999999237e-02
7.263475245935020475e-01 6.584523124999999699e-02
7.278002196426889281e-01 5.366204881250000169e-02
7.292558200819743153e-01 6.754271900000000106e-02
7.307143317221382883e-01 5.891875403749999296e-02
7.321757603855825192e-01 6.659763750000000093e-02
7.336401119063536980e-01 6.809063749999999526e-02
7.351073921301664038e-01 6.947749300000000128e-02
7.365776069144267524e-01 7.131277249999999623e-02
7.380507621282555997e-01 7.141009874999999785e-02
7.395268636525120787e-01 7.078965750000000556e-02
7.410059173798171361e-01 7.162264249999999999e-02
7.424879292145767362e-01 7.161728100000000485e-02
7.439729050730057303e-01 6.986059625000000384e-02
7.454608508831517266e-01 7.060469375000000269e-02
7.469517725849180723e-01 7.151841124999999688e-02
7.484456761300879446e-01 7.146959625000000316e-02
7.499425674823481103e-01 7.128899500000000777e-02
7.514424526173126839e-01 7.148106125000000532e-02
7.529453375225474421e-01 7.147555625000000246e-02
7.544512281975925827e-01 7.156634124999999846e-02
7.559601306539878163e-01 7.159386875000001149e-02
7.574720509152956804e-01 7.159998500000000488e-02
7.589869950171262980e-01 6.758693000000000339e-02
7.605049690071605806e-01 4.240609637500000750e-02
7.620259789451748755e-01 4.059280812499999752e-02
7.635500309030651689e-01 5.057351487500000298e-02
7.650771309648712881e-01 5.946120519999999882e-02
7.666072852268009941e-01 6.219726150000000342e-02
7.681404997972545168e-01 6.625091337500001176e-02
7.696767807968490915e-01 7.099290499999999504e-02
7.712161343584428286e-01 7.149180750000000417e-02
7.727585666271596931e-01 7.144650099999999560e-02
7.743040837604140414e-01 7.110632499999999800e-02
7.758526919279349343e-01 7.135113749999999477e-02
7.774043973117907846e-01 7.127021625000000415e-02
7.789592061064143369e-01 7.119535374999999555e-02
7.805171245186270923e-01 7.107882499999999826e-02
7.820781587676643998e-01 7.118739124999999557e-02
7.836423150851996589e-01 7.115648250000000674e-02
7.852095997153700768e-01 7.115517500000000106e-02
7.867800189148008716e-01 7.047734599999999627e-02
7.883535789526303628e-01 7.110940625000000681e-02
7.899302861105357287e-01 6.888413125000000803e-02
7.915101466827567656e-01 7.064548375000000158e-02
7.930931669761223102e-01 7.119351749999999757e-02
7.946793533100744433e-01 7.129211900000000102e-02
7.962687120166946908e-01 6.971312250000000210e-02
7.978612494407281153e-01 7.057860124999999762e-02
7.994569719396096286e-01 7.028962874999999944e-02
8.010558858834887497e-01 7.054381250000001102e-02
8.026579976552556950e-01 6.513124760000001123e-02
8.042633136505661362e-01 6.859417499999999335e-02
8.058718402778672907e-01 7.078273000000000204e-02
8.074835839584230124e-01 7.065944875000000625e-02
8.090985511263398822e-01 7.049387625000000379e-02
8.107167482285926319e-01 7.014214200000000454e-02
8.123381817250497905e-01 7.046162874999999104e-02
8.139628580884998854e-01 6.476186237500000664e-02
8.155907838046769776e-01 6.789999499999999077e-02
8.172219653722863075e-01 6.851517625000000389e-02
8.188564093030309410e-01 5.461629004000000120e-02
8.204941221216369707e-01 6.372916725000001004e-02
8.221351103658802728e-01 6.801180625000000091e-02
8.237793805866120422e-01 6.825716749999999333e-02
8.254269393477852157e-01 5.528466848749999385e-02
8.270777932264807841e-01 6.782681599999999811e-02
8.287319488129337719e-01 6.200596871249999809e-02
8.303894127105596601e-01 6.863371875000000288e-02
8.320501915359808098e-01 6.877356375000000244e-02
8.337142919190527746e-01 6.802312624999999613e-02
8.353817205028908344e-01 7.022735299999999237e-02
8.370524839438966413e-01 7.009382000000000112e-02
8.387265889117843098e-01 7.052010999999999696e-02
8.404040420896079500e-01 7.005250250000000234e-02
8.420848501737872027e-01 7.067195874999999960e-02
8.437690198741347736e-01 7.052257500000000401e-02
8.454565579138830778e-01 7.093206999999999984e-02
8.471474710297107746e-01 7.089326374999999070e-02
8.488417659717701902e-01 7.076783625000000744e-02
8.505394495037137403e-01 7.058046599999999449e-02
8.522405284027212424e-01 7.002363624999999314e-02
8.539450094595266716e-01 7.035162624999999337e-02
8.556528994784455833e-01 7.061178750000000892e-02
8.573642052774025357e-01 7.075336749999999730e-02
8.590789336879574023e-01 7.075766899999999526e-02
8.607970915553332381e-01 7.081007624999999250e-02
8.625186857384439243e-01 7.078050874999999853e-02
8.642437231099207029e-01 7.084883999999999626e-02
8.659722105561405980e-01 7.081387999999999572e-02
8.677041549772528395e-01 7.081075000000000563e-02
8.694395632872073953e-01 7.075718124999999525e-02
8.711784424137818394e-01 7.062649125000000638e-02
8.729207992986094400e-01 7.082019999999999982e-02
8.746666408972065820e-01 7.083027375000000569e-02
8.764159741790010782e-01 7.077891999999999517e-02
8.781688061273591472e-01 7.084920999999999580e-02
8.799251437396138353e-01 7.037004125000000110e-02
8.816849940270929942e-01 6.922033750000000651e-02
8.834483640151471473e-01 7.039372374999999793e-02
8.852152607431775788e-01 7.053965700000000560e-02
8.869856912646638669e-01 7.015986125000001072e-02
8.887596626471931938e-01 7.020211749999999418e-02
8.905371819724876570e-01 7.049428500000000375e-02
8.923182563364325803e-01 7.020625875000000016e-02
8.941028928491054906e-01 5.813430892000000239e-02
8.958910986348036509e-01 6.773507750000000438e-02
8.976828808320732600e-01 6.570407737500000289e-02
8.994782465937374294e-01 6.615880925000000579e-02
9.012772030869248274e-01 6.790033125000000114e-02
9.030797574930986560e-01 6.815585999999999867e-02
9.048859170080848502e-01 6.942608875000000346e-02
9.066956888421009442e-01 6.792746874999999740e-02
9.085090802197851589e-01 6.589580050000000411e-02
9.103260983802247130e-01 5.347219733999999947e-02
9.121467505769851325e-01 6.378631750000000877e-02
9.139710440781392276e-01 6.080631649999999888e-02
9.157989861662954034e-01 4.979113342749999505e-02
9.176305841386280804e-01 5.962061737499999708e-02
9.194658453069053383e-01 6.620609699999999154e-02
9.213047769975191148e-01 6.391023487499999933e-02
9.231473865515140709e-01 6.955876249999999594e-02
9.249936813246171230e-01 5.908294299999999888e-02
9.268436686872664199e-01 6.746169124999999711e-02
9.286973560246409853e-01 5.546644010000000707e-02
9.305547507366902504e-01 6.017493162499999715e-02
9.324158602381635852e-01 5.531353687499999255e-02
9.342806919586399417e-01 4.967997094999999919e-02
9.361492533425572748e-01 5.961160599999999754e-02
9.380215518492422966e-01 2.614374987200000083e-02
9.398975949529408958e-01 5.465157741250000617e-02
9.417773901428466710e-01 4.396763015000000607e-02
9.436609449231323499e-01 3.943999434875000015e-02
9.455482668129786550e-01 5.278765918749999536e-02
9.474393633466045017e-01 5.879604305999999725e-02
9.493342420732977516e-01 4.007546382749999775e-02
9.512329105574443000e-01 5.149065712499999864e-02
9.531353763785591626e-01 6.012328012499999763e-02
9.550416471313163402e-01 4.188190759625000370e-02
9.569517304255790169e-01 4.367942015000000205e-02
9.588656338864300910e-01 5.364716637499999941e-02
9.607833651542030395e-01 6.135411675000000675e-02
9.627049318845114501e-01 5.789008587499999692e-02
9.646303417482804399e-01 6.459479249999999784e-02
9.665596024317769652e-01 6.105051599999999912e-02
9.684927216366405744e-01 5.866564049999999780e-02
9.704297070799138281e-01 6.311378950000000321e-02
9.723705664940736071e-01 6.657253375000000972e-02
9.743153076270618662e-01 6.152264050000001011e-02
9.762639382423159429e-01 5.961232762500000282e-02
9.782164661188006427e-01 6.332017662500000199e-02
9.801728990510382156e-01 6.744073999999999902e-02
9.821332448491403300e-01 6.773306125000000399e-02
9.840975113388386042e-01 6.914102900000000662e-02
9.860657063615162476e-01 6.683643999999999696e-02
9.880378377742392582e-01 6.963109500000000396e-02
9.900139134497877302e-01 6.814109000000000138e-02
9.919939412766873854e-01 6.746085749999999881e-02
9.939779291592407695e-01 6.970476299999998904e-02
9.959658850175592271e-01 6.992618374999999553e-02
9.979578167875942096e-01 7.001382250000000307e-02
9.999537324211694722e-01 6.988841249999999672e-02
1.001953639886011826e+00 6.972946374999999808e-02
1.003957547165783781e+00 6.894405100000000619e-02
1.005965462260115295e+00 6.996953250000000069e-02
1.007977393184635417e+00 6.996049249999999886e-02
1.009993347971004818e+00 6.963948624999999337e-02
1.012013334666946873e+00 7.000336499999999795e-02
1.014037361336280751e+00 7.004015099999999494e-02
1.016065436058953164e+00 7.007558875000000076e-02
1.018097566931071229e+00 7.010200500000000889e-02
1.020133762064933336e+00 6.883240999999999665e-02
1.022174029589063338e+00 6.966966125000000065e-02
1.024218377648241418e+00 7.019555000000000933e-02
1.026266814403537841e+00 7.024680625000000178e-02
1.028319348032344926e+00 7.012518249999999398e-02
1.030375986728409687e+00 7.022736874999999102e-02
1.032436738701866474e+00 7.029492874999999918e-02
1.034501612179270502e+00 7.029953099999999844e-02
1.036570615403628937e+00 7.028976250000000536e-02
1.038643756634436199e+00 7.027601875000000220e-02
1.040721044147705054e+00 7.024118499999999765e-02
1.042802486236000359e+00 7.021336875000000477e-02
1.044888091208472591e+00 7.022284299999999313e-02
1.046977867390889383e+00 7.021124500000000546e-02
1.049071823125671266e+00 7.019095000000000195e-02
1.051169966771922537e+00 7.017909749999999558e-02
1.053272306705466566e+00 7.014334599999999531e-02
1.055378851318877320e+00 7.006404249999999279e-02
1.057489609021515342e+00 6.997978374999999640e-02
1.059604588239558165e+00 6.985261125000000182e-02
1.061723797416037396e+00 6.985891375000000125e-02
1.063847245010869358e+00 6.987131100000000539e-02
1.065974939500891061e+00 6.905007000000000505e-02
1.068106889379893065e+00 6.980441874999999963e-02
1.070243103158652787e+00 6.971603249999999696e-02
1.072383589364970025e+00 7.001193625000000365e-02
1.074528356543700047e+00 7.005484899999998849e-02
1.076677413256787563e+00 6.994933250000000269e-02
1.078830768083300917e+00 7.029124250000000351e-02
1.080988429619467617e+00 6.961592375000000277e-02
1.083150406478706529e+00 7.030389874999999622e-02
1.085316707291664073e+00 6.803268099999999763e-02
1.087487340706247529e+00 7.032699500000000326e-02
1.089662315387660119e+00 6.967167000000000499e-02
1.091841640018435422e+00 6.767635225000000199e-02
1.094025323298472241e+00 6.970330874999999815e-02
1.096213373945069236e+00 6.932862400000000536e-02
1.098405800692959566e+00 6.955610375000000067e-02
1.100602612294345528e+00 6.857331749999999448e-02
1.102803817518934082e+00 6.579444624999999935e-02
1.105009425153971936e+00 6.625670250000000039e-02
1.107219444004279962e+00 6.105307330000000338e-02
1.109433882892288503e+00 5.561927864999999943e-02
1.111652750658073119e+00 6.409158774999999808e-02
1.113876056159389227e+00 5.197449630874999976e-02
1.116103808271708075e+00 3.937764420212500061e-02
1.118336015888251378e+00 4.941769174999999931e-02
1.120572687920027732e+00 4.008819334620000036e-02
1.122813833295867925e+00 4.080416585000000429e-02
1.125059460962459568e+00 4.644233468500000295e-02
1.127309579884384405e+00 3.152192413800000703e-02
1.129564199044153394e+00 4.746746632499999896e-02
1.131823327442241567e+00 6.235374062500000092e-02
1.134086974097126221e+00 2.617871962700000013e-02
1.136355148045320451e+00 5.470027546250000317e-02
1.138627858341410892e+00 5.715653160000000454e-02
1.140905114058093694e+00 5.551471541249999864e-02
1.143186924286210049e+00 5.660152402500000235e-02
1.145473298134782603e+00 5.692387537500000205e-02
1.147764244731052097e+00 5.622602112500000443e-02
1.150059773220514225e+00 5.522832570000000413e-02
1.152359892766955163e+00 5.351794766250000251e-02
1.154664612552489089e+00 4.333286944125000484e-02
1.156973941777594161e+00 5.688765012500000134e-02
1.159287889661149373e+00 6.448675375000000043e-02
1.161606465440471636e+00 6.402455860000000332e-02
1.163929678371352416e+00 3.752909566999999835e-02
1.166257537728095262e+00 6.384707124999999817e-02
1.168590052803551327e+00 5.984104174999999720e-02
1.170927232909158455e+00 6.139479887500000344e-02
1.173269087374976705e+00 6.697050100000000172e-02
1.175615625549726762e+00 6.516600462499999580e-02
1.177966856800826134e+00 6.348272387500000780e-02
1.180322790514427789e+00 6.864180250000000150e-02
1.182683436095456564e+00 6.127586574999999841e-02
1.185048802967647585e+00 6.370824380000000842e-02
1.187418900573582903e+00 6.141624400000000178e-02
1.189793738374729903e+00 6.750285000000000313e-02
1.192173325851479504e+00 6.718559625000000701e-02
1.194557672503182344e+00 6.183341632499999435e-02
1.196946787848188531e+00 5.899058339999999762e-02
1.199340681423884947e+00 6.175088775000000391e-02
1.201739362786732546e+00 6.440876249999999414e-02
1.204142841512306106e+00 6.085259881250000558e-02
1.206551127195330864e+00 6.796156374999999528e-02
1.208964229449721373e+00 6.845740300000000000e-02
1.211382157908620805e+00 6.685389875000000148e-02
1.213804922224438254e+00 6.778470749999999934e-02
1.216232532068886929e+00 6.804620000000000113e-02
1.218664997133024785e+00 6.722861400000000598e-02
1.221102327127290721e+00 6.323723374999999647e-02
1.223544531781545430e+00 6.613966162500001245e-02
1.225991620845108487e+00 6.881305249999999929e-02
1.228443604086798757e+00 6.891415500000000471e-02
1.230900491294972365e+00 6.812477799999999695e-02
1.233362292277562222e+00 6.851254499999999414e-02
1.235829016862117324e+00 6.927823125000000248e-02
1.238300674895841613e+00 6.927252500000000146e-02
1.240777276245633054e+00 6.909648374999999287e-02
1.243258830798124492e+00 6.929137200000000385e-02
1.245745348459720736e+00 6.924394874999999228e-02
1.248236839156640077e+00 6.912336874999999714e-02
1.250733312834953370e+00 6.914243374999999581e-02
1.253234779460623338e+00 6.901416874999999340e-02
1.255741249019544536e+00 6.888303999999999261e-02
1.258252731517583545e+00 6.868674874999999846e-02
1.260769236980618713e+00 6.740488875000000268e-02
1.263290775454580128e+00 6.775781000000000165e-02
1.265817357005489141e+00 6.685800499999999813e-02
1.268348991719500107e+00 4.904834213100000423e-02
1.270885689702939025e+00 5.802282437500000389e-02
1.273427461082345058e+00 6.751844625000000266e-02
1.275974316004509834e+00 6.861362999999999490e-02
1.278526264636518750e+00 6.861907750000000028e-02
1.281083317165791824e+00 6.806425500000000406e-02
1.283645483800123444e+00 6.930685124999999558e-02
1.286212774767723666e+00 6.937515625000000019e-02
1.288785200317259072e+00 6.908271500000000287e-02
1.291362770717893405e+00 6.880758500000000444e-02
1.293945496259329087e+00 6.802075200000000377e-02
1.296533387251847858e+00 6.595189124999999153e-02
1.299126454026351407e+00 6.806732749999999665e-02
1.301724706934404230e+00 6.422980887500000236e-02
1.304328156348272927e+00 6.746017800000000952e-02
1.306936812660969505e+00 5.601955121374999763e-02
1.309550686286291565e+00 5.641527692500000052e-02
1.312169787658864273e+00 6.671169374999999513e-02
1.314794127234181875e+00 4.640502911837499772e-02
1.317423715488650338e+00 6.312886219999999660e-02
1.320058562919627532e+00 5.864720611250000271e-02
1.322698680045466757e+00 6.179773375000000013e-02
1.325344077405557819e+00 6.206605275000000310e-02
1.327994765560368773e+00 5.796539710000000317e-02
1.330650755091489668e+00 4.588809965000000685e-02
1.333312056601672513e+00 4.690481963374999730e-02
1.335978680714875910e+00 6.004545800000000294e-02
1.338650638076305466e+00 6.060964575000000326e-02
1.341327939352458198e+00 5.387113291249999436e-02
1.344010595231163174e+00 3.693248604680000186e-02
1.346698616421625472e+00 2.597678033875000167e-02
1.349392013654468592e+00 2.163304961963750245e-02
1.352090797681777534e+00 4.111619582500000009e-02
1.354794979277141209e+00 2.748428093875000464e-02
1.357504569235695513e+00 2.640072783500000200e-02
1.360219578374167071e+00 2.126064946262500033e-02
1.362940017530915426e+00 2.346455935875000134e-02
1.365665897565977005e+00 2.636956025750000071e-02
1.368397229361109080e+00 9.766260437875000713e-03
1.371134023819831294e+00 1.311504594320000126e-02
1.373876291867470956e+00 1.911776267082499620e-02
1.376624044451205897e+00 2.685425616490500281e-02
1.379377292540108435e+00 1.786888848637500221e-02
1.382136047125188671e+00 1.751191068749999649e-02
1.384900319219438902e+00 2.277653858900000050e-02
1.387670119857877804e+00 2.534771905638750003e-02
1.390445460097593511e+00 3.422648805624999707e-02
1.393226351017788911e+00 2.690276173125000225e-02
1.396012803719824280e+00 2.088235234499999718e-02
1.398804829327263910e+00 1.284238123650000181e-02
1.401602438985918520e+00 1.351040825637499915e-02
1.404405643863890329e+00 2.110297812874999818e-02
1.407214455151617916e+00 2.418009937137500023e-02
1.410028884061921284e+00 2.733831048500000305e-02
1.412848941830045169e+00 2.050648572478750223e-02
1.415674639713705218e+00 1.943515866202499831e-02
1.418505988993132627e+00 1.335656120250000058e-02
1.421343000971118986e+00 2.699465717750000257e-02
1.424185686973061138e+00 2.512214910099999990e-02
1.427034058347007139e+00 2.564918071137499769e-02
1.429888126463701337e+00 3.098965402375000039e-02
1.432747902716628552e+00 1.609363697791250242e-02
1.435613398522062045e+00 2.601982667125000287e-02
1.438484625319106147e+00 2.466607316600000210e-02
1.441361594569744220e+00 3.034357064250000485e-02
1.444244317758883733e+00 3.243180430749999926e-02
1.447132806394401561e+00 3.456780415000000606e-02
1.450027072007190387e+00 2.790148320625000095e-02
1.452927126151204895e+00 2.809905258910000078e-02
1.455832980403507282e+00 2.668769867875000340e-02
1.458744646364314335e+00 2.813081757249999773e-02
1.461662135657042949e+00 2.359474234249999899e-02
1.464585459928356981e+00 3.248214093374999362e-02
1.467514630848213653e+00 3.401372536000000363e-02
1.470449660109910184e+00 2.851571603374999930e-02
1.473390559430129976e+00 2.620086002875000181e-02
1.476337340548990129e+00 3.926633741250000476e-02
1.479290015230088073e+00 3.177855566249999930e-02
1.482248595260548196e+00 3.977693870000000020e-02
1.485213092451069361e+00 4.058966702499999801e-02
1.488183518635971314e+00 4.359912746249999804e-02
1.491159885673243313e+00 3.747696736375000226e-02
1.494142205444589644e+00 4.061993880375000532e-02
1.497130489855478697e+00 4.964828660000000088e-02
1.500124750835189813e+00 4.892060712500000824e-02
1.503125000336860140e+00 4.703345851125000088e-02
1.506131250337534144e+00 5.296545249999999594e-02
1.509143512838209134e+00 5.355215920000000462e-02
1.512161799863885658e+00 4.738600185624999850e-02
1.515186123463613477e+00 5.248219875000000728e-02
1.518216495710540626e+00 5.621698249999999841e-02
1.521252928701961604e+00 5.640816874999999425e-02
1.524295434559365781e+00 5.558584299999999589e-02
1.527344025428484464e+00 5.712856250000000746e-02
1.530398713479341533e+00 5.862413999999999820e-02
1.533459510906300283e+00 5.816926374999999150e-02
1.536526429928112947e+00 5.892681750000000607e-02
1.539599482787969098e+00 5.880949199999999100e-02
1.542678681753545167e+00 5.956896749999999324e-02
1.545764039117052402e+00 5.994644000000000361e-02
1.548855567195286387e+00 6.055330374999999543e-02
1.551953278329677000e+00 5.997481500000000076e-02
1.555057184886336374e+00 6.109207699999998770e-02
1.558167299256108862e+00 6.125728999999999896e-02
1.561283633854621211e+00 6.152901250000000072e-02
1.564406201122330309e+00 6.189406499999999811e-02
1.567535013524575138e+00 6.148531500000000566e-02
1.570670083551624074e+00 5.843216299999999530e-02
1.573811423718727287e+00 5.721801500000000401e-02
1.576959046566164702e+00 5.956308899999999962e-02
1.580112964659297070e+00 6.202486124999999351e-02
1.583273190588615709e+00 6.278672000000000419e-02
1.586439736969792680e+00 6.159527199999999952e-02
1.589612616443732307e+00 6.306552249999999860e-02
1.592791841676620024e+00 6.191309374999999504e-02
1.595977425359973001e+00 6.353552499999999548e-02
1.599169380210692992e+00 6.322283624999999740e-02
1.602367718971114297e+00 6.098857699999998827e-02
1.605572454409056604e+00 6.228684250000000172e-02
1.608783599317874735e+00 6.286740999999999857e-02
1.612001166516510375e+00 6.353185249999999951e-02
1.615225168849543369e+00 6.448663699999998555e-02
1.618455619187242345e+00 6.464330375000000573e-02
1.621692530425617118e+00 6.482560874999999945e-02
1.624935915486468208e+00 6.479827874999999349e-02
1.628185787317441235e+00 6.508916250000000570e-02
1.631442158892076222e+00 6.399284000000000916e-02
1.634705043209860431e+00 6.477019624999999503e-02
1.637974453296279886e+00 6.381147249999999382e-02
1.641250402202872660e+00 6.201270500000000130e-02
1.644532903007278390e+00 6.263804375000001090e-02
1.647821968813293125e+00 6.482168199999999159e-02
1.651117612750919506e+00 5.791891799999999979e-02
1.654419847976421387e+00 6.431683624999999516e-02
1.657728687672374246e+00 6.510718249999999929e-02
1.661044145047719134e+00 6.543590374999999626e-02
1.664366233337814638e+00 6.042438440000000299e-02
1.667694965804490170e+00 6.528624874999999772e-02
1.671030355736099260e+00 6.578708249999999647e-02
1.674372416447571510e+00 6.095137887500000351e-02
1.677721161280466333e+00 6.549099875000000126e-02
1.681076603603027353e+00 6.548062000000000327e-02
1.684438756810233473e+00 6.555249124999999732e-02
1.687807634323853945e+00 6.565468250000000561e-02
1.691183249592501658e+00 6.324466500000000546e-02
1.694565616091686655e+00 6.575341875000000058e-02
1.697954747323870084e+00 6.490769600000000084e-02
1.701350656818517715e+00 6.441570374999999737e-02
1.704753358132154784e+00 6.436364374999999083e-02
1.708162864848419282e+00 6.238177500000000042e-02
1.711579190578115917e+00 6.543130375000000276e-02
1.715002348959272283e+00 6.479069700000000820e-02
1.718432353657190825e+00 6.399871374999999141e-02
1.721869218364505016e+00 5.925960610000000767e-02
1.725312956801233977e+00 6.399565000000000115e-02
1.728763582714836655e+00 6.077389312499999197e-02
1.732221109880266230e+00 6.310801199999999112e-02
1.735685552100026730e+00 6.316462999999999939e-02
1.739156923204226768e+00 6.336279999999999690e-02
1.742635237050635277e+00 6.020231262500000402e-02
1.746120507524736576e+00 5.904709639999999177e-02
1.749612748539786100e+00 6.300626874999999683e-02
1.753111974036865472e+00 6.332329124999999670e-02
1.756618197984939123e+00 5.958038749999999828e-02
1.760131434380908910e+00 6.216979499999999992e-02
1.763651697249670747e+00 6.008735999999999938e-02
1.767179000644169884e+00 5.955148474999999442e-02
1.770713358645458202e+00 6.112394749999999766e-02
1.774254785362749054e+00 5.737430362499999770e-02
1.777803294933474554e+00 4.113320884387500209e-02
1.781358901523341753e+00 5.795997771999999298e-02
1.784921619326388376e+00 4.625512064625000169e-02
1.788491462565041212e+00 5.889296100000000062e-02
1.792068445490171413e+00 4.962056651249999867e-02
1.795652582381151552e+00 5.303213662500000369e-02
1.799243887545913800e+00 4.686929904800000296e-02
1.802842375321005663e+00 4.356375557375000152e-02
1.806448060071647710e+00 4.391374559750000489e-02
1.810060956191791082e+00 2.919611427450000476e-02
1.813681078104174560e+00 2.681954604075000026e-02
1.817308440260382962e+00 2.532378975101000004e-02
1.820943057140903765e+00 1.680392499987500010e-02
1.824584943255185721e+00 4.408215669874999965e-02
1.828234113141696149e+00 3.799305349749999838e-02
1.831890581367979554e+00 1.367172131850000021e-02
1.835554362530715355e+00 2.334966373399999587e-02
1.839225471255776734e+00 2.216229395812499905e-02
1.842903922198288136e+00 1.430047911600000089e-02
1.846589730042684785e+00 2.220781577800000003e-02
1.850282909502769968e+00 1.656244054124999740e-02
1.853983475321775654e+00 2.337115403281999487e-02
1.857691442272419113e+00 2.035837692624999778e-02
1.861406825156963984e+00 1.802606467828750045e-02
1.865129638807277779e+00 1.518948152113749894e-02
1.868859898084892279e+00 7.497255641000000886e-03
1.872597617881062160e+00 1.250895497662499883e-02
1.876342813116824271e+00 1.550466917762500021e-02
1.880095498743057814e+00 1.435363146537499933e-02
1.883855689740544070e+00 2.101671766049999918e-02
1.887623401120025246e+00 1.953628719620000009e-02
1.891398647922265308e+00 5.175023251874999973e-03
1.895181445218109717e+00 1.360287152574999985e-02
1.898971808108545822e+00 1.147057087625000076e-02
1.902769751724763037e+00 1.555288495637500122e-02
1.906575291228212565e+00 1.216810217209499979e-02
1.910388441810669136e+00 1.408110343374999879e-02
1.914209218694290282e+00 1.149634058500000056e-02
1.918037637131678963e+00 1.519368647874999936e-02
1.921873712405942403e+00 1.377448441749999988e-02
1.925717459830754041e+00 1.265532460860000104e-02
1.929568894750415708e+00 5.950927160062500533e-03
1.933428032539916241e+00 1.329435274399999936e-02
1.937294888604996324e+00 1.455977347999999963e-02
1.941169478382206215e+00 1.647907103875000112e-02
1.945051817338970590e+00 1.560989196299999819e-02
1.948941920973648489e+00 1.679690148749999820e-02
1.952839804815595715e+00 1.325962230437499959e-02
1.956745484425226778e+00 9.430323908874998703e-03
1.960658975394077297e+00 1.707908605625000145e-02
1.964580293344865503e+00 1.485949637024000167e-02
1.968509453931555075e+00 1.011112568583749823e-02
1.972446472839417986e+00 2.037514464749999935e-02
1.976391365785096887e+00 2.586807725000000308e-02
1.980344148516667069e+00 2.308066779500000248e-02
1.984304836813700401e+00 2.719948016000000093e-02
1.988273446487327956e+00 2.560366351875000002e-02
1.992249993380302620e+00 2.995510937500000040e-02
1.996234493367063045e+00 2.676549462499999699e-02
2.000226962353797155e+00 2.076295541599999794e-02
