2.002000000000000168e-01 1.305909919999999856e-02
2.006004000000000120e-01 1.786486749999999929e-02
2.010016008000000132e-01 1.374682500000000071e-02
2.014036040016000118e-01 1.929996999999999963e-02
2.018064112096032425e-01 1.886110199999999765e-02
2.022100240320224285e-01 2.062918375000000193e-02
2.026144440800864976e-01 2.175157999999999953e-02
2.030196729682466894e-01 2.125316374999999813e-02
2.034257123141831602e-01 2.065375124999999784e-02
2.038325637388115341e-01 2.000129800000000069e-02
2.042402288662891752e-01 1.937678124999999904e-02
2.046487093240217381e-01 1.884505250000000076e-02
2.050580067426697739e-01 1.842356250000000070e-02
2.054681227561551138e-01 1.833838749999999740e-02
2.058790590016674471e-01 1.826093100000000108e-02
2.062908171196707885e-01 1.810373750000000143e-02
2.067033987539101392e-01 1.793250874999999939e-02
2.071168055514179263e-01 1.778794250000000077e-02
2.075310391625207751e-01 1.767632375000000033e-02
2.079461012408458098e-01 1.753606900000000135e-02
2.083619934433275089e-01 1.739098625000000051e-02
2.087787174302141446e-01 1.726158125000000140e-02
2.091962748650745829e-01 1.712972999999999926e-02
2.096146674148047229e-01 1.697535999999999837e-02
2.100338967496343523e-01 1.678276399999999863e-02
2.104539645431336148e-01 1.665138124999999969e-02
2.108748724722198931e-01 1.654219625000000193e-02
2.112966222171643316e-01 1.639526000000000178e-02
2.117192154615986643e-01 1.622181375000000120e-02
2.121426538925218486e-01 1.597433699999999818e-02
2.125669392003068925e-01 1.571157999999999583e-02
2.129920730787074890e-01 1.548232999999999901e-02
2.134180572248648988e-01 1.526176624999999940e-02
2.138448933393146401e-01 1.504375500000000067e-02
2.142725831259932878e-01 1.474012400000000028e-02
2.147011282922452469e-01 1.441591124999999987e-02
2.151305305488297459e-01 1.415720250000000041e-02
2.155607916099274157e-01 1.394622874999999936e-02
2.159919131931472558e-01 1.371241200000000021e-02
2.164238970195335454e-01 1.343806500000000077e-02
2.168567448135726161e-01 1.317039625000000075e-02
2.172904583031997627e-01 1.291987250000000038e-02
2.177250392198061546e-01 1.268020624999999929e-02
2.181604892982457744e-01 1.241512099999999945e-02
2.185968102768422461e-01 1.214335125000000001e-02
2.190340038973959125e-01 1.186226124999999881e-02
2.194720719051907187e-01 1.156624250000000062e-02
2.199110160490010957e-01 1.127882499999999927e-02
2.203508380810991207e-01 1.097383899999999912e-02
2.207915397572613181e-01 1.068199375000000034e-02
2.212331228367758196e-01 1.039524249999999872e-02
2.216755890824493869e-01 1.009436799999999940e-02
2.221189402606142949e-01 9.808515999999999763e-03
2.225631781411355203e-01 9.508757699999998564e-03
2.230083044974177642e-01 9.222854500000000552e-03
2.234543211064126123e-01 8.979149250000000373e-03
2.239012297486254466e-01 8.717513874999999191e-03
2.243490322081226895e-01 8.462180499999999439e-03
2.247977302725389648e-01 8.187999399999999761e-03
2.252473257330840362e-01 7.929145624999999961e-03
2.256978203845501907e-01 7.711018124999999973e-03
2.261492160253192885e-01 7.490699124999999903e-03
2.266015144573699513e-01 7.259375375000000005e-03
2.270547174862846962e-01 7.010495400000000404e-03
2.275088269212572623e-01 6.770550999999999653e-03
2.279638445750997722e-01 6.566066375000000413e-03
2.284197722642499762e-01 6.361677875000000017e-03
2.288766118087784962e-01 6.148039000000000975e-03
2.293343650323960425e-01 5.915035400000000915e-03
2.297930337624608521e-01 5.697932499999999040e-03
2.302526198299857663e-01 5.453954625000000112e-03
2.307131250696457525e-01 5.332488249999999680e-03
2.311745513197850377e-01 5.152239624999999969e-03
2.316369004224245742e-01 4.996677200000000652e-03
2.321001742232694509e-01 4.842522999999999619e-03
2.325643745717159705e-01 4.685601125000000110e-03
2.330295033208594213e-01 4.530755750000000498e-03
2.334955623275011272e-01 4.388766399999999811e-03
2.339625534521561634e-01 4.267877749999999387e-03
2.344304785590604623e-01 4.122929124999999938e-03
2.348993395161785847e-01 3.996523249999999958e-03
2.353691381952109363e-01 3.911707625000000049e-03
2.358398764716013452e-01 3.776788000000000107e-03
2.363115562245445278e-01 3.633372499999999901e-03
2.367841793369936387e-01 3.545885000000000356e-03
2.372577476956675979e-01 3.438567999999999920e-03
2.377322631910589457e-01 3.347262374999999957e-03
2.382077277174410590e-01 3.235338500000000100e-03
2.386841431728759511e-01 3.142232875000000418e-03
2.391615114592217095e-01 3.069351124999999611e-03
2.396398344821401571e-01 2.958071125000000419e-03
2.401191141511044291e-01 2.872185125000000123e-03
2.405993523794066058e-01 2.818069500000000040e-03
2.410805510841654287e-01 2.734733750000000081e-03
2.415627121863337390e-01 2.651696749999999866e-03
2.420458376107064158e-01 2.595880124999999997e-03
2.425299292859278144e-01 2.553329000000000015e-03
2.430149891444997046e-01 2.496560599999999869e-03
2.435010191227887089e-01 2.424146624999999958e-03
2.439880211610342686e-01 2.371220624999999943e-03
2.444759972033563322e-01 2.343710750000000190e-03
2.449649491977630433e-01 2.306985874999999651e-03
2.454548790961585680e-01 2.215820599999999627e-03
2.459457888543508663e-01 2.162304125000000243e-03
2.464376804320595749e-01 2.142242124999999865e-03
2.469305557929236949e-01 2.110334749999999773e-03
2.474244169045095587e-01 2.052799374999999919e-03
2.479192657383185727e-01 2.012452999999999985e-03
2.484151042697951839e-01 1.986833999999999822e-03
2.489119344783347898e-01 1.923681375000000022e-03
2.494097583472914548e-01 1.895388874999999994e-03
2.499085778639860422e-01 1.862894099999999956e-03
2.504083950197140140e-01 1.853061374999999834e-03
2.509092118097534518e-01 1.840767624999999985e-03
2.514110302333729119e-01 1.795151875000000011e-03
2.519138522938396685e-01 1.742658375000000030e-03
2.524176799984273467e-01 1.746699899999999868e-03
2.529225153584241936e-01 1.737087999999999913e-03
2.534283603891410719e-01 1.706181749999999796e-03
2.539352171099192867e-01 1.679404375000000029e-03
2.544430875441391349e-01 1.681747374999999949e-03
2.549519737192273983e-01 1.658614100000000129e-03
2.554618776666658375e-01 1.613813374999999986e-03
2.559728014219991854e-01 1.623094250000000141e-03
2.564847470248432515e-01 1.640972999999999998e-03
2.569977165188929158e-01 1.630502000000000036e-03
2.575117119519306774e-01 1.617643100000000240e-03
2.580267353758345372e-01 1.611474749999999932e-03
2.585427888465862134e-01 1.564765500000000033e-03
2.590598744242793572e-01 1.558006875000000208e-03
2.595779941731279905e-01 1.614074249999999933e-03
2.600971501614742221e-01 1.616599499999999984e-03
2.606173444617971846e-01 1.562194499999999993e-03
2.611385791507207510e-01 1.585137250000000220e-03
2.616608563090221939e-01 1.617896875000000151e-03
2.621841780216402351e-01 1.600679874999999790e-03
2.627085463776834828e-01 1.594201400000000088e-03
2.632339634704388698e-01 1.650858749999999878e-03
2.637604313973797576e-01 1.655759125000000071e-03
2.642879522601745412e-01 1.624311375000000047e-03
2.648165281646948088e-01 1.637051750000000083e-03
2.653461612210242238e-01 1.672014500000000049e-03
2.658768535434662961e-01 1.669052624999999967e-03
2.664086072505532643e-01 1.702573125000000128e-03
2.669414244650543111e-01 1.751471624999999992e-03
2.674753073139844450e-01 1.750670800000000017e-03
2.680102579286124387e-01 1.761955500000000115e-03
2.685462784444696549e-01 1.824918750000000065e-03
2.690833710013585955e-01 1.869048124999999824e-03
2.696215377433612836e-01 1.848744375000000058e-03
2.701607808188479787e-01 1.878223699999999850e-03
2.707011023804857253e-01 1.953621000000000003e-03
2.712425045852466798e-01 1.989774625000000248e-03
2.717849895944172145e-01 2.004910749999999978e-03
2.723285595736060216e-01 2.050080374999999934e-03
2.728732166927532177e-01 2.110334499999999905e-03
2.734189631261387810e-01 2.168008874999999887e-03
2.739658010523910447e-01 2.262065124999999670e-03
2.745137326544958567e-01 2.329454875000000307e-03
2.750627601198047945e-01 2.339676999999999642e-03
2.756128856400444360e-01 2.438722699999999743e-03
2.761641114113245199e-01 2.511360875000000215e-03
2.767164396341471599e-01 2.590846249999999816e-03
2.772698725134154496e-01 2.648103000000000175e-03
2.778244122584422882e-01 2.743843125000000084e-03
2.783800610829592070e-01 2.863892199999999895e-03
2.789368212051250850e-01 2.979188375000000038e-03
2.794946948475353632e-01 3.076795125000000158e-03
2.800536842372304269e-01 3.162418625000000278e-03
2.806137916057048765e-01 3.342747999999999987e-03
2.811750191889162975e-01 3.468780000000000301e-03
2.817373692272941987e-01 3.723360999999999685e-03
2.823008439657487822e-01 3.837446750000000038e-03
2.828654456536803252e-01 3.994635499999999589e-03
2.834311765449876730e-01 4.038286125000000240e-03
2.839980388980776205e-01 4.342940999999999468e-03
2.845660349758737939e-01 4.590264125000000084e-03
2.851351670458255327e-01 4.826230249999999798e-03
2.857054373799171598e-01 5.068370625000000532e-03
2.862768482546770299e-01 5.242133875000000789e-03
2.868494019511863558e-01 5.540514300000000392e-03
2.874231007550887562e-01 5.817735999999999567e-03
2.879979469565989714e-01 6.276786874999999884e-03
2.885739428505121884e-01 6.600675624999999963e-03
2.891510907362132010e-01 6.977862399999999743e-03
2.897293929176856242e-01 7.435412000000000618e-03
2.903088517035209426e-01 7.778043749999999715e-03
2.908894694069280029e-01 8.158952000000000565e-03
2.914712483457418957e-01 8.740408249999999726e-03
2.920541908424333366e-01 9.451820799999999939e-03
2.926382992241182146e-01 9.894468999999999487e-03
2.932235758225664735e-01 1.052984375000000014e-02
2.938100229742116043e-01 1.135065625000000050e-02
2.943976430201600269e-01 1.188242374999999920e-02
2.949864383062003048e-01 1.266914400000000024e-02
2.955764111828127483e-01 1.379983250000000120e-02
2.961675640051783520e-01 1.476023124999999853e-02
2.967598991331887315e-01 1.552565749999999974e-02
2.973534189314551157e-01 1.663292000000000243e-02
2.979481257693180618e-01 1.808336499999999708e-02
2.985440220208566697e-01 1.925763374999999930e-02
2.991411100648984078e-01 2.042500249999999740e-02
2.997393922850282166e-01 2.223521500000000262e-02
3.003388710695982233e-01 2.346464624999999860e-02
3.009395488117374562e-01 2.535476600000000080e-02
3.015414279093609484e-01 2.774521624999999603e-02
3.021445107651796746e-01 2.903209999999999819e-02
3.027487997867099878e-01 3.144766375000000030e-02
3.033542973862833891e-01 3.434029999999999722e-02
3.039610059810559650e-01 3.610242099999999565e-02
3.045689279930180460e-01 3.896589250000000171e-02
3.051780658490040876e-01 4.341374124999999862e-02
3.057884219807021076e-01 4.611295625000000342e-02
3.063999988246635664e-01 4.780832250000000005e-02
3.070127988223129156e-01 5.300752599999999926e-02
3.076268244199575896e-01 5.927520625000000376e-02
3.082420780687974982e-01 6.127508124999999500e-02
3.088585622249351292e-01 6.418079749999999750e-02
3.094762793493849307e-01 7.161110900000000612e-02
3.100952319080837460e-01 7.794524499999999634e-02
3.107154223718998631e-01 8.193744875000000261e-02
3.113368532166437275e-01 8.502322874999999891e-02
3.119595269230769907e-01 9.665093874999999835e-02
3.125834459769231133e-01 1.078557569999999965e-01
3.132086128688770232e-01 1.106703087500000016e-01
3.138350300946147753e-01 1.117710537499999879e-01
3.144627001548039313e-01 1.279226124999999770e-01
3.150916255551135525e-01 1.340178624999999735e-01
3.157218088062238026e-01 1.303543960000000390e-01
3.163532524238362176e-01 1.468782250000000011e-01
3.169859589286838641e-01 1.517974124999999785e-01
3.176199308465412763e-01 1.478292250000000085e-01
3.182551707082343917e-01 1.601586249999999989e-01
3.188916810496508214e-01 1.786873800000000068e-01
3.195294644117501193e-01 1.688335874999999930e-01
3.201685233405736630e-01 1.681011124999999828e-01
3.208088603872547573e-01 1.913986999999999772e-01
3.214504781080292917e-01 2.029559625000000034e-01
3.220933790642453443e-01 1.869981900000000086e-01
3.227375658223737842e-01 1.855483624999999803e-01
3.233830409540185413e-01 2.117445749999999904e-01
3.240298070359265425e-01 2.227144375000000009e-01
3.246778666499984256e-01 2.096101499999999951e-01
3.253272223832984200e-01 2.028167200000000059e-01
3.259778768280650052e-01 2.207442749999999898e-01
3.266298325817211246e-01 2.342682624999999907e-01
3.272830922468845660e-01 2.268609249999999911e-01
3.279376584313783427e-01 2.140593625000000166e-01
3.285935337482410734e-01 2.260244100000000089e-01
3.292507208157375853e-01 2.418605750000000221e-01
3.299092222573690725e-01 2.418617875000000084e-01
3.305690407018838095e-01 2.298117625000000164e-01
3.312301787832875322e-01 2.255701999999999985e-01
3.318926391408540955e-01 2.386449499999999946e-01
3.325564244191357988e-01 2.461237874999999686e-01
3.332215372679740994e-01 2.427523625000000129e-01
3.338879803425100490e-01 2.321848000000000245e-01
3.345557563031950621e-01 2.412891599999999748e-01
3.352248678158014084e-01 2.469195874999999818e-01
3.358953175514330369e-01 2.475041625000000134e-01
3.365671081865359016e-01 2.429534624999999948e-01
3.372402424029089518e-01 2.374692874999999870e-01
3.379147228877147358e-01 2.409985899999999848e-01
3.385905523334902245e-01 2.459293750000000056e-01
3.392677334381571930e-01 2.458586750000000265e-01
3.399462689050334330e-01 2.430070000000000008e-01
3.406261614428435225e-01 2.415055500000000133e-01
3.413074137657292062e-01 2.447827100000000144e-01
3.419900285932606643e-01 2.452106374999999949e-01
3.426740086504471705e-01 2.448011125000000010e-01
3.433593566677480835e-01 2.431844374999999892e-01
3.440460753810836159e-01 2.399023624999999937e-01
3.447341675318457699e-01 2.410663599999999795e-01
3.454236358669094398e-01 2.422380000000000089e-01
3.461144831386432363e-01 2.421315749999999878e-01
3.468067121049205337e-01 2.417397250000000164e-01
3.475003255291303494e-01 2.403182624999999906e-01
3.481953261801886135e-01 2.406714600000000037e-01
3.488917168325489926e-01 2.404255374999999528e-01
3.495895002662141038e-01 2.398200249999999922e-01
3.502886792667465610e-01 2.392701749999999739e-01
3.509892566252800217e-01 2.385164624999999983e-01
3.516912351385305668e-01 2.368406000000000122e-01
3.523946176088076365e-01 2.368651999999999980e-01
3.530994068440251876e-01 2.365466374999999899e-01
3.538056056577132402e-01 2.361044375000000139e-01
3.545132168690287022e-01 2.355342750000000152e-01
3.552222433027667492e-01 2.347287700000000310e-01
3.559326877893722596e-01 2.341209125000000002e-01
3.566445531649510281e-01 2.334892875000000034e-01
3.573578422712808678e-01 2.328520125000000385e-01
3.580725579558234339e-01 2.321939100000000034e-01
3.587887030717350489e-01 2.315083750000000162e-01
3.595062804778785814e-01 2.307035624999999868e-01
3.602252930388343266e-01 2.302039124999999964e-01
3.609457436249119411e-01 2.298800500000000024e-01
3.616676351121618227e-01 2.294644500000000142e-01
3.623909703823861017e-01 2.289786750000000204e-01
3.631157523231508533e-01 2.285838000000000036e-01
3.638419838277971996e-01 2.281934749999999790e-01
3.645696677954528009e-01 2.277735999999999927e-01
3.652988071310436791e-01 2.272961800000000143e-01
3.660294047453057642e-01 2.268492374999999950e-01
3.667614635547964408e-01 2.264601375000000194e-01
3.674949864819060386e-01 2.260648250000000248e-01
3.682299764548698229e-01 2.256539875000000139e-01
3.689664364077795966e-01 2.251943700000000326e-01
3.697043692805951354e-01 2.247601500000000196e-01
3.704437780191563445e-01 2.242607750000000233e-01
3.711846655751946944e-01 2.237037375000000272e-01
3.719270349063450443e-01 2.231500375000000091e-01
3.726708889761577437e-01 2.225253800000000226e-01
3.734162307541100123e-01 2.218941875000000064e-01
3.741630632156182079e-01 2.213386625000000052e-01
3.749113893420494836e-01 2.207965249999999935e-01
3.756612121207335564e-01 2.202548249999999874e-01
3.764125345449750304e-01 2.196288799999999986e-01
3.771653596140650544e-01 2.189470124999999823e-01
3.779196903332932012e-01 2.184973625000000141e-01
3.786755297139597909e-01 2.179628000000000121e-01
3.794328807733876596e-01 2.174206625000000004e-01
3.801917465349344827e-01 2.168714900000000001e-01
3.809521300280043210e-01 2.164235249999999777e-01
3.817140342880603332e-01 2.160338875000000214e-01
3.824774623566364884e-01 2.156464124999999954e-01
3.832424172813497787e-01 2.152131899999999987e-01
3.840089021159124316e-01 2.147840125000000100e-01
3.847769199201442891e-01 2.144051625000000239e-01
3.855464737599845759e-01 2.140274249999999934e-01
3.863175667075045561e-01 2.136504874999999859e-01
3.870902018409195788e-01 2.132278700000000138e-01
3.878643822446014022e-01 2.128083624999999868e-01
3.886401110090906830e-01 2.124378499999999836e-01
3.894173912311088559e-01 2.120711249999999715e-01
3.901962260135710681e-01 2.116854250000000104e-01
3.909766184655981691e-01 2.111867899999999854e-01
3.917585717025293679e-01 2.107199375000000097e-01
3.925420888459344448e-01 2.102861125000000109e-01
3.933271730236262975e-01 2.097625124999999979e-01
3.941138273696735417e-01 2.094315750000000365e-01
3.949020550244128902e-01 2.089513000000000065e-01
3.956918591344616987e-01 2.084785624999999920e-01
3.964832428527306218e-01 2.080427000000000248e-01
3.972762093384361037e-01 2.076353125000000022e-01
3.980707617571129786e-01 2.071037125000000090e-01
3.988669032806272385e-01 2.067503900000000061e-01
3.996646370871884679e-01 2.062969125000000126e-01
4.004639663613628331e-01 2.059488625000000239e-01
4.012648942940855168e-01 2.056115874999999704e-01
4.020674240826737078e-01 2.052383249999999992e-01
4.028715589308390355e-01 2.047599099999999894e-01
4.036773020487006702e-01 2.042589750000000093e-01
4.044846566527980913e-01 2.038355749999999911e-01
4.052936259661036877e-01 2.034087249999999847e-01
4.061042132180359143e-01 2.029892249999999954e-01
4.069164216444720039e-01 2.025852699999999840e-01
4.077302544877609569e-01 2.021588624999999806e-01
4.085457149967364754e-01 2.018354249999999850e-01
4.093628064267299527e-01 2.014850625000000062e-01
4.101815320395834075e-01 2.011296750000000078e-01
4.110018951036625845e-01 2.006600099999999998e-01
4.118238988938699441e-01 2.001871875000000023e-01
4.126475466916577073e-01 1.998070875000000080e-01
4.134728417850409565e-01 1.994466125000000090e-01
4.142997874686110693e-01 1.990206199999999814e-01
4.151283870435482637e-01 1.987016000000000060e-01
4.159586438176353651e-01 1.983966375000000282e-01
4.167905611052706849e-01 1.979745999999999728e-01
4.176241422274811765e-01 1.976412625000000256e-01
4.184593905119361468e-01 1.972108300000000036e-01
4.192963092929599678e-01 1.966828750000000070e-01
4.201349019115458994e-01 1.963108749999999958e-01
4.209751717153689676e-01 1.959451999999999861e-01
4.218171220587997317e-01 1.956056624999999993e-01
4.226607563029173287e-01 1.952309900000000209e-01
4.235060778155231298e-01 1.948916375000000201e-01
4.243530899711541737e-01 1.945975749999999949e-01
4.252017961510964894e-01 1.942352625000000055e-01
4.260521997433986963e-01 1.938198624999999953e-01
4.269043041428854934e-01 1.934189900000000129e-01
4.277581127511712600e-01 1.930028250000000167e-01
4.286136289766736551e-01 1.926620249999999868e-01
4.294708562346269964e-01 1.923545375000000335e-01
4.303297979470962487e-01 1.920637000000000039e-01
4.311904575429904574e-01 1.917145799999999678e-01
4.320528384580764047e-01 1.913537124999999950e-01
4.329169441349925429e-01 1.910431250000000081e-01
4.337827780232624830e-01 1.906988874999999972e-01
4.346503435793090397e-01 1.903397374999999947e-01
4.355196442664676648e-01 1.899441499999999783e-01
4.363906835550006025e-01 1.895543249999999680e-01
4.372634649221106007e-01 1.891900999999999999e-01
4.381379918519547889e-01 1.888763250000000116e-01
4.390142678356587225e-01 1.885823987499999910e-01
4.398922963713300383e-01 1.882282049999999818e-01
4.407720809640727211e-01 1.877678362499999865e-01
4.416536251260008150e-01 1.868488037499999865e-01
4.425369323762528007e-01 1.868919299999999839e-01
4.434220062410053065e-01 1.864271650000000058e-01
4.443088502534873196e-01 1.861491449999999603e-01
4.451974679539942858e-01 1.858705375000000437e-01
4.460878628899022647e-01 1.855790262500000010e-01
4.469800386156820293e-01 1.855448449999999860e-01
4.478739986929134442e-01 1.853201479999999901e-01
4.487697466902992316e-01 1.849858350000000151e-01
4.496672861836799040e-01 1.845844762500000180e-01
4.505666207560472536e-01 1.842036912500000234e-01
4.514677539975593401e-01 1.838529687500000120e-01
4.523706895055544797e-01 1.834748219999999819e-01
4.532754308845656221e-01 1.831294012499999901e-01
4.541819817463347286e-01 1.828811687499999894e-01
4.550903457098274263e-01 1.825645174999999953e-01
4.560005264012471082e-01 1.822749950000000230e-01
4.569125274540495885e-01 1.818629600000000179e-01
4.578263525089577013e-01 1.814440474999999831e-01
4.587420052139756232e-01 1.810075012499999803e-01
4.596594892244035835e-01 1.805717687500000279e-01
4.605788082028524077e-01 1.801519675000000098e-01
4.614999658192581178e-01 1.797287399999999979e-01
4.624229657508966418e-01 1.794202649999999954e-01
4.633478116823984694e-01 1.792702162500000029e-01
4.642745073057632510e-01 1.791413437500000150e-01
4.652030563203747304e-01 1.789804675000000178e-01
4.661334624330154552e-01 1.787078240000000151e-01
4.670657293578814873e-01 1.783181550000000060e-01
4.679998608165972795e-01 1.778963925000000001e-01
4.689358605382304424e-01 1.773540412500000107e-01
4.698737322593069532e-01 1.770611412499999981e-01
4.708134797238255342e-01 1.767295560000000376e-01
4.717551066832731399e-01 1.764290037499999797e-01
4.726986168966397228e-01 1.762571625000000086e-01
4.736440141304329998e-01 1.760696499999999942e-01
4.745913021586939395e-01 1.757241237500000164e-01
4.755404847630113063e-01 1.752002820000000405e-01
4.764915657325373699e-01 1.745879625000000268e-01
4.774445488640024493e-01 1.739912924999999777e-01
4.783994379617304560e-01 1.733713749999999942e-01
4.793562368376539373e-01 1.727838950000000207e-01
4.803149493113292312e-01 1.723120625000000017e-01
4.812755792099518981e-01 1.720033162499999824e-01
4.822381303683718201e-01 1.717655612500000040e-01
4.832026066291085775e-01 1.716391725000000201e-01
4.841690118423668254e-01 1.715344390000000108e-01
4.851373498660515038e-01 1.715065075000000161e-01
4.861076245657836026e-01 1.714789749999999779e-01
4.870798398149152053e-01 1.712361662499999881e-01
4.880539994945450322e-01 1.711454349999999847e-01
4.890301074935341497e-01 1.708682489999999998e-01
4.900081677085211806e-01 1.705641087499999986e-01
4.909881840439382916e-01 1.703164487499999880e-01
4.919701604120261251e-01 1.700311862500000215e-01
4.929541007328501756e-01 1.698655187499999997e-01
4.939400089343158884e-01 1.695514949999999965e-01
4.949278889521845359e-01 1.691589450000000328e-01
4.959177447300888719e-01 1.687810050000000117e-01
4.969095802195490075e-01 1.684023362500000065e-01
4.979033993799881208e-01 1.679572687499999994e-01
4.988992061787480559e-01 1.674388689999999902e-01
4.998970045911055315e-01 1.668836312500000252e-01
5.008967986002876849e-01 1.663516349999999977e-01
5.018985921974883357e-01 1.653039774999999767e-01
5.029023893818832525e-01 1.651125212499999773e-01
5.039081941606470272e-01 1.642484590000000133e-01
5.049160105489682859e-01 1.639552900000000313e-01
5.059258425700663420e-01 1.636421050000000099e-01
5.069376942552064058e-01 1.627390737499999906e-01
5.079515696437167938e-01 1.634743849999999998e-01
5.089674727830042489e-01 1.634532310000000321e-01
5.099854077285701504e-01 1.635292537499999921e-01
5.110053785440273888e-01 1.631720687500000100e-01
5.120273893011153543e-01 1.631405675000000000e-01
5.130514440797175890e-01 1.627022260000000053e-01
5.140775469678771081e-01 1.623250987500000075e-01
5.151057020618128313e-01 1.619685025000000000e-01
5.161359134659364578e-01 1.616478999999999833e-01
5.171681852928683432e-01 1.613962624999999984e-01
5.182025216634540410e-01 1.611287680000000333e-01
5.192389267067809566e-01 1.608542000000000027e-01
5.202774045601945563e-01 1.605814399999999920e-01
5.213179593693149094e-01 1.602059287500000040e-01
5.223605952880534531e-01 1.596812049999999927e-01
5.234053164786296453e-01 1.590288779999999846e-01
5.244521271115868410e-01 1.583641162499999921e-01
5.255010313658099452e-01 1.578875237500000084e-01
5.265520334285416215e-01 1.573651450000000118e-01
5.276051374953987239e-01 1.568561762500000067e-01
5.286603477703895049e-01 1.562880239999999976e-01
5.297176684659302692e-01 1.556824500000000000e-01
5.307771038028621380e-01 1.552094374999999915e-01
5.318386580104679240e-01 1.548561499999999980e-01
5.329023353264887852e-01 1.544665149999999987e-01
5.339681399971416553e-01 1.541790270000000240e-01
5.350360762771360079e-01 1.540442374999999864e-01
5.361061484296902879e-01 1.539695349999999907e-01
5.371783607265496752e-01 1.539065712499999850e-01
5.382527174480027377e-01 1.538292062500000168e-01
5.393292228828987511e-01 1.536573100000000192e-01
5.404078813286645744e-01 1.531461937499999926e-01
5.414886970913218578e-01 1.515524900000000119e-01
5.425716744855044738e-01 1.523903250000000209e-01
5.436568178344756141e-01 1.517921362499999871e-01
5.447441314701444437e-01 1.514661709999999828e-01
5.458336197330847517e-01 1.510119775000000053e-01
5.469252869725509392e-01 1.509402824999999948e-01
5.480191375464960046e-01 1.507219862499999952e-01
5.491151758215888634e-01 1.505106629999999890e-01
5.502134061732321113e-01 1.502866399999999991e-01
5.513138329855785669e-01 1.500225225000000051e-01
5.524164606515497011e-01 1.497304375000000076e-01
5.535212935728528461e-01 1.494219512500000180e-01
5.546283361599984030e-01 1.490648440000000019e-01
5.557375928323184944e-01 1.486711012499999929e-01
5.568490680179830621e-01 1.483264349999999787e-01
5.579627661540189631e-01 1.479452812500000047e-01
5.590786916863270672e-01 1.475020475000000109e-01
5.601968490696997982e-01 1.468976790000000032e-01
5.613172427678392307e-01 1.461944199999999916e-01
5.624398772533748536e-01 1.455933500000000103e-01
5.635647570078816671e-01 1.450039350000000005e-01
5.646918865218973904e-01 1.444851075000000151e-01
5.658212702949412254e-01 1.440369549999999943e-01
5.669529128355310643e-01 1.436220524999999859e-01
5.680868186612021420e-01 1.432066575000000008e-01
5.692229922985245771e-01 1.423748812500000016e-01
5.703614382831215801e-01 1.424631550000000080e-01
5.715021611596877715e-01 1.419509510000000196e-01
5.726451654820071679e-01 1.409902950000000155e-01
5.737904558129711674e-01 1.412174824999999911e-01
5.749380367245970902e-01 1.410130687499999980e-01
5.760879127980462755e-01 1.407213825000000196e-01
5.772400886236424000e-01 1.408448789999999784e-01
5.783945688008896857e-01 1.407719624999999863e-01
5.795513579384914404e-01 1.408972075000000101e-01
5.807104606543684877e-01 1.410575287500000219e-01
5.818718815756771523e-01 1.413321362499999900e-01
5.830356253388285781e-01 1.414404770000000089e-01
5.842016965895062697e-01 1.414334700000000056e-01
5.853700999826851881e-01 1.415992625000000171e-01
5.865408401826505136e-01 1.417538850000000239e-01
5.877139218630158535e-01 1.420740262499999851e-01
5.888893497067417826e-01 1.398666729999999969e-01
5.900671284061553834e-01 1.382655362499999874e-01
5.912472626629676764e-01 1.414492324999999939e-01
5.924297571882934932e-01 1.408702199999999904e-01
5.936146167026701281e-01 1.394714899999999758e-01
5.948018459360754351e-01 1.334143187500000105e-01
5.959914496279475893e-01 1.400337787500000042e-01
5.971834325272035171e-01 1.395945687500000087e-01
5.983777993922578808e-01 1.388519500000000018e-01
5.995745549910425076e-01 1.388053709999999830e-01
6.007737041010245971e-01 1.385365237500000013e-01
6.019752515092265943e-01 1.387728149999999938e-01
6.031792020122450637e-01 1.386489625000000003e-01
6.043855604162695627e-01 1.385495875000000154e-01
6.055943315371020708e-01 1.386689389999999911e-01
6.068055202001763071e-01 1.388249275000000005e-01
6.080191312405766046e-01 1.390313025000000091e-01
6.092351695030577829e-01 1.393071100000000118e-01
6.104536398420639109e-01 1.395945087499999848e-01
6.116745471217479579e-01 1.398971209999999854e-01
6.128978962159914445e-01 1.401863562500000049e-01
6.141236920084234274e-01 1.404181987500000006e-01
6.153519393924402614e-01 1.405347600000000086e-01
6.165826432712251393e-01 1.406055400000000011e-01
6.178158085577676317e-01 1.406897490000000028e-01
6.190514401748832274e-01 1.407852199999999887e-01
6.202895430552329836e-01 1.408285900000000035e-01
6.215301221413433996e-01 1.408999387500000089e-01
6.227731823856261784e-01 1.409816050000000098e-01
6.240187287503973224e-01 1.409879709999999897e-01
6.252667662078981170e-01 1.408571725000000163e-01
6.265172997403138933e-01 1.407738162500000167e-01
6.277703343397945668e-01 1.295298537499999791e-01
6.290258750084741779e-01 1.399646824999999928e-01
6.302839267584912086e-01 1.405073540000000010e-01
6.315444946120081227e-01 1.398624037500000028e-01
6.328075836012321265e-01 1.414778962499999848e-01
6.340731987684345983e-01 1.418800537500000125e-01
6.353413451659715161e-01 1.423027760000000197e-01
6.366120278563034418e-01 1.426375250000000150e-01
6.378852519120159492e-01 1.428902300000000070e-01
6.391610224158400522e-01 1.430636375000000071e-01
6.404393444606717445e-01 1.434860512499999963e-01
6.417202231495930942e-01 1.438065769999999910e-01
6.430036635958922275e-01 1.440548024999999954e-01
6.442896709230840901e-01 1.442050862500000030e-01
6.455782502649303201e-01 1.445007437499999936e-01
6.468694067654601199e-01 1.444889200000000207e-01
6.481631455789910179e-01 1.430831519999999912e-01
6.494594718701489633e-01 1.432560174999999991e-01
6.507583908138891982e-01 1.444541712500000130e-01
6.520599075955170187e-01 1.442629162500000117e-01
6.533640274107079815e-01 1.444764450000000089e-01
6.546707554655294414e-01 1.452396910000000041e-01
6.559800969764604250e-01 1.405073774999999747e-01
6.572920571704133907e-01 1.456199350000000059e-01
6.586066412847542129e-01 1.453458087499999996e-01
6.599238545673237200e-01 1.459225674999999889e-01
6.612437022764583450e-01 1.460412629999999767e-01
6.625661896810113305e-01 1.460480450000000152e-01
6.638913220603732679e-01 1.462604574999999685e-01
6.652191047044940797e-01 1.464278037500000018e-01
6.665495429139030037e-01 1.466208474999999845e-01
6.678826419997307973e-01 1.468501539999999828e-01
6.692184072837303876e-01 1.470210262499999920e-01
6.705568440982978551e-01 1.471200737499999966e-01
6.718979577864944153e-01 1.472061887500000221e-01
6.732417537020674025e-01 1.472357675000000032e-01
6.745882372094715862e-01 1.472707500000000058e-01
6.759374136838904867e-01 1.473583499999999991e-01
6.772892885112582473e-01 1.474942012500000121e-01
6.786438670882807278e-01 1.476381112499999815e-01
6.800011548224572655e-01 1.477967489999999773e-01
6.813611571321021021e-01 1.479022800000000248e-01
6.827238794463663663e-01 1.479607600000000245e-01
6.840893272052590568e-01 1.479759300000000055e-01
6.854575058596696913e-01 1.479500512499999920e-01
6.868284208713890671e-01 1.174024357500000060e-01
6.882020777131317990e-01 1.416202612499999902e-01
6.895784818685580797e-01 1.070593559500000042e-01
6.909576388322952178e-01 1.445345324999999792e-01
6.923395541099597317e-01 1.253384847500000066e-01
6.937242332181796645e-01 1.443485149999999828e-01
6.951116816846160118e-01 1.480144449999999945e-01
6.965019050479852591e-01 1.482607412500000221e-01
6.978949088580812532e-01 1.455027799999999982e-01
6.992906986757974064e-01 1.477344112500000028e-01
7.006892800731490123e-01 1.466181509999999744e-01
7.020906586332953392e-01 1.483298437499999956e-01
7.034948399505618344e-01 1.487086912499999969e-01
7.049018296304629949e-01 1.463656737500000082e-01
7.063116332897239058e-01 1.487518912500000179e-01
7.077242565563033327e-01 1.483291850000000023e-01
7.091397050694159265e-01 1.488600525000000063e-01
7.105579844795547606e-01 1.481884862500000011e-01
7.119791004485138686e-01 1.484695762500000127e-01
7.134030586494108928e-01 1.486081575000000043e-01
7.148298647667097327e-01 1.480553069999999971e-01
7.162595244962430829e-01 1.460208937499999915e-01
7.176920435452356362e-01 1.379977493750000062e-01
7.191274276323260661e-01 1.358981499999999953e-01
7.205656824875906752e-01 1.311485387499999877e-01
7.220068138525659318e-01 1.476967970000000185e-01
7.234508274802710082e-01 1.432696599999999931e-01
7.248977291352315389e-01 1.385318375000000046e-01
7.263475245935020475e-01 1.426143724999999751e-01
7.278002196426889281e-01 1.242358874999999890e-01
7.292558200819743153e-01 1.433292220000000339e-01
7.307143317221382883e-01 1.353771088750000129e-01
7.321757603855825192e-01 1.437245562499999962e-01
7.336401119063536980e-01 1.443514049999999882e-01
7.351073921301664038e-01 1.465742070000000119e-01
7.365776069144267524e-01 1.487870337499999918e-01
7.380507621282555997e-01 1.488420225000000041e-01
7.395268636525120787e-01 1.480920062500000189e-01
7.410059173798171361e-01 1.490874237500000032e-01
7.424879292145767362e-01 1.490781820000000313e-01
7.439729050730057303e-01 1.479059562500000258e-01
7.454608508831517266e-01 1.484406325000000026e-01
7.469517725849180723e-01 1.489278950000000046e-01
7.484456761300879446e-01 1.488798924999999995e-01
7.499425674823481103e-01 1.486944890000000130e-01
7.514424526173126839e-01 1.489748174999999952e-01
7.529453375225474421e-01 1.490373700000000023e-01
7.544512281975925827e-01 1.491937774999999855e-01
7.559601306539878163e-01 1.492581325000000014e-01
7.574720509152956804e-01 1.493003999999999998e-01
7.589869950171262980e-01 1.437388062500000174e-01
7.605049690071605806e-01 7.171201099999999218e-02
7.620259789451748755e-01 5.999105100000000357e-02
7.635500309030651689e-01 8.795423462500000233e-02
7.650771309648712881e-01 1.207164010000000010e-01
7.666072852268009941e-01 1.249176057499999937e-01
7.681404997972545168e-01 1.400431949999999814e-01
7.696767807968490915e-01 1.487073987499999972e-01
7.712161343584428286e-01 1.491505662499999774e-01
7.727585666271596931e-01 1.490992519999999877e-01
7.743040837604140414e-01 1.487789550000000183e-01
7.758526919279349343e-01 1.489241124999999832e-01
7.774043973117907846e-01 1.487792800000000137e-01
7.789592061064143369e-01 1.486299262500000162e-01
7.805171245186270923e-01 1.484734050000000027e-01
7.820781587676643998e-01 1.486108650000000087e-01
7.836423150851996589e-01 1.486014099999999893e-01
7.852095997153700768e-01 1.486907637499999824e-01
7.867800189148008716e-01 1.480126920000000013e-01
7.883535789526303628e-01 1.487290425000000194e-01
7.899302861105357287e-01 1.456774287500000042e-01
7.915101466827567656e-01 1.483528049999999765e-01
7.930931669761223102e-01 1.489122362499999963e-01
7.946793533100744433e-01 1.490380689999999952e-01
7.962687120166946908e-01 1.471090762500000260e-01
7.978612494407281153e-01 1.480373837499999734e-01
7.994569719396096286e-01 1.476762624999999884e-01
8.010558858834887497e-01 1.480607887500000053e-01
8.026579976552556950e-01 1.428480678000000059e-01
8.042633136505661362e-01 1.465080850000000101e-01
8.058718402778672907e-01 1.485634112499999993e-01
8.074835839584230124e-01 1.483466437500000068e-01
8.090985511263398822e-01 1.480680187500000022e-01
8.107167482285926319e-01 1.475786719999999941e-01
8.123381817250497905e-01 1.479783024999999919e-01
8.139628580884998854e-01 1.425813637500000230e-01
8.155907838046769776e-01 1.454085299999999803e-01
8.172219653722863075e-01 1.450975375000000123e-01
8.188564093030309410e-01 1.264689898200000162e-01
8.204941221216369707e-01 1.370801258749999862e-01
8.221351103658802728e-01 1.445562599999999920e-01
8.237793805866120422e-01 1.451172887500000175e-01
8.254269393477852157e-01 1.241363158375000109e-01
8.270777932264807841e-01 1.440087770000000045e-01
8.287319488129337719e-01 1.333245611249999907e-01
8.303894127105596601e-01 1.459571375000000004e-01
8.320501915359808098e-01 1.460895599999999794e-01
8.337142919190527746e-01 1.458439425000000178e-01
8.353817205028908344e-01 1.480351999999999779e-01
8.370524839438966413e-01 1.479075100000000198e-01
8.387265889117843098e-01 1.482968737500000023e-01
8.404040420896079500e-01 1.478715637499999902e-01
8.420848501737872027e-01 1.482942724999999906e-01
8.437690198741347736e-01 1.479909560000000068e-01
8.454565579138830778e-01 1.486338474999999992e-01
8.471474710297107746e-01 1.486204237500000080e-01
8.488417659717701902e-01 1.484547274999999944e-01
8.505394495037137403e-01 1.482224860000000144e-01
8.522405284027212424e-01 1.474017900000000048e-01
8.539450094595266716e-01 1.478528924999999994e-01
8.556528994784455833e-01 1.481299412500000079e-01
8.573642052774025357e-01 1.482601937499999911e-01
8.590789336879574023e-01 1.483069519999999919e-01
8.607970915553332381e-01 1.484251824999999747e-01
8.625186857384439243e-01 1.484663562499999867e-01
8.642437231099207029e-01 1.485540512500000132e-01
8.659722105561405980e-01 1.485426337499999860e-01
8.677041549772528395e-01 1.485518769999999988e-01
8.694395632872073953e-01 1.485026462499999811e-01
8.711784424137818394e-01 1.484247812499999986e-01
8.729207992986094400e-01 1.485545675000000121e-01
8.746666408972065820e-01 1.485731612500000021e-01
8.764159741790010782e-01 1.485693899999999679e-01
8.781688061273591472e-01 1.486475762499999964e-01
8.799251437396138353e-01 1.481428687500000174e-01
8.816849940270929942e-01 1.472586674999999956e-01
8.834483640151471473e-01 1.479124725000000029e-01
8.852152607431775788e-01 1.480445899999999759e-01
8.869856912646638669e-01 1.474672549999999915e-01
8.887596626471931938e-01 1.476011937499999982e-01
8.905371819724876570e-01 1.479849887499999905e-01
8.923182563364325803e-01 1.476895675000000074e-01
8.941028928491054906e-01 1.366566084999999986e-01
8.958910986348036509e-01 1.447620075000000117e-01
8.976828808320732600e-01 1.420025225000000058e-01
8.994782465937374294e-01 1.426671062500000087e-01
9.012772030869248274e-01 1.443950637499999967e-01
9.030797574930986560e-01 1.446170499999999970e-01
9.048859170080848502e-01 1.464424699999999913e-01
9.066956888421009442e-01 1.443805687500000212e-01
9.085090802197851589e-01 1.407200445000000022e-01
9.103260983802247130e-01 1.245816885900000032e-01
9.121467505769851325e-01 1.396042491250000239e-01
9.139710440781392276e-01 1.341589888749999959e-01
9.157989861662954034e-01 1.189759714412499947e-01
9.176305841386280804e-01 1.375292887499999783e-01
9.194658453069053383e-01 1.433416139999999783e-01
9.213047769975191148e-01 1.398331362499999897e-01
9.231473865515140709e-01 1.469921337500000036e-01
9.249936813246171230e-01 1.352980725000000051e-01
9.268436686872664199e-01 1.446160549999999934e-01
9.286973560246409853e-01 1.332913716000000137e-01
9.305547507366902504e-01 1.360801202499999918e-01
9.324158602381635852e-01 1.254201571249999869e-01
9.342806919586399417e-01 1.123467842499999980e-01
9.361492533425572748e-01 1.316584266249999913e-01
9.380215518492422966e-01 6.929253187099999878e-02
9.398975949529408958e-01 1.229540667499999934e-01
9.417773901428466710e-01 1.022237749999999890e-01
9.436609449231323499e-01 8.797837987499999846e-02
9.455482668129786550e-01 1.204931026500000030e-01
9.474393633466045017e-01 1.294621944000000080e-01
9.493342420732977516e-01 1.006117304374999910e-01
9.512329105574443000e-01 1.184057444374999879e-01
9.531353763785591626e-01 1.330003138749999980e-01
9.550416471313163402e-01 9.957634320000000039e-02
9.569517304255790169e-01 1.037230620900000122e-01
9.588656338864300910e-01 1.238607710000000084e-01
9.607833651542030395e-01 1.357585867499999932e-01
9.627049318845114501e-01 1.243494835000000104e-01
9.646303417482804399e-01 1.397606287499999766e-01
9.665596024317769652e-01 1.332901130000000156e-01
9.684927216366405744e-01 1.345156584999999960e-01
9.704297070799138281e-01 1.387610350000000048e-01
9.723705664940736071e-01 1.427860774999999971e-01
9.743153076270618662e-01 1.333008392299999956e-01
9.762639382423159429e-01 1.357198964999999924e-01
9.782164661188006427e-01 1.376292574999999907e-01
9.801728990510382156e-01 1.430702962500000064e-01
9.821332448491403300e-01 1.437903225000000118e-01
9.840975113388386042e-01 1.455246950000000095e-01
9.860657063615162476e-01 1.441427374999999789e-01
9.880378377742392582e-01 1.458347349999999931e-01
9.900139134497877302e-01 1.448400962499999944e-01
9.919939412766873854e-01 1.449148937499999956e-01
9.939779291592407695e-01 1.460907340000000276e-01
9.959658850175592271e-01 1.462959724999999822e-01
9.979578167875942096e-01 1.464552937499999929e-01
9.999537324211694722e-01 1.463953575000000173e-01
1.001953639886011826e+00 1.463110324999999934e-01
1.003957547165783781e+00 1.453585329999999842e-01
1.005965462260115295e+00 1.466098700000000032e-01
1.007977393184635417e+00 1.466246125000000011e-01
1.009993347971004818e+00 1.462356999999999962e-01
1.012013334666946873e+00 1.466838862500000062e-01
1.014037361336280751e+00 1.468046679999999993e-01
1.016065436058953164e+00 1.469399887500000002e-01
1.018097566931071229e+00 1.470710574999999909e-01
1.020133762064933336e+00 1.457054375000000068e-01
1.022174029589063338e+00 1.468366749999999998e-01
1.024218377648241418e+00 1.473872960000000287e-01
1.026266814403537841e+00 1.474944424999999892e-01
1.028319348032344926e+00 1.473702037500000117e-01
1.030375986728409687e+00 1.475248775000000123e-01
1.032436738701866474e+00 1.476154875000000033e-01
1.034501612179270502e+00 1.477091589999999788e-01
1.036570615403628937e+00 1.477791837499999872e-01
1.038643756634436199e+00 1.477767737499999789e-01
1.040721044147705054e+00 1.477273162499999903e-01
1.042802486236000359e+00 1.477264562499999989e-01
1.044888091208472591e+00 1.477506310000000211e-01
1.046977867390889383e+00 1.477543550000000039e-01
1.049071823125671266e+00 1.477458337499999996e-01
1.051169966771922537e+00 1.477985112499999865e-01
1.053272306705466566e+00 1.478510549999999812e-01
1.055378851318877320e+00 1.478207225000000014e-01
1.057489609021515342e+00 1.477795575000000194e-01
1.059604588239558165e+00 1.476734287500000020e-01
1.061723797416037396e+00 1.476837474999999900e-01
1.063847245010869358e+00 1.476691029999999960e-01
1.065974939500891061e+00 1.455910750000000142e-01
1.068106889379893065e+00 1.476561574999999960e-01
1.070243103158652787e+00 1.473036825000000050e-01
1.072383589364970025e+00 1.478644962500000049e-01
1.074528356543700047e+00 1.479393180000000141e-01
1.076677413256787563e+00 1.477578462499999912e-01
1.078830768083300917e+00 1.480294575000000168e-01
1.080988429619467617e+00 1.473929137499999931e-01
1.083150406478706529e+00 1.480426837500000148e-01
1.085316707291664073e+00 1.457943440000000201e-01
1.087487340706247529e+00 1.480275987499999890e-01
1.089662315387660119e+00 1.471213875000000337e-01
1.091841640018435422e+00 1.440900575000000072e-01
1.094025323298472241e+00 1.476425700000000008e-01
1.096213373945069236e+00 1.472237539999999845e-01
1.098405800692959566e+00 1.470385475000000053e-01
1.100602612294345528e+00 1.458272400000000246e-01
1.102803817518934082e+00 1.425760799999999939e-01
1.105009425153971936e+00 1.435710387500000185e-01
1.107219444004279962e+00 1.386110309999999957e-01
1.109433882892288503e+00 1.275444925875000024e-01
1.111652750658073119e+00 1.416261724999999805e-01
1.113876056159389227e+00 1.194604032499999996e-01
1.116103808271708075e+00 9.491518119925000663e-02
1.118336015888251378e+00 1.152219196799999928e-01
1.120572687920027732e+00 9.360768785762499378e-02
1.122813833295867925e+00 8.803699428749998945e-02
1.125059460962459568e+00 1.034299394537499944e-01
1.127309579884384405e+00 6.831274023899999714e-02
1.129564199044153394e+00 1.047893037625000079e-01
1.131823327442241567e+00 1.366417737500000007e-01
1.134086974097126221e+00 6.687160958000000488e-02
1.136355148045320451e+00 1.207850211999999951e-01
1.138627858341410892e+00 1.255870759999999919e-01
1.140905114058093694e+00 1.196564993500000007e-01
1.143186924286210049e+00 1.281137546249999926e-01
1.145473298134782603e+00 1.300531692499999892e-01
1.147764244731052097e+00 1.181783635750000006e-01
1.150059773220514225e+00 1.231653263999999970e-01
1.152359892766955163e+00 1.222871551250000188e-01
1.154664612552489089e+00 1.050944531499999890e-01
1.156973941777594161e+00 1.291386067499999957e-01
1.159287889661149373e+00 1.389733500000000233e-01
1.161606465440471636e+00 1.378868289999999885e-01
1.163929678371352416e+00 1.104190266237499995e-01
1.166257537728095262e+00 1.376593237499999789e-01
1.168590052803551327e+00 1.349488600000000038e-01
1.170927232909158455e+00 1.355042737500000150e-01
1.173269087374976705e+00 1.403981080000000214e-01
1.175615625549726762e+00 1.392201987500000238e-01
1.177966856800826134e+00 1.345022911249999786e-01
1.180322790514427789e+00 1.424398574999999889e-01
1.182683436095456564e+00 1.296448657375000035e-01
1.185048802967647585e+00 1.342844021999999859e-01
1.187418900573582903e+00 1.324127782500000017e-01
1.189793738374729903e+00 1.411224987500000194e-01
1.192173325851479504e+00 1.403911500000000201e-01
1.194557672503182344e+00 1.306608148750000031e-01
1.196946787848188531e+00 1.313659586999999795e-01
1.199340681423884947e+00 1.335512762500000172e-01
1.201739362786732546e+00 1.363554375000000096e-01
1.204142841512306106e+00 1.276736480125000017e-01
1.206551127195330864e+00 1.414516824999999811e-01
1.208964229449721373e+00 1.422676010000000213e-01
1.211382157908620805e+00 1.402568862499999902e-01
1.213804922224438254e+00 1.413227049999999929e-01
1.216232532068886929e+00 1.417845750000000238e-01
1.218664997133024785e+00 1.408456459999999910e-01
1.221102327127290721e+00 1.292798850000000110e-01
1.223544531781545430e+00 1.405991737500000005e-01
1.225991620845108487e+00 1.432069362499999998e-01
1.228443604086798757e+00 1.431975299999999895e-01
1.230900491294972365e+00 1.428706730000000036e-01
1.233362292277562222e+00 1.430828537500000164e-01
1.235829016862117324e+00 1.436884987500000044e-01
1.238300674895841613e+00 1.437579662499999800e-01
1.240777276245633054e+00 1.437438862500000081e-01
1.243258830798124492e+00 1.439025680000000085e-01
1.245745348459720736e+00 1.439242812500000079e-01
1.248236839156640077e+00 1.439004449999999879e-01
1.250733312834953370e+00 1.439121100000000097e-01
1.253234779460623338e+00 1.438218562499999909e-01
1.255741249019544536e+00 1.436139600000000127e-01
1.258252731517583545e+00 1.434363250000000034e-01
1.260769236980618713e+00 1.410136812500000225e-01
1.263290775454580128e+00 1.411363587499999961e-01
1.265817357005489141e+00 1.383201462499999979e-01
1.268348991719500107e+00 9.755130581799999201e-02
1.270885689702939025e+00 1.266052299999999853e-01
1.273427461082345058e+00 1.401612737500000372e-01
1.275974316004509834e+00 1.432673112500000290e-01
1.278526264636518750e+00 1.429464625000000100e-01
1.281083317165791824e+00 1.412813780000000130e-01
1.283645483800123444e+00 1.438625987500000147e-01
1.286212774767723666e+00 1.438734975000000305e-01
1.288785200317259072e+00 1.434614224999999910e-01
1.291362770717893405e+00 1.433343049999999952e-01
1.293945496259329087e+00 1.427131449999999857e-01
1.296533387251847858e+00 1.402587412500000130e-01
1.299126454026351407e+00 1.422176675000000057e-01
1.301724706934404230e+00 1.386228068750000042e-01
1.304328156348272927e+00 1.409467469999999834e-01
1.306936812660969505e+00 1.244753159375000112e-01
1.309550686286291565e+00 1.263759808874999890e-01
1.312169787658864273e+00 1.400634587500000083e-01
1.314794127234181875e+00 1.030568543879999965e-01
1.317423715488650338e+00 1.352636720000000292e-01
1.320058562919627532e+00 1.288176588749999907e-01
1.322698680045466757e+00 1.335053625000000022e-01
1.325344077405557819e+00 1.323951812499999936e-01
1.327994765560368773e+00 1.244611635125000004e-01
1.330650755091489668e+00 1.039159511299999894e-01
1.333312056601672513e+00 1.051651320862500016e-01
1.335978680714875910e+00 1.262261773749999982e-01
1.338650638076305466e+00 1.272594862499999979e-01
1.341327939352458198e+00 1.193196801249999939e-01
1.344010595231163174e+00 9.103727758100001177e-02
1.346698616421625472e+00 6.767119029625000282e-02
1.349392013654468592e+00 5.975876912300000232e-02
1.352090797681777534e+00 9.068434495000000928e-02
1.354794979277141209e+00 6.080894384999999819e-02
1.357504569235695513e+00 6.139346259199998657e-02
1.360219578374167071e+00 4.587345334987499856e-02
1.362940017530915426e+00 5.253555858000000245e-02
1.365665897565977005e+00 5.833000090499999846e-02
1.368397229361109080e+00 2.786192042324999937e-02
1.371134023819831294e+00 2.436991365000000173e-02
1.373876291867470956e+00 3.847651093649999410e-02
1.376624044451205897e+00 6.214416170876250339e-02
1.379377292540108435e+00 4.529387390374999683e-02
1.382136047125188671e+00 3.894699318749999389e-02
1.384900319219438902e+00 4.767898565199998884e-02
1.387670119857877804e+00 6.064916282350000382e-02
1.390445460097593511e+00 7.081780988499998541e-02
1.393226351017788911e+00 4.932089597750000109e-02
1.396012803719824280e+00 3.891651612099999991e-02
1.398804829327263910e+00 3.334303764200000075e-02
1.401602438985918520e+00 3.375372751112500763e-02
1.404405643863890329e+00 4.519142173375000071e-02
1.407214455151617916e+00 4.484081571512500003e-02
1.410028884061921284e+00 5.416942695000000890e-02
1.412848941830045169e+00 4.590660862515000273e-02
1.415674639713705218e+00 3.988677796987500496e-02
1.418505988993132627e+00 4.012314955500000113e-02
1.421343000971118986e+00 5.398284083749999712e-02
1.424185686973061138e+00 5.017897135999999786e-02
1.427034058347007139e+00 5.204242824724999994e-02
1.429888126463701337e+00 5.566182412500000204e-02
1.432747902716628552e+00 3.108777032175000232e-02
1.435613398522062045e+00 4.583428295749999992e-02
1.438484625319106147e+00 4.594011463500000114e-02
1.441361594569744220e+00 5.366500341249999528e-02
1.444244317758883733e+00 6.023693614999999640e-02
1.447132806394401561e+00 5.868773025000000032e-02
1.450027072007190387e+00 4.850099609999999895e-02
1.452927126151204895e+00 4.964221575900000516e-02
1.455832980403507282e+00 5.700816961249999953e-02
1.458744646364314335e+00 5.247035133250000510e-02
1.461662135657042949e+00 5.282903432125000270e-02
1.464585459928356981e+00 5.251419099999999479e-02
1.467514630848213653e+00 6.079027381300000643e-02
1.470449660109910184e+00 5.046485021874999588e-02
1.473390559430129976e+00 4.592971294999999288e-02
1.476337340548990129e+00 6.677131254999998933e-02
1.479290015230088073e+00 6.059634411124999870e-02
1.482248595260548196e+00 6.965054845000000217e-02
1.485213092451069361e+00 7.258076584999999248e-02
1.488183518635971314e+00 7.624941099999998917e-02
1.491159885673243313e+00 7.177837114750000580e-02
1.494142205444589644e+00 7.420402182874999419e-02
1.497130489855478697e+00 8.633596500000000062e-02
1.500124750835189813e+00 8.724388750000000581e-02
1.503125000336860140e+00 8.409845807499999326e-02
1.506131250337534144e+00 9.276051624999999412e-02
1.509143512838209134e+00 9.422664400000001217e-02
1.512161799863885658e+00 9.133859862500000315e-02
1.515186123463613477e+00 9.576612125000000253e-02
1.518216495710540626e+00 9.956351125000000024e-02
1.521252928701961604e+00 1.007836512500000087e-01
1.524295434559365781e+00 1.004882949999999914e-01
1.527344025428484464e+00 1.028669325000000079e-01
1.530398713479341533e+00 1.047033050000000243e-01
1.533459510906300283e+00 1.043475587499999996e-01
1.536526429928112947e+00 1.063417125000000046e-01
1.539599482787969098e+00 1.059784800000000138e-01
1.542678681753545167e+00 1.082436874999999910e-01
1.545764039117052402e+00 1.092175875000000185e-01
1.548855567195286387e+00 1.103241862500000114e-01
1.551953278329677000e+00 1.108283174999999954e-01
1.555057184886336374e+00 1.120113039999999921e-01
1.558167299256108862e+00 1.127676049999999930e-01
1.561283633854621211e+00 1.135967712499999921e-01
1.564406201122330309e+00 1.143284387499999971e-01
1.567535013524575138e+00 1.144665925000000195e-01
1.570670083551624074e+00 1.078258180000000177e-01
1.573811423718727287e+00 1.045589849999999932e-01
1.576959046566164702e+00 1.097954374999999955e-01
1.580112964659297070e+00 1.158403850000000179e-01
1.583273190588615709e+00 1.177063362500000016e-01
1.586439736969792680e+00 1.169191349999999935e-01
1.589612616443732307e+00 1.189557712499999947e-01
1.592791841676620024e+00 1.183468799999999876e-01
1.595977425359973001e+00 1.200700937499999954e-01
1.599169380210692992e+00 1.198214187499999916e-01
1.602367718971114297e+00 1.149060059999999772e-01
1.605572454409056604e+00 1.175143399999999949e-01
1.608783599317874735e+00 1.193806300000000015e-01
1.612001166516510375e+00 1.209427349999999957e-01
1.615225168849543369e+00 1.230125479999999993e-01
1.618455619187242345e+00 1.235301787500000109e-01
1.621692530425617118e+00 1.239688037500000090e-01
1.624935915486468208e+00 1.240761262499999878e-01
1.628185787317441235e+00 1.246455912500000068e-01
1.631442158892076222e+00 1.230587829999999910e-01
1.634705043209860431e+00 1.243619524999999837e-01
1.637974453296279886e+00 1.226719999999999894e-01
1.641250402202872660e+00 1.192576112499999924e-01
1.644532903007278390e+00 1.194946350000000157e-01
1.647821968813293125e+00 1.247796569999999883e-01
1.651117612750919506e+00 1.099200300000000019e-01
1.654419847976421387e+00 1.243214950000000041e-01
1.657728687672374246e+00 1.256889399999999990e-01
1.661044145047719134e+00 1.267489374999999918e-01
1.664366233337814638e+00 1.142648007000000021e-01
1.667694965804490170e+00 1.262632550000000187e-01
1.671030355736099260e+00 1.271697300000000086e-01
1.674372416447571510e+00 1.239327075000000028e-01
1.677721161280466333e+00 1.265466787500000023e-01
1.681076603603027353e+00 1.264567870000000149e-01
1.684438756810233473e+00 1.271196049999999966e-01
1.687807634323853945e+00 1.268205250000000173e-01
1.691183249592501658e+00 1.229226824999999912e-01
1.694565616091686655e+00 1.269775499999999946e-01
1.697954747323870084e+00 1.264985070000000100e-01
1.701350656818517715e+00 1.240274712499999932e-01
1.704753358132154784e+00 1.248187012499999970e-01
1.708162864848419282e+00 1.221371187499999955e-01
1.711579190578115917e+00 1.257021275000000105e-01
1.715002348959272283e+00 1.247323879999999996e-01
1.718432353657190825e+00 1.223565275000000063e-01
1.721869218364505016e+00 1.177814862499999976e-01
1.725312956801233977e+00 1.232867675000000052e-01
1.728763582714836655e+00 1.176449212500000063e-01
1.732221109880266230e+00 1.222353649999999847e-01
1.735685552100026730e+00 1.217547162499999919e-01
1.739156923204226768e+00 1.213461412499999975e-01
1.742635237050635277e+00 1.170800114999999975e-01
1.746120507524736576e+00 1.155549702999999762e-01
1.749612748539786100e+00 1.206772662499999982e-01
1.753111974036865472e+00 1.200580812499999761e-01
1.756618197984939123e+00 1.167945612499999841e-01
1.760131434380908910e+00 1.183587587500000010e-01
1.763651697249670747e+00 1.162398030000000165e-01
1.767179000644169884e+00 1.147168527500000007e-01
1.770713358645458202e+00 1.165174887500000089e-01
1.774254785362749054e+00 1.120317037500000168e-01
1.777803294933474554e+00 8.360036598500000804e-02
1.781358901523341753e+00 1.098249782099999933e-01
1.784921619326388376e+00 9.388821884250000971e-02
1.788491462565041212e+00 1.125989737500000115e-01
1.792068445490171413e+00 9.813136625000000446e-02
1.795652582381151552e+00 1.081709317500000045e-01
1.799243887545913800e+00 9.711442281000000343e-02
1.802842375321005663e+00 9.051772437499999713e-02
1.806448060071647710e+00 9.025389491374999351e-02
1.810060956191791082e+00 6.891873736500001013e-02
1.813681078104174560e+00 5.906754817912500399e-02
1.817308440260382962e+00 5.352952977112999944e-02
1.820943057140903765e+00 4.141911258375000071e-02
1.824584943255185721e+00 8.540828881624999702e-02
1.828234113141696149e+00 7.680480517749999070e-02
1.831890581367979554e+00 3.353815833637499577e-02
1.835554362530715355e+00 4.863843349500000107e-02
1.839225471255776734e+00 3.755397456150001007e-02
1.842903922198288136e+00 3.524338586212500540e-02
1.846589730042684785e+00 4.631199332500000182e-02
1.850282909502769968e+00 3.681498333137500634e-02
1.853983475321775654e+00 4.411443284300000517e-02
1.857691442272419113e+00 3.952165309899999951e-02
1.861406825156963984e+00 3.410726516807499609e-02
1.865129638807277779e+00 3.926171969794999689e-02
1.868859898084892279e+00 1.931261487800000134e-02
1.872597617881062160e+00 1.985464993499999956e-02
1.876342813116824271e+00 2.825038112812500168e-02
1.880095498743057814e+00 2.987938411749999773e-02
1.883855689740544070e+00 3.290162565662500121e-02
1.887623401120025246e+00 3.333113760900000000e-02
1.891398647922265308e+00 1.399430201437499958e-02
1.895181445218109717e+00 2.220727959987500028e-02
1.898971808108545822e+00 1.972281123874999875e-02
1.902769751724763037e+00 2.339196236300000037e-02
1.906575291228212565e+00 1.936269641264800126e-02
1.910388441810669136e+00 2.376659946249999947e-02
1.914209218694290282e+00 1.803679345249999816e-02
1.918037637131678963e+00 2.482212315250000023e-02
1.921873712405942403e+00 2.131986292749999887e-02
1.925717459830754041e+00 2.070421200249999982e-02
1.929568894750415708e+00 1.220983194947499947e-02
1.933428032539916241e+00 2.070683772624999988e-02
1.937294888604996324e+00 2.204804084000000150e-02
1.941169478382206215e+00 2.496568531249999945e-02
1.945051817338970590e+00 2.392676113000000160e-02
1.948941920973648489e+00 2.509953987500000011e-02
1.952839804815595715e+00 2.240726231750000269e-02
1.956745484425226778e+00 1.346746915687499838e-02
1.960658975394077297e+00 2.319646672749999666e-02
1.964580293344865503e+00 2.151131759540000216e-02
1.968509453931555075e+00 1.520315039687499849e-02
1.972446472839417986e+00 3.111248682874999741e-02
1.976391365785096887e+00 3.753288000000000457e-02
1.980344148516667069e+00 3.545424231125000186e-02
1.984304836813700401e+00 3.970089909999999916e-02
1.988273446487327956e+00 3.877223877500000221e-02
1.992249993380302620e+00 4.425810225000000042e-02
1.996234493367063045e+00 4.107294012499999869e-02
2.000226962353797155e+00 2.563001502000000070e-02
